0	68.56
1	68.56
2	68.56
3	68.56
4	68.56
5	68.56
6	68.56
7	68.56
8	68.56
9	68.56
10	68.56
11	68.56
12	68.56
13	68.56
14	68.56
15	68.56
16	68.56
17	68.56
18	68.56
19	68.56
20	68.56
21	68.56
22	68.56
23	68.56
24	68.56
25	68.56
26	68.56
27	68.56
28	68.56
29	68.56
30	68.56
31	68.56
32	68.56
33	68.56
34	68.56
35	68.56
36	68.56
37	68.56
38	68.56
39	68.56
40	68.56
41	68.56
42	68.56
43	68.56
44	68.56
45	68.56
46	68.56
47	68.56
48	68.56
49	68.56
50	68.56
51	68.56
52	68.56
53	68.56
54	68.56
55	68.56
56	68.56
57	68.56
58	68.56
59	68.56
60	68.56
61	68.56
62	68.56
63	68.56
64	68.56
65	68.56
66	68.56
67	68.56
68	68.56
69	68.56
70	68.56
71	68.56
72	68.56
73	68.56
74	68.56
75	68.56
76	68.56
77	68.56
78	68.56
79	68.56
80	68.56
81	68.56
82	68.56
83	68.56
84	68.56
85	68.56
86	68.56
87	68.56
88	68.56
89	68.56
90	68.56
91	68.56
92	68.56
93	68.56
94	68.56
95	68.56
96	68.56
97	68.56
98	68.56
99	68.56
100	68.56
101	68.56
102	68.56
103	68.56
104	68.56
105	68.56
106	68.56
107	68.56
108	68.56
109	68.56
110	68.56
111	68.56
112	68.56
113	68.56
114	68.56
115	68.56
116	68.56
117	68.56
118	68.56
119	68.56
120	68.56
121	68.56
122	68.56
123	68.56
124	68.56
125	68.56
126	68.56
127	68.56
128	68.56
129	68.56
130	68.56
131	68.56
132	68.56
133	68.56
134	68.56
135	68.56
136	68.56
137	68.56
138	68.56
139	68.56
140	68.56
141	68.56
142	68.56
143	68.56
144	68.56
145	68.56
146	68.56
147	68.56
148	68.56
149	68.56
150	68.56
151	68.56
152	68.56
153	68.56
154	68.56
155	68.56
156	68.56
157	68.56
158	68.56
159	68.56
160	68.56
161	68.56
162	68.56
163	68.56
164	68.56
165	68.56
166	68.56
167	68.56
168	68.56
169	68.56
170	68.56
171	68.56
172	68.56
173	68.56
174	68.56
175	68.56
176	68.56
177	68.56
178	68.56
179	68.56
180	68.56
181	68.56
182	68.56
183	68.56
184	68.56
185	68.56
186	68.56
187	68.56
188	68.56
189	68.56
190	68.56
191	68.56
192	68.56
193	68.56
194	68.56
195	68.56
196	68.56
197	68.56
198	68.56
199	68.56
200	68.56
201	68.56
202	68.56
203	68.56
204	68.56
205	68.56
206	68.56
207	68.56
208	68.56
209	68.56
210	68.56
211	68.56
212	68.56
213	68.56
214	68.56
215	68.56
216	68.56
217	68.56
218	68.56
219	68.56
220	68.56
221	68.56
222	68.56
223	68.56
224	68.56
225	68.56
226	68.56
227	68.56
228	68.56
229	68.56
230	68.56
231	68.56
232	68.56
233	68.56
234	68.56
235	68.56
236	68.56
237	68.56
238	68.56
239	68.56
240	68.56
241	68.56
242	68.56
243	68.56
244	68.56
245	68.56
246	68.56
247	68.56
248	68.56
249	68.56
250	68.56
251	68.56
252	68.56
253	68.56
254	68.56
255	68.56
256	68.56
257	68.56
258	68.56
259	68.56
260	68.56
261	68.56
262	68.56
263	68.56
264	68.56
265	68.56
266	68.56
267	68.56
268	68.56
269	68.56
270	68.56
271	68.56
272	68.56
273	68.56
274	68.56
275	68.56
276	68.56
277	68.56
278	68.56
279	68.56
280	68.56
281	68.56
282	68.56
283	68.56
284	68.56
285	68.56
286	68.56
287	68.56
288	68.56
289	68.56
290	68.56
291	68.56
292	68.56
293	68.56
294	68.56
295	68.56
296	68.56
297	68.56
298	68.56
299	68.56
300	68.56
301	68.56
302	68.56
303	68.56
304	68.56
305	68.56
306	68.56
307	68.56
308	68.56
309	68.56
310	68.56
311	68.56
312	68.56
313	68.56
314	68.56
315	68.56
316	68.56
317	68.56
318	68.56
319	68.56
320	68.56
321	68.56
322	68.56
323	68.56
324	68.56
325	68.56
326	68.56
327	68.56
328	68.56
329	68.56
330	68.56
331	68.56
332	68.56
333	68.56
334	68.56
335	68.56
336	68.56
337	68.56
338	68.56
339	68.56
340	68.56
341	68.56
342	68.56
343	68.56
344	68.56
345	68.56
346	68.56
347	68.56
348	68.56
349	68.56
350	68.56
351	68.56
352	68.56
353	68.56
354	68.56
355	68.56
356	68.56
357	68.56
358	68.56
359	68.56
360	68.56
361	68.56
362	68.56
363	68.56
364	68.56
365	68.56
366	68.56
367	68.56
368	68.56
369	68.56
370	68.56
371	68.56
372	68.56
373	68.56
374	68.56
375	68.56
376	68.56
377	68.56
378	68.56
379	68.56
380	68.56
381	68.56
382	68.56
383	68.56
384	68.56
385	68.56
386	68.56
387	68.56
388	68.56
389	68.56
390	68.56
391	68.56
392	68.56
393	68.56
394	68.56
395	68.56
396	68.56
397	68.56
398	68.56
399	68.56
400	68.56
401	68.56
402	68.56
403	68.56
404	68.56
405	68.56
406	68.56
407	68.56
408	68.56
409	68.56
410	68.56
411	68.56
412	68.56
413	68.56
414	68.56
415	68.56
416	68.56
417	68.56
418	68.56
419	68.56
420	68.56
421	68.56
422	68.56
423	68.56
424	68.56
425	68.56
426	68.56
427	68.56
428	68.56
429	68.56
430	68.56
431	68.56
432	68.56
433	68.56
434	68.56
435	68.56
436	68.56
437	68.56
438	68.56
439	68.56
440	68.56
441	68.56
442	68.56
443	68.56
444	68.56
445	68.56
446	68.56
447	68.56
448	68.56
449	68.56
450	68.56
451	68.56
452	68.56
453	68.56
454	68.56
455	68.56
456	68.56
457	68.56
458	68.56
459	68.56
460	68.56
461	68.56
462	68.56
463	68.56
464	68.56
465	68.56
466	68.56
467	68.56
468	68.56
469	68.56
470	68.56
471	68.56
472	68.56
473	68.56
474	68.56
475	68.56
476	68.56
477	68.56
478	68.56
479	68.56
480	68.56
481	68.56
482	68.56
483	68.56
484	68.56
485	68.56
486	68.56
487	68.56
488	68.56
489	68.56
490	68.56
491	68.56
492	68.56
493	68.56
494	68.56
495	68.56
496	68.56
497	68.56
498	68.56
499	68.56
500	68.56
501	68.56
502	68.56
503	68.56
504	68.56
505	68.56
506	68.56
507	68.56
508	68.56
509	68.56
510	68.56
511	68.56
512	68.56
513	68.56
514	68.56
515	68.56
516	68.56
517	68.56
518	68.56
519	68.56
520	68.56
521	68.56
522	68.56
523	68.56
524	68.56
525	68.56
526	68.56
527	68.56
528	68.56
529	68.56
530	68.56
531	68.56
532	68.56
533	68.56
534	68.56
535	68.56
536	68.56
537	68.56
538	68.56
539	68.56
540	68.56
541	68.56
542	68.56
543	68.56
544	68.56
545	68.56
546	68.56
547	68.56
548	68.56
549	68.56
550	68.56
551	68.56
552	68.56
553	68.56
554	68.56
555	68.56
556	68.56
557	68.56
558	68.56
559	68.56
560	68.56
561	68.56
562	68.56
563	68.56
564	68.56
565	68.56
566	68.56
567	68.56
568	68.56
569	68.56
570	68.56
571	68.56
572	68.56
573	68.56
574	68.56
575	68.56
576	68.56
577	68.56
578	68.56
579	68.56
580	68.56
581	68.56
582	68.56
583	68.56
584	68.56
585	68.56
586	68.56
587	68.56
588	68.56
589	68.56
590	68.56
591	68.56
592	68.56
593	68.56
594	68.56
595	68.56
596	68.56
597	68.56
598	68.56
599	68.56
600	68.56
601	68.56
602	68.56
603	68.56
604	68.56
605	68.56
606	68.56
607	68.56
608	68.56
609	68.56
610	68.56
611	68.56
612	68.56
613	68.56
614	68.56
615	68.56
616	68.56
617	68.56
618	68.56
619	68.56
620	68.56
621	68.56
622	68.56
623	68.56
624	68.56
625	68.56
626	68.56
627	68.56
628	68.56
629	68.56
630	68.56
631	68.56
632	68.56
633	68.56
634	68.56
635	68.56
636	68.56
637	68.56
638	68.56
639	68.56
640	68.56
641	68.56
642	68.56
643	68.56
644	68.56
645	68.56
646	68.56
647	68.56
648	68.56
649	68.56
650	68.56
651	68.56
652	68.56
653	68.56
654	68.56
655	68.56
656	68.56
657	68.56
658	68.56
659	68.56
660	68.56
661	68.56
662	68.56
663	68.56
664	68.56
665	68.56
666	68.56
667	68.56
668	68.56
669	68.56
670	68.56
671	68.56
672	68.56
673	68.56
674	68.56
675	68.56
676	68.56
677	68.56
678	68.56
679	68.56
680	68.56
681	68.56
682	68.56
683	68.56
684	68.56
685	68.56
686	68.56
687	68.56
688	68.56
689	68.56
690	68.56
691	68.56
692	68.56
693	68.56
694	68.56
695	68.56
696	68.56
697	68.56
698	68.56
699	68.56
700	68.56
701	68.56
702	68.56
703	68.56
704	68.56
705	68.56
706	68.56
707	68.56
708	68.56
709	68.56
710	68.56
711	68.56
712	68.56
713	68.56
714	68.56
715	68.56
716	68.56
717	68.56
718	68.56
719	68.56
720	68.56
721	68.56
722	68.56
723	68.56
724	68.56
725	68.56
726	68.56
727	68.56
728	68.56
729	68.56
730	68.56
731	68.56
732	68.56
733	68.56
734	68.56
735	68.56
736	68.56
737	68.56
738	68.56
739	68.56
740	68.56
741	68.56
742	68.56
743	68.56
744	68.56
745	68.56
746	68.56
747	68.56
748	68.56
749	68.56
750	68.56
751	68.56
752	68.56
753	68.56
754	68.56
755	68.56
756	68.56
757	68.56
758	68.56
759	68.56
760	68.56
761	68.56
762	68.56
763	68.56
764	68.56
765	68.56
766	68.56
767	68.56
768	68.56
769	68.56
770	68.56
771	68.56
772	68.56
773	68.56
774	68.56
775	68.56
776	68.56
777	68.56
778	68.56
779	68.56
780	68.56
781	68.56
782	68.56
783	68.56
784	68.56
785	68.56
786	68.56
787	68.56
788	68.56
789	68.56
790	68.56
791	68.56
792	68.56
793	68.56
794	68.56
795	68.56
796	68.56
797	68.56
798	68.56
799	68.56
800	68.56
801	68.56
802	68.56
803	68.56
804	68.56
805	68.56
806	68.56
807	68.56
808	68.56
809	68.56
810	68.56
811	68.56
812	68.56
813	68.56
814	68.56
815	68.56
816	68.56
817	68.56
818	68.56
819	68.56
820	68.56
821	68.56
822	68.56
823	68.56
824	68.56
825	68.56
826	68.56
827	68.56
828	68.56
829	68.56
830	68.56
831	68.56
832	68.56
833	68.56
834	68.56
835	68.56
836	68.56
837	68.56
838	68.56
839	68.56
840	68.56
841	68.56
842	68.56
843	68.56
844	68.56
845	68.56
846	68.56
847	68.56
848	68.56
849	68.56
850	68.56
851	68.56
852	68.56
853	68.56
854	68.56
855	68.56
856	68.56
857	68.56
858	68.56
859	68.56
860	68.56
861	68.56
862	68.56
863	68.56
864	68.56
865	68.56
866	68.56
867	68.56
868	68.56
869	68.56
870	68.56
871	68.56
872	68.56
873	68.56
874	68.56
875	68.56
876	68.56
877	68.56
878	68.56
879	68.56
880	68.56
881	68.56
882	68.56
883	68.56
884	68.56
885	68.56
886	68.56
887	68.56
888	68.56
889	68.56
890	68.56
891	68.56
892	68.56
893	68.56
894	68.56
895	68.56
896	68.56
897	68.56
898	68.56
899	68.56
900	68.56
901	68.56
902	68.56
903	68.56
904	68.56
905	68.56
906	68.56
907	68.56
908	68.56
909	68.56
910	68.56
911	68.56
912	68.56
913	68.56
914	68.56
915	68.56
916	68.56
917	68.56
918	68.56
919	68.56
920	68.56
921	68.56
922	68.56
923	68.56
924	68.56
925	68.56
926	68.56
927	68.56
928	68.56
929	68.56
930	68.56
931	68.56
932	68.56
933	68.56
934	68.56
935	68.56
936	68.56
937	68.56
938	68.56
939	68.56
940	68.56
941	68.56
942	68.56
943	68.56
944	68.56
945	68.56
946	68.56
947	68.56
948	68.56
949	68.56
950	68.56
951	68.56
952	68.56
953	68.56
954	68.56
955	68.56
956	68.56
957	68.56
958	68.56
959	68.56
960	68.56
961	68.56
962	68.56
963	68.56
964	68.56
965	68.56
966	68.56
967	68.56
968	68.56
969	68.56
970	68.56
971	68.56
972	68.56
973	68.56
974	68.56
975	68.56
976	68.56
977	68.56
978	68.56
979	68.56
980	68.56
981	68.56
982	68.56
983	68.56
984	68.56
985	68.56
986	68.56
987	68.56
988	68.56
989	68.56
990	68.56
991	68.56
992	68.56
993	68.56
994	68.56
995	68.56
996	68.56
997	68.56
998	68.56
999	68.56
1000	68.56
1001	68.56
1002	68.56
1003	68.56
1004	68.56
1005	68.56
1006	68.56
1007	68.56
1008	68.56
1009	68.56
1010	68.56
1011	68.56
1012	68.56
1013	68.56
1014	68.56
1015	68.56
1016	68.56
1017	68.56
1018	68.56
1019	68.56
1020	68.56
1021	68.56
1022	68.56
1023	68.56
1024	68.56
1025	68.56
1026	68.56
1027	68.56
1028	68.56
1029	68.56
1030	68.56
1031	68.56
1032	68.56
1033	68.56
1034	68.56
1035	68.56
1036	68.56
1037	68.56
1038	68.56
1039	68.56
1040	68.56
1041	68.56
1042	68.56
1043	68.56
1044	68.56
1045	68.56
1046	68.56
1047	68.56
1048	68.56
1049	68.56
1050	68.56
1051	68.56
1052	68.56
1053	68.56
1054	68.56
1055	68.56
1056	68.56
1057	68.56
1058	68.56
1059	68.56
1060	68.56
1061	68.56
1062	68.56
1063	68.56
1064	68.56
1065	68.56
1066	68.56
1067	68.56
1068	68.56
1069	68.56
1070	68.56
1071	68.56
1072	68.56
1073	68.56
1074	68.56
1075	68.56
1076	68.56
1077	68.56
1078	68.56
1079	68.56
1080	68.56
1081	68.56
1082	68.56
1083	68.56
1084	68.56
1085	68.56
1086	68.56
1087	68.56
1088	68.56
1089	68.56
1090	68.56
1091	68.56
1092	68.56
1093	68.56
1094	68.56
1095	68.56
1096	68.56
1097	68.56
1098	68.56
1099	68.56
1100	68.56
1101	68.56
1102	68.56
1103	68.56
1104	68.56
1105	68.56
1106	68.56
1107	68.56
1108	68.56
1109	68.56
1110	68.56
1111	68.56
1112	68.56
1113	68.56
1114	68.56
1115	68.56
1116	68.56
1117	68.56
1118	68.56
1119	68.56
1120	68.56
1121	68.56
1122	68.56
1123	68.56
1124	68.56
1125	68.56
1126	68.56
1127	68.56
1128	68.56
1129	68.56
1130	68.56
1131	68.56
1132	68.56
1133	68.56
1134	68.56
1135	68.56
1136	68.56
1137	68.56
1138	68.56
1139	68.56
1140	68.56
1141	68.56
1142	68.56
1143	68.56
1144	68.56
1145	68.56
1146	68.56
1147	68.56
1148	68.56
1149	68.56
1150	68.56
1151	68.56
1152	68.56
1153	68.56
1154	68.56
1155	68.56
1156	68.56
1157	68.56
1158	68.56
1159	68.56
1160	68.56
1161	68.56
1162	68.56
1163	68.56
1164	68.56
1165	68.56
1166	68.56
1167	68.56
1168	68.56
1169	68.56
1170	68.56
1171	68.56
1172	68.56
1173	68.56
1174	68.56
1175	68.56
1176	68.56
1177	68.56
1178	68.56
1179	68.56
1180	68.56
1181	68.56
1182	68.56
1183	68.56
1184	68.56
1185	68.56
1186	68.56
1187	68.56
1188	68.56
1189	68.56
1190	68.56
1191	68.56
1192	68.56
1193	68.56
1194	68.56
1195	68.56
1196	68.56
1197	68.56
1198	68.56
1199	68.56
1200	68.56
1201	68.56
1202	68.56
1203	68.56
1204	68.56
1205	68.56
1206	68.56
1207	68.56
1208	68.56
1209	68.56
1210	68.56
1211	68.56
1212	68.56
1213	68.56
1214	68.56
1215	68.56
1216	68.56
1217	68.56
1218	68.56
1219	68.56
1220	68.56
1221	68.56
1222	68.56
1223	68.56
1224	68.56
1225	68.56
1226	68.56
1227	68.56
1228	68.56
1229	68.56
1230	68.56
1231	68.56
1232	68.56
1233	68.56
1234	68.56
1235	68.56
1236	68.56
1237	68.56
1238	68.56
1239	68.56
1240	68.56
1241	68.56
1242	68.56
1243	68.56
1244	68.56
1245	68.56
1246	68.56
1247	68.56
1248	68.56
1249	68.56
1250	68.56
1251	68.56
1252	68.56
1253	68.56
1254	68.56
1255	68.56
1256	68.56
1257	68.56
1258	68.56
1259	68.56
1260	68.56
1261	68.56
1262	68.56
1263	68.56
1264	68.56
1265	68.56
1266	68.56
1267	68.56
1268	68.56
1269	68.56
1270	68.56
1271	68.56
1272	68.56
1273	68.56
1274	68.56
1275	68.56
1276	68.56
1277	68.56
1278	68.56
1279	68.56
1280	68.56
1281	68.56
1282	68.56
1283	68.56
1284	68.56
1285	68.56
1286	68.56
1287	68.56
1288	68.56
1289	68.56
1290	68.56
1291	68.56
1292	68.56
1293	68.56
1294	68.56
1295	68.56
1296	68.56
1297	68.56
1298	68.56
1299	68.56
1300	68.56
1301	68.56
1302	68.56
1303	68.56
1304	68.56
1305	68.56
1306	68.56
1307	68.56
1308	68.56
1309	68.56
1310	68.56
1311	68.56
1312	68.56
1313	68.56
1314	68.56
1315	68.56
1316	68.56
1317	68.56
1318	68.56
1319	68.56
1320	68.56
1321	68.56
1322	68.56
1323	68.56
1324	68.56
1325	68.56
1326	68.56
1327	68.56
1328	68.56
1329	68.56
1330	68.56
1331	68.56
1332	68.56
1333	68.56
1334	68.56
1335	68.56
1336	68.56
1337	68.56
1338	68.56
1339	68.56
1340	68.56
1341	68.56
1342	68.56
1343	68.56
1344	68.56
1345	68.56
1346	68.56
1347	68.56
1348	68.56
1349	68.56
1350	68.56
1351	68.56
1352	68.56
1353	68.56
1354	68.56
1355	68.56
1356	68.56
1357	68.56
1358	68.56
1359	68.56
1360	68.56
1361	68.56
1362	68.56
1363	68.56
1364	68.56
1365	68.56
1366	68.56
1367	68.56
1368	68.56
1369	68.56
1370	68.56
1371	68.56
1372	68.56
1373	68.56
1374	68.56
1375	68.56
1376	68.56
1377	68.56
1378	68.56
1379	68.56
1380	68.56
1381	68.56
1382	68.56
1383	68.56
1384	68.56
1385	68.56
1386	68.56
1387	68.56
1388	68.56
1389	68.56
1390	68.56
1391	68.56
1392	68.56
1393	68.56
1394	68.56
1395	68.56
1396	68.56
1397	68.56
1398	68.56
1399	68.56
1400	68.56
1401	68.56
1402	68.56
1403	68.56
1404	68.56
1405	68.56
1406	68.56
1407	68.56
1408	68.56
1409	68.56
1410	68.56
1411	68.56
1412	68.56
1413	68.56
1414	68.56
1415	68.56
1416	68.56
1417	68.56
1418	68.56
1419	68.56
1420	68.56
1421	68.56
1422	68.56
1423	68.56
1424	68.56
1425	68.56
1426	68.56
1427	68.56
1428	68.56
1429	68.56
1430	68.56
1431	68.56
1432	68.56
1433	68.56
1434	68.56
1435	68.56
1436	68.56
1437	68.56
1438	68.56
1439	68.56
1440	68.56
1441	68.56
1442	68.56
1443	68.56
1444	68.56
1445	68.56
1446	68.56
1447	68.56
1448	68.56
1449	68.56
1450	68.56
1451	68.56
1452	68.56
1453	68.56
1454	68.56
1455	68.56
1456	68.56
1457	68.56
1458	68.56
1459	68.56
1460	68.56
1461	68.56
1462	68.56
1463	68.56
1464	68.56
1465	68.56
1466	68.56
1467	68.56
1468	68.56
1469	68.56
1470	68.56
1471	68.56
1472	68.56
1473	68.56
1474	68.56
1475	68.56
1476	68.56
1477	68.56
1478	68.56
1479	68.56
1480	68.56
1481	68.56
1482	68.56
1483	68.56
1484	68.56
1485	68.56
1486	68.56
1487	68.56
1488	68.56
1489	68.56
1490	68.56
1491	68.56
1492	68.56
1493	68.56
1494	68.56
1495	68.56
1496	68.56
1497	68.56
1498	68.56
1499	68.56
1500	68.56
1501	68.56
1502	68.56
1503	68.56
1504	68.56
1505	68.56
1506	68.56
1507	68.56
1508	68.56
1509	68.56
1510	68.56
1511	68.56
1512	68.56
1513	68.56
1514	68.56
1515	68.56
1516	68.56
1517	68.56
1518	68.56
1519	68.56
1520	68.56
1521	68.56
1522	68.56
1523	68.56
1524	68.56
1525	68.56
1526	68.56
1527	68.56
1528	68.56
1529	68.56
1530	68.56
1531	68.56
1532	68.56
1533	68.56
1534	68.56
1535	68.56
1536	68.56
1537	68.56
1538	68.56
1539	68.56
1540	68.56
1541	68.56
1542	68.56
1543	68.56
1544	68.56
1545	68.56
1546	68.56
1547	68.56
1548	68.56
1549	68.56
1550	68.56
1551	68.56
1552	68.56
1553	68.56
1554	68.56
1555	68.56
1556	68.56
1557	68.56
1558	68.56
1559	68.56
1560	68.56
1561	68.56
1562	68.56
1563	68.56
1564	68.56
1565	68.56
1566	68.56
1567	68.56
1568	68.56
1569	68.56
1570	68.56
1571	68.56
1572	68.56
1573	68.56
1574	68.56
1575	68.56
1576	68.56
1577	68.56
1578	68.56
1579	68.56
1580	68.56
1581	68.56
1582	68.56
1583	68.56
1584	68.56
1585	68.56
1586	68.56
1587	68.56
1588	68.56
1589	68.56
1590	68.56
1591	68.56
1592	68.56
1593	68.56
1594	68.56
1595	68.56
1596	68.56
1597	68.56
1598	68.56
1599	68.56
1600	68.56
1601	68.56
1602	68.56
1603	68.56
1604	68.56
1605	68.56
1606	68.56
1607	68.56
1608	68.56
1609	68.56
1610	68.56
1611	68.56
1612	68.56
1613	68.56
1614	68.56
1615	68.56
1616	68.56
1617	68.56
1618	68.56
1619	68.56
1620	68.56
1621	68.56
1622	68.56
1623	68.56
1624	68.56
1625	68.56
1626	68.56
1627	68.56
1628	68.56
1629	68.56
1630	68.56
1631	68.56
1632	68.56
1633	68.56
1634	68.56
1635	68.56
1636	68.56
1637	68.56
1638	68.56
1639	68.56
1640	68.56
1641	68.56
1642	68.56
1643	68.56
1644	68.56
1645	68.56
1646	68.56
1647	68.56
1648	68.56
1649	68.56
1650	68.56
1651	68.56
1652	68.56
1653	68.56
1654	68.56
1655	68.56
1656	68.56
1657	68.56
1658	68.56
1659	68.56
1660	68.56
1661	68.56
1662	68.56
1663	68.56
1664	68.56
1665	68.56
1666	68.56
1667	68.56
1668	68.56
1669	68.56
1670	68.56
1671	68.56
1672	68.56
1673	68.56
1674	68.56
1675	68.56
1676	68.56
1677	68.56
1678	68.56
1679	68.56
1680	68.56
1681	68.56
1682	68.56
1683	68.56
1684	68.56
1685	68.56
1686	68.56
1687	68.56
1688	68.56
1689	68.56
1690	68.56
1691	68.56
1692	68.56
1693	68.56
1694	68.56
1695	68.56
1696	68.56
1697	68.56
1698	68.56
1699	68.56
1700	68.56
1701	68.56
1702	68.56
1703	68.56
1704	68.56
1705	68.56
1706	68.56
1707	68.56
1708	68.56
1709	68.56
1710	68.56
1711	68.56
1712	68.56
1713	68.56
1714	68.56
1715	68.56
1716	68.56
1717	68.56
1718	68.56
1719	68.56
1720	68.56
1721	68.56
1722	68.56
1723	68.56
1724	68.56
1725	68.56
1726	68.56
1727	68.56
1728	68.56
1729	68.56
1730	68.56
1731	68.56
1732	68.56
1733	68.56
1734	68.56
1735	68.56
1736	68.56
1737	68.56
1738	68.56
1739	68.56
1740	68.56
1741	68.56
1742	68.56
1743	68.56
1744	68.56
1745	68.56
1746	68.56
1747	68.56
1748	68.56
1749	68.56
1750	68.56
1751	68.56
1752	68.56
1753	68.56
1754	68.56
1755	68.56
1756	68.56
1757	68.56
1758	68.56
1759	68.56
1760	68.56
1761	68.56
1762	68.56
1763	68.56
1764	68.56
1765	68.56
1766	68.56
1767	68.56
1768	68.56
1769	68.56
1770	68.56
1771	68.56
1772	68.56
1773	68.56
1774	68.56
1775	68.56
1776	68.56
1777	68.56
1778	68.56
1779	68.56
1780	68.56
1781	68.56
1782	68.56
1783	68.56
1784	68.56
1785	68.56
1786	68.56
1787	68.56
1788	68.56
1789	68.56
1790	68.56
1791	68.56
1792	68.56
1793	68.56
1794	68.56
1795	68.56
1796	68.56
1797	68.56
1798	68.56
1799	68.56
1800	68.56
1801	68.56
1802	68.56
1803	68.56
1804	68.56
1805	68.56
1806	68.56
1807	68.56
1808	68.56
1809	68.56
1810	68.56
1811	68.56
1812	68.56
1813	68.56
1814	68.56
1815	68.56
1816	68.56
1817	68.56
1818	68.56
1819	68.56
1820	68.56
1821	68.56
1822	68.56
1823	68.56
1824	68.56
1825	68.56
1826	68.56
1827	68.56
1828	68.56
1829	68.56
1830	68.56
1831	68.56
1832	68.56
1833	68.56
1834	68.56
1835	68.56
1836	68.56
1837	68.56
1838	68.56
1839	68.56
1840	68.56
1841	68.56
1842	68.56
1843	68.56
1844	68.56
1845	68.56
1846	68.56
1847	68.56
1848	68.56
1849	68.56
1850	68.56
1851	68.56
1852	68.56
1853	68.56
1854	68.56
1855	68.56
1856	68.56
1857	68.56
1858	68.56
1859	68.56
1860	68.56
1861	68.56
1862	68.56
1863	68.56
1864	68.56
1865	68.56
1866	68.56
1867	68.56
1868	68.56
1869	68.56
1870	68.56
1871	68.56
1872	68.56
1873	68.56
1874	68.56
1875	68.56
1876	68.56
1877	68.56
1878	68.56
1879	68.56
1880	68.56
1881	68.56
1882	68.56
1883	68.56
1884	68.56
1885	68.56
1886	68.56
1887	68.56
1888	68.56
1889	68.56
1890	68.56
1891	68.56
1892	68.56
1893	68.56
1894	68.56
1895	68.56
1896	68.56
1897	68.56
1898	68.56
1899	68.56
1900	68.56
1901	68.56
1902	68.56
1903	68.56
1904	68.56
1905	68.56
1906	68.56
1907	68.56
1908	68.56
1909	68.56
1910	68.56
1911	68.56
1912	68.56
1913	68.56
1914	68.56
1915	68.56
1916	68.56
1917	68.56
1918	68.56
1919	68.56
1920	68.56
1921	68.56
1922	68.56
1923	68.56
1924	68.56
1925	68.56
1926	68.56
1927	68.56
1928	68.56
1929	68.56
1930	68.56
1931	68.56
1932	68.56
1933	68.56
1934	68.56
1935	68.56
1936	68.56
1937	68.56
1938	68.56
1939	68.56
1940	68.56
1941	68.56
1942	68.56
1943	68.56
1944	68.56
1945	68.56
1946	68.56
1947	68.56
1948	68.56
1949	68.56
1950	68.56
1951	68.56
1952	68.56
1953	68.56
1954	68.56
1955	68.56
1956	68.56
1957	68.56
1958	68.56
1959	68.56
1960	68.56
1961	68.56
1962	68.56
1963	68.56
1964	68.56
1965	68.56
1966	68.56
1967	68.56
1968	68.56
1969	68.56
1970	68.56
1971	68.56
1972	68.56
1973	68.56
1974	68.56
1975	68.56
1976	68.56
1977	68.56
1978	68.56
1979	68.56
1980	68.56
1981	68.56
1982	68.56
1983	68.56
1984	68.56
1985	68.56
1986	68.56
1987	68.56
1988	68.56
1989	68.56
1990	68.56
1991	68.56
1992	68.56
1993	68.56
1994	68.56
1995	68.56
1996	68.56
1997	68.56
1998	68.56
1999	68.56
2000	68.56
2001	68.56
2002	68.56
2003	68.56
2004	68.56
2005	68.56
2006	68.56
2007	68.56
2008	68.56
2009	68.56
2010	68.56
2011	68.56
2012	68.56
2013	68.56
2014	68.56
2015	68.56
2016	68.56
2017	68.56
2018	68.56
2019	68.56
2020	68.56
2021	68.56
2022	68.56
2023	68.56
2024	68.56
2025	68.56
2026	68.56
2027	68.56
2028	68.56
2029	68.56
2030	68.56
2031	68.56
2032	68.56
2033	68.56
2034	68.56
2035	68.56
2036	68.56
2037	68.56
2038	68.56
2039	68.56
2040	68.56
2041	68.56
2042	68.56
2043	68.56
2044	68.56
2045	68.56
2046	68.56
2047	68.56
2048	68.56
2049	68.56
2050	68.56
2051	68.56
2052	68.56
2053	68.56
2054	68.56
2055	68.56
2056	68.56
2057	68.56
2058	68.56
2059	68.56
2060	68.56
2061	68.56
2062	68.56
2063	68.56
2064	68.56
2065	68.56
2066	68.56
2067	68.56
2068	68.56
2069	68.56
2070	68.56
2071	68.56
2072	68.56
2073	68.56
2074	68.56
2075	68.56
2076	68.56
2077	68.56
2078	68.56
2079	68.56
2080	68.56
2081	68.56
2082	68.56
2083	68.56
2084	68.56
2085	68.56
2086	68.56
2087	68.56
2088	68.56
2089	68.56
2090	68.56
2091	68.56
2092	68.56
2093	68.56
2094	68.56
2095	68.56
2096	68.56
2097	68.56
2098	68.56
2099	68.56
2100	68.56
2101	68.56
2102	68.56
2103	68.56
2104	68.56
2105	68.56
2106	68.56
2107	68.56
2108	68.56
2109	68.56
2110	68.56
2111	68.56
2112	68.56
2113	68.56
2114	68.56
2115	68.56
2116	68.56
2117	68.56
2118	68.56
2119	68.56
2120	68.56
2121	68.56
2122	68.56
2123	68.56
2124	68.56
2125	68.56
2126	68.56
2127	68.56
2128	68.56
2129	68.56
2130	68.56
2131	68.56
2132	68.56
2133	68.56
2134	68.56
2135	68.56
2136	68.56
2137	68.56
2138	68.56
2139	68.56
2140	68.56
2141	68.56
2142	68.56
2143	68.56
2144	68.56
2145	68.56
2146	68.56
2147	68.56
2148	68.56
2149	68.56
2150	68.56
2151	68.56
2152	68.56
2153	68.56
2154	68.56
2155	68.56
2156	68.56
2157	68.56
2158	68.56
2159	68.56
2160	68.56
2161	68.56
2162	68.56
2163	68.56
2164	68.56
2165	68.56
2166	68.56
2167	68.56
2168	68.56
2169	68.56
2170	68.56
2171	68.56
2172	68.56
2173	68.56
2174	68.56
2175	68.56
2176	68.56
2177	68.56
2178	68.56
2179	68.56
2180	68.56
2181	68.56
2182	68.56
2183	68.56
2184	68.56
2185	68.56
2186	68.56
2187	68.56
2188	68.56
2189	68.56
2190	68.56
2191	68.56
2192	68.56
2193	68.56
2194	68.56
2195	68.56
2196	68.56
2197	68.56
2198	68.56
2199	68.56
2200	68.56
2201	68.56
2202	68.56
2203	68.56
2204	68.56
2205	68.56
2206	68.56
2207	68.56
2208	68.56
2209	68.56
2210	68.56
2211	68.56
2212	68.56
2213	68.56
2214	68.56
2215	68.56
2216	68.56
2217	68.56
2218	68.56
2219	68.56
2220	68.56
2221	68.56
2222	68.56
2223	68.56
2224	68.56
2225	68.56
2226	68.56
2227	68.56
2228	68.56
2229	68.56
2230	68.56
2231	68.56
2232	68.56
2233	68.56
2234	68.56
2235	68.56
2236	68.56
2237	68.56
2238	68.56
2239	68.56
2240	68.56
2241	68.56
2242	68.56
2243	68.56
2244	68.56
2245	68.56
2246	68.56
2247	68.56
2248	68.56
2249	68.56
2250	68.56
2251	68.56
2252	68.56
2253	68.56
2254	68.56
2255	68.56
2256	68.56
2257	68.56
2258	68.56
2259	68.56
2260	68.56
2261	68.56
2262	68.56
2263	68.56
2264	68.56
2265	68.56
2266	68.56
2267	68.56
2268	68.56
2269	68.56
2270	68.56
2271	68.56
2272	68.56
2273	68.56
2274	68.56
2275	68.56
2276	68.56
2277	68.56
2278	68.56
2279	68.56
2280	68.56
2281	68.56
2282	68.56
2283	68.56
2284	68.56
2285	68.56
2286	68.56
2287	68.56
2288	68.56
2289	68.56
2290	68.56
2291	68.56
2292	68.56
2293	68.56
2294	68.56
2295	68.56
2296	68.56
2297	68.56
2298	68.56
2299	68.56
2300	68.56
2301	68.56
2302	68.56
2303	68.56
2304	68.56
2305	68.56
2306	68.56
2307	68.56
2308	68.56
2309	68.56
2310	68.56
2311	68.56
2312	68.56
2313	68.56
2314	68.56
2315	68.56
2316	68.56
2317	68.56
2318	68.56
2319	68.56
2320	68.56
2321	68.56
2322	68.56
2323	68.56
2324	68.56
2325	68.56
2326	68.56
2327	68.56
2328	68.56
2329	68.56
2330	68.56
2331	68.56
2332	68.56
2333	68.56
2334	68.56
2335	68.56
2336	68.56
2337	68.56
2338	68.56
2339	68.56
2340	68.56
2341	68.56
2342	68.56
2343	68.56
2344	68.56
2345	68.56
2346	68.56
2347	68.56
2348	68.56
2349	68.56
2350	68.56
2351	68.56
2352	68.56
2353	68.56
2354	68.56
2355	68.56
2356	68.56
2357	68.56
2358	68.56
2359	68.56
2360	68.56
2361	68.56
2362	68.56
2363	68.56
2364	68.56
2365	68.56
2366	68.56
2367	68.56
2368	68.56
2369	68.56
2370	68.56
2371	68.56
2372	68.56
2373	68.56
2374	68.56
2375	68.56
2376	68.56
2377	68.56
2378	68.56
2379	68.56
2380	68.56
2381	68.56
2382	68.56
2383	68.56
2384	68.56
2385	68.56
2386	68.56
2387	68.56
2388	68.56
2389	68.56
2390	68.56
2391	68.56
2392	68.56
2393	68.56
2394	68.56
2395	68.56
2396	68.56
2397	68.56
2398	68.56
2399	68.56
2400	68.56
2401	68.56
2402	68.56
2403	68.56
2404	68.56
2405	68.56
2406	68.56
2407	68.56
2408	68.56
2409	68.56
2410	68.56
2411	68.56
2412	68.56
2413	68.56
2414	68.56
2415	68.56
2416	68.56
2417	68.56
2418	68.56
2419	68.56
2420	68.56
2421	68.56
2422	68.56
2423	68.56
2424	68.56
2425	68.56
2426	68.56
2427	68.56
2428	68.56
2429	68.56
2430	68.56
2431	68.56
2432	68.56
2433	68.56
2434	68.56
2435	68.56
2436	68.56
2437	68.56
2438	68.56
2439	68.56
2440	68.56
2441	68.56
2442	68.56
2443	68.56
2444	68.56
2445	68.56
2446	68.56
2447	68.56
2448	68.56
2449	68.56
2450	68.56
2451	68.56
2452	68.56
2453	68.56
2454	68.56
2455	68.56
2456	68.56
2457	68.56
2458	68.56
2459	68.56
2460	68.56
2461	68.56
2462	68.56
2463	68.56
2464	68.56
2465	68.56
2466	68.56
2467	68.56
2468	68.56
2469	68.56
2470	68.56
2471	68.56
2472	68.56
2473	68.56
2474	68.56
2475	68.56
2476	68.56
2477	68.56
2478	68.56
2479	68.56
2480	68.56
2481	68.56
2482	68.56
2483	68.56
2484	68.56
2485	68.56
2486	68.56
2487	68.56
2488	68.56
2489	68.56
2490	68.56
2491	68.56
2492	68.56
2493	68.56
2494	68.56
2495	68.56
2496	68.56
2497	68.56
2498	68.56
2499	68.56
2500	68.56
2501	68.56
2502	68.56
2503	68.56
2504	68.56
2505	68.56
2506	68.56
2507	68.56
2508	68.56
2509	68.56
2510	68.56
2511	68.56
2512	68.56
2513	68.56
2514	68.56
2515	68.56
2516	68.56
2517	68.56
2518	68.56
2519	68.56
2520	68.56
2521	68.56
2522	68.56
2523	68.56
2524	68.56
2525	68.56
2526	68.56
2527	68.56
2528	68.56
2529	68.56
2530	68.56
2531	68.56
2532	68.56
2533	68.56
2534	68.56
2535	68.56
2536	68.56
2537	68.56
2538	68.56
2539	68.56
2540	68.56
2541	68.56
2542	68.56
2543	68.56
2544	68.56
2545	68.56
2546	68.56
2547	68.56
2548	68.56
2549	68.56
2550	68.56
2551	68.56
2552	68.56
2553	68.56
2554	68.56
2555	68.56
2556	68.56
2557	68.56
2558	68.56
2559	68.56
2560	68.56
2561	68.56
2562	68.56
2563	68.56
2564	68.56
2565	68.56
2566	68.56
2567	68.56
2568	68.56
2569	68.56
2570	68.56
2571	68.56
2572	68.56
2573	68.56
2574	68.56
2575	68.56
2576	68.56
2577	68.56
2578	68.56
2579	68.56
2580	68.56
2581	68.56
2582	68.56
2583	68.56
2584	68.56
2585	68.56
2586	68.56
2587	68.56
2588	68.56
2589	68.56
2590	68.56
2591	68.56
2592	68.56
2593	68.56
2594	68.56
2595	68.56
2596	68.56
2597	68.56
2598	68.56
2599	68.56
2600	68.56
2601	68.56
2602	68.56
2603	68.56
2604	68.56
2605	68.56
2606	68.56
2607	68.56
2608	68.56
2609	68.56
2610	68.56
2611	68.56
2612	68.56
2613	68.56
2614	68.56
2615	68.56
2616	68.56
2617	68.56
2618	68.56
2619	68.56
2620	68.56
2621	68.56
2622	68.56
2623	68.56
2624	68.56
2625	68.56
2626	68.56
2627	68.56
2628	68.56
2629	68.56
2630	68.56
2631	68.56
2632	68.56
2633	68.56
2634	68.56
2635	68.56
2636	68.56
2637	68.56
2638	68.56
2639	68.56
2640	68.56
2641	68.56
2642	68.56
2643	68.56
2644	68.56
2645	68.56
2646	68.56
2647	68.56
2648	68.56
2649	68.56
2650	68.56
2651	68.56
2652	68.56
2653	68.56
2654	68.56
2655	68.56
2656	68.56
2657	68.56
2658	68.56
2659	68.56
2660	68.56
2661	68.56
2662	68.56
2663	68.56
2664	68.56
2665	68.56
2666	68.56
2667	68.56
2668	68.56
2669	68.56
2670	68.56
2671	68.56
2672	68.56
2673	68.56
2674	68.56
2675	68.56
2676	68.56
2677	68.56
2678	68.56
2679	68.56
2680	68.56
2681	68.56
2682	68.56
2683	68.56
2684	68.56
2685	68.56
2686	68.56
2687	68.56
2688	68.56
2689	68.56
2690	68.56
2691	68.56
2692	68.56
2693	68.56
2694	68.56
2695	68.56
2696	68.56
2697	68.56
2698	68.56
2699	68.56
2700	68.56
2701	68.56
2702	68.56
2703	68.56
2704	68.56
2705	68.56
2706	68.56
2707	68.56
2708	68.56
2709	68.56
2710	68.56
2711	68.56
2712	68.56
2713	68.56
2714	68.56
2715	68.56
2716	68.56
2717	68.56
2718	68.56
2719	68.56
2720	68.56
2721	68.56
2722	68.56
2723	68.56
2724	68.56
2725	68.56
2726	68.56
2727	68.56
2728	68.56
2729	68.56
2730	68.56
2731	68.56
2732	68.56
2733	68.56
2734	68.56
2735	68.56
2736	68.56
2737	68.56
2738	68.56
2739	68.56
2740	68.56
2741	68.56
2742	68.56
2743	68.56
2744	68.56
2745	68.56
2746	68.56
2747	68.56
2748	68.56
2749	68.56
2750	68.56
2751	68.56
2752	68.56
2753	68.56
2754	68.56
2755	68.56
2756	68.56
2757	68.56
2758	68.56
2759	68.56
2760	68.56
2761	68.56
2762	68.56
2763	68.56
2764	68.56
2765	68.56
2766	68.56
2767	68.56
2768	68.56
2769	68.56
2770	68.56
2771	68.56
2772	68.56
2773	68.56
2774	68.56
2775	68.56
2776	68.56
2777	68.56
2778	68.56
2779	68.56
2780	68.56
2781	68.56
2782	68.56
2783	68.56
2784	68.56
2785	68.56
2786	68.56
2787	68.56
2788	68.56
2789	68.56
2790	68.56
2791	68.56
2792	68.56
2793	68.56
2794	68.56
2795	68.56
2796	68.56
2797	68.56
2798	68.56
2799	68.56
2800	68.56
2801	68.56
2802	68.56
2803	68.56
2804	68.56
2805	68.56
2806	68.56
2807	68.56
2808	68.56
2809	68.56
2810	68.56
2811	68.56
2812	68.56
2813	68.56
2814	68.56
2815	68.56
2816	68.56
2817	68.56
2818	68.56
2819	68.56
2820	68.56
2821	68.56
2822	68.56
2823	68.56
2824	68.56
2825	68.56
2826	68.56
2827	68.56
2828	68.56
2829	68.56
2830	68.56
2831	68.56
2832	68.56
2833	68.56
2834	68.56
2835	68.56
2836	68.56
2837	68.56
2838	68.56
2839	68.56
2840	68.56
2841	68.56
2842	68.56
2843	68.56
2844	68.56
2845	68.56
2846	68.56
2847	68.56
2848	68.56
2849	68.56
2850	68.56
2851	68.56
2852	68.56
2853	68.56
2854	68.56
2855	68.56
2856	68.56
2857	68.56
2858	68.56
2859	68.56
2860	68.56
2861	68.56
2862	68.56
2863	68.56
2864	68.56
2865	68.56
2866	68.56
2867	68.56
2868	68.56
2869	68.56
2870	68.56
2871	68.56
2872	68.56
2873	68.56
2874	68.56
2875	68.56
2876	68.56
2877	68.56
2878	68.56
2879	68.56
2880	68.56
2881	68.56
2882	68.56
2883	68.56
2884	68.56
2885	68.56
2886	68.56
2887	68.56
2888	68.56
2889	68.56
2890	68.56
2891	68.56
2892	68.56
2893	68.56
2894	68.56
2895	68.56
2896	68.56
2897	68.56
2898	68.56
2899	68.56
2900	68.56
2901	68.56
2902	68.56
2903	68.56
2904	68.56
2905	68.56
2906	68.56
2907	68.56
2908	68.56
2909	68.56
2910	68.56
2911	68.56
2912	68.56
2913	68.56
2914	68.56
2915	68.56
2916	68.56
2917	68.56
2918	68.56
2919	68.56
2920	68.56
2921	68.56
2922	68.56
2923	68.56
2924	68.56
2925	68.56
2926	68.56
2927	68.56
2928	68.56
2929	68.56
2930	68.56
2931	68.56
2932	68.56
2933	68.56
2934	68.56
2935	68.56
2936	68.56
2937	68.56
2938	68.56
2939	68.56
2940	68.56
2941	68.56
2942	68.56
2943	68.56
2944	68.56
2945	68.56
2946	68.56
2947	68.56
2948	68.56
2949	68.56
2950	68.56
2951	68.56
2952	68.56
2953	68.56
2954	68.56
2955	68.56
2956	68.56
2957	68.56
2958	68.56
2959	68.56
2960	68.56
2961	68.56
2962	68.56
2963	68.56
2964	68.56
2965	68.56
2966	68.56
2967	68.56
2968	68.56
2969	68.56
2970	68.56
2971	68.56
2972	68.56
2973	68.56
2974	68.56
2975	68.56
2976	68.56
2977	68.56
2978	68.56
2979	68.56
2980	68.56
2981	68.56
2982	68.56
2983	68.56
2984	68.56
2985	68.56
2986	68.56
2987	68.56
2988	68.56
2989	68.56
2990	68.56
2991	68.56
2992	68.56
2993	68.56
2994	68.56
2995	68.56
2996	68.56
2997	68.56
2998	68.56
2999	68.56
3000	68.56
3001	68.56
3002	68.56
3003	68.56
3004	68.56
3005	68.56
3006	68.56
3007	68.56
3008	68.56
3009	68.56
3010	68.56
3011	68.56
3012	68.56
3013	68.56
3014	68.56
3015	68.56
3016	68.56
3017	68.56
3018	68.56
3019	68.56
3020	68.56
3021	68.56
3022	68.56
3023	68.56
3024	68.56
3025	68.56
3026	68.56
3027	68.56
3028	68.56
3029	68.56
3030	68.56
3031	68.56
3032	68.56
3033	68.56
3034	68.56
3035	68.56
3036	68.56
3037	68.56
3038	68.56
3039	68.56
3040	68.56
3041	68.56
3042	68.56
3043	68.56
3044	68.56
3045	68.56
3046	68.56
3047	68.56
3048	68.56
3049	68.56
3050	68.56
3051	68.56
3052	68.56
3053	68.56
3054	68.56
3055	68.56
3056	68.56
3057	68.56
3058	68.56
3059	68.56
3060	68.56
3061	68.56
3062	68.56
3063	68.56
3064	68.56
3065	68.56
3066	68.56
3067	68.56
3068	68.56
3069	68.56
3070	68.56
3071	68.56
3072	68.56
3073	68.56
3074	68.56
3075	68.56
3076	68.56
3077	68.56
3078	68.56
3079	68.56
3080	68.56
3081	68.56
3082	68.56
3083	68.56
3084	68.56
3085	68.56
3086	68.56
3087	68.56
3088	68.56
3089	68.56
3090	68.56
3091	68.56
3092	68.56
3093	68.56
3094	68.56
3095	68.56
3096	68.56
3097	68.56
3098	68.56
3099	68.56
3100	68.56
3101	68.56
3102	68.56
3103	68.56
3104	68.56
3105	68.56
3106	68.56
3107	68.56
3108	68.56
3109	68.56
3110	68.56
3111	68.56
3112	68.56
3113	68.56
3114	68.56
3115	68.56
3116	68.56
3117	68.56
3118	68.56
3119	68.56
3120	68.56
3121	68.56
3122	68.56
3123	68.56
3124	68.56
3125	68.56
3126	68.56
3127	68.56
3128	68.56
3129	68.56
3130	68.56
3131	68.56
3132	68.56
3133	68.56
3134	68.56
3135	68.56
3136	68.56
3137	68.56
3138	68.56
3139	68.56
3140	68.56
3141	68.56
3142	68.56
3143	68.56
3144	68.56
3145	68.56
3146	68.56
3147	68.56
3148	68.56
3149	68.56
3150	68.56
3151	68.56
3152	68.56
3153	68.56
3154	68.56
3155	68.56
3156	68.56
3157	68.56
3158	68.56
3159	68.56
3160	68.56
3161	68.56
3162	68.56
3163	68.56
3164	68.56
3165	68.56
3166	68.56
3167	68.56
3168	68.56
3169	68.56
3170	68.56
3171	68.56
3172	68.56
3173	68.56
3174	68.56
3175	68.56
3176	68.56
3177	68.56
3178	68.56
3179	68.56
3180	68.56
3181	68.56
3182	68.56
3183	68.56
3184	68.56
3185	68.56
3186	68.56
3187	68.56
3188	68.56
3189	68.56
3190	68.56
3191	68.56
3192	68.56
3193	68.56
3194	68.56
3195	68.56
3196	68.56
3197	68.56
3198	68.56
3199	68.56
3200	68.56
3201	68.56
3202	68.56
3203	68.56
3204	68.56
3205	68.56
3206	68.56
3207	68.56
3208	68.56
3209	68.56
3210	68.56
3211	68.56
3212	68.56
3213	68.56
3214	68.56
3215	68.56
3216	68.56
3217	68.56
3218	68.56
3219	68.56
3220	68.56
3221	68.56
3222	68.56
3223	68.56
3224	68.56
3225	68.56
3226	68.56
3227	68.56
3228	68.56
3229	68.56
3230	68.56
3231	68.56
3232	68.56
3233	68.56
3234	68.56
3235	68.56
3236	68.56
3237	68.56
3238	68.56
3239	68.56
3240	68.56
3241	68.56
3242	68.56
3243	68.56
3244	68.56
3245	68.56
3246	68.56
3247	68.56
3248	68.56
3249	68.56
3250	68.56
3251	68.56
3252	68.56
3253	68.56
3254	68.56
3255	68.56
3256	68.56
3257	68.56
3258	68.56
3259	68.56
3260	68.56
3261	68.56
3262	68.56
3263	68.56
3264	68.56
3265	68.56
3266	68.56
3267	68.56
3268	68.56
3269	68.56
3270	68.56
3271	68.56
3272	68.56
3273	68.56
3274	68.56
3275	68.56
3276	68.56
3277	68.56
3278	68.56
3279	68.56
3280	68.56
3281	68.56
3282	68.56
3283	68.56
3284	68.56
3285	68.56
3286	68.56
3287	68.56
3288	68.56
3289	68.56
3290	68.56
3291	68.56
3292	68.56
3293	68.56
3294	68.56
3295	68.56
3296	68.56
3297	68.56
3298	68.56
3299	68.56
3300	68.56
3301	68.56
3302	68.56
3303	68.56
3304	68.56
3305	68.56
3306	68.56
3307	68.56
3308	68.56
3309	68.56
3310	68.56
3311	68.56
3312	68.56
3313	68.56
3314	68.56
3315	68.56
3316	68.56
3317	68.56
3318	68.56
3319	68.56
3320	68.56
3321	68.56
3322	68.56
3323	68.56
3324	68.56
3325	68.56
3326	68.56
3327	68.56
3328	68.56
3329	68.56
3330	68.56
3331	68.56
3332	68.56
3333	68.56
3334	68.56
3335	68.56
3336	68.56
3337	68.56
3338	68.56
3339	68.56
3340	68.56
3341	68.56
3342	68.56
3343	68.56
3344	68.56
3345	68.56
3346	68.56
3347	68.56
3348	68.56
3349	68.56
3350	68.56
3351	68.56
3352	68.56
3353	68.56
3354	68.56
3355	68.56
3356	68.56
3357	68.56
3358	68.56
3359	68.56
3360	68.56
3361	68.56
3362	68.56
3363	68.56
3364	68.56
3365	68.56
3366	68.56
3367	68.56
3368	68.56
3369	68.56
3370	68.56
3371	68.56
3372	68.56
3373	68.56
3374	68.56
3375	68.56
3376	68.56
3377	68.56
3378	68.56
3379	68.56
3380	68.56
3381	68.56
3382	68.56
3383	68.56
3384	68.56
3385	68.56
3386	68.56
3387	68.56
3388	68.56
3389	68.56
3390	68.56
3391	68.56
3392	68.56
3393	68.56
3394	68.56
3395	68.56
3396	68.56
3397	68.56
3398	68.56
3399	68.56
3400	68.56
3401	68.56
3402	68.56
3403	68.56
3404	68.56
3405	68.56
3406	68.56
3407	68.56
3408	68.56
3409	68.56
3410	68.56
3411	68.56
3412	68.56
3413	68.56
3414	68.56
3415	68.56
3416	68.56
3417	68.56
3418	68.56
3419	68.56
3420	68.56
3421	68.56
3422	68.56
3423	68.56
3424	68.56
3425	68.56
3426	68.56
3427	68.56
3428	68.56
3429	68.56
3430	68.56
3431	68.56
3432	68.56
3433	68.56
3434	68.56
3435	68.56
3436	68.56
3437	68.56
3438	68.56
3439	68.56
3440	68.56
3441	68.56
3442	68.56
3443	68.56
3444	68.56
3445	68.56
3446	68.56
3447	68.56
3448	68.56
3449	68.56
3450	68.56
3451	68.56
3452	68.56
3453	68.56
3454	68.56
3455	68.56
3456	68.56
3457	68.56
3458	68.56
3459	68.56
3460	68.56
3461	68.56
3462	68.56
3463	68.56
3464	68.56
3465	68.56
3466	68.56
3467	68.56
3468	68.56
3469	68.56
3470	68.56
3471	68.56
3472	68.56
3473	68.56
3474	68.56
3475	68.56
3476	68.56
3477	68.56
3478	68.56
3479	68.56
3480	68.56
3481	68.56
3482	68.56
3483	68.56
3484	68.56
3485	68.56
3486	68.56
3487	68.56
3488	68.56
3489	68.56
3490	68.56
3491	68.56
3492	68.56
3493	68.56
3494	68.56
3495	68.56
3496	68.56
3497	68.56
3498	68.56
3499	68.56
3500	68.56
3501	68.56
3502	68.56
3503	68.56
3504	68.56
3505	68.56
3506	68.56
3507	68.56
3508	68.56
3509	68.56
3510	68.56
3511	68.56
3512	68.56
3513	68.56
3514	68.56
3515	68.56
3516	68.56
3517	68.56
3518	68.56
3519	68.56
3520	68.56
3521	68.56
3522	68.56
3523	68.56
3524	68.56
3525	68.56
3526	68.56
3527	68.56
3528	68.56
3529	68.56
3530	68.56
3531	68.56
3532	68.56
3533	68.56
3534	68.56
3535	68.56
3536	68.56
3537	68.56
3538	68.56
3539	68.56
3540	68.56
3541	68.56
3542	68.56
3543	68.56
3544	68.56
3545	68.56
3546	68.56
3547	68.56
3548	68.56
3549	68.56
3550	68.56
3551	68.56
3552	68.56
3553	68.56
3554	68.56
3555	68.56
3556	68.56
3557	68.56
3558	68.56
3559	68.56
3560	68.56
3561	68.56
3562	68.56
3563	68.56
3564	68.56
3565	68.56
3566	68.56
3567	68.56
3568	68.56
3569	68.56
3570	68.56
3571	68.56
3572	68.56
3573	68.56
3574	68.56
3575	68.56
3576	68.56
3577	68.56
3578	68.56
3579	68.56
3580	68.56
3581	68.56
3582	68.56
3583	68.56
3584	68.56
3585	68.56
3586	68.56
3587	68.56
3588	68.56
3589	68.56
3590	68.56
3591	68.56
3592	68.56
3593	68.56
3594	68.56
3595	68.56
3596	68.56
3597	68.56
3598	68.56
3599	68.56
3600	68.56
3601	68.56
3602	68.56
3603	68.56
3604	68.56
3605	68.56
3606	68.56
3607	68.56
3608	68.56
3609	68.56
3610	68.56
3611	68.56
3612	68.56
3613	68.56
3614	68.56
3615	68.56
3616	68.56
3617	68.56
3618	68.56
3619	68.56
3620	68.56
3621	68.56
3622	68.56
3623	68.56
3624	68.56
3625	68.56
3626	68.56
3627	68.56
3628	68.56
3629	68.56
3630	68.56
3631	68.56
3632	68.56
3633	68.56
3634	68.56
3635	68.56
3636	68.56
3637	68.56
3638	68.56
3639	68.56
3640	68.56
3641	68.56
3642	68.56
3643	68.56
3644	68.56
3645	68.56
3646	68.56
3647	68.56
3648	68.56
3649	68.56
3650	68.56
3651	68.56
3652	68.56
3653	68.56
3654	68.56
3655	68.56
3656	68.56
3657	68.56
3658	68.56
3659	68.56
3660	68.56
3661	68.56
3662	68.56
3663	68.56
3664	68.56
3665	68.56
3666	68.56
3667	68.56
3668	68.56
3669	68.56
3670	68.56
3671	68.56
3672	68.56
3673	68.56
3674	68.56
3675	68.56
3676	68.56
3677	68.56
3678	68.56
3679	68.56
3680	68.56
3681	68.56
3682	68.56
3683	68.56
3684	68.56
3685	68.56
3686	68.56
3687	68.56
3688	68.56
3689	68.56
3690	68.56
3691	68.56
3692	68.56
3693	68.56
3694	68.56
3695	68.56
3696	68.56
3697	68.56
3698	68.56
3699	68.56
3700	68.56
3701	68.56
3702	68.56
3703	68.56
3704	68.56
3705	68.56
3706	68.56
3707	68.56
3708	68.56
3709	68.56
3710	68.56
3711	68.56
3712	68.56
3713	68.56
3714	68.56
3715	68.56
3716	68.56
3717	68.56
3718	68.56
3719	68.56
3720	68.56
3721	68.56
3722	68.56
3723	68.56
3724	68.56
3725	68.56
3726	68.56
3727	68.56
3728	68.56
3729	68.56
3730	68.56
3731	68.56
3732	68.56
3733	68.56
3734	68.56
3735	68.56
3736	68.56
3737	68.56
3738	68.56
3739	68.56
3740	68.56
3741	68.56
3742	68.56
3743	68.56
3744	68.56
3745	68.56
3746	68.56
3747	68.56
3748	68.56
3749	68.56
3750	68.56
3751	68.56
3752	68.56
3753	68.56
3754	68.56
3755	68.56
3756	68.56
3757	68.56
3758	68.56
3759	68.56
3760	68.56
3761	68.56
3762	68.56
3763	68.56
3764	68.56
3765	68.56
3766	68.56
3767	68.56
3768	68.56
3769	68.56
3770	68.56
3771	68.56
3772	68.56
3773	68.56
3774	68.56
3775	68.56
3776	68.56
3777	68.56
3778	68.56
3779	68.56
3780	68.56
3781	68.56
3782	68.56
3783	68.56
3784	68.56
3785	68.56
3786	68.56
3787	68.56
3788	68.56
3789	68.56
3790	68.56
3791	68.56
3792	68.56
3793	68.56
3794	68.56
3795	68.56
3796	68.56
3797	68.56
3798	68.56
3799	68.56
3800	68.56
3801	68.56
3802	68.56
3803	68.56
3804	68.56
3805	68.56
3806	68.56
3807	68.56
3808	68.56
3809	68.56
3810	68.56
3811	68.56
3812	68.56
3813	68.56
3814	68.56
3815	68.56
3816	68.56
3817	68.56
3818	68.56
3819	68.56
3820	68.56
3821	68.56
3822	68.56
3823	68.56
3824	68.56
3825	68.56
3826	68.56
3827	68.56
3828	68.56
3829	68.56
3830	68.56
3831	68.56
3832	68.56
3833	68.56
3834	68.56
3835	68.56
3836	68.56
3837	68.56
3838	68.56
3839	68.56
3840	68.56
3841	68.56
3842	68.56
3843	68.56
3844	68.56
3845	68.56
3846	68.56
3847	68.56
3848	68.56
3849	68.56
3850	68.56
3851	68.56
3852	68.56
3853	68.56
3854	68.56
3855	68.56
3856	68.56
3857	68.56
3858	68.56
3859	68.56
3860	68.56
3861	68.56
3862	68.56
3863	68.56
3864	68.56
3865	68.56
3866	68.56
3867	68.56
3868	68.56
3869	68.56
3870	68.56
3871	68.56
3872	68.56
3873	68.56
3874	68.56
3875	68.56
3876	68.56
3877	68.56
3878	68.56
3879	68.56
3880	68.56
3881	68.56
3882	68.56
3883	68.56
3884	68.56
3885	68.56
3886	68.56
3887	68.56
3888	68.56
3889	68.56
3890	68.56
3891	68.56
3892	68.56
3893	68.56
3894	68.56
3895	68.56
3896	68.56
3897	68.56
3898	68.56
3899	68.56
3900	68.56
3901	68.56
3902	68.56
3903	68.56
3904	68.56
3905	68.56
3906	68.56
3907	68.56
3908	68.56
3909	68.56
3910	68.56
3911	68.56
3912	68.56
3913	68.56
3914	68.56
3915	68.56
3916	68.56
3917	68.56
3918	68.56
3919	68.56
3920	68.56
3921	68.56
3922	68.56
3923	68.56
3924	68.56
3925	68.56
3926	68.56
3927	68.56
3928	68.56
3929	68.56
3930	68.56
3931	68.56
3932	68.56
3933	68.56
3934	68.56
3935	68.56
3936	68.56
3937	68.56
3938	68.56
3939	68.56
3940	68.56
3941	68.56
3942	68.56
3943	68.56
3944	68.56
3945	68.56
3946	68.56
3947	68.56
3948	68.56
3949	68.56
3950	68.56
3951	68.56
3952	68.56
3953	68.56
3954	68.56
3955	68.56
3956	68.56
3957	68.56
3958	68.56
3959	68.56
3960	68.56
3961	68.56
3962	68.56
3963	68.56
3964	68.56
3965	68.56
3966	68.56
3967	68.56
3968	68.56
3969	68.56
3970	68.56
3971	68.56
3972	68.56
3973	68.56
3974	68.56
3975	68.56
3976	68.56
3977	68.56
3978	68.56
3979	68.56
3980	68.56
3981	68.56
3982	68.56
3983	68.56
3984	68.56
3985	68.56
3986	68.56
3987	68.56
3988	68.56
3989	68.56
3990	68.56
3991	68.56
3992	68.56
3993	68.56
3994	68.56
3995	68.56
3996	68.56
3997	68.56
3998	68.56
3999	68.56
4000	68.56
4001	68.56
4002	68.56
4003	68.56
4004	68.56
4005	68.56
4006	68.56
4007	68.56
4008	68.56
4009	68.56
4010	68.56
4011	68.56
4012	68.56
4013	68.56
4014	68.56
4015	68.56
4016	68.56
4017	68.56
4018	68.56
4019	68.56
4020	68.56
4021	68.56
4022	68.56
4023	68.56
4024	68.56
4025	68.56
4026	68.56
4027	68.56
4028	68.56
4029	68.56
4030	68.56
4031	68.56
4032	68.56
4033	68.56
4034	68.56
4035	68.56
4036	68.56
4037	68.56
4038	68.56
4039	68.56
4040	68.56
4041	68.56
4042	68.56
4043	68.56
4044	68.56
4045	68.56
4046	68.56
4047	68.56
4048	68.56
4049	68.56
4050	68.56
4051	68.56
4052	68.56
4053	68.56
4054	68.56
4055	68.56
4056	68.56
4057	68.56
4058	68.56
4059	68.56
4060	68.56
4061	68.56
4062	68.56
4063	68.56
4064	68.56
4065	68.56
4066	68.56
4067	68.56
4068	68.56
4069	68.56
4070	68.56
4071	68.56
4072	68.56
4073	68.56
4074	68.56
4075	68.56
4076	68.56
4077	68.56
4078	68.56
4079	68.56
4080	68.56
4081	68.56
4082	68.56
4083	68.56
4084	68.56
4085	68.56
4086	68.56
4087	68.56
4088	68.56
4089	68.56
4090	68.56
4091	68.56
4092	68.56
4093	68.56
4094	68.56
4095	68.56
4096	68.56
4097	68.56
4098	68.56
4099	68.56
4100	68.56
4101	68.56
4102	68.56
4103	68.56
4104	68.56
4105	68.56
4106	68.56
4107	68.56
4108	68.56
4109	68.56
4110	68.56
4111	68.56
4112	68.56
4113	68.56
4114	68.56
4115	68.56
4116	68.56
4117	68.56
4118	68.56
4119	68.56
4120	68.56
4121	68.56
4122	68.56
4123	68.56
4124	68.56
4125	68.56
4126	68.56
4127	68.56
4128	68.56
4129	68.56
4130	68.56
4131	68.56
4132	68.56
4133	68.56
4134	68.56
4135	68.56
4136	68.56
4137	68.56
4138	68.56
4139	68.56
4140	68.56
4141	68.56
4142	68.56
4143	68.56
4144	68.56
4145	68.56
4146	68.56
4147	68.56
4148	68.56
4149	68.56
4150	68.56
4151	68.56
4152	68.56
4153	68.56
4154	68.56
4155	68.56
4156	68.56
4157	68.56
4158	68.56
4159	68.56
4160	68.56
4161	68.56
4162	68.56
4163	68.56
4164	68.56
4165	68.56
4166	68.56
4167	68.56
4168	68.56
4169	68.56
4170	68.56
4171	68.56
4172	68.56
4173	68.56
4174	68.56
4175	68.56
4176	68.56
4177	68.56
4178	68.56
4179	68.56
4180	68.56
4181	68.56
4182	68.56
4183	68.56
4184	68.56
4185	68.56
4186	68.56
4187	68.56
4188	68.56
4189	68.56
4190	68.56
4191	68.56
4192	68.56
4193	68.56
4194	68.56
4195	68.56
4196	68.56
4197	68.56
4198	68.56
4199	68.56
4200	68.56
4201	68.56
4202	68.56
4203	68.56
4204	68.56
4205	68.56
4206	68.56
4207	68.56
4208	68.56
4209	68.56
4210	68.56
4211	68.56
4212	68.56
4213	68.56
4214	68.56
4215	68.56
4216	68.56
4217	68.56
4218	68.56
4219	68.56
4220	68.56
4221	68.56
4222	68.56
4223	68.56
4224	68.56
4225	68.56
4226	68.56
4227	68.56
4228	68.56
4229	68.56
4230	68.56
4231	68.56
4232	68.56
4233	68.56
4234	68.56
4235	68.56
4236	68.56
4237	68.56
4238	68.56
4239	68.56
4240	68.56
4241	68.56
4242	68.56
4243	68.56
4244	68.56
4245	68.56
4246	68.56
4247	68.56
4248	68.56
4249	68.56
4250	68.56
4251	68.56
4252	68.56
4253	68.56
4254	68.56
4255	68.56
4256	68.56
4257	68.56
4258	68.56
4259	68.56
4260	68.56
4261	68.56
4262	68.56
4263	68.56
4264	68.56
4265	68.56
4266	68.56
4267	68.56
4268	68.56
4269	68.56
4270	68.56
4271	68.56
4272	68.56
4273	68.56
4274	68.56
4275	68.56
4276	68.56
4277	68.56
4278	68.56
4279	68.56
4280	68.56
4281	68.56
4282	68.56
4283	68.56
4284	68.56
4285	68.56
4286	68.56
4287	68.56
4288	68.56
4289	68.56
4290	68.56
4291	68.56
4292	68.56
4293	68.56
4294	68.56
4295	68.56
4296	68.56
4297	68.56
4298	68.56
4299	68.56
4300	68.56
4301	68.56
4302	68.56
4303	68.56
4304	68.56
4305	68.56
4306	68.56
4307	68.56
4308	68.56
4309	68.56
4310	68.56
4311	68.56
4312	68.56
4313	68.56
4314	68.56
4315	68.56
4316	68.56
4317	68.56
4318	68.56
4319	68.56
4320	68.56
4321	68.56
4322	68.56
4323	68.56
4324	68.56
4325	68.56
4326	68.56
4327	68.56
4328	68.56
4329	68.56
4330	68.56
4331	68.56
4332	68.56
4333	68.56
4334	68.56
4335	68.56
4336	68.56
4337	68.56
4338	68.56
4339	68.56
4340	68.56
4341	68.56
4342	68.56
4343	68.56
4344	68.56
4345	68.56
4346	68.56
4347	68.56
4348	68.56
4349	68.56
4350	68.56
4351	68.56
4352	68.56
4353	68.56
4354	68.56
4355	68.56
4356	68.56
4357	68.56
4358	68.56
4359	68.56
4360	68.56
4361	68.56
4362	68.56
4363	68.56
4364	68.56
4365	68.56
4366	68.56
4367	68.56
4368	68.56
4369	68.56
4370	68.56
4371	68.56
4372	68.56
4373	68.56
4374	68.56
4375	68.56
4376	68.56
4377	68.56
4378	68.56
4379	68.56
4380	68.56
4381	68.56
4382	68.56
4383	68.56
4384	68.56
4385	68.56
4386	68.56
4387	68.56
4388	68.56
4389	68.56
4390	68.56
4391	68.56
4392	68.56
4393	68.56
4394	68.56
4395	68.56
4396	68.56
4397	68.56
4398	68.56
4399	68.56
4400	68.56
4401	68.56
4402	68.56
4403	68.56
4404	68.56
4405	68.56
4406	68.56
4407	68.56
4408	68.56
4409	68.56
4410	68.56
4411	68.56
4412	68.56
4413	68.56
4414	68.56
4415	68.56
4416	68.56
4417	68.56
4418	68.56
4419	68.56
4420	68.56
4421	68.56
4422	68.56
4423	68.56
4424	68.56
4425	68.56
4426	68.56
4427	68.56
4428	68.56
4429	68.56
4430	68.56
4431	68.56
4432	68.56
4433	68.56
4434	68.56
4435	68.56
4436	68.56
4437	68.56
4438	68.56
4439	68.56
4440	68.56
4441	68.56
4442	68.56
4443	68.56
4444	68.56
4445	68.56
4446	68.56
4447	68.56
4448	68.56
4449	68.56
4450	68.56
4451	68.56
4452	68.56
4453	68.56
4454	68.56
4455	68.56
4456	68.56
4457	68.56
4458	68.56
4459	68.56
4460	68.56
4461	68.56
4462	68.56
4463	68.56
4464	68.56
4465	68.56
4466	68.56
4467	68.56
4468	68.56
4469	68.56
4470	68.56
4471	68.56
4472	68.56
4473	68.56
4474	68.56
4475	68.56
4476	68.56
4477	68.56
4478	68.56
4479	68.56
4480	68.56
4481	68.56
4482	68.56
4483	68.56
4484	68.56
4485	68.56
4486	68.56
4487	68.56
4488	68.56
4489	68.56
4490	68.56
4491	68.56
4492	68.56
4493	68.56
4494	68.56
4495	68.56
4496	68.56
4497	68.56
4498	68.56
4499	68.56
4500	68.56
4501	68.56
4502	68.56
4503	68.56
4504	68.56
4505	68.56
4506	68.56
4507	68.56
4508	68.56
4509	68.56
4510	68.56
4511	68.56
4512	68.56
4513	68.56
4514	68.56
4515	68.56
4516	68.56
4517	68.56
4518	68.56
4519	68.56
4520	68.56
4521	68.56
4522	68.56
4523	68.56
4524	68.56
4525	68.56
4526	68.56
4527	68.56
4528	68.56
4529	68.56
4530	68.56
4531	68.56
4532	68.56
4533	68.56
4534	68.56
4535	68.56
4536	68.56
4537	68.56
4538	68.56
4539	68.56
4540	68.56
4541	68.56
4542	68.56
4543	68.56
4544	68.56
4545	68.56
4546	68.56
4547	68.56
4548	68.56
4549	68.56
4550	68.56
4551	68.56
4552	68.56
4553	68.56
4554	68.56
4555	68.56
4556	68.56
4557	68.56
4558	68.56
4559	68.56
4560	68.56
4561	68.56
4562	68.56
4563	68.56
4564	68.56
4565	68.56
4566	68.56
4567	68.56
4568	68.56
4569	68.56
4570	68.56
4571	68.56
4572	68.56
4573	68.56
4574	68.56
4575	68.56
4576	68.56
4577	68.56
4578	68.56
4579	68.56
4580	68.56
4581	68.56
4582	68.56
4583	68.56
4584	68.56
4585	68.56
4586	68.56
4587	68.56
4588	68.56
4589	68.56
4590	68.56
4591	68.56
4592	68.56
4593	68.56
4594	68.56
4595	68.56
4596	68.56
4597	68.56
4598	68.56
4599	68.56
4600	68.56
4601	68.56
4602	68.56
4603	68.56
4604	68.56
4605	68.56
4606	68.56
4607	68.56
4608	68.56
4609	68.56
4610	68.56
4611	68.56
4612	68.56
4613	68.56
4614	68.56
4615	68.56
4616	68.56
4617	68.56
4618	68.56
4619	68.56
4620	68.56
4621	68.56
4622	68.56
4623	68.56
4624	68.56
4625	68.56
4626	68.56
4627	68.56
4628	68.56
4629	68.56
4630	68.56
4631	68.56
4632	68.56
4633	68.56
4634	68.56
4635	68.56
4636	68.56
4637	68.56
4638	68.56
4639	68.56
4640	68.56
4641	68.56
4642	68.56
4643	68.56
4644	68.56
4645	68.56
4646	68.56
4647	68.56
4648	68.56
4649	68.56
4650	68.56
4651	68.56
4652	68.56
4653	68.56
4654	68.56
4655	68.56
4656	68.56
4657	68.56
4658	68.56
4659	68.56
4660	68.56
4661	68.56
4662	68.56
4663	68.56
4664	68.56
4665	68.56
4666	68.56
4667	68.56
4668	68.56
4669	68.56
4670	68.56
4671	68.56
4672	68.56
4673	68.56
4674	68.56
4675	68.56
4676	68.56
4677	68.56
4678	68.56
4679	68.56
4680	68.56
4681	68.56
4682	68.56
4683	68.56
4684	68.56
4685	68.56
4686	68.56
4687	68.56
4688	68.56
4689	68.56
4690	68.56
4691	68.56
4692	68.56
4693	68.56
4694	68.56
4695	68.56
4696	68.56
4697	68.56
4698	68.56
4699	68.56
4700	68.56
4701	68.56
4702	68.56
4703	68.56
4704	68.56
4705	68.56
4706	68.56
4707	68.56
4708	68.56
4709	68.56
4710	68.56
4711	68.56
4712	68.56
4713	68.56
4714	68.56
4715	68.56
4716	68.56
4717	68.56
4718	68.56
4719	68.56
4720	68.56
4721	68.56
4722	68.56
4723	68.56
4724	68.56
4725	68.56
4726	68.56
4727	68.56
4728	68.56
4729	68.56
4730	68.56
4731	68.56
4732	68.56
4733	68.56
4734	68.56
4735	68.56
4736	68.56
4737	68.56
4738	68.56
4739	68.56
4740	68.56
4741	68.56
4742	68.56
4743	68.56
4744	68.56
4745	68.56
4746	68.56
4747	68.56
4748	68.56
4749	68.56
4750	68.56
4751	68.56
4752	68.56
4753	68.56
4754	68.56
4755	68.56
4756	68.56
4757	68.56
4758	68.56
4759	68.56
4760	68.56
4761	68.56
4762	68.56
4763	68.56
4764	68.56
4765	68.56
4766	68.56
4767	68.56
4768	68.56
4769	68.56
4770	68.56
4771	68.56
4772	68.56
4773	68.56
4774	68.56
4775	68.56
4776	68.56
4777	68.56
4778	68.56
4779	68.56
4780	68.56
4781	68.56
4782	68.56
4783	68.56
4784	68.56
4785	68.56
4786	68.56
4787	68.56
4788	68.56
4789	68.56
4790	68.56
4791	68.56
4792	68.56
4793	68.56
4794	68.56
4795	68.56
4796	68.56
4797	68.56
4798	68.56
4799	68.56
4800	68.56
4801	68.56
4802	68.56
4803	68.56
4804	68.56
4805	68.56
4806	68.56
4807	68.56
4808	68.56
4809	68.56
4810	68.56
4811	68.56
4812	68.56
4813	68.56
4814	68.56
4815	68.56
4816	68.56
4817	68.56
4818	68.56
4819	68.56
4820	68.56
4821	68.56
4822	68.56
4823	68.56
4824	68.56
4825	68.56
4826	68.56
4827	68.56
4828	68.56
4829	68.56
4830	68.56
4831	68.56
4832	68.56
4833	68.56
4834	68.56
4835	68.56
4836	68.56
4837	68.56
4838	68.56
4839	68.56
4840	68.56
4841	68.56
4842	68.56
4843	68.56
4844	68.56
4845	68.56
4846	68.56
4847	68.56
4848	68.56
4849	68.56
4850	68.56
4851	68.56
4852	68.56
4853	68.56
4854	68.56
4855	68.56
4856	68.56
4857	68.56
4858	68.56
4859	68.56
4860	68.56
4861	68.56
4862	68.56
4863	68.56
4864	68.56
4865	68.56
4866	68.56
4867	68.56
4868	68.56
4869	68.56
4870	68.56
4871	68.56
4872	68.56
4873	68.56
4874	68.56
4875	68.56
4876	68.56
4877	68.56
4878	68.56
4879	68.56
4880	68.56
4881	68.56
4882	68.56
4883	68.56
4884	68.56
4885	68.56
4886	68.56
4887	68.56
4888	68.56
4889	68.56
4890	68.56
4891	68.56
4892	68.56
4893	68.56
4894	68.56
4895	68.56
4896	68.56
4897	68.56
4898	68.56
4899	68.56
4900	68.56
4901	68.56
4902	68.56
4903	68.56
4904	68.56
4905	68.56
4906	68.56
4907	68.56
4908	68.56
4909	68.56
4910	68.56
4911	68.56
4912	68.56
4913	68.56
4914	68.56
4915	68.56
4916	68.56
4917	68.56
4918	68.56
4919	68.56
4920	68.56
4921	68.56
4922	68.56
4923	68.56
4924	68.56
4925	68.56
4926	68.56
4927	68.56
4928	68.56
4929	68.56
4930	68.56
4931	68.56
4932	68.56
4933	68.56
4934	68.56
4935	68.56
4936	68.56
4937	68.56
4938	68.56
4939	68.56
4940	68.56
4941	68.56
4942	68.56
4943	68.56
4944	68.56
4945	68.56
4946	68.56
4947	68.56
4948	68.56
4949	68.56
4950	68.56
4951	68.56
4952	68.56
4953	68.56
4954	68.56
4955	68.56
4956	68.56
4957	68.56
4958	68.56
4959	68.56
4960	68.56
4961	68.56
4962	68.56
4963	68.56
4964	68.56
4965	68.56
4966	68.56
4967	68.56
4968	68.56
4969	68.56
4970	68.56
4971	68.56
4972	68.56
4973	68.56
4974	68.56
4975	68.56
4976	68.56
4977	68.56
4978	68.56
4979	68.56
4980	68.56
4981	68.56
4982	68.56
4983	68.56
4984	68.56
4985	68.56
4986	68.56
4987	68.56
4988	68.56
4989	68.56
4990	68.56
4991	68.56
4992	68.56
4993	68.56
4994	68.56
4995	68.56
4996	68.56
4997	68.56
4998	68.56
4999	68.56
5000	68.56
5001	68.56
5002	68.56
5003	68.56
5004	68.56
5005	68.56
5006	68.56
5007	68.56
5008	68.56
5009	68.56
5010	68.56
5011	68.56
5012	68.56
5013	68.56
5014	68.56
5015	68.56
5016	68.56
5017	68.56
5018	68.56
5019	68.56
5020	68.56
5021	68.56
5022	68.56
5023	68.56
5024	68.56
5025	68.56
5026	68.56
5027	68.56
5028	68.56
5029	68.56
5030	68.56
5031	68.56
5032	68.56
5033	68.56
5034	68.56
5035	68.56
5036	68.56
5037	68.56
5038	68.56
5039	68.56
5040	68.56
5041	68.56
5042	68.56
5043	68.56
5044	68.56
5045	68.56
5046	68.56
5047	68.56
5048	68.56
5049	68.56
5050	68.56
5051	68.56
5052	68.56
5053	68.56
5054	68.56
5055	68.56
5056	68.56
5057	68.56
5058	68.56
5059	68.56
5060	68.56
5061	68.56
5062	68.56
5063	68.56
5064	68.56
5065	68.56
5066	68.56
5067	68.56
5068	68.56
5069	68.56
5070	68.56
5071	68.56
5072	68.56
5073	68.56
5074	68.56
5075	68.56
5076	68.56
5077	68.56
5078	68.56
5079	68.56
5080	68.56
5081	68.56
5082	68.56
5083	68.56
5084	68.56
5085	68.56
5086	68.56
5087	68.56
5088	68.56
5089	68.56
5090	68.56
5091	68.56
5092	68.56
5093	68.56
5094	68.56
5095	68.56
5096	68.56
5097	68.56
5098	68.56
5099	68.56
5100	68.56
5101	68.56
5102	68.56
5103	68.56
5104	68.56
5105	68.56
5106	68.56
5107	68.56
5108	68.56
5109	68.56
5110	68.56
5111	68.56
5112	68.56
5113	68.56
5114	68.56
5115	68.56
5116	68.56
5117	68.56
5118	68.56
5119	68.56
5120	68.56
5121	68.56
5122	68.56
5123	68.56
5124	68.56
5125	68.56
5126	68.56
5127	68.56
5128	68.56
5129	68.56
5130	68.56
5131	68.56
5132	68.56
5133	68.56
5134	68.56
5135	68.56
5136	68.56
5137	68.56
5138	68.56
5139	68.56
5140	68.56
5141	68.56
5142	68.56
5143	68.56
5144	68.56
5145	68.56
5146	68.56
5147	68.56
5148	68.56
5149	68.56
5150	68.56
5151	68.56
5152	68.56
5153	68.56
5154	68.56
5155	68.56
5156	68.56
5157	68.56
5158	68.56
5159	68.56
5160	68.56
5161	68.56
5162	68.56
5163	68.56
5164	68.56
5165	68.56
5166	68.56
5167	68.56
5168	68.56
5169	68.56
5170	68.56
5171	68.56
5172	68.56
5173	68.56
5174	68.56
5175	68.56
5176	68.56
5177	68.56
5178	68.56
5179	68.56
5180	68.56
5181	68.56
5182	68.56
5183	68.56
5184	68.56
5185	68.56
5186	68.56
5187	68.56
5188	68.56
5189	68.56
5190	68.56
5191	68.56
5192	68.56
5193	68.56
5194	68.56
5195	68.56
5196	68.56
5197	68.56
5198	68.56
5199	68.56
5200	68.56
5201	68.56
5202	68.56
5203	68.56
5204	68.56
5205	68.56
5206	68.56
5207	68.56
5208	68.56
5209	68.56
5210	68.56
5211	68.56
5212	68.56
5213	68.56
5214	68.56
5215	68.56
5216	68.56
5217	68.56
5218	68.56
5219	68.56
5220	68.56
5221	68.56
5222	68.56
5223	68.56
5224	68.56
5225	68.56
5226	68.56
5227	68.56
5228	68.56
5229	68.56
5230	68.56
5231	68.56
5232	68.56
5233	68.56
5234	68.56
5235	68.56
5236	68.56
5237	68.56
5238	68.56
5239	68.56
5240	68.56
5241	68.56
5242	68.56
5243	68.56
5244	68.56
5245	68.56
5246	68.56
5247	68.56
5248	68.56
5249	68.56
5250	68.56
5251	68.56
5252	68.56
5253	68.56
5254	68.56
5255	68.56
5256	68.56
5257	68.56
5258	68.56
5259	68.56
5260	68.56
5261	68.56
5262	68.56
5263	68.56
5264	68.56
5265	68.56
5266	68.56
5267	68.56
5268	68.56
5269	68.56
5270	68.56
5271	68.56
5272	68.56
5273	68.56
5274	68.56
5275	68.56
5276	68.56
5277	68.56
5278	68.56
5279	68.56
5280	68.56
5281	68.56
5282	68.56
5283	68.56
5284	68.56
5285	68.56
5286	68.56
5287	68.56
5288	68.56
5289	68.56
5290	68.56
5291	68.56
5292	68.56
5293	68.56
5294	68.56
5295	68.56
5296	68.56
5297	68.56
5298	68.56
5299	68.56
5300	68.56
5301	68.56
5302	68.56
5303	68.56
5304	68.56
5305	68.56
5306	68.56
5307	68.56
5308	68.56
5309	68.56
5310	68.56
5311	68.56
5312	68.56
5313	68.56
5314	68.56
5315	68.56
5316	68.56
5317	68.56
5318	68.56
5319	68.56
5320	68.56
5321	68.56
5322	68.56
5323	68.56
5324	68.56
5325	68.56
5326	68.56
5327	68.56
5328	68.56
5329	68.56
5330	68.56
5331	68.56
5332	68.56
5333	68.56
5334	68.56
5335	68.56
5336	68.56
5337	68.56
5338	68.56
5339	68.56
5340	68.56
5341	68.56
5342	68.56
5343	68.56
5344	68.56
5345	68.56
5346	68.56
5347	68.56
5348	68.56
5349	68.56
5350	68.56
5351	68.56
5352	68.56
5353	68.56
5354	68.56
5355	68.56
5356	68.56
5357	68.56
5358	68.56
5359	68.56
5360	68.56
5361	68.56
5362	68.56
5363	68.56
5364	68.56
5365	68.56
5366	68.56
5367	68.56
5368	68.56
5369	68.56
5370	68.56
5371	68.56
5372	68.56
5373	68.56
5374	68.56
5375	68.56
5376	68.56
5377	68.56
5378	68.56
5379	68.56
5380	68.56
5381	68.56
5382	68.56
5383	68.56
5384	68.56
5385	68.56
5386	68.56
5387	68.56
5388	68.56
5389	68.56
5390	68.56
5391	68.56
5392	68.56
5393	68.56
5394	68.56
5395	68.56
5396	68.56
5397	68.56
5398	68.56
5399	68.56
5400	68.56
5401	68.56
5402	68.56
5403	68.56
5404	68.56
5405	68.56
5406	68.56
5407	68.56
5408	68.56
5409	68.56
5410	68.56
5411	68.56
5412	68.56
5413	68.56
5414	68.56
5415	68.56
5416	68.56
5417	68.56
5418	68.56
5419	68.56
5420	68.56
5421	68.56
5422	68.56
5423	68.56
5424	68.56
5425	68.56
5426	68.56
5427	68.56
5428	68.56
5429	68.56
5430	68.56
5431	68.56
5432	68.56
5433	68.56
5434	68.56
5435	68.56
5436	68.56
5437	68.56
5438	68.56
5439	68.56
5440	68.56
5441	68.56
5442	68.56
5443	68.56
5444	68.56
5445	68.56
5446	68.56
5447	68.56
5448	68.56
5449	68.56
5450	68.56
5451	68.56
5452	68.56
5453	68.56
5454	68.56
5455	68.56
5456	68.56
5457	68.56
5458	68.56
5459	68.56
5460	68.56
5461	68.56
5462	68.56
5463	68.56
5464	68.56
5465	68.56
5466	68.56
5467	68.56
5468	68.56
5469	68.56
5470	68.56
5471	68.56
5472	68.56
5473	68.56
5474	68.56
5475	68.56
5476	68.56
5477	68.56
5478	68.56
5479	68.56
5480	68.56
5481	68.56
5482	68.56
5483	68.56
5484	68.56
5485	68.56
5486	68.56
5487	68.56
5488	68.56
5489	68.56
5490	68.56
5491	68.56
5492	68.56
5493	68.56
5494	68.56
5495	68.56
5496	68.56
5497	68.56
5498	68.56
5499	68.56
5500	68.56
5501	68.56
5502	68.56
5503	68.56
5504	68.56
5505	68.56
5506	68.56
5507	68.56
5508	68.56
5509	68.56
5510	68.56
5511	68.56
5512	68.56
5513	68.56
5514	68.56
5515	68.56
5516	68.56
5517	68.56
5518	68.56
5519	68.56
5520	68.56
5521	68.56
5522	68.56
5523	68.56
5524	68.56
5525	68.56
5526	68.56
5527	68.56
5528	68.56
5529	68.56
5530	68.56
5531	68.56
5532	68.56
5533	68.56
5534	68.56
5535	68.56
5536	68.56
5537	68.56
5538	68.56
5539	68.56
5540	68.56
5541	68.56
5542	68.56
5543	68.56
5544	68.56
5545	68.56
5546	68.56
5547	68.56
5548	68.56
5549	68.56
5550	68.56
5551	68.56
5552	68.56
5553	68.56
5554	68.56
5555	68.56
5556	68.56
5557	68.56
5558	68.56
5559	68.56
5560	68.56
5561	68.56
5562	68.56
5563	68.56
5564	68.56
5565	68.56
5566	68.56
5567	68.56
5568	68.56
5569	68.56
5570	68.56
5571	68.56
5572	68.56
5573	68.56
5574	68.56
5575	68.56
5576	68.56
5577	68.56
5578	68.56
5579	68.56
5580	68.56
5581	68.56
5582	68.56
5583	68.56
5584	68.56
5585	68.56
5586	68.56
5587	68.56
5588	68.56
5589	68.56
5590	68.56
5591	68.56
5592	68.56
5593	68.56
5594	68.56
5595	68.56
5596	68.56
5597	68.56
5598	68.56
5599	68.56
5600	68.56
5601	68.56
5602	68.56
5603	68.56
5604	68.56
5605	68.56
5606	68.56
5607	68.56
5608	68.56
5609	68.56
5610	68.56
5611	68.56
5612	68.56
5613	68.56
5614	68.56
5615	68.56
5616	68.56
5617	68.56
5618	68.56
5619	68.56
5620	68.56
5621	68.56
5622	68.56
5623	68.56
5624	68.56
5625	68.56
5626	68.56
5627	68.56
5628	68.56
5629	68.56
5630	68.56
5631	68.56
5632	68.56
5633	68.56
5634	68.56
5635	68.56
5636	68.56
5637	68.56
5638	68.56
5639	68.56
5640	68.56
5641	68.56
5642	68.56
5643	68.56
5644	68.56
5645	68.56
5646	68.56
5647	68.56
5648	68.56
5649	68.56
5650	68.56
5651	68.56
5652	68.56
5653	68.56
5654	68.56
5655	68.56
5656	68.56
5657	68.56
5658	68.56
5659	68.56
5660	68.56
5661	68.56
5662	68.56
5663	68.56
5664	68.56
5665	68.56
5666	68.56
5667	68.56
5668	68.56
5669	68.56
5670	68.56
5671	68.56
5672	68.56
5673	68.56
5674	68.56
5675	68.56
5676	68.56
5677	68.56
5678	68.56
5679	68.56
5680	68.56
5681	68.56
5682	68.56
5683	68.56
5684	68.56
5685	68.56
5686	68.56
5687	68.56
5688	68.56
5689	68.56
5690	68.56
5691	68.56
5692	68.56
5693	68.56
5694	68.56
5695	68.56
5696	68.56
5697	68.56
5698	68.56
5699	68.56
5700	68.56
5701	68.56
5702	68.56
5703	68.56
5704	68.56
5705	68.56
5706	68.56
5707	68.56
5708	68.56
5709	68.56
5710	68.56
5711	68.56
5712	68.56
5713	68.56
5714	68.56
5715	68.56
5716	68.56
5717	68.56
5718	68.56
5719	68.56
5720	68.56
5721	68.56
5722	68.56
5723	68.56
5724	68.56
5725	68.56
5726	68.56
5727	68.56
5728	68.56
5729	68.56
5730	68.56
5731	68.56
5732	68.56
5733	68.56
5734	68.56
5735	68.56
5736	68.56
5737	68.56
5738	68.56
5739	68.56
5740	68.56
5741	68.56
5742	68.56
5743	68.56
5744	68.56
5745	68.56
5746	68.56
5747	68.56
5748	68.56
5749	68.56
5750	68.56
5751	68.56
5752	68.56
5753	68.56
5754	68.56
5755	68.56
5756	68.56
5757	68.56
5758	68.56
5759	68.56
5760	68.56
5761	68.56
5762	68.56
5763	68.56
5764	68.56
5765	68.56
5766	68.56
5767	68.56
5768	68.56
5769	68.56
5770	68.56
5771	68.56
5772	68.56
5773	68.56
5774	68.56
5775	68.56
5776	68.56
5777	68.56
5778	68.56
5779	68.56
5780	68.56
5781	68.56
5782	68.56
5783	68.56
5784	68.56
5785	68.56
5786	68.56
5787	68.56
5788	68.56
5789	68.56
5790	68.56
5791	68.56
5792	68.56
5793	68.56
5794	68.56
5795	68.56
5796	68.56
5797	68.56
5798	68.56
5799	68.56
5800	68.56
5801	68.56
5802	68.56
5803	68.56
5804	68.56
5805	68.56
5806	68.56
5807	68.56
5808	68.56
5809	68.56
5810	68.56
5811	68.56
5812	68.56
5813	68.56
5814	68.56
5815	68.56
5816	68.56
5817	68.56
5818	68.56
5819	68.56
5820	68.56
5821	68.56
5822	68.56
5823	68.56
5824	68.56
5825	68.56
5826	68.56
5827	68.56
5828	68.56
5829	68.56
5830	68.56
5831	68.56
5832	68.56
5833	68.56
5834	68.56
5835	68.56
5836	68.56
5837	68.56
5838	68.56
5839	68.56
5840	68.56
5841	68.56
5842	68.56
5843	68.56
5844	68.56
5845	68.56
5846	68.56
5847	68.56
5848	68.56
5849	68.56
5850	68.56
5851	68.56
5852	68.56
5853	68.56
5854	68.56
5855	68.56
5856	68.56
5857	68.56
5858	68.56
5859	68.56
5860	68.56
5861	68.56
5862	68.56
5863	68.56
5864	68.56
5865	68.56
5866	68.56
5867	68.56
5868	68.56
5869	68.56
5870	68.56
5871	68.56
5872	68.56
5873	68.56
5874	68.56
5875	68.56
5876	68.56
5877	68.56
5878	68.56
5879	68.56
5880	68.56
5881	68.56
5882	68.56
5883	68.56
5884	68.56
5885	68.56
5886	68.56
5887	68.56
5888	68.56
5889	68.56
5890	68.56
5891	68.56
5892	68.56
5893	68.56
5894	68.56
5895	68.56
5896	68.56
5897	68.56
5898	68.56
5899	68.56
5900	68.56
5901	68.56
5902	68.56
5903	68.56
5904	68.56
5905	68.56
5906	68.56
5907	68.56
5908	68.56
5909	68.56
5910	68.56
5911	68.56
5912	68.56
5913	68.56
5914	68.56
5915	68.56
5916	68.56
5917	68.56
5918	68.56
5919	68.56
5920	68.56
5921	68.56
5922	68.56
5923	68.56
5924	68.56
5925	68.56
5926	68.56
5927	68.56
5928	68.56
5929	68.56
5930	68.56
5931	68.56
5932	68.56
5933	68.56
5934	68.56
5935	68.56
5936	68.56
5937	68.56
5938	68.56
5939	68.56
5940	68.56
5941	68.56
5942	68.56
5943	68.56
5944	68.56
5945	68.56
5946	68.56
5947	68.56
5948	68.56
5949	68.56
5950	68.56
5951	68.56
5952	68.56
5953	68.56
5954	68.56
5955	68.56
5956	68.56
5957	68.56
5958	68.56
5959	68.56
5960	68.56
5961	68.56
5962	68.56
5963	68.56
5964	68.56
5965	68.56
5966	68.56
5967	68.56
5968	68.56
5969	68.56
5970	68.56
5971	68.56
5972	68.56
5973	68.56
5974	68.56
5975	68.56
5976	68.56
5977	68.56
5978	68.56
5979	68.56
5980	68.56
5981	68.56
5982	68.56
5983	68.56
5984	68.56
5985	68.56
5986	68.56
5987	68.56
5988	68.56
5989	68.56
5990	68.56
5991	68.56
5992	68.56
5993	68.56
5994	68.56
5995	68.56
5996	68.56
5997	68.56
5998	68.56
5999	68.56
6000	68.56
6001	68.56
6002	68.56
6003	68.56
6004	68.56
6005	68.56
6006	68.56
6007	68.56
6008	68.56
6009	68.56
6010	68.56
6011	68.56
6012	68.56
6013	68.56
6014	68.56
6015	68.56
6016	68.56
6017	68.56
6018	68.56
6019	68.56
6020	68.56
6021	68.56
6022	68.56
6023	68.56
6024	68.56
6025	68.56
6026	68.56
6027	68.56
6028	68.56
6029	68.56
6030	68.56
6031	68.56
6032	68.56
6033	68.56
6034	68.56
6035	68.56
6036	68.56
6037	68.56
6038	68.56
6039	68.56
6040	68.56
6041	68.56
6042	68.56
6043	68.56
6044	68.56
6045	68.56
6046	68.56
6047	68.56
6048	68.56
6049	68.56
6050	68.56
6051	68.56
6052	68.56
6053	68.56
6054	68.56
6055	68.56
6056	68.56
6057	68.56
6058	68.56
6059	68.56
6060	68.56
6061	68.56
6062	68.56
6063	68.56
6064	68.56
6065	68.56
6066	68.56
6067	68.56
6068	68.56
6069	68.56
6070	68.56
6071	68.56
6072	68.56
6073	68.56
6074	68.56
6075	68.56
6076	68.56
6077	68.56
6078	68.56
6079	68.56
6080	68.56
6081	68.56
6082	68.56
6083	68.56
6084	68.56
6085	68.56
6086	68.56
6087	68.56
6088	68.56
6089	68.56
6090	68.56
6091	68.56
6092	68.56
6093	68.56
6094	68.56
6095	68.56
6096	68.56
6097	68.56
6098	68.56
6099	68.56
6100	68.56
6101	68.56
6102	68.56
6103	68.56
6104	68.56
6105	68.56
6106	68.56
6107	68.56
6108	68.56
6109	68.56
6110	68.56
6111	68.56
6112	68.56
6113	68.56
6114	68.56
6115	68.56
6116	68.56
6117	68.56
6118	68.56
6119	68.56
6120	68.56
6121	68.56
6122	68.56
6123	68.56
6124	68.56
6125	68.56
6126	68.56
6127	68.56
6128	68.56
6129	68.56
6130	68.56
6131	68.56
6132	68.56
6133	68.56
6134	68.56
6135	68.56
6136	68.56
6137	68.56
6138	68.56
6139	68.56
6140	68.56
6141	68.56
6142	68.56
6143	68.56
6144	68.56
6145	68.56
6146	68.56
6147	68.56
6148	68.56
6149	68.56
6150	68.56
6151	68.56
6152	68.56
6153	68.56
6154	68.56
6155	68.56
6156	68.56
6157	68.56
6158	68.56
6159	68.56
6160	68.56
6161	68.56
6162	68.56
6163	68.56
6164	68.56
6165	68.56
6166	68.56
6167	68.56
6168	68.56
6169	68.56
6170	68.56
6171	68.56
6172	68.56
6173	68.56
6174	68.56
6175	68.56
6176	68.56
6177	68.56
6178	68.56
6179	68.56
6180	68.56
6181	68.56
6182	68.56
6183	68.56
6184	68.56
6185	68.56
6186	68.56
6187	68.56
6188	68.56
6189	68.56
6190	68.56
6191	68.56
6192	68.56
6193	68.56
6194	68.56
6195	68.56
6196	68.56
6197	68.56
6198	68.56
6199	68.56
6200	68.56
6201	68.56
6202	68.56
6203	68.56
6204	68.56
6205	68.56
6206	68.56
6207	68.56
6208	68.56
6209	68.56
6210	68.56
6211	68.56
6212	68.56
6213	68.56
6214	68.56
6215	68.56
6216	68.56
6217	68.56
6218	68.56
6219	68.56
6220	68.56
6221	68.56
6222	68.56
6223	68.56
6224	68.56
6225	68.56
6226	68.56
6227	68.56
6228	68.56
6229	68.56
6230	68.56
6231	68.56
6232	68.56
6233	68.56
6234	68.56
6235	68.56
6236	68.56
6237	68.56
6238	68.56
6239	68.56
6240	68.56
6241	68.56
6242	68.56
6243	68.56
6244	68.56
6245	68.56
6246	68.56
6247	68.56
6248	68.56
6249	68.56
6250	68.56
6251	68.56
6252	68.56
6253	68.56
6254	68.56
6255	68.56
6256	68.56
6257	68.56
6258	68.56
6259	68.56
6260	68.56
6261	68.56
6262	68.56
6263	68.56
6264	68.56
6265	68.56
6266	68.56
6267	68.56
6268	68.56
6269	68.56
6270	68.56
6271	68.56
6272	68.56
6273	68.56
6274	68.56
6275	68.56
6276	68.56
6277	68.56
6278	68.56
6279	68.56
6280	68.56
6281	68.56
6282	68.56
6283	68.56
6284	68.56
6285	68.56
6286	68.56
6287	68.56
6288	68.56
6289	68.56
6290	68.56
6291	68.56
6292	68.56
6293	68.56
6294	68.56
6295	68.56
6296	68.56
6297	68.56
6298	68.56
6299	68.56
6300	68.56
6301	68.56
6302	68.56
6303	68.56
6304	68.56
6305	68.56
6306	68.56
6307	68.56
6308	68.56
6309	68.56
6310	68.56
6311	68.56
6312	68.56
6313	68.56
6314	68.56
6315	68.56
6316	68.56
6317	68.56
6318	68.56
6319	68.56
6320	68.56
6321	68.56
6322	68.56
6323	68.56
6324	68.56
6325	68.56
6326	68.56
6327	68.56
6328	68.56
6329	68.56
6330	68.56
6331	68.56
6332	68.56
6333	68.56
6334	68.56
6335	68.56
6336	68.56
6337	68.56
6338	68.56
6339	68.56
6340	68.56
6341	68.56
6342	68.56
6343	68.56
6344	68.56
6345	68.56
6346	68.56
6347	68.56
6348	68.56
6349	68.56
6350	68.56
6351	68.56
6352	68.56
6353	68.56
6354	68.56
6355	68.56
6356	68.56
6357	68.56
6358	68.56
6359	68.56
6360	68.56
6361	68.56
6362	68.56
6363	68.56
6364	68.56
6365	68.56
6366	68.56
6367	68.56
6368	68.56
6369	68.56
6370	68.56
6371	68.56
6372	68.56
6373	68.56
6374	68.56
6375	68.56
6376	68.56
6377	68.56
6378	68.56
6379	68.56
6380	68.56
6381	68.56
6382	68.56
6383	68.56
6384	68.56
6385	68.56
6386	68.56
6387	68.56
6388	68.56
6389	68.56
6390	68.56
6391	68.56
6392	68.56
6393	68.56
6394	68.56
6395	68.56
6396	68.56
6397	68.56
6398	68.56
6399	68.56
6400	68.56
6401	68.56
6402	68.56
6403	68.56
6404	68.56
6405	68.56
6406	68.56
6407	68.56
6408	68.56
6409	68.56
6410	68.56
6411	68.56
6412	68.56
6413	68.56
6414	68.56
6415	68.56
6416	68.56
6417	68.56
6418	68.56
6419	68.56
6420	68.56
6421	68.56
6422	68.56
6423	68.56
6424	68.56
6425	68.56
6426	68.56
6427	68.56
6428	68.56
6429	68.56
6430	68.56
6431	68.56
6432	68.56
6433	68.56
6434	68.56
6435	68.56
6436	68.56
6437	68.56
6438	68.56
6439	68.56
6440	68.56
6441	68.56
6442	68.56
6443	68.56
6444	68.56
6445	68.56
6446	68.56
6447	68.56
6448	68.56
6449	68.56
6450	68.56
6451	68.56
6452	68.56
6453	68.56
6454	68.56
6455	68.56
6456	68.56
6457	68.56
6458	68.56
6459	68.56
6460	68.56
6461	68.56
6462	68.56
6463	68.56
6464	68.56
6465	68.56
6466	68.56
6467	68.56
6468	68.56
6469	68.56
6470	68.56
6471	68.56
6472	68.56
6473	68.56
6474	68.56
6475	68.56
6476	68.56
6477	68.56
6478	68.56
6479	68.56
6480	68.56
6481	68.56
6482	68.56
6483	68.56
6484	68.56
6485	68.56
6486	68.56
6487	68.56
6488	68.56
6489	68.56
6490	68.56
6491	68.56
6492	68.56
6493	68.56
6494	68.56
6495	68.56
6496	68.56
6497	68.56
6498	68.56
6499	68.56
6500	68.56
6501	68.56
6502	68.56
6503	68.56
6504	68.56
6505	68.56
6506	68.56
6507	68.56
6508	68.56
6509	68.56
6510	68.56
6511	68.56
6512	68.56
6513	68.56
6514	68.56
6515	68.56
6516	68.56
6517	68.56
6518	68.56
6519	68.56
6520	68.56
6521	68.56
6522	68.56
6523	68.56
6524	68.56
6525	68.56
6526	68.56
6527	68.56
6528	68.56
6529	68.56
6530	68.56
6531	68.56
6532	68.56
6533	68.56
6534	68.56
6535	68.56
6536	68.56
6537	68.56
6538	68.56
6539	68.56
6540	68.56
6541	68.56
6542	68.56
6543	68.56
6544	68.56
6545	68.56
6546	68.56
6547	68.56
6548	68.56
6549	68.56
6550	68.56
6551	68.56
6552	68.56
6553	68.56
6554	68.56
6555	68.56
6556	68.56
6557	68.56
6558	68.56
6559	68.56
6560	68.56
6561	68.56
6562	68.56
6563	68.56
6564	68.56
6565	68.56
6566	68.56
6567	68.56
6568	68.56
6569	68.56
6570	68.56
6571	68.56
6572	68.56
6573	68.56
6574	68.56
6575	68.56
6576	68.56
6577	68.56
6578	68.56
6579	68.56
6580	68.56
6581	68.56
6582	68.56
6583	68.56
6584	68.56
6585	68.56
6586	68.56
6587	68.56
6588	68.56
6589	68.56
6590	68.56
6591	68.56
6592	68.56
6593	68.56
6594	68.56
6595	68.56
6596	68.56
6597	68.56
6598	68.56
6599	68.56
6600	68.56
6601	68.56
6602	68.56
6603	68.56
6604	68.56
6605	68.56
6606	68.56
6607	68.56
6608	68.56
6609	68.56
6610	68.56
6611	68.56
6612	68.56
6613	68.56
6614	68.56
6615	68.56
6616	68.56
6617	68.56
6618	68.56
6619	68.56
6620	68.56
6621	68.56
6622	68.56
6623	68.56
6624	68.56
6625	68.56
6626	68.56
6627	68.56
6628	68.56
6629	68.56
6630	68.56
6631	68.56
6632	68.56
6633	68.56
6634	68.56
6635	68.56
6636	68.56
6637	68.56
6638	68.56
6639	68.56
6640	68.56
6641	68.56
6642	68.56
6643	68.56
6644	68.56
6645	68.56
6646	68.56
6647	68.56
6648	68.56
6649	68.56
6650	68.56
6651	68.56
6652	68.56
6653	68.56
6654	68.56
6655	68.56
6656	68.56
6657	68.56
6658	68.56
6659	68.56
6660	68.56
6661	68.56
6662	68.56
6663	68.56
6664	68.56
6665	68.56
6666	68.56
6667	68.56
6668	68.56
6669	68.56
6670	68.56
6671	68.56
6672	68.56
6673	68.56
6674	68.56
6675	68.56
6676	68.56
6677	68.56
6678	68.56
6679	68.56
6680	68.56
6681	68.56
6682	68.56
6683	68.56
6684	68.56
6685	68.56
6686	68.56
6687	68.56
6688	68.56
6689	68.56
6690	68.56
6691	68.56
6692	68.56
6693	68.56
6694	68.56
6695	68.56
6696	68.56
6697	68.56
6698	68.56
6699	68.56
6700	68.56
6701	68.56
6702	68.56
6703	68.56
6704	68.56
6705	68.56
6706	68.56
6707	68.56
6708	68.56
6709	68.56
6710	68.56
6711	68.56
6712	68.56
6713	68.56
6714	68.56
6715	68.56
6716	68.56
6717	68.56
6718	68.56
6719	68.56
6720	68.56
6721	68.56
6722	68.56
6723	68.56
6724	68.56
6725	68.56
6726	68.56
6727	68.56
6728	68.56
6729	68.56
6730	68.56
6731	68.56
6732	68.56
6733	68.56
6734	68.56
6735	68.56
6736	68.56
6737	68.56
6738	68.56
6739	68.56
6740	68.56
6741	68.56
6742	68.56
6743	68.56
6744	68.56
6745	68.56
6746	68.56
6747	68.56
6748	68.56
6749	68.56
6750	68.56
6751	68.56
6752	68.56
6753	68.56
6754	68.56
6755	68.56
6756	68.56
6757	68.56
6758	68.56
6759	68.56
6760	68.56
6761	68.56
6762	68.56
6763	68.56
6764	68.56
6765	68.56
6766	68.56
6767	68.56
6768	68.56
6769	68.56
6770	68.56
6771	68.56
6772	68.56
6773	68.56
6774	68.56
6775	68.56
6776	68.56
6777	68.56
6778	68.56
6779	68.56
6780	68.56
6781	68.56
6782	68.56
6783	68.56
6784	68.56
6785	68.56
6786	68.56
6787	68.56
6788	68.56
6789	68.56
6790	68.56
6791	68.56
6792	68.56
6793	68.56
6794	68.56
6795	68.56
6796	68.56
6797	68.56
6798	68.56
6799	68.56
6800	68.56
6801	68.56
6802	68.56
6803	68.56
6804	68.56
6805	68.56
6806	68.56
6807	68.56
6808	68.56
6809	68.56
6810	68.56
6811	68.56
6812	68.56
6813	68.56
6814	68.56
6815	68.56
6816	68.56
6817	68.56
6818	68.56
6819	68.56
6820	68.56
6821	68.56
6822	68.56
6823	68.56
6824	68.56
6825	68.56
6826	68.56
6827	68.56
6828	68.56
6829	68.56
6830	68.56
6831	68.56
6832	68.56
6833	68.56
6834	68.56
6835	68.56
6836	68.56
6837	68.56
6838	68.56
6839	68.56
6840	68.56
6841	68.56
6842	68.56
6843	68.56
6844	68.56
6845	68.56
6846	68.56
6847	68.56
6848	68.56
6849	68.56
6850	68.56
6851	68.56
6852	68.56
6853	68.56
6854	68.56
6855	68.56
6856	68.56
6857	68.56
6858	68.56
6859	68.56
6860	68.56
6861	68.56
6862	68.56
6863	68.56
6864	68.56
6865	68.56
6866	68.56
6867	68.56
6868	68.56
6869	68.56
6870	68.56
6871	68.56
6872	68.56
6873	68.56
6874	68.56
6875	68.56
6876	68.56
6877	68.56
6878	68.56
6879	68.56
6880	68.56
6881	68.56
6882	68.56
6883	68.56
6884	68.56
6885	68.56
6886	68.56
6887	68.56
6888	68.56
6889	68.56
6890	68.56
6891	68.56
6892	68.56
6893	68.56
6894	68.56
6895	68.56
6896	68.56
6897	68.56
6898	68.56
6899	68.56
6900	68.56
6901	68.56
6902	68.56
6903	68.56
6904	68.56
6905	68.56
6906	68.56
6907	68.56
6908	68.56
6909	68.56
6910	68.56
6911	68.56
6912	68.56
6913	68.56
6914	68.56
6915	68.56
6916	68.56
6917	68.56
6918	68.56
6919	68.56
6920	68.56
6921	68.56
6922	68.56
6923	68.56
6924	68.56
6925	68.56
6926	68.56
6927	68.56
6928	68.56
6929	68.56
6930	68.56
6931	68.56
6932	68.56
6933	68.56
6934	68.56
6935	68.56
6936	68.56
6937	68.56
6938	68.56
6939	68.56
6940	68.56
6941	68.56
6942	68.56
6943	68.56
6944	68.56
6945	68.56
6946	68.56
6947	68.56
6948	68.56
6949	68.56
6950	68.56
6951	68.56
6952	68.56
6953	68.56
6954	68.56
6955	68.56
6956	68.56
6957	68.56
6958	68.56
6959	68.56
6960	68.56
6961	68.56
6962	68.56
6963	68.56
6964	68.56
6965	68.56
6966	68.56
6967	68.56
6968	68.56
6969	68.56
6970	68.56
6971	68.56
6972	68.56
6973	68.56
6974	68.56
6975	68.56
6976	68.56
6977	68.56
6978	68.56
6979	68.56
6980	68.56
6981	68.56
6982	68.56
6983	68.56
6984	68.56
6985	68.56
6986	68.56
6987	68.56
6988	68.56
6989	68.56
6990	68.56
6991	68.56
6992	68.56
6993	68.56
