0	77.48
1	77.48
2	77.48
3	77.48
4	77.48
5	77.48
6	77.48
7	77.48
8	77.48
9	77.48
10	77.48
11	77.48
12	77.48
13	77.48
14	77.48
15	77.48
16	77.48
17	77.48
18	77.48
19	77.48
20	77.48
21	77.48
22	77.48
23	77.48
24	77.48
25	77.48
26	77.48
27	77.48
28	77.48
29	77.48
30	77.48
31	77.48
32	77.48
33	77.48
34	77.48
35	77.48
36	77.48
37	77.48
38	77.48
39	77.48
40	77.48
41	77.48
42	77.48
43	77.48
44	77.48
45	77.48
46	77.48
47	77.48
48	77.48
49	77.48
50	77.48
51	77.48
52	77.48
53	77.48
54	77.48
55	77.48
56	77.48
57	77.48
58	77.48
59	77.48
60	77.48
61	77.48
62	77.48
63	77.48
64	77.48
65	77.48
66	77.48
67	77.48
68	77.48
69	77.48
70	77.48
71	77.48
72	77.48
73	77.48
74	77.48
75	77.48
76	77.48
77	77.48
78	77.48
79	77.48
80	77.48
81	77.48
82	77.48
83	77.48
84	77.48
85	77.48
86	77.48
87	77.48
88	77.48
89	77.48
90	77.48
91	77.48
92	77.48
93	77.48
94	77.48
95	77.48
96	77.48
97	77.48
98	77.48
99	77.48
100	77.48
101	77.48
102	77.48
103	77.48
104	77.48
105	77.48
106	77.48
107	77.48
108	77.48
109	77.48
110	77.48
111	77.48
112	77.48
113	77.48
114	77.48
115	77.48
116	77.48
117	77.48
118	77.48
119	77.48
120	77.48
121	77.48
122	77.48
123	77.48
124	77.48
125	77.48
126	77.48
127	77.48
128	77.48
129	77.48
130	77.48
131	77.48
132	77.48
133	77.48
134	77.48
135	77.48
136	77.48
137	77.48
138	77.48
139	77.48
140	77.48
141	77.48
142	77.48
143	77.48
144	77.48
145	77.48
146	77.48
147	77.48
148	77.48
149	77.48
150	77.48
151	77.48
152	77.48
153	77.48
154	77.48
155	77.48
156	77.48
157	77.48
158	77.48
159	77.48
160	77.48
161	77.48
162	77.48
163	77.48
164	77.48
165	77.48
166	77.48
167	77.48
168	77.48
169	77.48
170	77.48
171	77.48
172	77.48
173	77.48
174	77.48
175	77.48
176	77.48
177	77.48
178	77.48
179	77.48
180	77.48
181	77.48
182	77.48
183	77.48
184	77.48
185	77.48
186	77.48
187	77.48
188	77.48
189	77.48
190	77.48
191	77.48
192	77.48
193	77.48
194	77.48
195	77.48
196	77.48
197	77.48
198	77.48
199	77.48
200	77.48
201	77.48
202	77.48
203	77.48
204	77.48
205	77.48
206	77.48
207	77.48
208	77.48
209	77.48
210	77.48
211	77.48
212	77.48
213	77.48
214	77.48
215	77.48
216	77.48
217	77.48
218	77.48
219	77.48
220	77.48
221	77.48
222	77.48
223	77.48
224	77.48
225	77.48
226	77.48
227	77.48
228	77.48
229	77.48
230	77.48
231	77.48
232	77.48
233	77.48
234	77.48
235	77.48
236	77.48
237	77.48
238	77.48
239	77.48
240	77.48
241	77.48
242	77.48
243	77.48
244	77.48
245	77.48
246	77.48
247	77.48
248	77.48
249	77.48
250	77.48
251	77.48
252	77.48
253	77.48
254	77.48
255	77.48
256	77.48
257	77.48
258	77.48
259	77.48
260	77.48
261	77.48
262	77.48
263	77.48
264	77.48
265	77.48
266	77.48
267	77.48
268	77.48
269	77.48
270	77.48
271	77.48
272	77.48
273	77.48
274	77.48
275	77.48
276	77.48
277	77.48
278	77.48
279	77.48
280	77.48
281	77.48
282	77.48
283	77.48
284	77.48
285	77.48
286	77.48
287	77.48
288	77.48
289	77.48
290	77.48
291	77.48
292	77.48
293	77.48
294	77.48
295	77.48
296	77.48
297	77.48
298	77.48
299	77.48
300	77.48
301	77.48
302	77.48
303	77.48
304	77.48
305	77.48
306	77.48
307	77.48
308	77.48
309	77.48
310	77.48
311	77.48
312	77.48
313	77.48
314	77.48
315	77.48
316	77.48
317	77.48
318	77.48
319	77.48
320	77.48
321	77.48
322	77.48
323	77.48
324	77.48
325	77.48
326	77.48
327	77.48
328	77.48
329	77.48
330	77.48
331	77.48
332	77.48
333	77.48
334	77.48
335	77.48
336	77.48
337	77.48
338	77.48
339	77.48
340	77.48
341	77.48
342	77.48
343	77.48
344	77.48
345	77.48
346	77.48
347	77.48
348	77.48
349	77.48
350	77.48
351	77.48
352	77.48
353	77.48
354	77.48
355	77.48
356	77.48
357	77.48
358	77.48
359	77.48
360	77.48
361	77.48
362	77.48
363	77.48
364	77.48
365	77.48
366	77.48
367	77.48
368	77.48
369	77.48
370	77.48
371	77.48
372	77.48
373	77.48
374	77.48
375	77.48
376	77.48
377	77.48
378	77.48
379	77.48
380	77.48
381	77.48
382	77.48
383	77.48
384	77.48
385	77.48
386	77.48
387	77.48
388	77.48
389	77.48
390	77.48
391	77.48
392	77.48
393	77.48
394	77.48
395	77.48
396	77.48
397	77.48
398	77.48
399	77.48
400	77.48
401	77.48
402	77.48
403	77.48
404	77.48
405	77.48
406	77.48
407	77.48
408	77.48
409	77.48
410	77.48
411	77.48
412	77.48
413	77.48
414	77.48
415	77.48
416	77.48
417	77.48
418	77.48
419	77.48
420	77.48
421	77.48
422	77.48
423	77.48
424	77.48
425	77.48
426	77.48
427	77.48
428	77.48
429	77.48
430	77.48
431	77.48
432	77.48
433	77.48
434	77.48
435	77.48
436	77.48
437	77.48
438	77.48
439	77.48
440	77.48
441	77.48
442	77.48
443	77.48
444	77.48
445	77.48
446	77.48
447	77.48
448	77.48
449	77.48
450	77.48
451	77.48
452	77.48
453	77.48
454	77.48
455	77.48
456	77.48
457	77.48
458	77.48
459	77.48
460	77.48
461	77.48
462	77.48
463	77.48
464	77.48
465	77.48
466	77.48
467	77.48
468	77.48
469	77.48
470	77.48
471	77.48
472	77.48
473	77.48
474	77.48
475	77.48
476	77.48
477	77.48
478	77.48
479	77.48
480	77.48
481	77.48
482	77.48
483	77.48
484	77.48
485	77.48
486	77.48
487	77.48
488	77.48
489	77.48
490	77.48
491	77.48
492	77.48
493	77.48
494	77.48
495	77.48
496	77.48
497	77.48
498	77.48
499	77.48
500	77.48
501	77.48
502	77.48
503	77.48
504	77.48
505	77.48
506	77.48
507	77.48
508	77.48
509	77.48
510	77.48
511	77.48
512	77.48
513	77.48
514	77.48
515	77.48
516	77.48
517	77.48
518	77.48
519	77.48
520	77.48
521	77.48
522	77.48
523	77.48
524	77.48
525	77.48
526	77.48
527	77.48
528	77.48
529	77.48
530	77.48
531	77.48
532	77.48
533	77.48
534	77.48
535	77.48
536	77.48
537	77.48
538	77.48
539	77.48
540	77.48
541	77.48
542	77.48
543	77.48
544	77.48
545	77.48
546	77.48
547	77.48
548	77.48
549	77.48
550	77.48
551	77.48
552	77.48
553	77.48
554	77.48
555	77.48
556	77.48
557	77.48
558	77.48
559	77.48
560	77.48
561	77.48
562	77.48
563	77.48
564	77.48
565	77.48
566	77.48
567	77.48
568	77.48
569	77.48
570	77.48
571	77.48
572	77.48
573	77.48
574	77.48
575	77.48
576	77.48
577	77.48
578	77.48
579	77.48
580	77.48
581	77.48
582	77.48
583	77.48
584	77.48
585	77.48
586	77.48
587	77.48
588	77.48
589	77.48
590	77.48
591	77.48
592	77.48
593	77.48
594	77.48
595	77.48
596	77.48
597	77.48
598	77.48
599	77.48
600	77.48
601	77.48
602	77.48
603	77.48
604	77.48
605	77.48
606	77.48
607	77.48
608	77.48
609	77.48
610	77.48
611	77.48
612	77.48
613	77.48
614	77.48
615	77.48
616	77.48
617	77.48
618	77.48
619	77.48
620	77.48
621	77.48
622	77.48
623	77.48
624	77.48
625	77.48
626	77.48
627	77.48
628	77.48
629	77.48
630	77.48
631	77.48
632	77.48
633	77.48
634	77.48
635	77.48
636	77.48
637	77.48
638	77.48
639	77.48
640	77.48
641	77.48
642	77.48
643	77.48
644	77.48
645	77.48
646	77.48
647	77.48
648	77.48
649	77.48
650	77.48
651	77.48
652	77.48
653	77.48
654	77.48
655	77.48
656	77.48
657	77.48
658	77.48
659	77.48
660	77.48
661	77.48
662	77.48
663	77.48
664	77.48
665	77.48
666	77.48
667	77.48
668	77.48
669	77.48
670	77.48
671	77.48
672	77.48
673	77.48
674	77.48
675	77.48
676	77.48
677	77.48
678	77.48
679	77.48
680	77.48
681	77.48
682	77.48
683	77.48
684	77.48
685	77.48
686	77.48
687	77.48
688	77.48
689	77.48
690	77.48
691	77.48
692	77.48
693	77.48
694	77.48
695	77.48
696	77.48
697	77.48
698	77.48
699	77.48
700	77.48
701	77.48
702	77.48
703	77.48
704	77.48
705	77.48
706	77.48
707	77.48
708	77.48
709	77.48
710	77.48
711	77.48
712	77.48
713	77.48
714	77.48
715	77.48
716	77.48
717	77.48
718	77.48
719	77.48
720	77.48
721	77.48
722	77.48
723	77.48
724	77.48
725	77.48
726	77.48
727	77.48
728	77.48
729	77.48
730	77.48
731	77.48
732	77.48
733	77.48
734	77.48
735	77.48
736	77.48
737	77.48
738	77.48
739	77.48
740	77.48
741	77.48
742	77.48
743	77.48
744	77.48
745	77.48
746	77.48
747	77.48
748	77.48
749	77.48
750	77.48
751	77.48
752	77.48
753	77.48
754	77.48
755	77.48
756	77.48
757	77.48
758	77.48
759	77.48
760	77.48
761	77.48
762	77.48
763	77.48
764	77.48
765	77.48
766	77.48
767	77.48
768	77.48
769	77.48
770	77.48
771	77.48
772	77.48
773	77.48
774	77.48
775	77.48
776	77.48
777	77.48
778	77.48
779	77.48
780	77.48
781	77.48
782	77.48
783	77.48
784	77.48
785	77.48
786	77.48
787	77.48
788	77.48
789	77.48
790	77.48
791	77.48
792	77.48
793	77.48
794	77.48
795	77.48
796	77.48
797	77.48
798	77.48
799	77.48
800	77.48
801	77.48
802	77.48
803	77.48
804	77.48
805	77.48
806	77.48
807	77.48
808	77.48
809	77.48
810	77.48
811	77.48
812	77.48
813	77.48
814	77.48
815	77.48
816	77.48
817	77.48
818	77.48
819	77.48
820	77.48
821	77.48
822	77.48
823	77.48
824	77.48
825	77.48
826	77.48
827	77.48
828	77.48
829	77.48
830	77.48
831	77.48
832	77.48
833	77.48
834	77.48
835	77.48
836	77.48
837	77.48
838	77.48
839	77.48
840	77.48
841	77.48
842	77.48
843	77.48
844	77.48
845	77.48
846	77.48
847	77.48
848	77.48
849	77.48
850	77.48
851	77.48
852	77.48
853	77.48
854	77.48
855	77.48
856	77.48
857	77.48
858	77.48
859	77.48
860	77.48
861	77.48
862	77.48
863	77.48
864	77.48
865	77.48
866	77.48
867	77.48
868	77.48
869	77.48
870	77.48
871	77.48
872	77.48
873	77.48
874	77.48
875	77.48
876	77.48
877	77.48
878	77.48
879	77.48
880	77.48
881	77.48
882	77.48
883	77.48
884	77.48
885	77.48
886	77.48
887	77.48
888	77.48
889	77.48
890	77.48
891	77.48
892	77.48
893	77.48
894	77.48
895	77.48
896	77.48
897	77.48
898	77.48
899	77.48
900	77.48
901	77.48
902	77.48
903	77.48
904	77.48
905	77.48
906	77.48
907	77.48
908	77.48
909	77.48
910	77.48
911	77.48
912	77.48
913	77.48
914	77.48
915	77.48
916	77.48
917	77.48
918	77.48
919	77.48
920	77.48
921	77.48
922	77.48
923	77.48
924	77.48
925	77.48
926	77.48
927	77.48
928	77.48
929	77.48
930	77.48
931	77.48
932	77.48
933	77.48
934	77.48
935	77.48
936	77.48
937	77.48
938	77.48
939	77.48
940	77.48
941	77.48
942	77.48
943	77.48
944	77.48
945	77.48
946	77.48
947	77.48
948	77.48
949	77.48
950	77.48
951	77.48
952	77.48
953	77.48
954	77.48
955	77.48
956	77.48
957	77.48
958	77.48
959	77.48
960	77.48
961	77.48
962	77.48
963	77.48
964	77.48
965	77.48
966	77.48
967	77.48
968	77.48
969	77.48
970	77.48
971	77.48
972	77.48
973	77.48
974	77.48
975	77.48
976	77.48
977	77.48
978	77.48
979	77.48
980	77.48
981	77.48
982	77.48
983	77.48
984	77.48
985	77.48
986	77.48
987	77.48
988	77.48
989	77.48
990	77.48
991	77.48
992	77.48
993	77.48
994	77.48
995	77.48
996	77.48
997	77.48
998	77.48
999	77.48
1000	77.48
1001	77.48
1002	77.48
1003	77.48
1004	77.48
1005	77.48
1006	77.48
1007	77.48
1008	77.48
1009	77.48
1010	77.48
1011	77.48
1012	77.48
1013	77.48
1014	77.48
1015	77.48
1016	77.48
1017	77.48
1018	77.48
1019	77.48
1020	77.48
1021	77.48
1022	77.48
1023	77.48
1024	77.48
1025	77.48
1026	77.48
1027	77.48
1028	77.48
1029	77.48
1030	77.48
1031	77.48
1032	77.48
1033	77.48
1034	77.48
1035	77.48
1036	77.48
1037	77.48
1038	77.48
1039	77.48
1040	77.48
1041	77.48
1042	77.48
1043	77.48
1044	77.48
1045	77.48
1046	77.48
1047	77.48
1048	77.48
1049	77.48
1050	77.48
1051	77.48
1052	77.48
1053	77.48
1054	77.48
1055	77.48
1056	77.48
1057	77.48
1058	77.48
1059	77.48
1060	77.48
1061	77.48
1062	77.48
1063	77.48
1064	77.48
1065	77.48
1066	77.48
1067	77.48
1068	77.48
1069	77.48
1070	77.48
1071	77.48
1072	77.48
1073	77.48
1074	77.48
1075	77.48
1076	77.48
1077	77.48
1078	77.48
1079	77.48
1080	77.48
1081	77.48
1082	77.48
1083	77.48
1084	77.48
1085	77.48
1086	77.48
1087	77.48
1088	77.48
1089	77.48
1090	77.48
1091	77.48
1092	77.48
1093	77.48
1094	77.48
1095	77.48
1096	77.48
1097	77.48
1098	77.48
1099	77.48
1100	77.48
1101	77.48
1102	77.48
1103	77.48
1104	77.48
1105	77.48
1106	77.48
1107	77.48
1108	77.48
1109	77.48
1110	77.48
1111	77.48
1112	77.48
1113	77.48
1114	77.48
1115	77.48
1116	77.48
1117	77.48
1118	77.48
1119	77.48
1120	77.48
1121	77.48
1122	77.48
1123	77.48
1124	77.48
1125	77.48
1126	77.48
1127	77.48
1128	77.48
1129	77.48
1130	77.48
1131	77.48
1132	77.48
1133	77.48
1134	77.48
1135	77.48
1136	77.48
1137	77.48
1138	77.48
1139	77.48
1140	77.48
1141	77.48
1142	77.48
1143	77.48
1144	77.48
1145	77.48
1146	77.48
1147	77.48
1148	77.48
1149	77.48
1150	77.48
1151	77.48
1152	77.48
1153	77.48
1154	77.48
1155	77.48
1156	77.48
1157	77.48
1158	77.48
1159	77.48
1160	77.48
1161	77.48
1162	77.48
1163	77.48
1164	77.48
1165	77.48
1166	77.48
1167	77.48
1168	77.48
1169	77.48
1170	77.48
1171	77.48
1172	77.48
1173	77.48
1174	77.48
1175	77.48
1176	77.48
1177	77.48
1178	77.48
1179	77.48
1180	77.48
1181	77.48
1182	77.48
1183	77.48
1184	77.48
1185	77.48
1186	77.48
1187	77.48
1188	77.48
1189	77.48
1190	77.48
1191	77.48
1192	77.48
1193	77.48
1194	77.48
1195	77.48
1196	77.48
1197	77.48
1198	77.48
1199	77.48
1200	77.48
1201	77.48
1202	77.48
1203	77.48
1204	77.48
1205	77.48
1206	77.48
1207	77.48
1208	77.48
1209	77.48
1210	77.48
1211	77.48
1212	77.48
1213	77.48
1214	77.48
1215	77.48
1216	77.48
1217	77.48
1218	77.48
1219	77.48
1220	77.48
1221	77.48
1222	77.48
1223	77.48
1224	77.48
1225	77.48
1226	77.48
1227	77.48
1228	77.48
1229	77.48
1230	77.48
1231	77.48
1232	77.48
1233	77.48
1234	77.48
1235	77.48
1236	77.48
1237	77.48
1238	77.48
1239	77.48
1240	77.48
1241	77.48
1242	77.48
1243	77.48
1244	77.48
1245	77.48
1246	77.48
1247	77.48
1248	77.48
1249	77.48
1250	77.48
1251	77.48
1252	77.48
1253	77.48
1254	77.48
1255	77.48
1256	77.48
1257	77.48
1258	77.48
1259	77.48
1260	77.48
1261	77.48
1262	77.48
1263	77.48
1264	77.48
1265	77.48
1266	77.48
1267	77.48
1268	77.48
1269	77.48
1270	77.48
1271	77.48
1272	77.48
1273	77.48
1274	77.48
1275	77.48
1276	77.48
1277	77.48
1278	77.48
1279	77.48
1280	77.48
1281	77.48
1282	77.48
1283	77.48
1284	77.48
1285	77.48
1286	77.48
1287	77.48
1288	77.48
1289	77.48
1290	77.48
1291	77.48
1292	77.48
1293	77.48
1294	77.48
1295	77.48
1296	77.48
1297	77.48
1298	77.48
1299	77.48
1300	77.48
1301	77.48
1302	77.48
1303	77.48
1304	77.48
1305	77.48
1306	77.48
1307	77.48
1308	77.48
1309	77.48
1310	77.48
1311	77.48
1312	77.48
1313	77.48
1314	77.48
1315	77.48
1316	77.48
1317	77.48
1318	77.48
1319	77.48
1320	77.48
1321	77.48
1322	77.48
1323	77.48
1324	77.48
1325	77.48
1326	77.48
1327	77.48
1328	77.48
1329	77.48
1330	77.48
1331	77.48
1332	77.48
1333	77.48
1334	77.48
1335	77.48
1336	77.48
1337	77.48
1338	77.48
1339	77.48
1340	77.48
1341	77.48
1342	77.48
1343	77.48
1344	77.48
1345	77.48
1346	77.48
1347	77.48
1348	77.48
1349	77.48
1350	77.48
1351	77.48
1352	77.48
1353	77.48
1354	77.48
1355	77.48
1356	77.48
1357	77.48
1358	77.48
1359	77.48
1360	77.48
1361	77.48
1362	77.48
1363	77.48
1364	77.48
1365	77.48
1366	77.48
1367	77.48
1368	77.48
1369	77.48
1370	77.48
1371	77.48
1372	77.48
1373	77.48
1374	77.48
1375	77.48
1376	77.48
1377	77.48
1378	77.48
1379	77.48
1380	77.48
1381	77.48
1382	77.48
1383	77.48
1384	77.48
1385	77.48
1386	77.48
1387	77.48
1388	77.48
1389	77.48
1390	77.48
1391	77.48
1392	77.48
1393	77.48
1394	77.48
1395	77.48
1396	77.48
1397	77.48
1398	77.48
1399	77.48
1400	77.48
1401	77.48
1402	77.48
1403	77.48
1404	77.48
1405	77.48
1406	77.48
1407	77.48
1408	77.48
1409	77.48
1410	77.48
1411	77.48
1412	77.48
1413	77.48
1414	77.48
1415	77.48
1416	77.48
1417	77.48
1418	77.48
1419	77.48
1420	77.48
1421	77.48
1422	77.48
1423	77.48
1424	77.48
1425	77.48
1426	77.48
1427	77.48
1428	77.48
1429	77.48
1430	77.48
1431	77.48
1432	77.48
1433	77.48
1434	77.48
1435	77.48
1436	77.48
1437	77.48
1438	77.48
1439	77.48
1440	77.48
1441	77.48
1442	77.48
1443	77.48
1444	77.48
1445	77.48
1446	77.48
1447	77.48
1448	77.48
1449	77.48
1450	77.48
1451	77.48
1452	77.48
1453	77.48
1454	77.48
1455	77.48
1456	77.48
1457	77.48
1458	77.48
1459	77.48
1460	77.48
1461	77.48
1462	77.48
1463	77.48
1464	77.48
1465	77.48
1466	77.48
1467	77.48
1468	77.48
1469	77.48
1470	77.48
1471	77.48
1472	77.48
1473	77.48
1474	77.48
1475	77.48
1476	77.48
1477	77.48
1478	77.48
1479	77.48
1480	77.48
1481	77.48
1482	77.48
1483	77.48
1484	77.48
1485	77.48
1486	77.48
1487	77.48
1488	77.48
1489	77.48
1490	77.48
1491	77.48
1492	77.48
1493	77.48
1494	77.48
1495	77.48
1496	77.48
1497	77.48
1498	77.48
1499	77.48
1500	77.48
1501	77.48
1502	77.48
1503	77.48
1504	77.48
1505	77.48
1506	77.48
1507	77.48
1508	77.48
1509	77.48
1510	77.48
1511	77.48
1512	77.48
1513	77.48
1514	77.48
1515	77.48
1516	77.48
1517	77.48
1518	77.48
1519	77.48
1520	77.48
1521	77.48
1522	77.48
1523	77.48
1524	77.48
1525	77.48
1526	77.48
1527	77.48
1528	77.48
1529	77.48
1530	77.48
1531	77.48
1532	77.48
1533	77.48
1534	77.48
1535	77.48
1536	77.48
1537	77.48
1538	77.48
1539	77.48
1540	77.48
1541	77.48
1542	77.48
1543	77.48
1544	77.48
1545	77.48
1546	77.48
1547	77.48
1548	77.48
1549	77.48
1550	77.48
1551	77.48
1552	77.48
1553	77.48
1554	77.48
1555	77.48
1556	77.48
1557	77.48
1558	77.48
1559	77.48
1560	77.48
1561	77.48
1562	77.48
1563	77.48
1564	77.48
1565	77.48
1566	77.48
1567	77.48
1568	77.48
1569	77.48
1570	77.48
1571	77.48
1572	77.48
1573	77.48
1574	77.48
1575	77.48
1576	77.48
1577	77.48
1578	77.48
1579	77.48
1580	77.48
1581	77.48
1582	77.48
1583	77.48
1584	77.48
1585	77.48
1586	77.48
1587	77.48
1588	77.48
1589	77.48
1590	77.48
1591	77.48
1592	77.48
1593	77.48
1594	77.48
1595	77.48
1596	77.48
1597	77.48
1598	77.48
1599	77.48
1600	77.48
1601	77.48
1602	77.48
1603	77.48
1604	77.48
1605	77.48
1606	77.48
1607	77.48
1608	77.48
1609	77.48
1610	77.48
1611	77.48
1612	77.48
1613	77.48
1614	77.48
1615	77.48
1616	77.48
1617	77.48
1618	77.48
1619	77.48
1620	77.48
1621	77.48
1622	77.48
1623	77.48
1624	77.48
1625	77.48
1626	77.48
1627	77.48
1628	77.48
1629	77.48
1630	77.48
1631	77.48
1632	77.48
1633	77.48
1634	77.48
1635	77.48
1636	77.48
1637	77.48
1638	77.48
1639	77.48
1640	77.48
1641	77.48
1642	77.48
1643	77.48
1644	77.48
1645	77.48
1646	77.48
1647	77.48
1648	77.48
1649	77.48
1650	77.48
1651	77.48
1652	77.48
1653	77.48
1654	77.48
1655	77.48
1656	77.48
1657	77.48
1658	77.48
1659	77.48
1660	77.48
1661	77.48
1662	77.48
1663	77.48
1664	77.48
1665	77.48
1666	77.48
1667	77.48
1668	77.48
1669	77.48
1670	77.48
1671	77.48
1672	77.48
1673	77.48
1674	77.48
1675	77.48
1676	77.48
1677	77.48
1678	77.48
1679	77.48
1680	77.48
1681	77.48
1682	77.48
1683	77.48
1684	77.48
1685	77.48
1686	77.48
1687	77.48
1688	77.48
1689	77.48
1690	77.48
1691	77.48
1692	77.48
1693	77.48
1694	77.48
1695	77.48
1696	77.48
1697	77.48
1698	77.48
1699	77.48
1700	77.48
1701	77.48
1702	77.48
1703	77.48
1704	77.48
1705	77.48
1706	77.48
1707	77.48
1708	77.48
1709	77.48
1710	77.48
1711	77.48
1712	77.48
1713	77.48
1714	77.48
1715	77.48
1716	77.48
1717	77.48
1718	77.48
1719	77.48
1720	77.48
1721	77.48
1722	77.48
1723	77.48
1724	77.48
1725	77.48
1726	77.48
1727	77.48
1728	77.48
1729	77.48
1730	77.48
1731	77.48
1732	77.48
1733	77.48
1734	77.48
1735	77.48
1736	77.48
1737	77.48
1738	77.48
1739	77.48
1740	77.48
1741	77.48
1742	77.48
1743	77.48
1744	77.48
1745	77.48
1746	77.48
1747	77.48
1748	77.48
1749	77.48
1750	77.48
1751	77.48
1752	77.48
1753	77.48
1754	77.48
1755	77.48
1756	77.48
1757	77.48
1758	77.48
1759	77.48
1760	77.48
1761	77.48
1762	77.48
1763	77.48
1764	77.48
1765	77.48
1766	77.48
1767	77.48
1768	77.48
1769	77.48
1770	77.48
1771	77.48
1772	77.48
1773	77.48
1774	77.48
1775	77.48
1776	77.48
1777	77.48
1778	77.48
1779	77.48
1780	77.48
1781	77.48
1782	77.48
1783	77.48
1784	77.48
1785	77.48
1786	77.48
1787	77.48
1788	77.48
1789	77.48
1790	77.48
1791	77.48
1792	77.48
1793	77.48
1794	77.48
1795	77.48
1796	77.48
1797	77.48
1798	77.48
1799	77.48
1800	77.48
1801	77.48
1802	77.48
1803	77.48
1804	77.48
1805	77.48
1806	77.48
1807	77.48
1808	77.48
1809	77.48
1810	77.48
1811	77.48
1812	77.48
1813	77.48
1814	77.48
1815	77.48
1816	77.48
1817	77.48
1818	77.48
1819	77.48
1820	77.48
1821	77.48
1822	77.48
1823	77.48
1824	77.48
1825	77.48
1826	77.48
1827	77.48
1828	77.48
1829	77.48
1830	77.48
1831	77.48
1832	77.48
1833	77.48
1834	77.48
1835	77.48
1836	77.48
1837	77.48
1838	77.48
1839	77.48
1840	77.48
1841	77.48
1842	77.48
1843	77.48
1844	77.48
1845	77.48
1846	77.48
1847	77.48
1848	77.48
1849	77.48
1850	77.48
1851	77.48
1852	77.48
1853	77.48
1854	77.48
1855	77.48
1856	77.48
1857	77.48
1858	77.48
1859	77.48
1860	77.48
1861	77.48
1862	77.48
1863	77.48
1864	77.48
1865	77.48
1866	77.48
1867	77.48
1868	77.48
1869	77.48
1870	77.48
1871	77.48
1872	77.48
1873	77.48
1874	77.48
1875	77.48
1876	77.48
1877	77.48
1878	77.48
1879	77.48
1880	77.48
1881	77.48
1882	77.48
1883	77.48
1884	77.48
1885	77.48
1886	77.48
1887	77.48
1888	77.48
1889	77.48
1890	77.48
1891	77.48
1892	77.48
1893	77.48
1894	77.48
1895	77.48
1896	77.48
1897	77.48
1898	77.48
1899	77.48
1900	77.48
1901	77.48
1902	77.48
1903	77.48
1904	77.48
1905	77.48
1906	77.48
1907	77.48
1908	77.48
1909	77.48
1910	77.48
1911	77.48
1912	77.48
1913	77.48
1914	77.48
1915	77.48
1916	77.48
1917	77.48
1918	77.48
1919	77.48
1920	77.48
1921	77.48
1922	77.48
1923	77.48
1924	77.48
1925	77.48
1926	77.48
1927	77.48
1928	77.48
1929	77.48
1930	77.48
1931	77.48
1932	77.48
1933	77.48
1934	77.48
1935	77.48
1936	77.48
1937	77.48
1938	77.48
1939	77.48
1940	77.48
1941	77.48
1942	77.48
1943	77.48
1944	77.48
1945	77.48
1946	77.48
1947	77.48
1948	77.48
1949	77.48
1950	77.48
1951	77.48
1952	77.48
1953	77.48
1954	77.48
1955	77.48
1956	77.48
1957	77.48
1958	77.48
1959	77.48
1960	77.48
1961	77.48
1962	77.48
1963	77.48
1964	77.48
1965	77.48
1966	77.48
1967	77.48
1968	77.48
1969	77.48
1970	77.48
1971	77.48
1972	77.48
1973	77.48
1974	77.48
1975	77.48
1976	77.48
1977	77.48
1978	77.48
1979	77.48
1980	77.48
1981	77.48
1982	77.48
1983	77.48
1984	77.48
1985	77.48
1986	77.48
1987	77.48
1988	77.48
1989	77.48
1990	77.48
1991	77.48
1992	77.48
1993	77.48
1994	77.48
1995	77.48
1996	77.48
1997	77.48
1998	77.48
1999	77.48
2000	77.48
2001	77.48
2002	77.48
2003	77.48
2004	77.48
2005	77.48
2006	77.48
2007	77.48
2008	77.48
2009	77.48
2010	77.48
2011	77.48
2012	77.48
2013	77.48
2014	77.48
2015	77.48
2016	77.48
2017	77.48
2018	77.48
2019	77.48
2020	77.48
2021	77.48
2022	77.48
2023	77.48
2024	77.48
2025	77.48
2026	77.48
2027	77.48
2028	77.48
2029	77.48
2030	77.48
2031	77.48
2032	77.48
2033	77.48
2034	77.48
2035	77.48
2036	77.48
2037	77.48
2038	77.48
2039	77.48
2040	77.48
2041	77.48
2042	77.48
2043	77.48
2044	77.48
2045	77.48
2046	77.48
2047	77.48
2048	77.48
2049	77.48
2050	77.48
2051	77.48
2052	77.48
2053	77.48
2054	77.48
2055	77.48
2056	77.48
2057	77.48
2058	77.48
2059	77.48
2060	77.48
2061	77.48
2062	77.48
2063	77.48
2064	77.48
2065	77.48
2066	77.48
2067	77.48
2068	77.48
2069	77.48
2070	77.48
2071	77.48
2072	77.48
2073	77.48
2074	77.48
2075	77.48
2076	77.48
2077	77.48
2078	77.48
2079	77.48
2080	77.48
2081	77.48
2082	77.48
2083	77.48
2084	77.48
2085	77.48
2086	77.48
2087	77.48
2088	77.48
2089	77.48
2090	77.48
2091	77.48
2092	77.48
2093	77.48
2094	77.48
2095	77.48
2096	77.48
2097	77.48
2098	77.48
2099	77.48
2100	77.48
2101	77.48
2102	77.48
2103	77.48
2104	77.48
2105	77.48
2106	77.48
2107	77.48
2108	77.48
2109	77.48
2110	77.48
2111	77.48
2112	77.48
2113	77.48
2114	77.48
2115	77.48
2116	77.48
2117	77.48
2118	77.48
2119	77.48
2120	77.48
2121	77.48
2122	77.48
2123	77.48
2124	77.48
2125	77.48
2126	77.48
2127	77.48
2128	77.48
2129	77.48
2130	77.48
2131	77.48
2132	77.48
2133	77.48
2134	77.48
2135	77.48
2136	77.48
2137	77.48
2138	77.48
2139	77.48
2140	77.48
2141	77.48
2142	77.48
2143	77.48
2144	77.48
2145	77.48
2146	77.48
2147	77.48
2148	77.48
2149	77.48
2150	77.48
2151	77.48
2152	77.48
2153	77.48
2154	77.48
2155	77.48
2156	77.48
2157	77.48
2158	77.48
2159	77.48
2160	77.48
2161	77.48
2162	77.48
2163	77.48
2164	77.48
2165	77.48
2166	77.48
2167	77.48
2168	77.48
2169	77.48
2170	77.48
2171	77.48
2172	77.48
2173	77.48
2174	77.48
2175	77.48
2176	77.48
2177	77.48
2178	77.48
2179	77.48
2180	77.48
2181	77.48
2182	77.48
2183	77.48
2184	77.48
2185	77.48
2186	77.48
2187	77.48
2188	77.48
2189	77.48
2190	77.48
2191	77.48
2192	77.48
2193	77.48
2194	77.48
2195	77.48
2196	77.48
2197	77.48
2198	77.48
2199	77.48
2200	77.48
2201	77.48
2202	77.48
2203	77.48
2204	77.48
2205	77.48
2206	77.48
2207	77.48
2208	77.48
2209	77.48
2210	77.48
2211	77.48
2212	77.48
2213	77.48
2214	77.48
2215	77.48
2216	77.48
2217	77.48
2218	77.48
2219	77.48
2220	77.48
2221	77.48
2222	77.48
2223	77.48
2224	77.48
2225	77.48
2226	77.48
2227	77.48
2228	77.48
2229	77.48
2230	77.48
2231	77.48
2232	77.48
2233	77.48
2234	77.48
2235	77.48
2236	77.48
2237	77.48
2238	77.48
2239	77.48
2240	77.48
2241	77.48
2242	77.48
2243	77.48
2244	77.48
2245	77.48
2246	77.48
2247	77.48
2248	77.48
2249	77.48
2250	77.48
2251	77.48
2252	77.48
2253	77.48
2254	77.48
2255	77.48
2256	77.48
2257	77.48
2258	77.48
2259	77.48
2260	77.48
2261	77.48
2262	77.48
2263	77.48
2264	77.48
2265	77.48
2266	77.48
2267	77.48
2268	77.48
2269	77.48
2270	77.48
2271	77.48
2272	77.48
2273	77.48
2274	77.48
2275	77.48
2276	77.48
2277	77.48
2278	77.48
2279	77.48
2280	77.48
2281	77.48
2282	77.48
2283	77.48
2284	77.48
2285	77.48
2286	77.48
2287	77.48
2288	77.48
2289	77.48
2290	77.48
2291	77.48
2292	77.48
2293	77.48
2294	77.48
2295	77.48
2296	77.48
2297	77.48
2298	77.48
2299	77.48
2300	77.48
2301	77.48
2302	77.48
2303	77.48
2304	77.48
2305	77.48
2306	77.48
2307	77.48
2308	77.48
2309	77.48
2310	77.48
2311	77.48
2312	77.48
2313	77.48
2314	77.48
2315	77.48
2316	77.48
2317	77.48
2318	77.48
2319	77.48
2320	77.48
2321	77.48
2322	77.48
2323	77.48
2324	77.48
2325	77.48
2326	77.48
2327	77.48
2328	77.48
2329	77.48
2330	77.48
2331	77.48
2332	77.48
2333	77.48
2334	77.48
2335	77.48
2336	77.48
2337	77.48
2338	77.48
2339	77.48
2340	77.48
2341	77.48
2342	77.48
2343	77.48
2344	77.48
2345	77.48
2346	77.48
2347	77.48
2348	77.48
2349	77.48
2350	77.48
2351	77.48
2352	77.48
2353	77.48
2354	77.48
2355	77.48
2356	77.48
2357	77.48
2358	77.48
2359	77.48
2360	77.48
2361	77.48
2362	77.48
2363	77.48
2364	77.48
2365	77.48
2366	77.48
2367	77.48
2368	77.48
2369	77.48
2370	77.48
2371	77.48
2372	77.48
2373	77.48
2374	77.48
2375	77.48
2376	77.48
2377	77.48
2378	77.48
2379	77.48
2380	77.48
2381	77.48
2382	77.48
2383	77.48
2384	77.48
2385	77.48
2386	77.48
2387	77.48
2388	77.48
2389	77.48
2390	77.48
2391	77.48
2392	77.48
2393	77.48
2394	77.48
2395	77.48
2396	77.48
2397	77.48
2398	77.48
2399	77.48
2400	77.48
2401	77.48
2402	77.48
2403	77.48
2404	77.48
2405	77.48
2406	77.48
2407	77.48
2408	77.48
2409	77.48
2410	77.48
2411	77.48
2412	77.48
2413	77.48
2414	77.48
2415	77.48
2416	77.48
2417	77.48
2418	77.48
2419	77.48
2420	77.48
2421	77.48
2422	77.48
2423	77.48
2424	77.48
2425	77.48
2426	77.48
2427	77.48
2428	77.48
2429	77.48
2430	77.48
2431	77.48
2432	77.48
2433	77.48
2434	77.48
2435	77.48
2436	77.48
2437	77.48
2438	77.48
2439	77.48
2440	77.48
2441	77.48
2442	77.48
2443	77.48
2444	77.48
2445	77.48
2446	77.48
2447	77.48
2448	77.48
2449	77.48
2450	77.48
2451	77.48
2452	77.48
2453	77.48
2454	77.48
2455	77.48
2456	77.48
2457	77.48
2458	77.48
2459	77.48
2460	77.48
2461	77.48
2462	77.48
2463	77.48
2464	77.48
2465	77.48
2466	77.48
2467	77.48
2468	77.48
2469	77.48
2470	77.48
2471	77.48
2472	77.48
2473	77.48
2474	77.48
2475	77.48
2476	77.48
2477	77.48
2478	77.48
2479	77.48
2480	77.48
2481	77.48
2482	77.48
2483	77.48
2484	77.48
2485	77.48
2486	77.48
2487	77.48
2488	77.48
2489	77.48
2490	77.48
2491	77.48
2492	77.48
2493	77.48
2494	77.48
2495	77.48
2496	77.48
2497	77.48
2498	77.48
2499	77.48
2500	77.48
2501	77.48
2502	77.48
2503	77.48
2504	77.48
2505	77.48
2506	77.48
2507	77.48
2508	77.48
2509	77.48
2510	77.48
2511	77.48
2512	77.48
2513	77.48
2514	77.48
2515	77.48
2516	77.48
2517	77.48
2518	77.48
2519	77.48
2520	77.48
2521	77.48
2522	77.48
2523	77.48
2524	77.48
2525	77.48
2526	77.48
2527	77.48
2528	77.48
2529	77.48
2530	77.48
2531	77.48
2532	77.48
2533	77.48
2534	77.48
2535	77.48
2536	77.48
2537	77.48
2538	77.48
2539	77.48
2540	77.48
2541	77.48
2542	77.48
2543	77.48
2544	77.48
2545	77.48
2546	77.48
2547	77.48
2548	77.48
2549	77.48
2550	77.48
2551	77.48
2552	77.48
2553	77.48
2554	77.48
2555	77.48
2556	77.48
2557	77.48
2558	77.48
2559	77.48
2560	77.48
2561	77.48
2562	77.48
2563	77.48
2564	77.48
2565	77.48
2566	77.48
2567	77.48
2568	77.48
2569	77.48
2570	77.48
2571	77.48
2572	77.48
2573	77.48
2574	77.48
2575	77.48
2576	77.48
2577	77.48
2578	77.48
2579	77.48
2580	77.48
2581	77.48
2582	77.48
2583	77.48
2584	77.48
2585	77.48
2586	77.48
2587	77.48
2588	77.48
2589	77.48
2590	77.48
2591	77.48
2592	77.48
2593	77.48
2594	77.48
2595	77.48
2596	77.48
2597	77.48
2598	77.48
2599	77.48
2600	77.48
2601	77.48
2602	77.48
2603	77.48
2604	77.48
2605	77.48
2606	77.48
2607	77.48
2608	77.48
2609	77.48
2610	77.48
2611	77.48
2612	77.48
2613	77.48
2614	77.48
2615	77.48
2616	77.48
2617	77.48
2618	77.48
2619	77.48
2620	77.48
2621	77.48
2622	77.48
2623	77.48
2624	77.48
2625	77.48
2626	77.48
2627	77.48
2628	77.48
2629	77.48
2630	77.48
2631	77.48
2632	77.48
2633	77.48
2634	77.48
2635	77.48
2636	77.48
2637	77.48
2638	77.48
2639	77.48
2640	77.48
2641	77.48
2642	77.48
2643	77.48
2644	77.48
2645	77.48
2646	77.48
2647	77.48
2648	77.48
2649	77.48
2650	77.48
2651	77.48
2652	77.48
2653	77.48
2654	77.48
2655	77.48
2656	77.48
2657	77.48
2658	77.48
2659	77.48
2660	77.48
2661	77.48
2662	77.48
2663	77.48
2664	77.48
2665	77.48
2666	77.48
2667	77.48
2668	77.48
2669	77.48
2670	77.48
2671	77.48
2672	77.48
2673	77.48
2674	77.48
2675	77.48
2676	77.48
2677	77.48
2678	77.48
2679	77.48
2680	77.48
2681	77.48
2682	77.48
2683	77.48
2684	77.48
2685	77.48
2686	77.48
2687	77.48
2688	77.48
2689	77.48
2690	77.48
2691	77.48
2692	77.48
2693	77.48
2694	77.48
2695	77.48
2696	77.48
2697	77.48
2698	77.48
2699	77.48
2700	77.48
2701	77.48
2702	77.48
2703	77.48
2704	77.48
2705	77.48
2706	77.48
2707	77.48
2708	77.48
2709	77.48
2710	77.48
2711	77.48
2712	77.48
2713	77.48
2714	77.48
2715	77.48
2716	77.48
2717	77.48
2718	77.48
2719	77.48
2720	77.48
2721	77.48
2722	77.48
2723	77.48
2724	77.48
2725	77.48
2726	77.48
2727	77.48
2728	77.48
2729	77.48
2730	77.48
2731	77.48
2732	77.48
2733	77.48
2734	77.48
2735	77.48
2736	77.48
2737	77.48
2738	77.48
2739	77.48
2740	77.48
2741	77.48
2742	77.48
2743	77.48
2744	77.48
2745	77.48
2746	77.48
2747	77.48
2748	77.48
2749	77.48
2750	77.48
2751	77.48
2752	77.48
2753	77.48
2754	77.48
2755	77.48
2756	77.48
2757	77.48
2758	77.48
2759	77.48
2760	77.48
2761	77.48
2762	77.48
2763	77.48
2764	77.48
2765	77.48
2766	77.48
2767	77.48
2768	77.48
2769	77.48
2770	77.48
2771	77.48
2772	77.48
2773	77.48
2774	77.48
2775	77.48
2776	77.48
2777	77.48
2778	77.48
2779	77.48
2780	77.48
2781	77.48
2782	77.48
2783	77.48
2784	77.48
2785	77.48
2786	77.48
2787	77.48
2788	77.48
2789	77.48
2790	77.48
2791	77.48
2792	77.48
2793	77.48
2794	77.48
2795	77.48
2796	77.48
2797	77.48
2798	77.48
2799	77.48
2800	77.48
2801	77.48
2802	77.48
2803	77.48
2804	77.48
2805	77.48
2806	77.48
2807	77.48
2808	77.48
2809	77.48
2810	77.48
2811	77.48
2812	77.48
2813	77.48
2814	77.48
2815	77.48
2816	77.48
2817	77.48
2818	77.48
2819	77.48
2820	77.48
2821	77.48
2822	77.48
2823	77.48
2824	77.48
2825	77.48
2826	77.48
2827	77.48
2828	77.48
2829	77.48
2830	77.48
2831	77.48
2832	77.48
2833	77.48
2834	77.48
2835	77.48
2836	77.48
2837	77.48
2838	77.48
2839	77.48
2840	77.48
2841	77.48
2842	77.48
2843	77.48
2844	77.48
2845	77.48
2846	77.48
2847	77.48
2848	77.48
2849	77.48
2850	77.48
2851	77.48
2852	77.48
2853	77.48
2854	77.48
2855	77.48
2856	77.48
2857	77.48
2858	77.48
2859	77.48
2860	77.48
2861	77.48
2862	77.48
2863	77.48
2864	77.48
2865	77.48
2866	77.48
2867	77.48
2868	77.48
2869	77.48
2870	77.48
2871	77.48
2872	77.48
2873	77.48
2874	77.48
2875	77.48
2876	77.48
2877	77.48
2878	77.48
2879	77.48
2880	77.48
2881	77.48
2882	77.48
2883	77.48
2884	77.48
2885	77.48
2886	77.48
2887	77.48
2888	77.48
2889	77.48
2890	77.48
2891	77.48
2892	77.48
2893	77.48
2894	77.48
2895	77.48
2896	77.48
2897	77.48
2898	77.48
2899	77.48
2900	77.48
2901	77.48
2902	77.48
2903	77.48
2904	77.48
2905	77.48
2906	77.48
2907	77.48
2908	77.48
2909	77.48
2910	77.48
2911	77.48
2912	77.48
2913	77.48
2914	77.48
2915	77.48
2916	77.48
2917	77.48
2918	77.48
2919	77.48
2920	77.48
2921	77.48
2922	77.48
2923	77.48
2924	77.48
2925	77.48
2926	77.48
2927	77.48
2928	77.48
2929	77.48
2930	77.48
2931	77.48
2932	77.48
2933	77.48
2934	77.48
2935	77.48
2936	77.48
2937	77.48
2938	77.48
2939	77.48
2940	77.48
2941	77.48
2942	77.48
2943	77.48
2944	77.48
2945	77.48
2946	77.48
2947	77.48
2948	77.48
2949	77.48
2950	77.48
2951	77.48
2952	77.48
2953	77.48
2954	77.48
2955	77.48
2956	77.48
2957	77.48
2958	77.48
2959	77.48
2960	77.48
2961	77.48
2962	77.48
2963	77.48
2964	77.48
2965	77.48
2966	77.48
2967	77.48
2968	77.48
2969	77.48
2970	77.48
2971	77.48
2972	77.48
2973	77.48
2974	77.48
2975	77.48
2976	77.48
2977	77.48
2978	77.48
2979	77.48
2980	77.48
2981	77.48
2982	77.48
2983	77.48
2984	77.48
2985	77.48
2986	77.48
2987	77.48
2988	77.48
2989	77.48
2990	77.48
2991	77.48
2992	77.48
2993	77.48
2994	77.48
2995	77.48
2996	77.48
2997	77.48
2998	77.48
2999	77.48
3000	77.48
3001	77.48
3002	77.48
3003	77.48
3004	77.48
3005	77.48
3006	77.48
3007	77.48
3008	77.48
3009	77.48
3010	77.48
3011	77.48
3012	77.48
3013	77.48
3014	77.48
3015	77.48
3016	77.48
3017	77.48
3018	77.48
3019	77.48
3020	77.48
3021	77.48
3022	77.48
3023	77.48
3024	77.48
3025	77.48
3026	77.48
3027	77.48
3028	77.48
3029	77.48
3030	77.48
3031	77.48
3032	77.48
3033	77.48
3034	77.48
3035	77.48
3036	77.48
3037	77.48
3038	77.48
3039	77.48
3040	77.48
3041	77.48
3042	77.48
3043	77.48
3044	77.48
3045	77.48
3046	77.48
3047	77.48
3048	77.48
3049	77.48
3050	77.48
3051	77.48
3052	77.48
3053	77.48
3054	77.48
3055	77.48
3056	77.48
3057	77.48
3058	77.48
3059	77.48
3060	77.48
3061	77.48
3062	77.48
3063	77.48
3064	77.48
3065	77.48
3066	77.48
3067	77.48
3068	77.48
3069	77.48
3070	77.48
3071	77.48
3072	77.48
3073	77.48
3074	77.48
3075	77.48
3076	77.48
3077	77.48
3078	77.48
3079	77.48
3080	77.48
3081	77.48
3082	77.48
3083	77.48
3084	77.48
3085	77.48
3086	77.48
3087	77.48
3088	77.48
3089	77.48
3090	77.48
3091	77.48
3092	77.48
3093	77.48
3094	77.48
3095	77.48
3096	77.48
3097	77.48
3098	77.48
3099	77.48
3100	77.48
3101	77.48
3102	77.48
3103	77.48
3104	77.48
3105	77.48
3106	77.48
3107	77.48
3108	77.48
3109	77.48
3110	77.48
3111	77.48
3112	77.48
3113	77.48
3114	77.48
3115	77.48
3116	77.48
3117	77.48
3118	77.48
3119	77.48
3120	77.48
3121	77.48
3122	77.48
3123	77.48
3124	77.48
3125	77.48
3126	77.48
3127	77.48
3128	77.48
3129	77.48
3130	77.48
3131	77.48
3132	77.48
3133	77.48
3134	77.48
3135	77.48
3136	77.48
3137	77.48
3138	77.48
3139	77.48
3140	77.48
3141	77.48
3142	77.48
3143	77.48
3144	77.48
3145	77.48
3146	77.48
3147	77.48
3148	77.48
3149	77.48
3150	77.48
3151	77.48
3152	77.48
3153	77.48
3154	77.48
3155	77.48
3156	77.48
3157	77.48
3158	77.48
3159	77.48
3160	77.48
3161	77.48
3162	77.48
3163	77.48
3164	77.48
3165	77.48
3166	77.48
3167	77.48
3168	77.48
3169	77.48
3170	77.48
3171	77.48
3172	77.48
3173	77.48
3174	77.48
3175	77.48
3176	77.48
3177	77.48
3178	77.48
3179	77.48
3180	77.48
3181	77.48
3182	77.48
3183	77.48
3184	77.48
3185	77.48
3186	77.48
3187	77.48
3188	77.48
3189	77.48
3190	77.48
3191	77.48
3192	77.48
3193	77.48
3194	77.48
3195	77.48
3196	77.48
3197	77.48
3198	77.48
3199	77.48
3200	77.48
3201	77.48
3202	77.48
3203	77.48
3204	77.48
3205	77.48
3206	77.48
3207	77.48
3208	77.48
3209	77.48
3210	77.48
3211	77.48
3212	77.48
3213	77.48
3214	77.48
3215	77.48
3216	77.48
3217	77.48
3218	77.48
3219	77.48
3220	77.48
3221	77.48
3222	77.48
3223	77.48
3224	77.48
3225	77.48
3226	77.48
3227	77.48
3228	77.48
3229	77.48
3230	77.48
3231	77.48
3232	77.48
3233	77.48
3234	77.48
3235	77.48
3236	77.48
3237	77.48
3238	77.48
3239	77.48
3240	77.48
3241	77.48
3242	77.48
3243	77.48
3244	77.48
3245	77.48
3246	77.48
3247	77.48
3248	77.48
3249	77.48
3250	77.48
3251	77.48
3252	77.48
3253	77.48
3254	77.48
3255	77.48
3256	77.48
3257	77.48
3258	77.48
3259	77.48
3260	77.48
3261	77.48
3262	77.48
3263	77.48
3264	77.48
3265	77.48
3266	77.48
3267	77.48
3268	77.48
3269	77.48
3270	77.48
3271	77.48
3272	77.48
3273	77.48
3274	77.48
3275	77.48
3276	77.48
3277	77.48
3278	77.48
3279	77.48
3280	77.48
3281	77.48
3282	77.48
3283	77.48
3284	77.48
3285	77.48
3286	77.48
3287	77.48
3288	77.48
3289	77.48
3290	77.48
3291	77.48
3292	77.48
3293	77.48
3294	77.48
3295	77.48
3296	77.48
3297	77.48
3298	77.48
3299	77.48
3300	77.48
3301	77.48
3302	77.48
3303	77.48
3304	77.48
3305	77.48
3306	77.48
3307	77.48
3308	77.48
3309	77.48
3310	77.48
3311	77.48
3312	77.48
3313	77.48
3314	77.48
3315	77.48
3316	77.48
3317	77.48
3318	77.48
3319	77.48
3320	77.48
3321	77.48
3322	77.48
3323	77.48
3324	77.48
3325	77.48
3326	77.48
3327	77.48
3328	77.48
3329	77.48
3330	77.48
3331	77.48
3332	77.48
3333	77.48
3334	77.48
3335	77.48
3336	77.48
3337	77.48
3338	77.48
3339	77.48
3340	77.48
3341	77.48
3342	77.48
3343	77.48
3344	77.48
3345	77.48
3346	77.48
3347	77.48
3348	77.48
3349	77.48
3350	77.48
3351	77.48
3352	77.48
3353	77.48
3354	77.48
3355	77.48
3356	77.48
3357	77.48
3358	77.48
3359	77.48
3360	77.48
3361	77.48
3362	77.48
3363	77.48
3364	77.48
3365	77.48
3366	77.48
3367	77.48
3368	77.48
3369	77.48
3370	77.48
3371	77.48
3372	77.48
3373	77.48
3374	77.48
3375	77.48
3376	77.48
3377	77.48
3378	77.48
3379	77.48
3380	77.48
3381	77.48
3382	77.48
3383	77.48
3384	77.48
3385	77.48
3386	77.48
3387	77.48
3388	77.48
3389	77.48
3390	77.48
3391	77.48
3392	77.48
3393	77.48
3394	77.48
3395	77.48
3396	77.48
3397	77.48
3398	77.48
3399	77.48
3400	77.48
3401	77.48
3402	77.48
3403	77.48
3404	77.48
3405	77.48
3406	77.48
3407	77.48
3408	77.48
3409	77.48
3410	77.48
3411	77.48
3412	77.48
3413	77.48
3414	77.48
3415	77.48
3416	77.48
3417	77.48
3418	77.48
3419	77.48
3420	77.48
3421	77.48
3422	77.48
3423	77.48
3424	77.48
3425	77.48
3426	77.48
3427	77.48
3428	77.48
3429	77.48
3430	77.48
3431	77.48
3432	77.48
3433	77.48
3434	77.48
3435	77.48
3436	77.48
3437	77.48
3438	77.48
3439	77.48
3440	77.48
3441	77.48
3442	77.48
3443	77.48
3444	77.48
3445	77.48
3446	77.48
3447	77.48
3448	77.48
3449	77.48
3450	77.48
3451	77.48
3452	77.48
3453	77.48
3454	77.48
3455	77.48
3456	77.48
3457	77.48
3458	77.48
3459	77.48
3460	77.48
3461	77.48
3462	77.48
3463	77.48
3464	77.48
3465	77.48
3466	77.48
3467	77.48
3468	77.48
3469	77.48
3470	77.48
3471	77.48
3472	77.48
3473	77.48
3474	77.48
3475	77.48
3476	77.48
3477	77.48
3478	77.48
3479	77.48
3480	77.48
3481	77.48
3482	77.48
3483	77.48
3484	77.48
3485	77.48
3486	77.48
3487	77.48
3488	77.48
3489	77.48
3490	77.48
3491	77.48
3492	77.48
3493	77.48
3494	77.48
3495	77.48
3496	77.48
3497	77.48
3498	77.48
3499	77.48
3500	77.48
3501	77.48
3502	77.48
3503	77.48
3504	77.48
3505	77.48
3506	77.48
3507	77.48
3508	77.48
3509	77.48
3510	77.48
3511	77.48
3512	77.48
3513	77.48
3514	77.48
3515	77.48
3516	77.48
3517	77.48
3518	77.48
3519	77.48
3520	77.48
3521	77.48
3522	77.48
3523	77.48
3524	77.48
3525	77.48
3526	77.48
3527	77.48
3528	77.48
3529	77.48
3530	77.48
3531	77.48
3532	77.48
3533	77.48
3534	77.48
3535	77.48
3536	77.48
3537	77.48
3538	77.48
3539	77.48
3540	77.48
3541	77.48
3542	77.48
3543	77.48
3544	77.48
3545	77.48
3546	77.48
3547	77.48
3548	77.48
3549	77.48
3550	77.48
3551	77.48
3552	77.48
3553	77.48
3554	77.48
3555	77.48
3556	77.48
3557	77.48
3558	77.48
3559	77.48
3560	77.48
3561	77.48
3562	77.48
3563	77.48
3564	77.48
3565	77.48
3566	77.48
3567	77.48
3568	77.48
3569	77.48
3570	77.48
3571	77.48
3572	77.48
3573	77.48
3574	77.48
3575	77.48
3576	77.48
3577	77.48
3578	77.48
3579	77.48
3580	77.48
3581	77.48
3582	77.48
3583	77.48
3584	77.48
3585	77.48
3586	77.48
3587	77.48
3588	77.48
3589	77.48
3590	77.48
3591	77.48
3592	77.48
3593	77.48
3594	77.48
3595	77.48
3596	77.48
3597	77.48
3598	77.48
3599	77.48
3600	77.48
3601	77.48
3602	77.48
3603	77.48
3604	77.48
3605	77.48
3606	77.48
3607	77.48
3608	77.48
3609	77.48
3610	77.48
3611	77.48
3612	77.48
3613	77.48
3614	77.48
3615	77.48
3616	77.48
3617	77.48
3618	77.48
3619	77.48
3620	77.48
3621	77.48
3622	77.48
3623	77.48
3624	77.48
3625	77.48
3626	77.48
3627	77.48
3628	77.48
3629	77.48
3630	77.48
3631	77.48
3632	77.48
3633	77.48
3634	77.48
3635	77.48
3636	77.48
3637	77.48
3638	77.48
3639	77.48
3640	77.48
3641	77.48
3642	77.48
3643	77.48
3644	77.48
3645	77.48
3646	77.48
3647	77.48
3648	77.48
3649	77.48
3650	77.48
3651	77.48
3652	77.48
3653	77.48
3654	77.48
3655	77.48
3656	77.48
3657	77.48
3658	77.48
3659	77.48
3660	77.48
3661	77.48
3662	77.48
3663	77.48
3664	77.48
3665	77.48
3666	77.48
3667	77.48
3668	77.48
3669	77.48
3670	77.48
3671	77.48
3672	77.48
3673	77.48
3674	77.48
3675	77.48
3676	77.48
3677	77.48
3678	77.48
3679	77.48
3680	77.48
3681	77.48
3682	77.48
3683	77.48
3684	77.48
3685	77.48
3686	77.48
3687	77.48
3688	77.48
3689	77.48
3690	77.48
3691	77.48
3692	77.48
3693	77.48
3694	77.48
3695	77.48
3696	77.48
3697	77.48
3698	77.48
3699	77.48
3700	77.48
3701	77.48
3702	77.48
3703	77.48
3704	77.48
3705	77.48
3706	77.48
3707	77.48
3708	77.48
3709	77.48
3710	77.48
3711	77.48
3712	77.48
3713	77.48
3714	77.48
3715	77.48
3716	77.48
3717	77.48
3718	77.48
3719	77.48
3720	77.48
3721	77.48
3722	77.48
3723	77.48
3724	77.48
3725	77.48
3726	77.48
3727	77.48
3728	77.48
3729	77.48
3730	77.48
3731	77.48
3732	77.48
3733	77.48
3734	77.48
3735	77.48
3736	77.48
3737	77.48
3738	77.48
3739	77.48
3740	77.48
3741	77.48
3742	77.48
3743	77.48
3744	77.48
3745	77.48
3746	77.48
3747	77.48
3748	77.48
3749	77.48
3750	77.48
3751	77.48
3752	77.48
3753	77.48
3754	77.48
3755	77.48
3756	77.48
3757	77.48
3758	77.48
3759	77.48
3760	77.48
3761	77.48
3762	77.48
3763	77.48
3764	77.48
3765	77.48
3766	77.48
3767	77.48
3768	77.48
3769	77.48
3770	77.48
3771	77.48
3772	77.48
3773	77.48
3774	77.48
3775	77.48
3776	77.48
3777	77.48
3778	77.48
3779	77.48
3780	77.48
3781	77.48
3782	77.48
3783	77.48
3784	77.48
3785	77.48
3786	77.48
3787	77.48
3788	77.48
3789	77.48
3790	77.48
3791	77.48
3792	77.48
3793	77.48
3794	77.48
3795	77.48
3796	77.48
3797	77.48
3798	77.48
3799	77.48
3800	77.48
3801	77.48
3802	77.48
3803	77.48
3804	77.48
3805	77.48
3806	77.48
3807	77.48
3808	77.48
3809	77.48
3810	77.48
3811	77.48
3812	77.48
3813	77.48
3814	77.48
3815	77.48
3816	77.48
3817	77.48
3818	77.48
3819	77.48
3820	77.48
3821	77.48
3822	77.48
3823	77.48
3824	77.48
3825	77.48
3826	77.48
3827	77.48
3828	77.48
3829	77.48
3830	77.48
3831	77.48
3832	77.48
3833	77.48
3834	77.48
3835	77.48
3836	77.48
3837	77.48
3838	77.48
3839	77.48
3840	77.48
3841	77.48
3842	77.48
3843	77.48
3844	77.48
3845	77.48
3846	77.48
3847	77.48
3848	77.48
3849	77.48
3850	77.48
3851	77.48
3852	77.48
3853	77.48
3854	77.48
3855	77.48
3856	77.48
3857	77.48
3858	77.48
3859	77.48
3860	77.48
3861	77.48
3862	77.48
3863	77.48
3864	77.48
3865	77.48
3866	77.48
3867	77.48
3868	77.48
3869	77.48
3870	77.48
3871	77.48
3872	77.48
3873	77.48
3874	77.48
3875	77.48
3876	77.48
3877	77.48
3878	77.48
3879	77.48
3880	77.48
3881	77.48
3882	77.48
3883	77.48
3884	77.48
3885	77.48
3886	77.48
3887	77.48
3888	77.48
3889	77.48
3890	77.48
3891	77.48
3892	77.48
3893	77.48
3894	77.48
3895	77.48
3896	77.48
3897	77.48
3898	77.48
3899	77.48
3900	77.48
3901	77.48
3902	77.48
3903	77.48
3904	77.48
3905	77.48
3906	77.48
3907	77.48
3908	77.48
3909	77.48
3910	77.48
3911	77.48
3912	77.48
3913	77.48
3914	77.48
3915	77.48
3916	77.48
3917	77.48
3918	77.48
3919	77.48
3920	77.48
3921	77.48
3922	77.48
3923	77.48
3924	77.48
3925	77.48
3926	77.48
3927	77.48
3928	77.48
3929	77.48
3930	77.48
3931	77.48
3932	77.48
3933	77.48
3934	77.48
3935	77.48
3936	77.48
3937	77.48
3938	77.48
3939	77.48
3940	77.48
3941	77.48
3942	77.48
3943	77.48
3944	77.48
3945	77.48
3946	77.48
3947	77.48
3948	77.48
3949	77.48
3950	77.48
3951	77.48
3952	77.48
3953	77.48
3954	77.48
3955	77.48
3956	77.48
3957	77.48
3958	77.48
3959	77.48
3960	77.48
3961	77.48
3962	77.48
3963	77.48
3964	77.48
3965	77.48
3966	77.48
3967	77.48
3968	77.48
3969	77.48
3970	77.48
3971	77.48
3972	77.48
3973	77.48
3974	77.48
3975	77.48
3976	77.48
3977	77.48
3978	77.48
3979	77.48
3980	77.48
3981	77.48
3982	77.48
3983	77.48
3984	77.48
3985	77.48
3986	77.48
3987	77.48
3988	77.48
3989	77.48
3990	77.48
3991	77.48
3992	77.48
3993	77.48
3994	77.48
3995	77.48
3996	77.48
3997	77.48
3998	77.48
3999	77.48
4000	77.48
4001	77.48
4002	77.48
4003	77.48
4004	77.48
4005	77.48
4006	77.48
4007	77.48
4008	77.48
4009	77.48
4010	77.48
4011	77.48
4012	77.48
4013	77.48
4014	77.48
4015	77.48
4016	77.48
4017	77.48
4018	77.48
4019	77.48
4020	77.48
4021	77.48
4022	77.48
4023	77.48
4024	77.48
4025	77.48
4026	77.48
4027	77.48
4028	77.48
4029	77.48
4030	77.48
4031	77.48
4032	77.48
4033	77.48
4034	77.48
4035	77.48
4036	77.48
4037	77.48
4038	77.48
4039	77.48
4040	77.48
4041	77.48
4042	77.48
4043	77.48
4044	77.48
4045	77.48
4046	77.48
4047	77.48
4048	77.48
4049	77.48
4050	77.48
4051	77.48
4052	77.48
4053	77.48
4054	77.48
4055	77.48
4056	77.48
4057	77.48
4058	77.48
4059	77.48
4060	77.48
4061	77.48
4062	77.48
4063	77.48
4064	77.48
4065	77.48
4066	77.48
4067	77.48
4068	77.48
4069	77.48
4070	77.48
4071	77.48
4072	77.48
4073	77.48
4074	77.48
4075	77.48
4076	77.48
4077	77.48
4078	77.48
4079	77.48
4080	77.48
4081	77.48
4082	77.48
4083	77.48
4084	77.48
4085	77.48
4086	77.48
4087	77.48
4088	77.48
4089	77.48
4090	77.48
4091	77.48
4092	77.48
4093	77.48
4094	77.48
4095	77.48
4096	77.48
4097	77.48
4098	77.48
4099	77.48
4100	77.48
4101	77.48
4102	77.48
4103	77.48
4104	77.48
4105	77.48
4106	77.48
4107	77.48
4108	77.48
4109	77.48
4110	77.48
4111	77.48
4112	77.48
4113	77.48
4114	77.48
4115	77.48
4116	77.48
4117	77.48
4118	77.48
4119	77.48
4120	77.48
4121	77.48
4122	77.48
4123	77.48
4124	77.48
4125	77.48
4126	77.48
4127	77.48
4128	77.48
4129	77.48
4130	77.48
4131	77.48
4132	77.48
4133	77.48
4134	77.48
4135	77.48
4136	77.48
4137	77.48
4138	77.48
4139	77.48
4140	77.48
4141	77.48
4142	77.48
4143	77.48
4144	77.48
4145	77.48
4146	77.48
4147	77.48
4148	77.48
4149	77.48
4150	77.48
4151	77.48
4152	77.48
4153	77.48
4154	77.48
4155	77.48
4156	77.48
4157	77.48
4158	77.48
4159	77.48
4160	77.48
4161	77.48
4162	77.48
4163	77.48
4164	77.48
4165	77.48
4166	77.48
4167	77.48
4168	77.48
4169	77.48
4170	77.48
4171	77.48
4172	77.48
4173	77.48
4174	77.48
4175	77.48
4176	77.48
4177	77.48
4178	77.48
4179	77.48
4180	77.48
4181	77.48
4182	77.48
4183	77.48
4184	77.48
4185	77.48
4186	77.48
4187	77.48
4188	77.48
4189	77.48
4190	77.48
4191	77.48
4192	77.48
4193	77.48
4194	77.48
4195	77.48
4196	77.48
4197	77.48
4198	77.48
4199	77.48
4200	77.48
4201	77.48
4202	77.48
4203	77.48
4204	77.48
4205	77.48
4206	77.48
4207	77.48
4208	77.48
4209	77.48
4210	77.48
4211	77.48
4212	77.48
4213	77.48
4214	77.48
4215	77.48
4216	77.48
4217	77.48
4218	77.48
4219	77.48
4220	77.48
4221	77.48
4222	77.48
4223	77.48
4224	77.48
4225	77.48
4226	77.48
4227	77.48
4228	77.48
4229	77.48
4230	77.48
4231	77.48
4232	77.48
4233	77.48
4234	77.48
4235	77.48
4236	77.48
4237	77.48
4238	77.48
4239	77.48
4240	77.48
4241	77.48
4242	77.48
4243	77.48
4244	77.48
4245	77.48
4246	77.48
4247	77.48
4248	77.48
4249	77.48
4250	77.48
4251	77.48
4252	77.48
4253	77.48
4254	77.48
4255	77.48
4256	77.48
4257	77.48
4258	77.48
4259	77.48
4260	77.48
4261	77.48
4262	77.48
4263	77.48
4264	77.48
4265	77.48
4266	77.48
4267	77.48
4268	77.48
4269	77.48
4270	77.48
4271	77.48
4272	77.48
4273	77.48
4274	77.48
4275	77.48
4276	77.48
4277	77.48
4278	77.48
4279	77.48
4280	77.48
4281	77.48
4282	77.48
4283	77.48
4284	77.48
4285	77.48
4286	77.48
4287	77.48
4288	77.48
4289	77.48
4290	77.48
4291	77.48
4292	77.48
4293	77.48
4294	77.48
4295	77.48
4296	77.48
4297	77.48
4298	77.48
4299	77.48
4300	77.48
4301	77.48
4302	77.48
4303	77.48
4304	77.48
4305	77.48
4306	77.48
4307	77.48
4308	77.48
4309	77.48
4310	77.48
4311	77.48
4312	77.48
4313	77.48
4314	77.48
4315	77.48
4316	77.48
4317	77.48
4318	77.48
4319	77.48
4320	77.48
4321	77.48
4322	77.48
4323	77.48
4324	77.48
4325	77.48
4326	77.48
4327	77.48
4328	77.48
4329	77.48
4330	77.48
4331	77.48
4332	77.48
4333	77.48
4334	77.48
4335	77.48
4336	77.48
4337	77.48
4338	77.48
4339	77.48
4340	77.48
4341	77.48
4342	77.48
4343	77.48
4344	77.48
4345	77.48
4346	77.48
4347	77.48
4348	77.48
4349	77.48
4350	77.48
4351	77.48
4352	77.48
4353	77.48
4354	77.48
4355	77.48
4356	77.48
4357	77.48
4358	77.48
4359	77.48
4360	77.48
4361	77.48
4362	77.48
4363	77.48
4364	77.48
4365	77.48
4366	77.48
4367	77.48
4368	77.48
4369	77.48
4370	77.48
4371	77.48
4372	77.48
4373	77.48
4374	77.48
4375	77.48
4376	77.48
4377	77.48
4378	77.48
4379	77.48
4380	77.48
4381	77.48
4382	77.48
4383	77.48
4384	77.48
4385	77.48
4386	77.48
4387	77.48
4388	77.48
4389	77.48
4390	77.48
4391	77.48
4392	77.48
4393	77.48
4394	77.48
4395	77.48
4396	77.48
4397	77.48
4398	77.48
4399	77.48
4400	77.48
4401	77.48
4402	77.48
4403	77.48
4404	77.48
4405	77.48
4406	77.48
4407	77.48
4408	77.48
4409	77.48
4410	77.48
4411	77.48
4412	77.48
4413	77.48
4414	77.48
4415	77.48
4416	77.48
4417	77.48
4418	77.48
4419	77.48
4420	77.48
4421	77.48
4422	77.48
4423	77.48
4424	77.48
4425	77.48
4426	77.48
4427	77.48
4428	77.48
4429	77.48
4430	77.48
4431	77.48
4432	77.48
4433	77.48
4434	77.48
4435	77.48
4436	77.48
4437	77.48
4438	77.48
4439	77.48
4440	77.48
4441	77.48
4442	77.48
4443	77.48
4444	77.48
4445	77.48
4446	77.48
4447	77.48
4448	77.48
4449	77.48
4450	77.48
4451	77.48
4452	77.48
4453	77.48
4454	77.48
4455	77.48
4456	77.48
4457	77.48
4458	77.48
4459	77.48
4460	77.48
4461	77.48
4462	77.48
4463	77.48
4464	77.48
4465	77.48
4466	77.48
4467	77.48
4468	77.48
4469	77.48
4470	77.48
4471	77.48
4472	77.48
4473	77.48
4474	77.48
4475	77.48
4476	77.48
4477	77.48
4478	77.48
4479	77.48
4480	77.48
4481	77.48
4482	77.48
4483	77.48
4484	77.48
4485	77.48
4486	77.48
4487	77.48
4488	77.48
4489	77.48
4490	77.48
4491	77.48
4492	77.48
4493	77.48
4494	77.48
4495	77.48
4496	77.48
4497	77.48
4498	77.48
4499	77.48
4500	77.48
4501	77.48
4502	77.48
4503	77.48
4504	77.48
4505	77.48
4506	77.48
4507	77.48
4508	77.48
4509	77.48
4510	77.48
4511	77.48
4512	77.48
4513	77.48
4514	77.48
4515	77.48
4516	77.48
4517	77.48
4518	77.48
4519	77.48
4520	77.48
4521	77.48
4522	77.48
4523	77.48
4524	77.48
4525	77.48
4526	77.48
4527	77.48
4528	77.48
4529	77.48
4530	77.48
4531	77.48
4532	77.48
4533	77.48
4534	77.48
4535	77.48
4536	77.48
4537	77.48
4538	77.48
4539	77.48
4540	77.48
4541	77.48
4542	77.48
4543	77.48
4544	77.48
4545	77.48
4546	77.48
4547	77.48
4548	77.48
4549	77.48
4550	77.48
4551	77.48
4552	77.48
4553	77.48
4554	77.48
4555	77.48
4556	77.48
4557	77.48
4558	77.48
4559	77.48
4560	77.48
4561	77.48
4562	77.48
4563	77.48
4564	77.48
4565	77.48
4566	77.48
4567	77.48
4568	77.48
4569	77.48
4570	77.48
4571	77.48
4572	77.48
4573	77.48
4574	77.48
4575	77.48
4576	77.48
4577	77.48
4578	77.48
4579	77.48
4580	77.48
4581	77.48
4582	77.48
4583	77.48
4584	77.48
4585	77.48
4586	77.48
4587	77.48
4588	77.48
4589	77.48
4590	77.48
4591	77.48
4592	77.48
4593	77.48
4594	77.48
4595	77.48
4596	77.48
4597	77.48
4598	77.48
4599	77.48
4600	77.48
4601	77.48
4602	77.48
4603	77.48
4604	77.48
4605	77.48
4606	77.48
4607	77.48
4608	77.48
4609	77.48
4610	77.48
4611	77.48
4612	77.48
4613	77.48
4614	77.48
4615	77.48
4616	77.48
4617	77.48
4618	77.48
4619	77.48
4620	77.48
4621	77.48
4622	77.48
4623	77.48
4624	77.48
4625	77.48
4626	77.48
4627	77.48
4628	77.48
4629	77.48
4630	77.48
4631	77.48
4632	77.48
4633	77.48
4634	77.48
4635	77.48
4636	77.48
4637	77.48
4638	77.48
4639	77.48
4640	77.48
4641	77.48
4642	77.48
4643	77.48
4644	77.48
4645	77.48
4646	77.48
4647	77.48
4648	77.48
4649	77.48
4650	77.48
4651	77.48
4652	77.48
4653	77.48
4654	77.48
4655	77.48
4656	77.48
4657	77.48
4658	77.48
4659	77.48
4660	77.48
4661	77.48
4662	77.48
4663	77.48
4664	77.48
4665	77.48
4666	77.48
4667	77.48
4668	77.48
4669	77.48
4670	77.48
4671	77.48
4672	77.48
4673	77.48
4674	77.48
4675	77.48
4676	77.48
4677	77.48
4678	77.48
4679	77.48
4680	77.48
4681	77.48
4682	77.48
4683	77.48
4684	77.48
4685	77.48
4686	77.48
4687	77.48
4688	77.48
4689	77.48
4690	77.48
4691	77.48
4692	77.48
4693	77.48
4694	77.48
4695	77.48
4696	77.48
4697	77.48
4698	77.48
4699	77.48
4700	77.48
4701	77.48
4702	77.48
4703	77.48
4704	77.48
4705	77.48
4706	77.48
4707	77.48
4708	77.48
4709	77.48
4710	77.48
4711	77.48
4712	77.48
4713	77.48
4714	77.48
4715	77.48
4716	77.48
4717	77.48
4718	77.48
4719	77.48
4720	77.48
4721	77.48
4722	77.48
4723	77.48
4724	77.48
4725	77.48
4726	77.48
4727	77.48
4728	77.48
4729	77.48
4730	77.48
4731	77.48
4732	77.48
4733	77.48
4734	77.48
4735	77.48
4736	77.48
4737	77.48
4738	77.48
4739	77.48
4740	77.48
4741	77.48
4742	77.48
4743	77.48
4744	77.48
4745	77.48
4746	77.48
4747	77.48
4748	77.48
4749	77.48
4750	77.48
4751	77.48
4752	77.48
4753	77.48
4754	77.48
4755	77.48
4756	77.48
4757	77.48
4758	77.48
4759	77.48
4760	77.48
4761	77.48
4762	77.48
4763	77.48
4764	77.48
4765	77.48
4766	77.48
4767	77.48
4768	77.48
4769	77.48
4770	77.48
4771	77.48
4772	77.48
4773	77.48
4774	77.48
4775	77.48
4776	77.48
4777	77.48
4778	77.48
4779	77.48
4780	77.48
4781	77.48
4782	77.48
4783	77.48
4784	77.48
4785	77.48
4786	77.48
4787	77.48
4788	77.48
4789	77.48
4790	77.48
4791	77.48
4792	77.48
4793	77.48
4794	77.48
4795	77.48
4796	77.48
4797	77.48
4798	77.48
4799	77.48
4800	77.48
4801	77.48
4802	77.48
4803	77.48
4804	77.48
4805	77.48
4806	77.48
4807	77.48
4808	77.48
4809	77.48
4810	77.48
4811	77.48
4812	77.48
4813	77.48
4814	77.48
4815	77.48
4816	77.48
4817	77.48
4818	77.48
4819	77.48
4820	77.48
4821	77.48
4822	77.48
4823	77.48
4824	77.48
4825	77.48
4826	77.48
4827	77.48
4828	77.48
4829	77.48
4830	77.48
4831	77.48
4832	77.48
4833	77.48
4834	77.48
4835	77.48
4836	77.48
4837	77.48
4838	77.48
4839	77.48
4840	77.48
4841	77.48
4842	77.48
4843	77.48
4844	77.48
4845	77.48
4846	77.48
4847	77.48
4848	77.48
4849	77.48
4850	77.48
4851	77.48
4852	77.48
4853	77.48
4854	77.48
4855	77.48
4856	77.48
4857	77.48
4858	77.48
4859	77.48
4860	77.48
4861	77.48
4862	77.48
4863	77.48
4864	77.48
4865	77.48
4866	77.48
4867	77.48
4868	77.48
4869	77.48
4870	77.48
4871	77.48
4872	77.48
4873	77.48
4874	77.48
4875	77.48
4876	77.48
4877	77.48
4878	77.48
4879	77.48
4880	77.48
4881	77.48
4882	77.48
4883	77.48
4884	77.48
4885	77.48
4886	77.48
4887	77.48
4888	77.48
4889	77.48
4890	77.48
4891	77.48
4892	77.48
4893	77.48
4894	77.48
4895	77.48
4896	77.48
4897	77.48
4898	77.48
4899	77.48
4900	77.48
4901	77.48
4902	77.48
4903	77.48
4904	77.48
4905	77.48
4906	77.48
4907	77.48
4908	77.48
4909	77.48
4910	77.48
4911	77.48
4912	77.48
4913	77.48
4914	77.48
4915	77.48
4916	77.48
4917	77.48
4918	77.48
4919	77.48
4920	77.48
4921	77.48
4922	77.48
4923	77.48
4924	77.48
4925	77.48
4926	77.48
4927	77.48
4928	77.48
4929	77.48
4930	77.48
4931	77.48
4932	77.48
4933	77.48
4934	77.48
4935	77.48
4936	77.48
4937	77.48
4938	77.48
4939	77.48
4940	77.48
4941	77.48
4942	77.48
4943	77.48
4944	77.48
4945	77.48
4946	77.48
4947	77.48
4948	77.48
4949	77.48
4950	77.48
4951	77.48
4952	77.48
4953	77.48
4954	77.48
4955	77.48
4956	77.48
4957	77.48
4958	77.48
4959	77.48
4960	77.48
4961	77.48
4962	77.48
4963	77.48
4964	77.48
4965	77.48
4966	77.48
4967	77.48
4968	77.48
4969	77.48
4970	77.48
4971	77.48
4972	77.48
4973	77.48
4974	77.48
4975	77.48
4976	77.48
4977	77.48
4978	77.48
4979	77.48
4980	77.48
4981	77.48
4982	77.48
4983	77.48
4984	77.48
4985	77.48
4986	77.48
4987	77.48
4988	77.48
4989	77.48
4990	77.48
4991	77.48
4992	77.48
4993	77.48
4994	77.48
4995	77.48
4996	77.48
4997	77.48
4998	77.48
4999	77.48
5000	77.48
5001	77.48
5002	77.48
5003	77.48
5004	77.48
5005	77.48
5006	77.48
5007	77.48
5008	77.48
5009	77.48
5010	77.48
5011	77.48
5012	77.48
5013	77.48
5014	77.48
5015	77.48
5016	77.48
5017	77.48
5018	77.48
5019	77.48
5020	77.48
5021	77.48
5022	77.48
5023	77.48
5024	77.48
5025	77.48
5026	77.48
5027	77.48
5028	77.48
5029	77.48
5030	77.48
5031	77.48
5032	77.48
5033	77.48
5034	77.48
5035	77.48
5036	77.48
5037	77.48
5038	77.48
5039	77.48
5040	77.48
5041	77.48
5042	77.48
5043	77.48
5044	77.48
5045	77.48
5046	77.48
5047	77.48
5048	77.48
5049	77.48
5050	77.48
5051	77.48
5052	77.48
5053	77.48
5054	77.48
5055	77.48
5056	77.48
5057	77.48
5058	77.48
5059	77.48
5060	77.48
5061	77.48
5062	77.48
5063	77.48
5064	77.48
5065	77.48
5066	77.48
5067	77.48
5068	77.48
5069	77.48
5070	77.48
5071	77.48
5072	77.48
5073	77.48
5074	77.48
5075	77.48
5076	77.48
5077	77.48
5078	77.48
5079	77.48
5080	77.48
5081	77.48
5082	77.48
5083	77.48
5084	77.48
5085	77.48
5086	77.48
5087	77.48
5088	77.48
5089	77.48
5090	77.48
5091	77.48
5092	77.48
5093	77.48
5094	77.48
5095	77.48
5096	77.48
5097	77.48
5098	77.48
5099	77.48
5100	77.48
5101	77.48
5102	77.48
5103	77.48
5104	77.48
5105	77.48
5106	77.48
5107	77.48
5108	77.48
5109	77.48
5110	77.48
5111	77.48
5112	77.48
5113	77.48
5114	77.48
5115	77.48
5116	77.48
5117	77.48
5118	77.48
5119	77.48
5120	77.48
5121	77.48
5122	77.48
5123	77.48
5124	77.48
5125	77.48
5126	77.48
5127	77.48
5128	77.48
5129	77.48
5130	77.48
5131	77.48
5132	77.48
5133	77.48
5134	77.48
5135	77.48
5136	77.48
5137	77.48
5138	77.48
5139	77.48
5140	77.48
5141	77.48
5142	77.48
5143	77.48
5144	77.48
5145	77.48
5146	77.48
5147	77.48
5148	77.48
5149	77.48
5150	77.48
5151	77.48
5152	77.48
5153	77.48
5154	77.48
5155	77.48
5156	77.48
5157	77.48
5158	77.48
5159	77.48
5160	77.48
5161	77.48
5162	77.48
5163	77.48
5164	77.48
5165	77.48
5166	77.48
5167	77.48
5168	77.48
5169	77.48
5170	77.48
5171	77.48
5172	77.48
5173	77.48
5174	77.48
5175	77.48
5176	77.48
5177	77.48
5178	77.48
5179	77.48
5180	77.48
5181	77.48
5182	77.48
5183	77.48
5184	77.48
5185	77.48
5186	77.48
5187	77.48
5188	77.48
5189	77.48
5190	77.48
5191	77.48
5192	77.48
5193	77.48
5194	77.48
5195	77.48
5196	77.48
5197	77.48
5198	77.48
5199	77.48
5200	77.48
5201	77.48
5202	77.48
5203	77.48
5204	77.48
5205	77.48
5206	77.48
5207	77.48
5208	77.48
5209	77.48
5210	77.48
5211	77.48
5212	77.48
5213	77.48
5214	77.48
5215	77.48
5216	77.48
5217	77.48
5218	77.48
5219	77.48
5220	77.48
5221	77.48
5222	77.48
5223	77.48
5224	77.48
5225	77.48
5226	77.48
5227	77.48
5228	77.48
5229	77.48
5230	77.48
5231	77.48
5232	77.48
5233	77.48
5234	77.48
5235	77.48
5236	77.48
5237	77.48
5238	77.48
5239	77.48
5240	77.48
5241	77.48
5242	77.48
5243	77.48
5244	77.48
5245	77.48
5246	77.48
5247	77.48
5248	77.48
5249	77.48
5250	77.48
5251	77.48
5252	77.48
5253	77.48
5254	77.48
5255	77.48
5256	77.48
5257	77.48
5258	77.48
5259	77.48
5260	77.48
5261	77.48
5262	77.48
5263	77.48
5264	77.48
5265	77.48
5266	77.48
5267	77.48
5268	77.48
5269	77.48
5270	77.48
5271	77.48
5272	77.48
5273	77.48
5274	77.48
5275	77.48
5276	77.48
5277	77.48
5278	77.48
5279	77.48
5280	77.48
5281	77.48
5282	77.48
5283	77.48
5284	77.48
5285	77.48
5286	77.48
5287	77.48
5288	77.48
5289	77.48
5290	77.48
5291	77.48
5292	77.48
5293	77.48
5294	77.48
5295	77.48
5296	77.48
5297	77.48
5298	77.48
5299	77.48
5300	77.48
5301	77.48
5302	77.48
5303	77.48
5304	77.48
5305	77.48
5306	77.48
5307	77.48
5308	77.48
5309	77.48
5310	77.48
5311	77.48
5312	77.48
5313	77.48
5314	77.48
5315	77.48
5316	77.48
5317	77.48
5318	77.48
5319	77.48
5320	77.48
5321	77.48
5322	77.48
5323	77.48
5324	77.48
5325	77.48
5326	77.48
5327	77.48
5328	77.48
5329	77.48
5330	77.48
5331	77.48
5332	77.48
5333	77.48
5334	77.48
5335	77.48
5336	77.48
5337	77.48
5338	77.48
5339	77.48
5340	77.48
5341	77.48
5342	77.48
5343	77.48
5344	77.48
5345	77.48
5346	77.48
5347	77.48
5348	77.48
5349	77.48
5350	77.48
5351	77.48
5352	77.48
5353	77.48
5354	77.48
5355	77.48
5356	77.48
5357	77.48
5358	77.48
5359	77.48
5360	77.48
5361	77.48
5362	77.48
5363	77.48
5364	77.48
5365	77.48
5366	77.48
5367	77.48
5368	77.48
5369	77.48
5370	77.48
5371	77.48
5372	77.48
5373	77.48
5374	77.48
5375	77.48
5376	77.48
5377	77.48
5378	77.48
5379	77.48
5380	77.48
5381	77.48
5382	77.48
5383	77.48
5384	77.48
5385	77.48
5386	77.48
5387	77.48
5388	77.48
5389	77.48
5390	77.48
5391	77.48
5392	77.48
5393	77.48
5394	77.48
5395	77.48
5396	77.48
5397	77.48
5398	77.48
5399	77.48
5400	77.48
5401	77.48
5402	77.48
5403	77.48
5404	77.48
5405	77.48
5406	77.48
5407	77.48
5408	77.48
5409	77.48
5410	77.48
5411	77.48
5412	77.48
5413	77.48
5414	77.48
5415	77.48
5416	77.48
5417	77.48
5418	77.48
5419	77.48
5420	77.48
5421	77.48
5422	77.48
5423	77.48
5424	77.48
5425	77.48
5426	77.48
5427	77.48
5428	77.48
5429	77.48
5430	77.48
5431	77.48
5432	77.48
5433	77.48
5434	77.48
5435	77.48
5436	77.48
5437	77.48
5438	77.48
5439	77.48
5440	77.48
5441	77.48
5442	77.48
5443	77.48
5444	77.48
5445	77.48
5446	77.48
5447	77.48
5448	77.48
5449	77.48
5450	77.48
5451	77.48
5452	77.48
5453	77.48
5454	77.48
5455	77.48
5456	77.48
5457	77.48
5458	77.48
5459	77.48
5460	77.48
5461	77.48
5462	77.48
5463	77.48
5464	77.48
5465	77.48
5466	77.48
5467	77.48
5468	77.48
5469	77.48
5470	77.48
5471	77.48
5472	77.48
5473	77.48
5474	77.48
5475	77.48
5476	77.48
5477	77.48
5478	77.48
5479	77.48
5480	77.48
5481	77.48
5482	77.48
5483	77.48
5484	77.48
5485	77.48
5486	77.48
5487	77.48
5488	77.48
5489	77.48
5490	77.48
5491	77.48
5492	77.48
5493	77.48
5494	77.48
5495	77.48
5496	77.48
5497	77.48
5498	77.48
5499	77.48
5500	77.48
5501	77.48
5502	77.48
5503	77.48
5504	77.48
5505	77.48
5506	77.48
5507	77.48
5508	77.48
5509	77.48
5510	77.48
5511	77.48
5512	77.48
5513	77.48
5514	77.48
5515	77.48
5516	77.48
5517	77.48
5518	77.48
5519	77.48
5520	77.48
5521	77.48
5522	77.48
5523	77.48
5524	77.48
5525	77.48
5526	77.48
5527	77.48
5528	77.48
5529	77.48
5530	77.48
5531	77.48
5532	77.48
5533	77.48
5534	77.48
5535	77.48
5536	77.48
5537	77.48
5538	77.48
5539	77.48
5540	77.48
5541	77.48
5542	77.48
5543	77.48
5544	77.48
5545	77.48
5546	77.48
5547	77.48
5548	77.48
5549	77.48
5550	77.48
5551	77.48
5552	77.48
5553	77.48
5554	77.48
5555	77.48
5556	77.48
5557	77.48
5558	77.48
5559	77.48
5560	77.48
5561	77.48
5562	77.48
5563	77.48
5564	77.48
5565	77.48
5566	77.48
5567	77.48
5568	77.48
5569	77.48
5570	77.48
5571	77.48
5572	77.48
5573	77.48
5574	77.48
5575	77.48
5576	77.48
5577	77.48
5578	77.48
5579	77.48
5580	77.48
5581	77.48
5582	77.48
5583	77.48
5584	77.48
5585	77.48
5586	77.48
5587	77.48
5588	77.48
5589	77.48
5590	77.48
5591	77.48
5592	77.48
5593	77.48
5594	77.48
5595	77.48
5596	77.48
5597	77.48
5598	77.48
5599	77.48
5600	77.48
5601	77.48
5602	77.48
5603	77.48
5604	77.48
5605	77.48
5606	77.48
5607	77.48
5608	77.48
5609	77.48
5610	77.48
5611	77.48
5612	77.48
5613	77.48
5614	77.48
5615	77.48
5616	77.48
5617	77.48
5618	77.48
5619	77.48
5620	77.48
5621	77.48
5622	77.48
5623	77.48
5624	77.48
5625	77.48
5626	77.48
5627	77.48
5628	77.48
5629	77.48
5630	77.48
5631	77.48
5632	77.48
5633	77.48
5634	77.48
5635	77.48
5636	77.48
5637	77.48
5638	77.48
5639	77.48
5640	77.48
5641	77.48
5642	77.48
5643	77.48
5644	77.48
5645	77.48
5646	77.48
5647	77.48
5648	77.48
5649	77.48
5650	77.48
5651	77.48
5652	77.48
5653	77.48
5654	77.48
5655	77.48
5656	77.48
5657	77.48
5658	77.48
5659	77.48
5660	77.48
5661	77.48
5662	77.48
5663	77.48
5664	77.48
5665	77.48
5666	77.48
5667	77.48
5668	77.48
5669	77.48
5670	77.48
5671	77.48
5672	77.48
5673	77.48
5674	77.48
5675	77.48
5676	77.48
5677	77.48
5678	77.48
5679	77.48
5680	77.48
5681	77.48
5682	77.48
5683	77.48
5684	77.48
5685	77.48
5686	77.48
5687	77.48
5688	77.48
5689	77.48
5690	77.48
5691	77.48
5692	77.48
5693	77.48
5694	77.48
5695	77.48
5696	77.48
5697	77.48
5698	77.48
5699	77.48
5700	77.48
5701	77.48
5702	77.48
5703	77.48
5704	77.48
5705	77.48
5706	77.48
5707	77.48
5708	77.48
5709	77.48
5710	77.48
5711	77.48
5712	77.48
5713	77.48
5714	77.48
5715	77.48
5716	77.48
5717	77.48
5718	77.48
5719	77.48
5720	77.48
5721	77.48
5722	77.48
5723	77.48
5724	77.48
5725	77.48
5726	77.48
5727	77.48
5728	77.48
5729	77.48
5730	77.48
5731	77.48
5732	77.48
5733	77.48
5734	77.48
5735	77.48
5736	77.48
5737	77.48
5738	77.48
5739	77.48
5740	77.48
5741	77.48
5742	77.48
5743	77.48
5744	77.48
5745	77.48
5746	77.48
5747	77.48
5748	77.48
5749	77.48
5750	77.48
5751	77.48
5752	77.48
5753	77.48
5754	77.48
5755	77.48
5756	77.48
5757	77.48
5758	77.48
5759	77.48
5760	77.48
5761	77.48
5762	77.48
5763	77.48
5764	77.48
5765	77.48
5766	77.48
5767	77.48
5768	77.48
5769	77.48
5770	77.48
5771	77.48
5772	77.48
5773	77.48
5774	77.48
5775	77.48
5776	77.48
5777	77.48
5778	77.48
5779	77.48
5780	77.48
5781	77.48
5782	77.48
5783	77.48
5784	77.48
5785	77.48
5786	77.48
5787	77.48
5788	77.48
5789	77.48
5790	77.48
5791	77.48
5792	77.48
5793	77.48
5794	77.48
5795	77.48
5796	77.48
5797	77.48
5798	77.48
5799	77.48
5800	77.48
5801	77.48
5802	77.48
5803	77.48
5804	77.48
5805	77.48
5806	77.48
5807	77.48
5808	77.48
5809	77.48
5810	77.48
5811	77.48
5812	77.48
5813	77.48
5814	77.48
5815	77.48
5816	77.48
5817	77.48
5818	77.48
5819	77.48
5820	77.48
5821	77.48
5822	77.48
5823	77.48
5824	77.48
5825	77.48
5826	77.48
5827	77.48
5828	77.48
5829	77.48
5830	77.48
5831	77.48
5832	77.48
5833	77.48
5834	77.48
5835	77.48
5836	77.48
5837	77.48
5838	77.48
5839	77.48
5840	77.48
5841	77.48
5842	77.48
5843	77.48
5844	77.48
5845	77.48
5846	77.48
5847	77.48
5848	77.48
5849	77.48
5850	77.48
5851	77.48
5852	77.48
5853	77.48
5854	77.48
5855	77.48
5856	77.48
5857	77.48
5858	77.48
5859	77.48
5860	77.48
5861	77.48
5862	77.48
5863	77.48
5864	77.48
5865	77.48
5866	77.48
5867	77.48
5868	77.48
5869	77.48
5870	77.48
5871	77.48
5872	77.48
5873	77.48
5874	77.48
5875	77.48
5876	77.48
5877	77.48
5878	77.48
5879	77.48
5880	77.48
5881	77.48
5882	77.48
5883	77.48
5884	77.48
5885	77.48
5886	77.48
5887	77.48
5888	77.48
5889	77.48
5890	77.48
5891	77.48
5892	77.48
5893	77.48
5894	77.48
5895	77.48
5896	77.48
5897	77.48
5898	77.48
5899	77.48
5900	77.48
5901	77.48
5902	77.48
5903	77.48
5904	77.48
5905	77.48
5906	77.48
5907	77.48
5908	77.48
5909	77.48
5910	77.48
5911	77.48
5912	77.48
5913	77.48
5914	77.48
5915	77.48
5916	77.48
5917	77.48
5918	77.48
5919	77.48
5920	77.48
5921	77.48
5922	77.48
5923	77.48
5924	77.48
5925	77.48
5926	77.48
5927	77.48
5928	77.48
5929	77.48
5930	77.48
5931	77.48
5932	77.48
5933	77.48
5934	77.48
5935	77.48
5936	77.48
5937	77.48
5938	77.48
5939	77.48
5940	77.48
5941	77.48
5942	77.48
5943	77.48
5944	77.48
5945	77.48
5946	77.48
5947	77.48
5948	77.48
5949	77.48
5950	77.48
5951	77.48
5952	77.48
5953	77.48
5954	77.48
5955	77.48
5956	77.48
5957	77.48
5958	77.48
5959	77.48
5960	77.48
5961	77.48
5962	77.48
5963	77.48
5964	77.48
5965	77.48
5966	77.48
5967	77.48
5968	77.48
5969	77.48
5970	77.48
5971	77.48
5972	77.48
5973	77.48
5974	77.48
5975	77.48
5976	77.48
5977	77.48
5978	77.48
5979	77.48
5980	77.48
5981	77.48
5982	77.48
5983	77.48
5984	77.48
5985	77.48
5986	77.48
5987	77.48
5988	77.48
5989	77.48
5990	77.48
5991	77.48
5992	77.48
5993	77.48
5994	77.48
5995	77.48
5996	77.48
5997	77.48
5998	77.48
5999	77.48
6000	77.48
6001	77.48
6002	77.48
6003	77.48
6004	77.48
6005	77.48
6006	77.48
6007	77.48
6008	77.48
6009	77.48
6010	77.48
6011	77.48
6012	77.48
6013	77.48
6014	77.48
6015	77.48
6016	77.48
6017	77.48
6018	77.48
6019	77.48
6020	77.48
6021	77.48
6022	77.48
6023	77.48
6024	77.48
6025	77.48
6026	77.48
6027	77.48
6028	77.48
6029	77.48
6030	77.48
6031	77.48
6032	77.48
6033	77.48
6034	77.48
6035	77.48
6036	77.48
6037	77.48
6038	77.48
6039	77.48
6040	77.48
6041	77.48
6042	77.48
6043	77.48
6044	77.48
6045	77.48
6046	77.48
6047	77.48
6048	77.48
6049	77.48
6050	77.48
6051	77.48
6052	77.48
6053	77.48
6054	77.48
6055	77.48
6056	77.48
6057	77.48
6058	77.48
6059	77.48
6060	77.48
6061	77.48
6062	77.48
6063	77.48
6064	77.48
6065	77.48
6066	77.48
6067	77.48
6068	77.48
6069	77.48
6070	77.48
6071	77.48
6072	77.48
6073	77.48
6074	77.48
6075	77.48
6076	77.48
6077	77.48
6078	77.48
6079	77.48
6080	77.48
6081	77.48
6082	77.48
6083	77.48
6084	77.48
6085	77.48
6086	77.48
6087	77.48
6088	77.48
6089	77.48
6090	77.48
6091	77.48
6092	77.48
6093	77.48
6094	77.48
6095	77.48
6096	77.48
6097	77.48
6098	77.48
6099	77.48
6100	77.48
6101	77.48
6102	77.48
6103	77.48
6104	77.48
6105	77.48
6106	77.48
6107	77.48
6108	77.48
6109	77.48
6110	77.48
6111	77.48
6112	77.48
6113	77.48
6114	77.48
6115	77.48
6116	77.48
6117	77.48
6118	77.48
6119	77.48
6120	77.48
6121	77.48
6122	77.48
6123	77.48
6124	77.48
6125	77.48
6126	77.48
6127	77.48
6128	77.48
6129	77.48
6130	77.48
6131	77.48
6132	77.48
6133	77.48
6134	77.48
6135	77.48
6136	77.48
6137	77.48
6138	77.48
6139	77.48
6140	77.48
6141	77.48
6142	77.48
6143	77.48
6144	77.48
6145	77.48
6146	77.48
6147	77.48
6148	77.48
6149	77.48
6150	77.48
6151	77.48
6152	77.48
6153	77.48
6154	77.48
6155	77.48
6156	77.48
6157	77.48
6158	77.48
6159	77.48
6160	77.48
6161	77.48
6162	77.48
6163	77.48
6164	77.48
6165	77.48
6166	77.48
6167	77.48
6168	77.48
6169	77.48
6170	77.48
6171	77.48
6172	77.48
6173	77.48
6174	77.48
6175	77.48
6176	77.48
6177	77.48
6178	77.48
6179	77.48
6180	77.48
6181	77.48
6182	77.48
6183	77.48
6184	77.48
6185	77.48
6186	77.48
6187	77.48
6188	77.48
6189	77.48
6190	77.48
6191	77.48
6192	77.48
6193	77.48
6194	77.48
6195	77.48
6196	77.48
6197	77.48
6198	77.48
6199	77.48
6200	77.48
6201	77.48
6202	77.48
6203	77.48
6204	77.48
6205	77.48
6206	77.48
6207	77.48
6208	77.48
6209	77.48
6210	77.48
6211	77.48
6212	77.48
6213	77.48
6214	77.48
6215	77.48
6216	77.48
6217	77.48
6218	77.48
6219	77.48
6220	77.48
6221	77.48
6222	77.48
6223	77.48
6224	77.48
6225	77.48
6226	77.48
6227	77.48
6228	77.48
6229	77.48
6230	77.48
6231	77.48
6232	77.48
6233	77.48
6234	77.48
6235	77.48
6236	77.48
6237	77.48
6238	77.48
6239	77.48
6240	77.48
6241	77.48
6242	77.48
6243	77.48
6244	77.48
6245	77.48
6246	77.48
6247	77.48
6248	77.48
6249	77.48
6250	77.48
6251	77.48
6252	77.48
6253	77.48
6254	77.48
6255	77.48
6256	77.48
6257	77.48
6258	77.48
6259	77.48
6260	77.48
6261	77.48
6262	77.48
6263	77.48
6264	77.48
6265	77.48
6266	77.48
6267	77.48
6268	77.48
6269	77.48
6270	77.48
6271	77.48
6272	77.48
6273	77.48
6274	77.48
6275	77.48
6276	77.48
6277	77.48
6278	77.48
6279	77.48
6280	77.48
6281	77.48
6282	77.48
6283	77.48
6284	77.48
6285	77.48
6286	77.48
6287	77.48
6288	77.48
6289	77.48
6290	77.48
6291	77.48
6292	77.48
6293	77.48
6294	77.48
6295	77.48
6296	77.48
6297	77.48
6298	77.48
6299	77.48
6300	77.48
6301	77.48
6302	77.48
6303	77.48
6304	77.48
6305	77.48
6306	77.48
6307	77.48
6308	77.48
6309	77.48
6310	77.48
6311	77.48
6312	77.48
6313	77.48
6314	77.48
6315	77.48
6316	77.48
6317	77.48
6318	77.48
6319	77.48
6320	77.48
6321	77.48
6322	77.48
6323	77.48
6324	77.48
6325	77.48
6326	77.48
6327	77.48
6328	77.48
6329	77.48
6330	77.48
6331	77.48
6332	77.48
6333	77.48
6334	77.48
6335	77.48
6336	77.48
6337	77.48
6338	77.48
6339	77.48
6340	77.48
6341	77.48
6342	77.48
6343	77.48
6344	77.48
6345	77.48
6346	77.48
6347	77.48
6348	77.48
6349	77.48
6350	77.48
6351	77.48
6352	77.48
6353	77.48
6354	77.48
6355	77.48
6356	77.48
6357	77.48
6358	77.48
6359	77.48
6360	77.48
6361	77.48
6362	77.48
6363	77.48
6364	77.48
6365	77.48
6366	77.48
6367	77.48
6368	77.48
6369	77.48
6370	77.48
6371	77.48
6372	77.48
6373	77.48
6374	77.48
6375	77.48
6376	77.48
6377	77.48
6378	77.48
6379	77.48
6380	77.48
6381	77.48
6382	77.48
6383	77.48
6384	77.48
6385	77.48
6386	77.48
6387	77.48
6388	77.48
6389	77.48
6390	77.48
6391	77.48
6392	77.48
6393	77.48
6394	77.48
6395	77.48
6396	77.48
6397	77.48
6398	77.48
6399	77.48
6400	77.48
6401	77.48
6402	77.48
6403	77.48
6404	77.48
6405	77.48
6406	77.48
6407	77.48
6408	77.48
6409	77.48
6410	77.48
6411	77.48
6412	77.48
6413	77.48
6414	77.48
6415	77.48
6416	77.48
6417	77.48
6418	77.48
6419	77.48
6420	77.48
6421	77.48
6422	77.48
6423	77.48
6424	77.48
6425	77.48
6426	77.48
6427	77.48
6428	77.48
6429	77.48
6430	77.48
6431	77.48
6432	77.48
6433	77.48
6434	77.48
6435	77.48
6436	77.48
6437	77.48
6438	77.48
6439	77.48
6440	77.48
6441	77.48
6442	77.48
6443	77.48
6444	77.48
6445	77.48
6446	77.48
6447	77.48
6448	77.48
6449	77.48
6450	77.48
6451	77.48
6452	77.48
6453	77.48
6454	77.48
6455	77.48
6456	77.48
6457	77.48
6458	77.48
6459	77.48
6460	77.48
6461	77.48
6462	77.48
6463	77.48
6464	77.48
6465	77.48
6466	77.48
6467	77.48
6468	77.48
6469	77.48
6470	77.48
6471	77.48
6472	77.48
6473	77.48
6474	77.48
6475	77.48
6476	77.48
6477	77.48
6478	77.48
6479	77.48
6480	77.48
6481	77.48
6482	77.48
6483	77.48
6484	77.48
6485	77.48
6486	77.48
6487	77.48
6488	77.48
6489	77.48
6490	77.48
6491	77.48
6492	77.48
6493	77.48
6494	77.48
6495	77.48
6496	77.48
6497	77.48
6498	77.48
6499	77.48
6500	77.48
6501	77.48
6502	77.48
6503	77.48
6504	77.48
6505	77.48
6506	77.48
6507	77.48
6508	77.48
6509	77.48
6510	77.48
6511	77.48
6512	77.48
6513	77.48
6514	77.48
6515	77.48
6516	77.48
6517	77.48
6518	77.48
6519	77.48
6520	77.48
6521	77.48
6522	77.48
6523	77.48
6524	77.48
6525	77.48
6526	77.48
6527	77.48
6528	77.48
6529	77.48
6530	77.48
6531	77.48
6532	77.48
6533	77.48
6534	77.48
6535	77.48
6536	77.48
6537	77.48
6538	77.48
6539	77.48
6540	77.48
6541	77.48
6542	77.48
6543	77.48
6544	77.48
6545	77.48
6546	77.48
6547	77.48
6548	77.48
6549	77.48
6550	77.48
6551	77.48
6552	77.48
6553	77.48
6554	77.48
6555	77.48
6556	77.48
6557	77.48
6558	77.48
6559	77.48
6560	77.48
6561	77.48
6562	77.48
6563	77.48
6564	77.48
6565	77.48
6566	77.48
6567	77.48
6568	77.48
6569	77.48
6570	77.48
6571	77.48
6572	77.48
6573	77.48
6574	77.48
6575	77.48
6576	77.48
6577	77.48
6578	77.48
6579	77.48
6580	77.48
6581	77.48
6582	77.48
6583	77.48
6584	77.48
6585	77.48
6586	77.48
6587	77.48
6588	77.48
6589	77.48
6590	77.48
6591	77.48
6592	77.48
6593	77.48
6594	77.48
6595	77.48
6596	77.48
6597	77.48
6598	77.48
6599	77.48
6600	77.48
6601	77.48
6602	77.48
6603	77.48
6604	77.48
6605	77.48
6606	77.48
6607	77.48
6608	77.48
6609	77.48
6610	77.48
6611	77.48
6612	77.48
6613	77.48
6614	77.48
6615	77.48
6616	77.48
6617	77.48
6618	77.48
6619	77.48
6620	77.48
6621	77.48
6622	77.48
6623	77.48
6624	77.48
6625	77.48
6626	77.48
6627	77.48
6628	77.48
6629	77.48
6630	77.48
6631	77.48
6632	77.48
6633	77.48
6634	77.48
6635	77.48
6636	77.48
6637	77.48
6638	77.48
6639	77.48
6640	77.48
6641	77.48
6642	77.48
6643	77.48
6644	77.48
6645	77.48
6646	77.48
6647	77.48
6648	77.48
6649	77.48
6650	77.48
6651	77.48
6652	77.48
6653	77.48
6654	77.48
6655	77.48
6656	77.48
6657	77.48
6658	77.48
6659	77.48
6660	77.48
6661	77.48
6662	77.48
6663	77.48
6664	77.48
6665	77.48
6666	77.48
6667	77.48
6668	77.48
6669	77.48
6670	77.48
6671	77.48
6672	77.48
6673	77.48
6674	77.48
6675	77.48
6676	77.48
6677	77.48
6678	77.48
6679	77.48
6680	77.48
6681	77.48
6682	77.48
6683	77.48
6684	77.48
6685	77.48
6686	77.48
6687	77.48
6688	77.48
6689	77.48
6690	77.48
6691	77.48
6692	77.48
6693	77.48
6694	77.48
6695	77.48
6696	77.48
6697	77.48
6698	77.48
6699	77.48
6700	77.48
6701	77.48
6702	77.48
6703	77.48
6704	77.48
6705	77.48
6706	77.48
6707	77.48
6708	77.48
6709	77.48
6710	77.48
6711	77.48
6712	77.48
6713	77.48
6714	77.48
6715	77.48
6716	77.48
6717	77.48
6718	77.48
6719	77.48
6720	77.48
6721	77.48
6722	77.48
6723	77.48
6724	77.48
6725	77.48
6726	77.48
6727	77.48
6728	77.48
6729	77.48
6730	77.48
6731	77.48
6732	77.48
6733	77.48
6734	77.48
6735	77.48
6736	77.48
6737	77.48
6738	77.48
6739	77.48
6740	77.48
6741	77.48
6742	77.48
6743	77.48
6744	77.48
6745	77.48
6746	77.48
6747	77.48
6748	77.48
6749	77.48
6750	77.48
6751	77.48
6752	77.48
6753	77.48
6754	77.48
6755	77.48
6756	77.48
6757	77.48
6758	77.48
6759	77.48
6760	77.48
6761	77.48
6762	77.48
6763	77.48
6764	77.48
6765	77.48
6766	77.48
6767	77.48
6768	77.48
6769	77.48
6770	77.48
6771	77.48
6772	77.48
6773	77.48
6774	77.48
6775	77.48
6776	77.48
6777	77.48
6778	77.48
6779	77.48
6780	77.48
6781	77.48
6782	77.48
6783	77.48
6784	77.48
6785	77.48
6786	77.48
6787	77.48
6788	77.48
6789	77.48
6790	77.48
6791	77.48
6792	77.48
6793	77.48
6794	77.48
6795	77.48
6796	77.48
6797	77.48
6798	77.48
6799	77.48
6800	77.48
6801	77.48
6802	77.48
6803	77.48
6804	77.48
6805	77.48
6806	77.48
6807	77.48
6808	77.48
6809	77.48
6810	77.48
6811	77.48
6812	77.48
6813	77.48
6814	77.48
6815	77.48
6816	77.48
6817	77.48
6818	77.48
6819	77.48
6820	77.48
6821	77.48
6822	77.48
6823	77.48
6824	77.48
6825	77.48
6826	77.48
6827	77.48
6828	77.48
6829	77.48
6830	77.48
6831	77.48
6832	77.48
6833	77.48
6834	77.48
6835	77.48
6836	77.48
6837	77.48
6838	77.48
6839	77.48
6840	77.48
6841	77.48
6842	77.48
6843	77.48
6844	77.48
6845	77.48
6846	77.48
6847	77.48
6848	77.48
6849	77.48
6850	77.48
6851	77.48
6852	77.48
6853	77.48
6854	77.48
6855	77.48
6856	77.48
6857	77.48
6858	77.48
6859	77.48
6860	77.48
6861	77.48
6862	77.48
6863	77.48
6864	77.48
6865	77.48
6866	77.48
6867	77.48
6868	77.48
6869	77.48
6870	77.48
6871	77.48
6872	77.48
6873	77.48
6874	77.48
6875	77.48
6876	77.48
6877	77.48
6878	77.48
6879	77.48
6880	77.48
6881	77.48
6882	77.48
6883	77.48
6884	77.48
6885	77.48
6886	77.48
6887	77.48
6888	77.48
6889	77.48
6890	77.48
6891	77.48
6892	77.48
6893	77.48
6894	77.48
6895	77.48
6896	77.48
6897	77.48
6898	77.48
6899	77.48
6900	77.48
6901	77.48
6902	77.48
6903	77.48
6904	77.48
6905	77.48
6906	77.48
6907	77.48
6908	77.48
6909	77.48
6910	77.48
6911	77.48
6912	77.48
6913	77.48
6914	77.48
6915	77.48
6916	77.48
6917	77.48
6918	77.48
6919	77.48
6920	77.48
6921	77.48
6922	77.48
6923	77.48
6924	77.48
6925	77.48
6926	77.48
6927	77.48
6928	77.48
6929	77.48
6930	77.48
6931	77.48
6932	77.48
6933	77.48
6934	77.48
6935	77.48
6936	77.48
6937	77.48
6938	77.48
6939	77.48
6940	77.48
6941	77.48
6942	77.48
6943	77.48
6944	77.48
6945	77.48
6946	77.48
6947	77.48
6948	77.48
6949	77.48
6950	77.48
6951	77.48
6952	77.48
6953	77.48
6954	77.48
6955	77.48
6956	77.48
6957	77.48
6958	77.48
6959	77.48
6960	77.48
6961	77.48
6962	77.48
6963	77.48
6964	77.48
6965	77.48
6966	77.48
6967	77.48
6968	77.48
6969	77.48
6970	77.48
6971	77.48
6972	77.48
6973	77.48
6974	77.48
6975	77.48
6976	77.48
6977	77.48
6978	77.48
6979	77.48
6980	77.48
6981	77.48
6982	77.48
6983	77.48
6984	77.48
6985	77.48
6986	77.48
6987	77.48
6988	77.48
6989	77.48
6990	77.48
6991	77.48
6992	77.48
6993	77.48
6994	77.48
6995	77.48
6996	77.48
6997	77.48
6998	77.48
6999	77.48
7000	77.48
7001	77.48
7002	77.48
7003	77.48
7004	77.48
7005	77.48
7006	77.48
7007	77.48
7008	77.48
7009	77.48
7010	77.48
7011	77.48
7012	77.48
7013	77.48
7014	77.48
7015	77.48
7016	77.48
7017	77.48
7018	77.48
7019	77.48
7020	77.48
7021	77.48
7022	77.48
7023	77.48
7024	77.48
7025	77.48
7026	77.48
7027	77.48
7028	77.48
7029	77.48
7030	77.48
7031	77.48
7032	77.48
7033	77.48
7034	77.48
7035	77.48
7036	77.48
7037	77.48
7038	77.48
7039	77.48
7040	77.48
7041	77.48
7042	77.48
7043	77.48
7044	77.48
7045	77.48
7046	77.48
7047	77.48
7048	77.48
7049	77.48
7050	77.48
7051	77.48
7052	77.48
7053	77.48
7054	77.48
7055	77.48
7056	77.48
7057	77.48
7058	77.48
7059	77.48
7060	77.48
7061	77.48
7062	77.48
7063	77.48
7064	77.48
7065	77.48
7066	77.48
7067	77.48
7068	77.48
7069	77.48
7070	77.48
7071	77.48
7072	77.48
7073	77.48
7074	77.48
7075	77.48
7076	77.48
7077	77.48
7078	77.48
7079	77.48
7080	77.48
7081	77.48
7082	77.48
7083	77.48
7084	77.48
7085	77.48
7086	77.48
7087	77.48
7088	77.48
7089	77.48
7090	77.48
7091	77.48
7092	77.48
7093	77.48
7094	77.48
7095	77.48
7096	77.48
7097	77.48
7098	77.48
7099	77.48
7100	77.48
7101	77.48
7102	77.48
7103	77.48
7104	77.48
7105	77.48
7106	77.48
7107	77.48
7108	77.48
7109	77.48
7110	77.48
7111	77.48
7112	77.48
7113	77.48
7114	77.48
7115	77.48
7116	77.48
7117	77.48
7118	77.48
7119	77.48
7120	77.48
7121	77.48
7122	77.48
7123	77.48
7124	77.48
7125	77.48
7126	77.48
7127	77.48
7128	77.48
7129	77.48
7130	77.48
7131	77.48
7132	77.48
7133	77.48
7134	77.48
7135	77.48
7136	77.48
7137	77.48
7138	77.48
7139	77.48
7140	77.48
7141	77.48
7142	77.48
7143	77.48
7144	77.48
7145	77.48
7146	77.48
7147	77.48
7148	77.48
7149	77.48
7150	77.48
7151	77.48
7152	77.48
7153	77.48
7154	77.48
7155	77.48
7156	77.48
7157	77.48
7158	77.48
7159	77.48
7160	77.48
7161	77.48
7162	77.48
7163	77.48
7164	77.48
7165	77.48
7166	77.48
7167	77.48
7168	77.48
7169	77.48
7170	77.48
7171	77.48
7172	77.48
7173	77.48
7174	77.48
7175	77.48
7176	77.48
7177	77.48
7178	77.48
7179	77.48
7180	77.48
7181	77.48
7182	77.48
7183	77.48
7184	77.48
7185	77.48
7186	77.48
7187	77.48
7188	77.48
7189	77.48
7190	77.48
7191	77.48
7192	77.48
7193	77.48
7194	77.48
7195	77.48
7196	77.48
7197	77.48
7198	77.48
7199	77.48
7200	77.48
7201	77.48
7202	77.48
7203	77.48
7204	77.48
7205	77.48
7206	77.48
7207	77.48
7208	77.48
7209	77.48
7210	77.48
7211	77.48
7212	77.48
7213	77.48
7214	77.48
7215	77.48
7216	77.48
7217	77.48
7218	77.48
7219	77.48
7220	77.48
7221	77.48
7222	77.48
7223	77.48
7224	77.48
7225	77.48
7226	77.48
7227	77.48
7228	77.48
7229	77.48
7230	77.48
7231	77.48
7232	77.48
7233	77.48
7234	77.48
7235	77.48
7236	77.48
7237	77.48
7238	77.48
7239	77.48
7240	77.48
7241	77.48
7242	77.48
7243	77.48
7244	77.48
7245	77.48
7246	77.48
7247	77.48
7248	77.48
7249	77.48
7250	77.48
7251	77.48
7252	77.48
7253	77.48
7254	77.48
7255	77.48
7256	77.48
7257	77.48
7258	77.48
7259	77.48
7260	77.48
7261	77.48
7262	77.48
7263	77.48
7264	77.48
7265	77.48
7266	77.48
7267	77.48
7268	77.48
7269	77.48
7270	77.48
7271	77.48
7272	77.48
7273	77.48
7274	77.48
7275	77.48
7276	77.48
7277	77.48
7278	77.48
7279	77.48
7280	77.48
7281	77.48
7282	77.48
7283	77.48
7284	77.48
7285	77.48
7286	77.48
7287	77.48
7288	77.48
7289	77.48
7290	77.48
7291	77.48
7292	77.48
7293	77.48
7294	77.48
7295	77.48
7296	77.48
7297	77.48
7298	77.48
7299	77.48
7300	77.48
7301	77.48
7302	77.48
7303	77.48
7304	77.48
7305	77.48
7306	77.48
7307	77.48
7308	77.48
7309	77.48
7310	77.48
7311	77.48
7312	77.48
7313	77.48
7314	77.48
7315	77.48
7316	77.48
7317	77.48
7318	77.48
7319	77.48
7320	77.48
7321	77.48
7322	77.48
7323	77.48
7324	77.48
7325	77.48
7326	77.48
7327	77.48
7328	77.48
7329	77.48
7330	77.48
7331	77.48
7332	77.48
7333	77.48
7334	77.48
7335	77.48
7336	77.48
7337	77.48
7338	77.48
7339	77.48
7340	77.48
7341	77.48
7342	77.48
7343	77.48
7344	77.48
7345	77.48
7346	77.48
7347	77.48
7348	77.48
7349	77.48
7350	77.48
7351	77.48
7352	77.48
7353	77.48
7354	77.48
7355	77.48
7356	77.48
7357	77.48
7358	77.48
7359	77.48
7360	77.48
7361	77.48
7362	77.48
7363	77.48
7364	77.48
7365	77.48
7366	77.48
7367	77.48
7368	77.48
7369	77.48
7370	77.48
7371	77.48
7372	77.48
7373	77.48
7374	77.48
7375	77.48
7376	77.48
7377	77.48
7378	77.48
7379	77.48
7380	77.48
7381	77.48
7382	77.48
7383	77.48
7384	77.48
7385	77.48
7386	77.48
7387	77.48
7388	77.48
7389	77.48
7390	77.48
7391	77.48
7392	77.48
7393	77.48
7394	77.48
7395	77.48
7396	77.48
7397	77.48
7398	77.48
7399	77.48
7400	77.48
7401	77.48
7402	77.48
7403	77.48
7404	77.48
7405	77.48
7406	77.48
7407	77.48
7408	77.48
7409	77.48
7410	77.48
7411	77.48
7412	77.48
7413	77.48
7414	77.48
7415	77.48
7416	77.48
7417	77.48
7418	77.48
7419	77.48
7420	77.48
7421	77.48
7422	77.48
7423	77.48
7424	77.48
7425	77.48
7426	77.48
7427	77.48
7428	77.48
7429	77.48
7430	77.48
7431	77.48
7432	77.48
7433	77.48
7434	77.48
7435	77.48
7436	77.48
7437	77.48
7438	77.48
7439	77.48
7440	77.48
7441	77.48
7442	77.48
7443	77.48
7444	77.48
7445	77.48
7446	77.48
7447	77.48
7448	77.48
7449	77.48
7450	77.48
7451	77.48
7452	77.48
7453	77.48
7454	77.48
7455	77.48
7456	77.48
7457	77.48
7458	77.48
7459	77.48
7460	77.48
7461	77.48
7462	77.48
7463	77.48
7464	77.48
7465	77.48
7466	77.48
7467	77.48
7468	77.48
7469	77.48
7470	77.48
7471	77.48
7472	77.48
7473	77.48
7474	77.48
7475	77.48
7476	77.48
7477	77.48
7478	77.48
7479	77.48
7480	77.48
7481	77.48
7482	77.48
7483	77.48
7484	77.48
7485	77.48
7486	77.48
7487	77.48
7488	77.48
7489	77.48
7490	77.48
7491	77.48
7492	77.48
7493	77.48
7494	77.48
7495	77.48
7496	77.48
7497	77.48
7498	77.48
7499	77.48
7500	77.48
7501	77.48
7502	77.48
7503	77.48
7504	77.48
7505	77.48
7506	77.48
7507	77.48
7508	77.48
7509	77.48
7510	77.48
7511	77.48
7512	77.48
7513	77.48
7514	77.48
7515	77.48
7516	77.48
7517	77.48
7518	77.48
7519	77.48
7520	77.48
7521	77.48
7522	77.48
7523	77.48
7524	77.48
7525	77.48
7526	77.48
7527	77.48
7528	77.48
7529	77.48
7530	77.48
7531	77.48
7532	77.48
7533	77.48
7534	77.48
7535	77.48
7536	77.48
7537	77.48
7538	77.48
7539	77.48
7540	77.48
7541	77.48
7542	77.48
7543	77.48
7544	77.48
7545	77.48
7546	77.48
7547	77.48
7548	77.48
7549	77.48
7550	77.48
7551	77.48
7552	77.48
7553	77.48
7554	77.48
7555	77.48
7556	77.48
7557	77.48
7558	77.48
7559	77.48
7560	77.48
7561	77.48
7562	77.48
7563	77.48
7564	77.48
7565	77.48
7566	77.48
7567	77.48
7568	77.48
7569	77.48
7570	77.48
7571	77.48
7572	77.48
7573	77.48
7574	77.48
7575	77.48
7576	77.48
7577	77.48
7578	77.48
7579	77.48
7580	77.48
7581	77.48
7582	77.48
7583	77.48
7584	77.48
7585	77.48
7586	77.48
7587	77.48
7588	77.48
7589	77.48
7590	77.48
7591	77.48
7592	77.48
7593	77.48
7594	77.48
7595	77.48
7596	77.48
7597	77.48
7598	77.48
7599	77.48
7600	77.48
7601	77.48
7602	77.48
7603	77.48
7604	77.48
7605	77.48
7606	77.48
7607	77.48
7608	77.48
7609	77.48
7610	77.48
7611	77.48
7612	77.48
7613	77.48
7614	77.48
7615	77.48
7616	77.48
7617	77.48
7618	77.48
7619	77.48
7620	77.48
7621	77.48
7622	77.48
7623	77.48
7624	77.48
7625	77.48
7626	77.48
7627	77.48
7628	77.48
7629	77.48
7630	77.48
7631	77.48
7632	77.48
7633	77.48
7634	77.48
7635	77.48
7636	77.48
7637	77.48
7638	77.48
7639	77.48
7640	77.48
7641	77.48
7642	77.48
7643	77.48
7644	77.48
7645	77.48
7646	77.48
7647	77.48
7648	77.48
7649	77.48
7650	77.48
7651	77.48
7652	77.48
7653	77.48
7654	77.48
7655	77.48
7656	77.48
7657	77.48
7658	77.48
7659	77.48
7660	77.48
7661	77.48
7662	77.48
7663	77.48
7664	77.48
7665	77.48
7666	77.48
7667	77.48
7668	77.48
7669	77.48
7670	77.48
7671	77.48
7672	77.48
7673	77.48
7674	77.48
7675	77.48
7676	77.48
7677	77.48
7678	77.48
7679	77.48
7680	77.48
7681	77.48
7682	77.48
7683	77.48
7684	77.48
7685	77.48
7686	77.48
7687	77.48
7688	77.48
7689	77.48
7690	77.48
7691	77.48
7692	77.48
7693	77.48
7694	77.48
7695	77.48
7696	77.48
7697	77.48
7698	77.48
7699	77.48
7700	77.48
7701	77.48
7702	77.48
7703	77.48
7704	77.48
7705	77.48
7706	77.48
7707	77.48
7708	77.48
7709	77.48
7710	77.48
7711	77.48
7712	77.48
7713	77.48
7714	77.48
7715	77.48
7716	77.48
7717	77.48
7718	77.48
7719	77.48
7720	77.48
7721	77.48
7722	77.48
7723	77.48
7724	77.48
7725	77.48
7726	77.48
7727	77.48
7728	77.48
7729	77.48
7730	77.48
7731	77.48
7732	77.48
7733	77.48
7734	77.48
7735	77.48
7736	77.48
7737	77.48
7738	77.48
7739	77.48
7740	77.48
7741	77.48
7742	77.48
7743	77.48
7744	77.48
7745	77.48
7746	77.48
7747	77.48
7748	77.48
7749	77.48
7750	77.48
7751	77.48
7752	77.48
7753	77.48
7754	77.48
7755	77.48
7756	77.48
7757	77.48
7758	77.48
7759	77.48
7760	77.48
7761	77.48
7762	77.48
7763	77.48
7764	77.48
7765	77.48
7766	77.48
7767	77.48
7768	77.48
7769	77.48
7770	77.48
7771	77.48
7772	77.48
7773	77.48
7774	77.48
7775	77.48
7776	77.48
7777	77.48
7778	77.48
7779	77.48
7780	77.48
7781	77.48
7782	77.48
7783	77.48
7784	77.48
7785	77.48
7786	77.48
7787	77.48
7788	77.48
7789	77.48
7790	77.48
7791	77.48
7792	77.48
7793	77.48
7794	77.48
7795	77.48
7796	77.48
7797	77.48
7798	77.48
7799	77.48
7800	77.48
7801	77.48
7802	77.48
7803	77.48
7804	77.48
7805	77.48
7806	77.48
7807	77.48
7808	77.48
7809	77.48
7810	77.48
7811	77.48
7812	77.48
7813	77.48
7814	77.48
7815	77.48
7816	77.48
7817	77.48
7818	77.48
7819	77.48
7820	77.48
7821	77.48
7822	77.48
7823	77.48
7824	77.48
7825	77.48
7826	77.48
7827	77.48
7828	77.48
7829	77.48
7830	77.48
7831	77.48
7832	77.48
7833	77.48
7834	77.48
7835	77.48
7836	77.48
7837	77.48
7838	77.48
7839	77.48
7840	77.48
7841	77.48
7842	77.48
7843	77.48
7844	77.48
7845	77.48
7846	77.48
7847	77.48
7848	77.48
7849	77.48
7850	77.48
7851	77.48
7852	77.48
7853	77.48
7854	77.48
7855	77.48
7856	77.48
7857	77.48
7858	77.48
7859	77.48
7860	77.48
7861	77.48
7862	77.48
7863	77.48
7864	77.48
7865	77.48
7866	77.48
7867	77.48
7868	77.48
7869	77.48
7870	77.48
7871	77.48
7872	77.48
7873	77.48
7874	77.48
7875	77.48
7876	77.48
7877	77.48
7878	77.48
7879	77.48
7880	77.48
7881	77.48
7882	77.48
7883	77.48
7884	77.48
7885	77.48
7886	77.48
7887	77.48
7888	77.48
7889	77.48
7890	77.48
7891	77.48
7892	77.48
7893	77.48
7894	77.48
7895	77.48
7896	77.48
7897	77.48
7898	77.48
7899	77.48
7900	77.48
7901	77.48
7902	77.48
7903	77.48
7904	77.48
7905	77.48
7906	77.48
7907	77.48
7908	77.48
7909	77.48
7910	77.48
7911	77.48
7912	77.48
7913	77.48
7914	77.48
7915	77.48
7916	77.48
7917	77.48
7918	77.48
7919	77.48
7920	77.48
7921	77.48
7922	77.48
7923	77.48
7924	77.48
7925	77.48
7926	77.48
7927	77.48
7928	77.48
7929	77.48
7930	77.48
7931	77.48
7932	77.48
7933	77.48
7934	77.48
7935	77.48
7936	77.48
7937	77.48
7938	77.48
7939	77.48
7940	77.48
7941	77.48
7942	77.48
7943	77.48
7944	77.48
7945	77.48
7946	77.48
7947	77.48
7948	77.48
7949	77.48
7950	77.48
7951	77.48
7952	77.48
7953	77.48
7954	77.48
7955	77.48
7956	77.48
7957	77.48
7958	77.48
7959	77.48
7960	77.48
7961	77.48
7962	77.48
7963	77.48
7964	77.48
7965	77.48
7966	77.48
7967	77.48
7968	77.48
7969	77.48
7970	77.48
7971	77.48
7972	77.48
7973	77.48
7974	77.48
7975	77.48
7976	77.48
7977	77.48
7978	77.48
7979	77.48
7980	77.48
7981	77.48
7982	77.48
7983	77.48
7984	77.48
7985	77.48
7986	77.48
7987	77.48
7988	77.48
7989	77.48
7990	77.48
7991	77.48
7992	77.48
