0	22.52
1	22.52
2	22.52
3	22.52
4	22.52
5	22.52
6	22.52
7	22.52
8	22.52
9	22.52
10	22.52
11	22.52
12	22.52
13	22.52
14	22.52
15	22.52
16	22.52
17	22.52
18	22.52
19	22.52
20	22.52
21	22.52
22	22.52
23	22.52
24	22.52
25	22.52
26	22.52
27	22.52
28	22.52
29	22.52
30	22.52
31	22.52
32	22.52
33	22.52
34	22.52
35	22.52
36	22.52
37	22.52
38	22.52
39	22.52
40	22.52
41	22.52
42	22.52
43	22.52
44	22.52
45	22.52
46	22.52
47	22.52
48	22.52
49	22.52
50	22.52
51	22.52
52	22.52
53	22.52
54	22.52
55	22.52
56	22.52
57	22.52
58	22.52
59	22.52
60	22.52
61	22.52
62	22.52
63	22.52
64	22.52
65	22.52
66	22.52
67	22.52
68	22.52
69	22.52
70	22.52
71	22.52
72	22.52
73	22.52
74	22.52
75	22.52
76	22.52
77	22.52
78	22.52
79	22.52
80	22.52
81	22.52
82	22.52
83	22.52
84	22.52
85	22.52
86	22.52
87	22.52
88	22.52
89	22.52
90	22.52
91	22.52
92	22.52
93	22.52
94	22.52
95	22.52
96	22.52
97	22.52
98	22.52
99	22.52
100	22.52
101	22.52
102	22.52
103	22.52
104	22.52
105	22.52
106	22.52
107	22.52
108	22.52
109	22.52
110	22.52
111	22.52
112	22.52
113	22.52
114	22.52
115	22.52
116	22.52
117	22.52
118	22.52
119	22.52
120	22.52
121	22.52
122	22.52
123	22.52
124	22.52
125	22.52
126	22.52
127	22.52
128	22.52
129	22.52
130	22.52
131	22.52
132	22.52
133	22.52
134	22.52
135	22.52
136	22.52
137	22.52
138	22.52
139	22.52
140	22.52
141	22.52
142	22.52
143	22.52
144	22.52
145	22.52
146	22.52
147	22.52
148	22.52
149	22.52
150	22.52
151	22.52
152	22.52
153	22.52
154	22.52
155	22.52
156	22.52
157	22.52
158	22.52
159	22.52
160	22.52
161	22.52
162	22.52
163	22.52
164	22.52
165	22.52
166	22.52
167	22.52
168	22.52
169	22.52
170	22.52
171	22.52
172	22.52
173	22.52
174	22.52
175	22.52
176	22.52
177	22.52
178	22.52
179	22.52
180	22.52
181	22.52
182	22.52
183	22.52
184	22.52
185	22.52
186	22.52
187	22.52
188	22.52
189	22.52
190	22.52
191	22.52
192	22.52
193	22.52
194	22.52
195	22.52
196	22.52
197	22.52
198	22.52
199	22.52
200	22.52
201	22.52
202	22.52
203	22.52
204	22.52
205	22.52
206	22.52
207	22.52
208	22.52
209	22.52
210	22.52
211	22.52
212	22.52
213	22.52
214	22.52
215	22.52
216	22.52
217	22.52
218	22.52
219	22.52
220	22.52
221	22.52
222	22.52
223	22.52
224	22.52
225	22.52
226	22.52
227	22.52
228	22.52
229	22.52
230	22.52
231	22.52
232	22.52
233	22.52
234	22.52
235	22.52
236	22.52
237	22.52
238	22.52
239	22.52
240	22.52
241	22.52
242	22.52
243	22.52
244	22.52
245	22.52
246	22.52
247	22.52
248	22.52
249	22.52
250	22.52
251	22.52
252	22.52
253	22.52
254	22.52
255	22.52
256	22.52
257	22.52
258	22.52
259	22.52
260	22.52
261	22.52
262	22.52
263	22.52
264	22.52
265	22.52
266	22.52
267	22.52
268	22.52
269	22.52
270	22.52
271	22.52
272	22.52
273	22.52
274	22.52
275	22.52
276	22.52
277	22.52
278	22.52
279	22.52
280	22.52
281	22.52
282	22.52
283	22.52
284	22.52
285	22.52
286	22.52
287	22.52
288	22.52
289	22.52
290	22.52
291	22.52
292	22.52
293	22.52
294	22.52
295	22.52
296	22.52
297	22.52
298	22.52
299	22.52
300	22.52
301	22.52
302	22.52
303	22.52
304	22.52
305	22.52
306	22.52
307	22.52
308	22.52
309	22.52
310	22.52
311	22.52
312	22.52
313	22.52
314	22.52
315	22.52
316	22.52
317	22.52
318	22.52
319	22.52
320	22.52
321	22.52
322	22.52
323	22.52
324	22.52
325	22.52
326	22.52
327	22.52
328	22.52
329	22.52
330	22.52
331	22.52
332	22.52
333	22.52
334	22.52
335	22.52
336	22.52
337	22.52
338	22.52
339	22.52
340	22.52
341	22.52
342	22.52
343	22.52
344	22.52
345	22.52
346	22.52
347	22.52
348	22.52
349	22.52
350	22.52
351	22.52
352	22.52
353	22.52
354	22.52
355	22.52
356	22.52
357	22.52
358	22.52
359	22.52
360	22.52
361	22.52
362	22.52
363	22.52
364	22.52
365	22.52
366	22.52
367	22.52
368	22.52
369	22.52
370	22.52
371	22.52
372	22.52
373	22.52
374	22.52
375	22.52
376	22.52
377	22.52
378	22.52
379	22.52
380	22.52
381	22.52
382	22.52
383	22.52
384	22.52
385	22.52
386	22.52
387	22.52
388	22.52
389	22.52
390	22.52
391	22.52
392	22.52
393	22.52
394	22.52
395	22.52
396	22.52
397	22.52
398	22.52
399	22.52
400	22.52
401	22.52
402	22.52
403	22.52
404	22.52
405	22.52
406	22.52
407	22.52
408	22.52
409	22.52
410	22.52
411	22.52
412	22.52
413	22.52
414	22.52
415	22.52
416	22.52
417	22.52
418	22.52
419	22.52
420	22.52
421	22.52
422	22.52
423	22.52
424	22.52
425	22.52
426	22.52
427	22.52
428	22.52
429	22.52
430	22.52
431	22.52
432	22.52
433	22.52
434	22.52
435	22.52
436	22.52
437	22.52
438	22.52
439	22.52
440	22.52
441	22.52
442	22.52
443	22.52
444	22.52
445	22.52
446	22.52
447	22.52
448	22.52
449	22.52
450	22.52
451	22.52
452	22.52
453	22.52
454	22.52
455	22.52
456	22.52
457	22.52
458	22.52
459	22.52
460	22.52
461	22.52
462	22.52
463	22.52
464	22.52
465	22.52
466	22.52
467	22.52
468	22.52
469	22.52
470	22.52
471	22.52
472	22.52
473	22.52
474	22.52
475	22.52
476	22.52
477	22.52
478	22.52
479	22.52
480	22.52
481	22.52
482	22.52
483	22.52
484	22.52
485	22.52
486	22.52
487	22.52
488	22.52
489	22.52
490	22.52
491	22.52
492	22.52
493	22.52
494	22.52
495	22.52
496	22.52
497	22.52
498	22.52
499	22.52
500	22.52
501	22.52
502	22.52
503	22.52
504	22.52
505	22.52
506	22.52
507	22.52
508	22.52
509	22.52
510	22.52
511	22.52
512	22.52
513	22.52
514	22.52
515	22.52
516	22.52
517	22.52
518	22.52
519	22.52
520	22.52
521	22.52
522	22.52
523	22.52
524	22.52
525	22.52
526	22.52
527	22.52
528	22.52
529	22.52
530	22.52
531	22.52
532	22.52
533	22.52
534	22.52
535	22.52
536	22.52
537	22.52
538	22.52
539	22.52
540	22.52
541	22.52
542	22.52
543	22.52
544	22.52
545	22.52
546	22.52
547	22.52
548	22.52
549	22.52
550	22.52
551	22.52
552	22.52
553	22.52
554	22.52
555	22.52
556	22.52
557	22.52
558	22.52
559	22.52
560	22.52
561	22.52
562	22.52
563	22.52
564	22.52
565	22.52
566	22.52
567	22.52
568	22.52
569	22.52
570	22.52
571	22.52
572	22.52
573	22.52
574	22.52
575	22.52
576	22.52
577	22.52
578	22.52
579	22.52
580	22.52
581	22.52
582	22.52
583	22.52
584	22.52
585	22.52
586	22.52
587	22.52
588	22.52
589	22.52
590	22.52
591	22.52
592	22.52
593	22.52
594	22.52
595	22.52
596	22.52
597	22.52
598	22.52
599	22.52
600	22.52
601	22.52
602	22.52
603	22.52
604	22.52
605	22.52
606	22.52
607	22.52
608	22.52
609	22.52
610	22.52
611	22.52
612	22.52
613	22.52
614	22.52
615	22.52
616	22.52
617	22.52
618	22.52
619	22.52
620	22.52
621	22.52
622	22.52
623	22.52
624	22.52
625	22.52
626	22.52
627	22.52
628	22.52
629	22.52
630	22.52
631	22.52
632	22.52
633	22.52
634	22.52
635	22.52
636	22.52
637	22.52
638	22.52
639	22.52
640	22.52
641	22.52
642	22.52
643	22.52
644	22.52
645	22.52
646	22.52
647	22.52
648	22.52
649	22.52
650	22.52
651	22.52
652	22.52
653	22.52
654	22.52
655	22.52
656	22.52
657	22.52
658	22.52
659	22.52
660	22.52
661	22.52
662	22.52
663	22.52
664	22.52
665	22.52
666	22.52
667	22.52
668	22.52
669	22.52
670	22.52
671	22.52
672	22.52
673	22.52
674	22.52
675	22.52
676	22.52
677	22.52
678	22.52
679	22.52
680	22.52
681	22.52
682	22.52
683	22.52
684	22.52
685	22.52
686	22.52
687	22.52
688	22.52
689	22.52
690	22.52
691	22.52
692	22.52
693	22.52
694	22.52
695	22.52
696	22.52
697	22.52
698	22.52
699	22.52
700	22.52
701	22.52
702	22.52
703	22.52
704	22.52
705	22.52
706	22.52
707	22.52
708	22.52
709	22.52
710	22.52
711	22.52
712	22.52
713	22.52
714	22.52
715	22.52
716	22.52
717	22.52
718	22.52
719	22.52
720	22.52
721	22.52
722	22.52
723	22.52
724	22.52
725	22.52
726	22.52
727	22.52
728	22.52
729	22.52
730	22.52
731	22.52
732	22.52
733	22.52
734	22.52
735	22.52
736	22.52
737	22.52
738	22.52
739	22.52
740	22.52
741	22.52
742	22.52
743	22.52
744	22.52
745	22.52
746	22.52
747	22.52
748	22.52
749	22.52
750	22.52
751	22.52
752	22.52
753	22.52
754	22.52
755	22.52
756	22.52
757	22.52
758	22.52
759	22.52
760	22.52
761	22.52
762	22.52
763	22.52
764	22.52
765	22.52
766	22.52
767	22.52
768	22.52
769	22.52
770	22.52
771	22.52
772	22.52
773	22.52
774	22.52
775	22.52
776	22.52
777	22.52
778	22.52
779	22.52
780	22.52
781	22.52
782	22.52
783	22.52
784	22.52
785	22.52
786	22.52
787	22.52
788	22.52
789	22.52
790	22.52
791	22.52
792	22.52
793	22.52
794	22.52
795	22.52
796	22.52
797	22.52
798	22.52
799	22.52
800	22.52
801	22.52
802	22.52
803	22.52
804	22.52
805	22.52
806	22.52
807	22.52
808	22.52
809	22.52
810	22.52
811	22.52
812	22.52
813	22.52
814	22.52
815	22.52
816	22.52
817	22.52
818	22.52
819	22.52
820	22.52
821	22.52
822	22.52
823	22.52
824	22.52
825	22.52
826	22.52
827	22.52
828	22.52
829	22.52
830	22.52
831	22.52
832	22.52
833	22.52
834	22.52
835	22.52
836	22.52
837	22.52
838	22.52
839	22.52
840	22.52
841	22.52
842	22.52
843	22.52
844	22.52
845	22.52
846	22.52
847	22.52
848	22.52
849	22.52
850	22.52
851	22.52
852	22.52
853	22.52
854	22.52
855	22.52
856	22.52
857	22.52
858	22.52
859	22.52
860	22.52
861	22.52
862	22.52
863	22.52
864	22.52
865	22.52
866	22.52
867	22.52
868	22.52
869	22.52
870	22.52
871	22.52
872	22.52
873	22.52
874	22.52
875	22.52
876	22.52
877	22.52
878	22.52
879	22.52
880	22.52
881	22.52
882	22.52
883	22.52
884	22.52
885	22.52
886	22.52
887	22.52
888	22.52
889	22.52
890	22.52
891	22.52
892	22.52
893	22.52
894	22.52
895	22.52
896	22.52
897	22.52
898	22.52
899	22.52
900	22.52
901	22.52
902	22.52
903	22.52
904	22.52
905	22.52
906	22.52
907	22.52
908	22.52
909	22.52
910	22.52
911	22.52
912	22.52
913	22.52
914	22.52
915	22.52
916	22.52
917	22.52
918	22.52
919	22.52
920	22.52
921	22.52
922	22.52
923	22.52
924	22.52
925	22.52
926	22.52
927	22.52
928	22.52
929	22.52
930	22.52
931	22.52
932	22.52
933	22.52
934	22.52
935	22.52
936	22.52
937	22.52
938	22.52
939	22.52
940	22.52
941	22.52
942	22.52
943	22.52
944	22.52
945	22.52
946	22.52
947	22.52
948	22.52
949	22.52
950	22.52
951	22.52
952	22.52
953	22.52
954	22.52
955	22.52
956	22.52
957	22.52
958	22.52
959	22.52
960	22.52
961	22.52
962	22.52
963	22.52
964	22.52
965	22.52
966	22.52
967	22.52
968	22.52
969	22.52
970	22.52
971	22.52
972	22.52
973	22.52
974	22.52
975	22.52
976	22.52
977	22.52
978	22.52
979	22.52
980	22.52
981	22.52
982	22.52
983	22.52
984	22.52
985	22.52
986	22.52
987	22.52
988	22.52
989	22.52
990	22.52
991	22.52
992	22.52
993	22.52
994	22.52
995	22.52
996	22.52
997	22.52
998	22.52
999	22.52
