0	-4.98
1	-4.98
2	-4.98
3	-4.98
4	-4.98
5	-4.98
6	-4.98
7	-4.98
8	-4.98
9	-4.98
10	-4.98
11	-4.98
12	-4.98
13	-4.98
14	-4.98
15	-4.98
16	-4.98
17	-4.98
18	-4.98
19	-4.98
20	-4.98
21	-4.98
22	-4.98
23	-4.98
24	-4.98
25	-4.98
26	-4.98
27	-4.98
28	-4.98
29	-4.98
30	-4.98
31	-4.98
32	-4.98
33	-4.98
34	-4.98
35	-4.98
36	-4.98
37	-4.98
38	-4.98
39	-4.98
40	-4.98
41	-4.98
42	-4.98
43	-4.98
44	-4.98
45	-4.98
46	-4.98
47	-4.98
48	-4.98
49	-4.98
50	-4.98
51	-4.98
52	-4.98
53	-4.98
54	-4.98
55	-4.98
56	-4.98
57	-4.98
58	-4.98
59	-4.98
60	-4.98
61	-4.98
62	-4.98
63	-4.98
64	-4.98
65	-4.98
66	-4.98
67	-4.98
68	-4.98
69	-4.98
70	-4.98
71	-4.98
72	-4.98
73	-4.98
74	-4.98
75	-4.98
76	-4.98
77	-4.98
78	-4.98
79	-4.98
80	-4.98
81	-4.98
82	-4.98
83	-4.98
84	-4.98
85	-4.98
86	-4.98
87	-4.98
88	-4.98
89	-4.98
90	-4.98
91	-4.98
92	-4.98
93	-4.98
94	-4.98
95	-4.98
96	-4.98
97	-4.98
98	-4.98
99	-4.98
100	-4.98
101	-4.98
102	-4.98
103	-4.98
104	-4.98
105	-4.98
106	-4.98
107	-4.98
108	-4.98
109	-4.98
110	-4.98
111	-4.98
112	-4.98
113	-4.98
114	-4.98
115	-4.98
116	-4.98
117	-4.98
118	-4.98
119	-4.98
120	-4.98
121	-4.98
122	-4.98
123	-4.98
124	-4.98
125	-4.98
126	-4.98
127	-4.98
128	-4.98
129	-4.98
130	-4.98
131	-4.98
132	-4.98
133	-4.98
134	-4.98
135	-4.98
136	-4.98
137	-4.98
138	-4.98
139	-4.98
140	-4.98
141	-4.98
142	-4.98
143	-4.98
144	-4.98
145	-4.98
146	-4.98
147	-4.98
148	-4.98
149	-4.98
150	-4.98
151	-4.98
152	-4.98
153	-4.98
154	-4.98
155	-4.98
156	-4.98
157	-4.98
158	-4.98
159	-4.98
160	-4.98
161	-4.98
162	-4.98
163	-4.98
164	-4.98
165	-4.98
166	-4.98
167	-4.98
168	-4.98
169	-4.98
170	-4.98
171	-4.98
172	-4.98
173	-4.98
174	-4.98
175	-4.98
176	-4.98
177	-4.98
178	-4.98
179	-4.98
180	-4.98
181	-4.98
182	-4.98
183	-4.98
184	-4.98
185	-4.98
186	-4.98
187	-4.98
188	-4.98
189	-4.98
190	-4.98
191	-4.98
192	-4.98
193	-4.98
194	-4.98
195	-4.98
196	-4.98
197	-4.98
198	-4.98
199	-4.98
200	-4.98
201	-4.98
202	-4.98
203	-4.98
204	-4.98
205	-4.98
206	-4.98
207	-4.98
208	-4.98
209	-4.98
210	-4.98
211	-4.98
212	-4.98
213	-4.98
214	-4.98
215	-4.98
216	-4.98
217	-4.98
218	-4.98
219	-4.98
220	-4.98
221	-4.98
222	-4.98
223	-4.98
224	-4.98
225	-4.98
226	-4.98
227	-4.98
228	-4.98
229	-4.98
230	-4.98
231	-4.98
232	-4.98
233	-4.98
234	-4.98
235	-4.98
236	-4.98
237	-4.98
238	-4.98
239	-4.98
240	-4.98
241	-4.98
242	-4.98
243	-4.98
244	-4.98
245	-4.98
246	-4.98
247	-4.98
248	-4.98
249	-4.98
250	-4.98
251	-4.98
252	-4.98
253	-4.98
254	-4.98
255	-4.98
256	-4.98
257	-4.98
258	-4.98
259	-4.98
260	-4.98
261	-4.98
262	-4.98
263	-4.98
264	-4.98
265	-4.98
266	-4.98
267	-4.98
268	-4.98
269	-4.98
270	-4.98
271	-4.98
272	-4.98
273	-4.98
274	-4.98
275	-4.98
276	-4.98
277	-4.98
278	-4.98
279	-4.98
280	-4.98
281	-4.98
282	-4.98
283	-4.98
284	-4.98
285	-4.98
286	-4.98
287	-4.98
288	-4.98
289	-4.98
290	-4.98
291	-4.98
292	-4.98
293	-4.98
294	-4.98
295	-4.98
296	-4.98
297	-4.98
298	-4.98
299	-4.98
300	-4.98
301	-4.98
302	-4.98
303	-4.98
304	-4.98
305	-4.98
306	-4.98
307	-4.98
308	-4.98
309	-4.98
310	-4.98
311	-4.98
312	-4.98
313	-4.98
314	-4.98
315	-4.98
316	-4.98
317	-4.98
318	-4.98
319	-4.98
320	-4.98
321	-4.98
322	-4.98
323	-4.98
324	-4.98
325	-4.98
326	-4.98
327	-4.98
328	-4.98
329	-4.98
330	-4.98
331	-4.98
332	-4.98
333	-4.98
334	-4.98
335	-4.98
336	-4.98
337	-4.98
338	-4.98
339	-4.98
340	-4.98
341	-4.98
342	-4.98
343	-4.98
344	-4.98
345	-4.98
346	-4.98
347	-4.98
348	-4.98
349	-4.98
350	-4.98
351	-4.98
352	-4.98
353	-4.98
354	-4.98
355	-4.98
356	-4.98
357	-4.98
358	-4.98
359	-4.98
360	-4.98
361	-4.98
362	-4.98
363	-4.98
364	-4.98
365	-4.98
366	-4.98
367	-4.98
368	-4.98
369	-4.98
370	-4.98
371	-4.98
372	-4.98
373	-4.98
374	-4.98
375	-4.98
376	-4.98
377	-4.98
378	-4.98
379	-4.98
380	-4.98
381	-4.98
382	-4.98
383	-4.98
384	-4.98
385	-4.98
386	-4.98
387	-4.98
388	-4.98
389	-4.98
390	-4.98
391	-4.98
392	-4.98
393	-4.98
394	-4.98
395	-4.98
396	-4.98
397	-4.98
398	-4.98
399	-4.98
400	-4.98
401	-4.98
402	-4.98
403	-4.98
404	-4.98
405	-4.98
406	-4.98
407	-4.98
408	-4.98
409	-4.98
410	-4.98
411	-4.98
412	-4.98
413	-4.98
414	-4.98
415	-4.98
416	-4.98
417	-4.98
418	-4.98
419	-4.98
420	-4.98
421	-4.98
422	-4.98
423	-4.98
424	-4.98
425	-4.98
426	-4.98
427	-4.98
428	-4.98
429	-4.98
430	-4.98
431	-4.98
432	-4.98
433	-4.98
434	-4.98
435	-4.98
436	-4.98
437	-4.98
438	-4.98
439	-4.98
440	-4.98
441	-4.98
442	-4.98
443	-4.98
444	-4.98
445	-4.98
446	-4.98
447	-4.98
448	-4.98
449	-4.98
450	-4.98
451	-4.98
452	-4.98
453	-4.98
454	-4.98
455	-4.98
456	-4.98
457	-4.98
458	-4.98
459	-4.98
460	-4.98
461	-4.98
462	-4.98
463	-4.98
464	-4.98
465	-4.98
466	-4.98
467	-4.98
468	-4.98
469	-4.98
470	-4.98
471	-4.98
472	-4.98
473	-4.98
474	-4.98
475	-4.98
476	-4.98
477	-4.98
478	-4.98
479	-4.98
480	-4.98
481	-4.98
482	-4.98
483	-4.98
484	-4.98
485	-4.98
486	-4.98
487	-4.98
488	-4.98
489	-4.98
490	-4.98
491	-4.98
492	-4.98
493	-4.98
494	-4.98
495	-4.98
496	-4.98
497	-4.98
498	-4.98
499	-4.98
500	-4.98
501	-4.98
502	-4.98
503	-4.98
504	-4.98
505	-4.98
506	-4.98
507	-4.98
508	-4.98
509	-4.98
510	-4.98
511	-4.98
512	-4.98
513	-4.98
514	-4.98
515	-4.98
516	-4.98
517	-4.98
518	-4.98
519	-4.98
520	-4.98
521	-4.98
522	-4.98
523	-4.98
524	-4.98
525	-4.98
526	-4.98
527	-4.98
528	-4.98
529	-4.98
530	-4.98
531	-4.98
532	-4.98
533	-4.98
534	-4.98
535	-4.98
536	-4.98
537	-4.98
538	-4.98
539	-4.98
540	-4.98
541	-4.98
542	-4.98
543	-4.98
544	-4.98
545	-4.98
546	-4.98
547	-4.98
548	-4.98
549	-4.98
550	-4.98
551	-4.98
552	-4.98
553	-4.98
554	-4.98
555	-4.98
556	-4.98
557	-4.98
558	-4.98
559	-4.98
560	-4.98
561	-4.98
562	-4.98
563	-4.98
564	-4.98
565	-4.98
566	-4.98
567	-4.98
568	-4.98
569	-4.98
570	-4.98
571	-4.98
572	-4.98
573	-4.98
574	-4.98
575	-4.98
576	-4.98
577	-4.98
578	-4.98
579	-4.98
580	-4.98
581	-4.98
582	-4.98
583	-4.98
584	-4.98
585	-4.98
586	-4.98
587	-4.98
588	-4.98
589	-4.98
590	-4.98
591	-4.98
592	-4.98
593	-4.98
594	-4.98
595	-4.98
596	-4.98
597	-4.98
598	-4.98
599	-4.98
600	-4.98
601	-4.98
602	-4.98
603	-4.98
604	-4.98
605	-4.98
606	-4.98
607	-4.98
608	-4.98
609	-4.98
610	-4.98
611	-4.98
612	-4.98
613	-4.98
614	-4.98
615	-4.98
616	-4.98
617	-4.98
618	-4.98
619	-4.98
620	-4.98
621	-4.98
622	-4.98
623	-4.98
624	-4.98
625	-4.98
626	-4.98
627	-4.98
628	-4.98
629	-4.98
630	-4.98
631	-4.98
632	-4.98
633	-4.98
634	-4.98
635	-4.98
636	-4.98
637	-4.98
638	-4.98
639	-4.98
640	-4.98
641	-4.98
642	-4.98
643	-4.98
644	-4.98
645	-4.98
646	-4.98
647	-4.98
648	-4.98
649	-4.98
650	-4.98
651	-4.98
652	-4.98
653	-4.98
654	-4.98
655	-4.98
656	-4.98
657	-4.98
658	-4.98
659	-4.98
660	-4.98
661	-4.98
662	-4.98
663	-4.98
664	-4.98
665	-4.98
666	-4.98
667	-4.98
668	-4.98
669	-4.98
670	-4.98
671	-4.98
672	-4.98
673	-4.98
674	-4.98
675	-4.98
676	-4.98
677	-4.98
678	-4.98
679	-4.98
680	-4.98
681	-4.98
682	-4.98
683	-4.98
684	-4.98
685	-4.98
686	-4.98
687	-4.98
688	-4.98
689	-4.98
690	-4.98
691	-4.98
692	-4.98
693	-4.98
694	-4.98
695	-4.98
696	-4.98
697	-4.98
698	-4.98
699	-4.98
700	-4.98
701	-4.98
702	-4.98
703	-4.98
704	-4.98
705	-4.98
706	-4.98
707	-4.98
708	-4.98
709	-4.98
710	-4.98
711	-4.98
712	-4.98
713	-4.98
714	-4.98
715	-4.98
716	-4.98
717	-4.98
718	-4.98
719	-4.98
720	-4.98
721	-4.98
722	-4.98
723	-4.98
724	-4.98
725	-4.98
726	-4.98
727	-4.98
728	-4.98
729	-4.98
730	-4.98
731	-4.98
732	-4.98
733	-4.98
734	-4.98
735	-4.98
736	-4.98
737	-4.98
738	-4.98
739	-4.98
740	-4.98
741	-4.98
742	-4.98
743	-4.98
744	-4.98
745	-4.98
746	-4.98
747	-4.98
748	-4.98
749	-4.98
750	-4.98
751	-4.98
752	-4.98
753	-4.98
754	-4.98
755	-4.98
756	-4.98
757	-4.98
758	-4.98
759	-4.98
760	-4.98
761	-4.98
762	-4.98
763	-4.98
764	-4.98
765	-4.98
766	-4.98
767	-4.98
768	-4.98
769	-4.98
770	-4.98
771	-4.98
772	-4.98
773	-4.98
774	-4.98
775	-4.98
776	-4.98
777	-4.98
778	-4.98
779	-4.98
780	-4.98
781	-4.98
782	-4.98
783	-4.98
784	-4.98
785	-4.98
786	-4.98
787	-4.98
788	-4.98
789	-4.98
790	-4.98
791	-4.98
792	-4.98
793	-4.98
794	-4.98
795	-4.98
796	-4.98
797	-4.98
798	-4.98
799	-4.98
800	-4.98
801	-4.98
802	-4.98
803	-4.98
804	-4.98
805	-4.98
806	-4.98
807	-4.98
808	-4.98
809	-4.98
810	-4.98
811	-4.98
812	-4.98
813	-4.98
814	-4.98
815	-4.98
816	-4.98
817	-4.98
818	-4.98
819	-4.98
820	-4.98
821	-4.98
822	-4.98
823	-4.98
824	-4.98
825	-4.98
826	-4.98
827	-4.98
828	-4.98
829	-4.98
830	-4.98
831	-4.98
832	-4.98
833	-4.98
834	-4.98
835	-4.98
836	-4.98
837	-4.98
838	-4.98
839	-4.98
840	-4.98
841	-4.98
842	-4.98
843	-4.98
844	-4.98
845	-4.98
846	-4.98
847	-4.98
848	-4.98
849	-4.98
850	-4.98
851	-4.98
852	-4.98
853	-4.98
854	-4.98
855	-4.98
856	-4.98
857	-4.98
858	-4.98
859	-4.98
860	-4.98
861	-4.98
862	-4.98
863	-4.98
864	-4.98
865	-4.98
866	-4.98
867	-4.98
868	-4.98
869	-4.98
870	-4.98
871	-4.98
872	-4.98
873	-4.98
874	-4.98
875	-4.98
876	-4.98
877	-4.98
878	-4.98
879	-4.98
880	-4.98
881	-4.98
882	-4.98
883	-4.98
884	-4.98
885	-4.98
886	-4.98
887	-4.98
888	-4.98
889	-4.98
890	-4.98
891	-4.98
892	-4.98
893	-4.98
894	-4.98
895	-4.98
896	-4.98
897	-4.98
898	-4.98
899	-4.98
900	-4.98
901	-4.98
902	-4.98
903	-4.98
904	-4.98
905	-4.98
906	-4.98
907	-4.98
908	-4.98
909	-4.98
910	-4.98
911	-4.98
912	-4.98
913	-4.98
914	-4.98
915	-4.98
916	-4.98
917	-4.98
918	-4.98
919	-4.98
920	-4.98
921	-4.98
922	-4.98
923	-4.98
924	-4.98
925	-4.98
926	-4.98
927	-4.98
928	-4.98
929	-4.98
930	-4.98
931	-4.98
932	-4.98
933	-4.98
934	-4.98
935	-4.98
936	-4.98
937	-4.98
938	-4.98
939	-4.98
940	-4.98
941	-4.98
942	-4.98
943	-4.98
944	-4.98
945	-4.98
946	-4.98
947	-4.98
948	-4.98
949	-4.98
950	-4.98
951	-4.98
952	-4.98
953	-4.98
954	-4.98
955	-4.98
956	-4.98
957	-4.98
958	-4.98
959	-4.98
960	-4.98
961	-4.98
962	-4.98
963	-4.98
964	-4.98
965	-4.98
966	-4.98
967	-4.98
968	-4.98
969	-4.98
970	-4.98
971	-4.98
972	-4.98
973	-4.98
974	-4.98
975	-4.98
976	-4.98
977	-4.98
978	-4.98
979	-4.98
980	-4.98
981	-4.98
982	-4.98
983	-4.98
984	-4.98
985	-4.98
986	-4.98
987	-4.98
988	-4.98
989	-4.98
990	-4.98
991	-4.98
992	-4.98
993	-4.98
994	-4.98
995	-4.98
996	-4.98
997	-4.98
998	-4.98
999	-4.98
1000	-4.98
1001	-4.98
1002	-4.98
1003	-4.98
1004	-4.98
1005	-4.98
1006	-4.98
1007	-4.98
1008	-4.98
1009	-4.98
1010	-4.98
1011	-4.98
1012	-4.98
1013	-4.98
1014	-4.98
1015	-4.98
1016	-4.98
1017	-4.98
1018	-4.98
1019	-4.98
1020	-4.98
1021	-4.98
1022	-4.98
1023	-4.98
1024	-4.98
1025	-4.98
1026	-4.98
1027	-4.98
1028	-4.98
1029	-4.98
1030	-4.98
1031	-4.98
1032	-4.98
1033	-4.98
1034	-4.98
1035	-4.98
1036	-4.98
1037	-4.98
1038	-4.98
1039	-4.98
1040	-4.98
1041	-4.98
1042	-4.98
1043	-4.98
1044	-4.98
1045	-4.98
1046	-4.98
1047	-4.98
1048	-4.98
1049	-4.98
1050	-4.98
1051	-4.98
1052	-4.98
1053	-4.98
1054	-4.98
1055	-4.98
1056	-4.98
1057	-4.98
1058	-4.98
1059	-4.98
1060	-4.98
1061	-4.98
1062	-4.98
1063	-4.98
1064	-4.98
1065	-4.98
1066	-4.98
1067	-4.98
1068	-4.98
1069	-4.98
1070	-4.98
1071	-4.98
1072	-4.98
1073	-4.98
1074	-4.98
1075	-4.98
1076	-4.98
1077	-4.98
1078	-4.98
1079	-4.98
1080	-4.98
1081	-4.98
1082	-4.98
1083	-4.98
1084	-4.98
1085	-4.98
1086	-4.98
1087	-4.98
1088	-4.98
1089	-4.98
1090	-4.98
1091	-4.98
1092	-4.98
1093	-4.98
1094	-4.98
1095	-4.98
1096	-4.98
1097	-4.98
1098	-4.98
1099	-4.98
1100	-4.98
1101	-4.98
1102	-4.98
1103	-4.98
1104	-4.98
1105	-4.98
1106	-4.98
1107	-4.98
1108	-4.98
1109	-4.98
1110	-4.98
1111	-4.98
1112	-4.98
1113	-4.98
1114	-4.98
1115	-4.98
1116	-4.98
1117	-4.98
1118	-4.98
1119	-4.98
1120	-4.98
1121	-4.98
1122	-4.98
1123	-4.98
1124	-4.98
1125	-4.98
1126	-4.98
1127	-4.98
1128	-4.98
1129	-4.98
1130	-4.98
1131	-4.98
1132	-4.98
1133	-4.98
1134	-4.98
1135	-4.98
1136	-4.98
1137	-4.98
1138	-4.98
1139	-4.98
1140	-4.98
1141	-4.98
1142	-4.98
1143	-4.98
1144	-4.98
1145	-4.98
1146	-4.98
1147	-4.98
1148	-4.98
1149	-4.98
1150	-4.98
1151	-4.98
1152	-4.98
1153	-4.98
1154	-4.98
1155	-4.98
1156	-4.98
1157	-4.98
1158	-4.98
1159	-4.98
1160	-4.98
1161	-4.98
1162	-4.98
1163	-4.98
1164	-4.98
1165	-4.98
1166	-4.98
1167	-4.98
1168	-4.98
1169	-4.98
1170	-4.98
1171	-4.98
1172	-4.98
1173	-4.98
1174	-4.98
1175	-4.98
1176	-4.98
1177	-4.98
1178	-4.98
1179	-4.98
1180	-4.98
1181	-4.98
1182	-4.98
1183	-4.98
1184	-4.98
1185	-4.98
1186	-4.98
1187	-4.98
1188	-4.98
1189	-4.98
1190	-4.98
1191	-4.98
1192	-4.98
1193	-4.98
1194	-4.98
1195	-4.98
1196	-4.98
1197	-4.98
1198	-4.98
1199	-4.98
1200	-4.98
1201	-4.98
1202	-4.98
1203	-4.98
1204	-4.98
1205	-4.98
1206	-4.98
1207	-4.98
1208	-4.98
1209	-4.98
1210	-4.98
1211	-4.98
1212	-4.98
1213	-4.98
1214	-4.98
1215	-4.98
1216	-4.98
1217	-4.98
1218	-4.98
1219	-4.98
1220	-4.98
1221	-4.98
1222	-4.98
1223	-4.98
1224	-4.98
1225	-4.98
1226	-4.98
1227	-4.98
1228	-4.98
1229	-4.98
1230	-4.98
1231	-4.98
1232	-4.98
1233	-4.98
1234	-4.98
1235	-4.98
1236	-4.98
1237	-4.98
1238	-4.98
1239	-4.98
1240	-4.98
1241	-4.98
1242	-4.98
1243	-4.98
1244	-4.98
1245	-4.98
1246	-4.98
1247	-4.98
1248	-4.98
1249	-4.98
1250	-4.98
1251	-4.98
1252	-4.98
1253	-4.98
1254	-4.98
1255	-4.98
1256	-4.98
1257	-4.98
1258	-4.98
1259	-4.98
1260	-4.98
1261	-4.98
1262	-4.98
1263	-4.98
1264	-4.98
1265	-4.98
1266	-4.98
1267	-4.98
1268	-4.98
1269	-4.98
1270	-4.98
1271	-4.98
1272	-4.98
1273	-4.98
1274	-4.98
1275	-4.98
1276	-4.98
1277	-4.98
1278	-4.98
1279	-4.98
1280	-4.98
1281	-4.98
1282	-4.98
1283	-4.98
1284	-4.98
1285	-4.98
1286	-4.98
1287	-4.98
1288	-4.98
1289	-4.98
1290	-4.98
1291	-4.98
1292	-4.98
1293	-4.98
1294	-4.98
1295	-4.98
1296	-4.98
1297	-4.98
1298	-4.98
1299	-4.98
1300	-4.98
1301	-4.98
1302	-4.98
1303	-4.98
1304	-4.98
1305	-4.98
1306	-4.98
1307	-4.98
1308	-4.98
1309	-4.98
1310	-4.98
1311	-4.98
1312	-4.98
1313	-4.98
1314	-4.98
1315	-4.98
1316	-4.98
1317	-4.98
1318	-4.98
1319	-4.98
1320	-4.98
1321	-4.98
1322	-4.98
1323	-4.98
1324	-4.98
1325	-4.98
1326	-4.98
1327	-4.98
1328	-4.98
1329	-4.98
1330	-4.98
1331	-4.98
1332	-4.98
1333	-4.98
1334	-4.98
1335	-4.98
1336	-4.98
1337	-4.98
1338	-4.98
1339	-4.98
1340	-4.98
1341	-4.98
1342	-4.98
1343	-4.98
1344	-4.98
1345	-4.98
1346	-4.98
1347	-4.98
1348	-4.98
1349	-4.98
1350	-4.98
1351	-4.98
1352	-4.98
1353	-4.98
1354	-4.98
1355	-4.98
1356	-4.98
1357	-4.98
1358	-4.98
1359	-4.98
1360	-4.98
1361	-4.98
1362	-4.98
1363	-4.98
1364	-4.98
1365	-4.98
1366	-4.98
1367	-4.98
1368	-4.98
1369	-4.98
1370	-4.98
1371	-4.98
1372	-4.98
1373	-4.98
1374	-4.98
1375	-4.98
1376	-4.98
1377	-4.98
1378	-4.98
1379	-4.98
1380	-4.98
1381	-4.98
1382	-4.98
1383	-4.98
1384	-4.98
1385	-4.98
1386	-4.98
1387	-4.98
1388	-4.98
1389	-4.98
1390	-4.98
1391	-4.98
1392	-4.98
1393	-4.98
1394	-4.98
1395	-4.98
1396	-4.98
1397	-4.98
1398	-4.98
1399	-4.98
1400	-4.98
1401	-4.98
1402	-4.98
1403	-4.98
1404	-4.98
1405	-4.98
1406	-4.98
1407	-4.98
1408	-4.98
1409	-4.98
1410	-4.98
1411	-4.98
1412	-4.98
1413	-4.98
1414	-4.98
1415	-4.98
1416	-4.98
1417	-4.98
1418	-4.98
1419	-4.98
1420	-4.98
1421	-4.98
1422	-4.98
1423	-4.98
1424	-4.98
1425	-4.98
1426	-4.98
1427	-4.98
1428	-4.98
1429	-4.98
1430	-4.98
1431	-4.98
1432	-4.98
1433	-4.98
1434	-4.98
1435	-4.98
1436	-4.98
1437	-4.98
1438	-4.98
1439	-4.98
1440	-4.98
1441	-4.98
1442	-4.98
1443	-4.98
1444	-4.98
1445	-4.98
1446	-4.98
1447	-4.98
1448	-4.98
1449	-4.98
1450	-4.98
1451	-4.98
1452	-4.98
1453	-4.98
1454	-4.98
1455	-4.98
1456	-4.98
1457	-4.98
1458	-4.98
1459	-4.98
1460	-4.98
1461	-4.98
1462	-4.98
1463	-4.98
1464	-4.98
1465	-4.98
1466	-4.98
1467	-4.98
1468	-4.98
1469	-4.98
1470	-4.98
1471	-4.98
1472	-4.98
1473	-4.98
1474	-4.98
1475	-4.98
1476	-4.98
1477	-4.98
1478	-4.98
1479	-4.98
1480	-4.98
1481	-4.98
1482	-4.98
1483	-4.98
1484	-4.98
1485	-4.98
1486	-4.98
1487	-4.98
1488	-4.98
1489	-4.98
1490	-4.98
1491	-4.98
1492	-4.98
1493	-4.98
1494	-4.98
1495	-4.98
1496	-4.98
1497	-4.98
1498	-4.98
1499	-4.98
1500	-4.98
1501	-4.98
1502	-4.98
1503	-4.98
1504	-4.98
1505	-4.98
1506	-4.98
1507	-4.98
1508	-4.98
1509	-4.98
1510	-4.98
1511	-4.98
1512	-4.98
1513	-4.98
1514	-4.98
1515	-4.98
1516	-4.98
1517	-4.98
1518	-4.98
1519	-4.98
1520	-4.98
1521	-4.98
1522	-4.98
1523	-4.98
1524	-4.98
1525	-4.98
1526	-4.98
1527	-4.98
1528	-4.98
1529	-4.98
1530	-4.98
1531	-4.98
1532	-4.98
1533	-4.98
1534	-4.98
1535	-4.98
1536	-4.98
1537	-4.98
1538	-4.98
1539	-4.98
1540	-4.98
1541	-4.98
1542	-4.98
1543	-4.98
1544	-4.98
1545	-4.98
1546	-4.98
1547	-4.98
1548	-4.98
1549	-4.98
1550	-4.98
1551	-4.98
1552	-4.98
1553	-4.98
1554	-4.98
1555	-4.98
1556	-4.98
1557	-4.98
1558	-4.98
1559	-4.98
1560	-4.98
1561	-4.98
1562	-4.98
1563	-4.98
1564	-4.98
1565	-4.98
1566	-4.98
1567	-4.98
1568	-4.98
1569	-4.98
1570	-4.98
1571	-4.98
1572	-4.98
1573	-4.98
1574	-4.98
1575	-4.98
1576	-4.98
1577	-4.98
1578	-4.98
1579	-4.98
1580	-4.98
1581	-4.98
1582	-4.98
1583	-4.98
1584	-4.98
1585	-4.98
1586	-4.98
1587	-4.98
1588	-4.98
1589	-4.98
1590	-4.98
1591	-4.98
1592	-4.98
1593	-4.98
1594	-4.98
1595	-4.98
1596	-4.98
1597	-4.98
1598	-4.98
1599	-4.98
1600	-4.98
1601	-4.98
1602	-4.98
1603	-4.98
1604	-4.98
1605	-4.98
1606	-4.98
1607	-4.98
1608	-4.98
1609	-4.98
1610	-4.98
1611	-4.98
1612	-4.98
1613	-4.98
1614	-4.98
1615	-4.98
1616	-4.98
1617	-4.98
1618	-4.98
1619	-4.98
1620	-4.98
1621	-4.98
1622	-4.98
1623	-4.98
1624	-4.98
1625	-4.98
1626	-4.98
1627	-4.98
1628	-4.98
1629	-4.98
1630	-4.98
1631	-4.98
1632	-4.98
1633	-4.98
1634	-4.98
1635	-4.98
1636	-4.98
1637	-4.98
1638	-4.98
1639	-4.98
1640	-4.98
1641	-4.98
1642	-4.98
1643	-4.98
1644	-4.98
1645	-4.98
1646	-4.98
1647	-4.98
1648	-4.98
1649	-4.98
1650	-4.98
1651	-4.98
1652	-4.98
1653	-4.98
1654	-4.98
1655	-4.98
1656	-4.98
1657	-4.98
1658	-4.98
1659	-4.98
1660	-4.98
1661	-4.98
1662	-4.98
1663	-4.98
1664	-4.98
1665	-4.98
1666	-4.98
1667	-4.98
1668	-4.98
1669	-4.98
1670	-4.98
1671	-4.98
1672	-4.98
1673	-4.98
1674	-4.98
1675	-4.98
1676	-4.98
1677	-4.98
1678	-4.98
1679	-4.98
1680	-4.98
1681	-4.98
1682	-4.98
1683	-4.98
1684	-4.98
1685	-4.98
1686	-4.98
1687	-4.98
1688	-4.98
1689	-4.98
1690	-4.98
1691	-4.98
1692	-4.98
1693	-4.98
1694	-4.98
1695	-4.98
1696	-4.98
1697	-4.98
1698	-4.98
1699	-4.98
1700	-4.98
1701	-4.98
1702	-4.98
1703	-4.98
1704	-4.98
1705	-4.98
1706	-4.98
1707	-4.98
1708	-4.98
1709	-4.98
1710	-4.98
1711	-4.98
1712	-4.98
1713	-4.98
1714	-4.98
1715	-4.98
1716	-4.98
1717	-4.98
1718	-4.98
1719	-4.98
1720	-4.98
1721	-4.98
1722	-4.98
1723	-4.98
1724	-4.98
1725	-4.98
1726	-4.98
1727	-4.98
1728	-4.98
1729	-4.98
1730	-4.98
1731	-4.98
1732	-4.98
1733	-4.98
1734	-4.98
1735	-4.98
1736	-4.98
1737	-4.98
1738	-4.98
1739	-4.98
1740	-4.98
1741	-4.98
1742	-4.98
1743	-4.98
1744	-4.98
1745	-4.98
1746	-4.98
1747	-4.98
1748	-4.98
1749	-4.98
1750	-4.98
1751	-4.98
1752	-4.98
1753	-4.98
1754	-4.98
1755	-4.98
1756	-4.98
1757	-4.98
1758	-4.98
1759	-4.98
1760	-4.98
1761	-4.98
1762	-4.98
1763	-4.98
1764	-4.98
1765	-4.98
1766	-4.98
1767	-4.98
1768	-4.98
1769	-4.98
1770	-4.98
1771	-4.98
1772	-4.98
1773	-4.98
1774	-4.98
1775	-4.98
1776	-4.98
1777	-4.98
1778	-4.98
1779	-4.98
1780	-4.98
1781	-4.98
1782	-4.98
1783	-4.98
1784	-4.98
1785	-4.98
1786	-4.98
1787	-4.98
1788	-4.98
1789	-4.98
1790	-4.98
1791	-4.98
1792	-4.98
1793	-4.98
1794	-4.98
1795	-4.98
1796	-4.98
1797	-4.98
1798	-4.98
1799	-4.98
1800	-4.98
1801	-4.98
1802	-4.98
1803	-4.98
1804	-4.98
1805	-4.98
1806	-4.98
1807	-4.98
1808	-4.98
1809	-4.98
1810	-4.98
1811	-4.98
1812	-4.98
1813	-4.98
1814	-4.98
1815	-4.98
1816	-4.98
1817	-4.98
1818	-4.98
1819	-4.98
1820	-4.98
1821	-4.98
1822	-4.98
1823	-4.98
1824	-4.98
1825	-4.98
1826	-4.98
1827	-4.98
1828	-4.98
1829	-4.98
1830	-4.98
1831	-4.98
1832	-4.98
1833	-4.98
1834	-4.98
1835	-4.98
1836	-4.98
1837	-4.98
1838	-4.98
1839	-4.98
1840	-4.98
1841	-4.98
1842	-4.98
1843	-4.98
1844	-4.98
1845	-4.98
1846	-4.98
1847	-4.98
1848	-4.98
1849	-4.98
1850	-4.98
1851	-4.98
1852	-4.98
1853	-4.98
1854	-4.98
1855	-4.98
1856	-4.98
1857	-4.98
1858	-4.98
1859	-4.98
1860	-4.98
1861	-4.98
1862	-4.98
1863	-4.98
1864	-4.98
1865	-4.98
1866	-4.98
1867	-4.98
1868	-4.98
1869	-4.98
1870	-4.98
1871	-4.98
1872	-4.98
1873	-4.98
1874	-4.98
1875	-4.98
1876	-4.98
1877	-4.98
1878	-4.98
1879	-4.98
1880	-4.98
1881	-4.98
1882	-4.98
1883	-4.98
1884	-4.98
1885	-4.98
1886	-4.98
1887	-4.98
1888	-4.98
1889	-4.98
1890	-4.98
1891	-4.98
1892	-4.98
1893	-4.98
1894	-4.98
1895	-4.98
1896	-4.98
1897	-4.98
1898	-4.98
1899	-4.98
1900	-4.98
1901	-4.98
1902	-4.98
1903	-4.98
1904	-4.98
1905	-4.98
1906	-4.98
1907	-4.98
1908	-4.98
1909	-4.98
1910	-4.98
1911	-4.98
1912	-4.98
1913	-4.98
1914	-4.98
1915	-4.98
1916	-4.98
1917	-4.98
1918	-4.98
1919	-4.98
1920	-4.98
1921	-4.98
1922	-4.98
1923	-4.98
1924	-4.98
1925	-4.98
1926	-4.98
1927	-4.98
1928	-4.98
1929	-4.98
1930	-4.98
1931	-4.98
1932	-4.98
1933	-4.98
1934	-4.98
1935	-4.98
1936	-4.98
1937	-4.98
1938	-4.98
1939	-4.98
1940	-4.98
1941	-4.98
1942	-4.98
1943	-4.98
1944	-4.98
1945	-4.98
1946	-4.98
1947	-4.98
1948	-4.98
1949	-4.98
1950	-4.98
1951	-4.98
1952	-4.98
1953	-4.98
1954	-4.98
1955	-4.98
1956	-4.98
1957	-4.98
1958	-4.98
1959	-4.98
1960	-4.98
1961	-4.98
1962	-4.98
1963	-4.98
1964	-4.98
1965	-4.98
1966	-4.98
1967	-4.98
1968	-4.98
1969	-4.98
1970	-4.98
1971	-4.98
1972	-4.98
1973	-4.98
1974	-4.98
1975	-4.98
1976	-4.98
1977	-4.98
1978	-4.98
1979	-4.98
1980	-4.98
1981	-4.98
1982	-4.98
1983	-4.98
1984	-4.98
1985	-4.98
1986	-4.98
1987	-4.98
1988	-4.98
1989	-4.98
1990	-4.98
1991	-4.98
1992	-4.98
1993	-4.98
1994	-4.98
1995	-4.98
1996	-4.98
1997	-4.98
