0	66.66
1	66.66
2	66.66
3	66.66
4	66.66
5	66.66
6	66.66
7	66.66
8	66.66
9	66.66
10	66.66
11	66.66
12	66.66
13	66.66
14	66.66
15	66.66
16	66.66
17	66.66
18	66.66
19	66.66
20	66.66
21	66.66
22	66.66
23	66.66
24	66.66
25	66.66
26	66.66
27	66.66
28	66.66
29	66.66
30	66.66
31	66.66
32	66.66
33	66.66
34	66.66
35	66.66
36	66.66
37	66.66
38	66.66
39	66.66
40	66.66
41	66.66
42	66.66
43	66.66
44	66.66
45	66.66
46	66.66
47	66.66
48	66.66
49	66.66
50	66.66
51	66.66
52	66.66
53	66.66
54	66.66
55	66.66
56	66.66
57	66.66
58	66.66
59	66.66
60	66.66
61	66.66
62	66.66
63	66.66
64	66.66
65	66.66
66	66.66
67	66.66
68	66.66
69	66.66
70	66.66
71	66.66
72	66.66
73	66.66
74	66.66
75	66.66
76	66.66
77	66.66
78	66.66
79	66.66
80	66.66
81	66.66
82	66.66
83	66.66
84	66.66
85	66.66
86	66.66
87	66.66
88	66.66
89	66.66
90	66.66
91	66.66
92	66.66
93	66.66
94	66.66
95	66.66
96	66.66
97	66.66
98	66.66
99	66.66
100	66.66
101	66.66
102	66.66
103	66.66
104	66.66
105	66.66
106	66.66
107	66.66
108	66.66
109	66.66
110	66.66
111	66.66
112	66.66
113	66.66
114	66.66
115	66.66
116	66.66
117	66.66
118	66.66
119	66.66
120	66.66
121	66.66
122	66.66
123	66.66
124	66.66
125	66.66
126	66.66
127	66.66
128	66.66
129	66.66
130	66.66
131	66.66
132	66.66
133	66.66
134	66.66
135	66.66
136	66.66
137	66.66
138	66.66
139	66.66
140	66.66
141	66.66
142	66.66
143	66.66
144	66.66
145	66.66
146	66.66
147	66.66
148	66.66
149	66.66
150	66.66
151	66.66
152	66.66
153	66.66
154	66.66
155	66.66
156	66.66
157	66.66
158	66.66
159	66.66
160	66.66
161	66.66
162	66.66
163	66.66
164	66.66
165	66.66
166	66.66
167	66.66
168	66.66
169	66.66
170	66.66
171	66.66
172	66.66
173	66.66
174	66.66
175	66.66
176	66.66
177	66.66
178	66.66
179	66.66
180	66.66
181	66.66
182	66.66
183	66.66
184	66.66
185	66.66
186	66.66
187	66.66
188	66.66
189	66.66
190	66.66
191	66.66
192	66.66
193	66.66
194	66.66
195	66.66
196	66.66
197	66.66
198	66.66
199	66.66
200	66.66
201	66.66
202	66.66
203	66.66
204	66.66
205	66.66
206	66.66
207	66.66
208	66.66
209	66.66
210	66.66
211	66.66
212	66.66
213	66.66
214	66.66
215	66.66
216	66.66
217	66.66
218	66.66
219	66.66
220	66.66
221	66.66
222	66.66
223	66.66
224	66.66
225	66.66
226	66.66
227	66.66
228	66.66
229	66.66
230	66.66
231	66.66
232	66.66
233	66.66
234	66.66
235	66.66
236	66.66
237	66.66
238	66.66
239	66.66
240	66.66
241	66.66
242	66.66
243	66.66
244	66.66
245	66.66
246	66.66
247	66.66
248	66.66
249	66.66
250	66.66
251	66.66
252	66.66
253	66.66
254	66.66
255	66.66
256	66.66
257	66.66
258	66.66
259	66.66
260	66.66
261	66.66
262	66.66
263	66.66
264	66.66
265	66.66
266	66.66
267	66.66
268	66.66
269	66.66
270	66.66
271	66.66
272	66.66
273	66.66
274	66.66
275	66.66
276	66.66
277	66.66
278	66.66
279	66.66
280	66.66
281	66.66
282	66.66
283	66.66
284	66.66
285	66.66
286	66.66
287	66.66
288	66.66
289	66.66
290	66.66
291	66.66
292	66.66
293	66.66
294	66.66
295	66.66
296	66.66
297	66.66
298	66.66
299	66.66
300	66.66
301	66.66
302	66.66
303	66.66
304	66.66
305	66.66
306	66.66
307	66.66
308	66.66
309	66.66
310	66.66
311	66.66
312	66.66
313	66.66
314	66.66
315	66.66
316	66.66
317	66.66
318	66.66
319	66.66
320	66.66
321	66.66
322	66.66
323	66.66
324	66.66
325	66.66
326	66.66
327	66.66
328	66.66
329	66.66
330	66.66
331	66.66
332	66.66
333	66.66
334	66.66
335	66.66
336	66.66
337	66.66
338	66.66
339	66.66
340	66.66
341	66.66
342	66.66
343	66.66
344	66.66
345	66.66
346	66.66
347	66.66
348	66.66
349	66.66
350	66.66
351	66.66
352	66.66
353	66.66
354	66.66
355	66.66
356	66.66
357	66.66
358	66.66
359	66.66
360	66.66
361	66.66
362	66.66
363	66.66
364	66.66
365	66.66
366	66.66
367	66.66
368	66.66
369	66.66
370	66.66
371	66.66
372	66.66
373	66.66
374	66.66
375	66.66
376	66.66
377	66.66
378	66.66
379	66.66
380	66.66
381	66.66
382	66.66
383	66.66
384	66.66
385	66.66
386	66.66
387	66.66
388	66.66
389	66.66
390	66.66
391	66.66
392	66.66
393	66.66
394	66.66
395	66.66
396	66.66
397	66.66
398	66.66
399	66.66
400	66.66
401	66.66
402	66.66
403	66.66
404	66.66
405	66.66
406	66.66
407	66.66
408	66.66
409	66.66
410	66.66
411	66.66
412	66.66
413	66.66
414	66.66
415	66.66
416	66.66
417	66.66
418	66.66
419	66.66
420	66.66
421	66.66
422	66.66
423	66.66
424	66.66
425	66.66
426	66.66
427	66.66
428	66.66
429	66.66
430	66.66
431	66.66
432	66.66
433	66.66
434	66.66
435	66.66
436	66.66
437	66.66
438	66.66
439	66.66
440	66.66
441	66.66
442	66.66
443	66.66
444	66.66
445	66.66
446	66.66
447	66.66
448	66.66
449	66.66
450	66.66
451	66.66
452	66.66
453	66.66
454	66.66
455	66.66
456	66.66
457	66.66
458	66.66
459	66.66
460	66.66
461	66.66
462	66.66
463	66.66
464	66.66
465	66.66
466	66.66
467	66.66
468	66.66
469	66.66
470	66.66
471	66.66
472	66.66
473	66.66
474	66.66
475	66.66
476	66.66
477	66.66
478	66.66
479	66.66
480	66.66
481	66.66
482	66.66
483	66.66
484	66.66
485	66.66
486	66.66
487	66.66
488	66.66
489	66.66
490	66.66
491	66.66
492	66.66
493	66.66
494	66.66
495	66.66
496	66.66
497	66.66
498	66.66
499	66.66
500	66.66
501	66.66
502	66.66
503	66.66
504	66.66
505	66.66
506	66.66
507	66.66
508	66.66
509	66.66
510	66.66
511	66.66
512	66.66
513	66.66
514	66.66
515	66.66
516	66.66
517	66.66
518	66.66
519	66.66
520	66.66
521	66.66
522	66.66
523	66.66
524	66.66
525	66.66
526	66.66
527	66.66
528	66.66
529	66.66
530	66.66
531	66.66
532	66.66
533	66.66
534	66.66
535	66.66
536	66.66
537	66.66
538	66.66
539	66.66
540	66.66
541	66.66
542	66.66
543	66.66
544	66.66
545	66.66
546	66.66
547	66.66
548	66.66
549	66.66
550	66.66
551	66.66
552	66.66
553	66.66
554	66.66
555	66.66
556	66.66
557	66.66
558	66.66
559	66.66
560	66.66
561	66.66
562	66.66
563	66.66
564	66.66
565	66.66
566	66.66
567	66.66
568	66.66
569	66.66
570	66.66
571	66.66
572	66.66
573	66.66
574	66.66
575	66.66
576	66.66
577	66.66
578	66.66
579	66.66
580	66.66
581	66.66
582	66.66
583	66.66
584	66.66
585	66.66
586	66.66
587	66.66
588	66.66
589	66.66
590	66.66
591	66.66
592	66.66
593	66.66
594	66.66
595	66.66
596	66.66
597	66.66
598	66.66
599	66.66
600	66.66
601	66.66
602	66.66
603	66.66
604	66.66
605	66.66
606	66.66
607	66.66
608	66.66
609	66.66
610	66.66
611	66.66
612	66.66
613	66.66
614	66.66
615	66.66
616	66.66
617	66.66
618	66.66
619	66.66
620	66.66
621	66.66
622	66.66
623	66.66
624	66.66
625	66.66
626	66.66
627	66.66
628	66.66
629	66.66
630	66.66
631	66.66
632	66.66
633	66.66
634	66.66
635	66.66
636	66.66
637	66.66
638	66.66
639	66.66
640	66.66
641	66.66
642	66.66
643	66.66
644	66.66
645	66.66
646	66.66
647	66.66
648	66.66
649	66.66
650	66.66
651	66.66
652	66.66
653	66.66
654	66.66
655	66.66
656	66.66
657	66.66
658	66.66
659	66.66
660	66.66
661	66.66
662	66.66
663	66.66
664	66.66
665	66.66
666	66.66
667	66.66
668	66.66
669	66.66
670	66.66
671	66.66
672	66.66
673	66.66
674	66.66
675	66.66
676	66.66
677	66.66
678	66.66
679	66.66
680	66.66
681	66.66
682	66.66
683	66.66
684	66.66
685	66.66
686	66.66
687	66.66
688	66.66
689	66.66
690	66.66
691	66.66
692	66.66
693	66.66
694	66.66
695	66.66
696	66.66
697	66.66
698	66.66
699	66.66
700	66.66
701	66.66
702	66.66
703	66.66
704	66.66
705	66.66
706	66.66
707	66.66
708	66.66
709	66.66
710	66.66
711	66.66
712	66.66
713	66.66
714	66.66
715	66.66
716	66.66
717	66.66
718	66.66
719	66.66
720	66.66
721	66.66
722	66.66
723	66.66
724	66.66
725	66.66
726	66.66
727	66.66
728	66.66
729	66.66
730	66.66
731	66.66
732	66.66
733	66.66
734	66.66
735	66.66
736	66.66
737	66.66
738	66.66
739	66.66
740	66.66
741	66.66
742	66.66
743	66.66
744	66.66
745	66.66
746	66.66
747	66.66
748	66.66
749	66.66
750	66.66
751	66.66
752	66.66
753	66.66
754	66.66
755	66.66
756	66.66
757	66.66
758	66.66
759	66.66
760	66.66
761	66.66
762	66.66
763	66.66
764	66.66
765	66.66
766	66.66
767	66.66
768	66.66
769	66.66
770	66.66
771	66.66
772	66.66
773	66.66
774	66.66
775	66.66
776	66.66
777	66.66
778	66.66
779	66.66
780	66.66
781	66.66
782	66.66
783	66.66
784	66.66
785	66.66
786	66.66
787	66.66
788	66.66
789	66.66
790	66.66
791	66.66
792	66.66
793	66.66
794	66.66
795	66.66
796	66.66
797	66.66
798	66.66
799	66.66
800	66.66
801	66.66
802	66.66
803	66.66
804	66.66
805	66.66
806	66.66
807	66.66
808	66.66
809	66.66
810	66.66
811	66.66
812	66.66
813	66.66
814	66.66
815	66.66
816	66.66
817	66.66
818	66.66
819	66.66
820	66.66
821	66.66
822	66.66
823	66.66
824	66.66
825	66.66
826	66.66
827	66.66
828	66.66
829	66.66
830	66.66
831	66.66
832	66.66
833	66.66
834	66.66
835	66.66
836	66.66
837	66.66
838	66.66
839	66.66
840	66.66
841	66.66
842	66.66
843	66.66
844	66.66
845	66.66
846	66.66
847	66.66
848	66.66
849	66.66
850	66.66
851	66.66
852	66.66
853	66.66
854	66.66
855	66.66
856	66.66
857	66.66
858	66.66
859	66.66
860	66.66
861	66.66
862	66.66
863	66.66
864	66.66
865	66.66
866	66.66
867	66.66
868	66.66
869	66.66
870	66.66
871	66.66
872	66.66
873	66.66
874	66.66
875	66.66
876	66.66
877	66.66
878	66.66
879	66.66
880	66.66
881	66.66
882	66.66
883	66.66
884	66.66
885	66.66
886	66.66
887	66.66
888	66.66
889	66.66
890	66.66
891	66.66
892	66.66
893	66.66
894	66.66
895	66.66
896	66.66
897	66.66
898	66.66
899	66.66
900	66.66
901	66.66
902	66.66
903	66.66
904	66.66
905	66.66
906	66.66
907	66.66
908	66.66
909	66.66
910	66.66
911	66.66
912	66.66
913	66.66
914	66.66
915	66.66
916	66.66
917	66.66
918	66.66
919	66.66
920	66.66
921	66.66
922	66.66
923	66.66
924	66.66
925	66.66
926	66.66
927	66.66
928	66.66
929	66.66
930	66.66
931	66.66
932	66.66
933	66.66
934	66.66
935	66.66
936	66.66
937	66.66
938	66.66
939	66.66
940	66.66
941	66.66
942	66.66
943	66.66
944	66.66
945	66.66
946	66.66
947	66.66
948	66.66
949	66.66
950	66.66
951	66.66
952	66.66
953	66.66
954	66.66
955	66.66
956	66.66
957	66.66
958	66.66
959	66.66
960	66.66
961	66.66
962	66.66
963	66.66
964	66.66
965	66.66
966	66.66
967	66.66
968	66.66
969	66.66
970	66.66
971	66.66
972	66.66
973	66.66
974	66.66
975	66.66
976	66.66
977	66.66
978	66.66
979	66.66
980	66.66
981	66.66
982	66.66
983	66.66
984	66.66
985	66.66
986	66.66
987	66.66
988	66.66
989	66.66
990	66.66
991	66.66
992	66.66
993	66.66
994	66.66
995	66.66
996	66.66
997	66.66
998	66.66
999	66.66
1000	66.66
1001	66.66
1002	66.66
1003	66.66
1004	66.66
1005	66.66
1006	66.66
1007	66.66
1008	66.66
1009	66.66
1010	66.66
1011	66.66
1012	66.66
1013	66.66
1014	66.66
1015	66.66
1016	66.66
1017	66.66
1018	66.66
1019	66.66
1020	66.66
1021	66.66
1022	66.66
1023	66.66
1024	66.66
1025	66.66
1026	66.66
1027	66.66
1028	66.66
1029	66.66
1030	66.66
1031	66.66
1032	66.66
1033	66.66
1034	66.66
1035	66.66
1036	66.66
1037	66.66
1038	66.66
1039	66.66
1040	66.66
1041	66.66
1042	66.66
1043	66.66
1044	66.66
1045	66.66
1046	66.66
1047	66.66
1048	66.66
1049	66.66
1050	66.66
1051	66.66
1052	66.66
1053	66.66
1054	66.66
1055	66.66
1056	66.66
1057	66.66
1058	66.66
1059	66.66
1060	66.66
1061	66.66
1062	66.66
1063	66.66
1064	66.66
1065	66.66
1066	66.66
1067	66.66
1068	66.66
1069	66.66
1070	66.66
1071	66.66
1072	66.66
1073	66.66
1074	66.66
1075	66.66
1076	66.66
1077	66.66
1078	66.66
1079	66.66
1080	66.66
1081	66.66
1082	66.66
1083	66.66
1084	66.66
1085	66.66
1086	66.66
1087	66.66
1088	66.66
1089	66.66
1090	66.66
1091	66.66
1092	66.66
1093	66.66
1094	66.66
1095	66.66
1096	66.66
1097	66.66
1098	66.66
1099	66.66
1100	66.66
1101	66.66
1102	66.66
1103	66.66
1104	66.66
1105	66.66
1106	66.66
1107	66.66
1108	66.66
1109	66.66
1110	66.66
1111	66.66
1112	66.66
1113	66.66
1114	66.66
1115	66.66
1116	66.66
1117	66.66
1118	66.66
1119	66.66
1120	66.66
1121	66.66
1122	66.66
1123	66.66
1124	66.66
1125	66.66
1126	66.66
1127	66.66
1128	66.66
1129	66.66
1130	66.66
1131	66.66
1132	66.66
1133	66.66
1134	66.66
1135	66.66
1136	66.66
1137	66.66
1138	66.66
1139	66.66
1140	66.66
1141	66.66
1142	66.66
1143	66.66
1144	66.66
1145	66.66
1146	66.66
1147	66.66
1148	66.66
1149	66.66
1150	66.66
1151	66.66
1152	66.66
1153	66.66
1154	66.66
1155	66.66
1156	66.66
1157	66.66
1158	66.66
1159	66.66
1160	66.66
1161	66.66
1162	66.66
1163	66.66
1164	66.66
1165	66.66
1166	66.66
1167	66.66
1168	66.66
1169	66.66
1170	66.66
1171	66.66
1172	66.66
1173	66.66
1174	66.66
1175	66.66
1176	66.66
1177	66.66
1178	66.66
1179	66.66
1180	66.66
1181	66.66
1182	66.66
1183	66.66
1184	66.66
1185	66.66
1186	66.66
1187	66.66
1188	66.66
1189	66.66
1190	66.66
1191	66.66
1192	66.66
1193	66.66
1194	66.66
1195	66.66
1196	66.66
1197	66.66
1198	66.66
1199	66.66
1200	66.66
1201	66.66
1202	66.66
1203	66.66
1204	66.66
1205	66.66
1206	66.66
1207	66.66
1208	66.66
1209	66.66
1210	66.66
1211	66.66
1212	66.66
1213	66.66
1214	66.66
1215	66.66
1216	66.66
1217	66.66
1218	66.66
1219	66.66
1220	66.66
1221	66.66
1222	66.66
1223	66.66
1224	66.66
1225	66.66
1226	66.66
1227	66.66
1228	66.66
1229	66.66
1230	66.66
1231	66.66
1232	66.66
1233	66.66
1234	66.66
1235	66.66
1236	66.66
1237	66.66
1238	66.66
1239	66.66
1240	66.66
1241	66.66
1242	66.66
1243	66.66
1244	66.66
1245	66.66
1246	66.66
1247	66.66
1248	66.66
1249	66.66
1250	66.66
1251	66.66
1252	66.66
1253	66.66
1254	66.66
1255	66.66
1256	66.66
1257	66.66
1258	66.66
1259	66.66
1260	66.66
1261	66.66
1262	66.66
1263	66.66
1264	66.66
1265	66.66
1266	66.66
1267	66.66
1268	66.66
1269	66.66
1270	66.66
1271	66.66
1272	66.66
1273	66.66
1274	66.66
1275	66.66
1276	66.66
1277	66.66
1278	66.66
1279	66.66
1280	66.66
1281	66.66
1282	66.66
1283	66.66
1284	66.66
1285	66.66
1286	66.66
1287	66.66
1288	66.66
1289	66.66
1290	66.66
1291	66.66
1292	66.66
1293	66.66
1294	66.66
1295	66.66
1296	66.66
1297	66.66
1298	66.66
1299	66.66
1300	66.66
1301	66.66
1302	66.66
1303	66.66
1304	66.66
1305	66.66
1306	66.66
1307	66.66
1308	66.66
1309	66.66
1310	66.66
1311	66.66
1312	66.66
1313	66.66
1314	66.66
1315	66.66
1316	66.66
1317	66.66
1318	66.66
1319	66.66
1320	66.66
1321	66.66
1322	66.66
1323	66.66
1324	66.66
1325	66.66
1326	66.66
1327	66.66
1328	66.66
1329	66.66
1330	66.66
1331	66.66
1332	66.66
1333	66.66
1334	66.66
1335	66.66
1336	66.66
1337	66.66
1338	66.66
1339	66.66
1340	66.66
1341	66.66
1342	66.66
1343	66.66
1344	66.66
1345	66.66
1346	66.66
1347	66.66
1348	66.66
1349	66.66
1350	66.66
1351	66.66
1352	66.66
1353	66.66
1354	66.66
1355	66.66
1356	66.66
1357	66.66
1358	66.66
1359	66.66
1360	66.66
1361	66.66
1362	66.66
1363	66.66
1364	66.66
1365	66.66
1366	66.66
1367	66.66
1368	66.66
1369	66.66
1370	66.66
1371	66.66
1372	66.66
1373	66.66
1374	66.66
1375	66.66
1376	66.66
1377	66.66
1378	66.66
1379	66.66
1380	66.66
1381	66.66
1382	66.66
1383	66.66
1384	66.66
1385	66.66
1386	66.66
1387	66.66
1388	66.66
1389	66.66
1390	66.66
1391	66.66
1392	66.66
1393	66.66
1394	66.66
1395	66.66
1396	66.66
1397	66.66
1398	66.66
1399	66.66
1400	66.66
1401	66.66
1402	66.66
1403	66.66
1404	66.66
1405	66.66
1406	66.66
1407	66.66
1408	66.66
1409	66.66
1410	66.66
1411	66.66
1412	66.66
1413	66.66
1414	66.66
1415	66.66
1416	66.66
1417	66.66
1418	66.66
1419	66.66
1420	66.66
1421	66.66
1422	66.66
1423	66.66
1424	66.66
1425	66.66
1426	66.66
1427	66.66
1428	66.66
1429	66.66
1430	66.66
1431	66.66
1432	66.66
1433	66.66
1434	66.66
1435	66.66
1436	66.66
1437	66.66
1438	66.66
1439	66.66
1440	66.66
1441	66.66
1442	66.66
1443	66.66
1444	66.66
1445	66.66
1446	66.66
1447	66.66
1448	66.66
1449	66.66
1450	66.66
1451	66.66
1452	66.66
1453	66.66
1454	66.66
1455	66.66
1456	66.66
1457	66.66
1458	66.66
1459	66.66
1460	66.66
1461	66.66
1462	66.66
1463	66.66
1464	66.66
1465	66.66
1466	66.66
1467	66.66
1468	66.66
1469	66.66
1470	66.66
1471	66.66
1472	66.66
1473	66.66
1474	66.66
1475	66.66
1476	66.66
1477	66.66
1478	66.66
1479	66.66
1480	66.66
1481	66.66
1482	66.66
1483	66.66
1484	66.66
1485	66.66
1486	66.66
1487	66.66
1488	66.66
1489	66.66
1490	66.66
1491	66.66
1492	66.66
1493	66.66
1494	66.66
1495	66.66
1496	66.66
1497	66.66
1498	66.66
1499	66.66
1500	66.66
1501	66.66
1502	66.66
1503	66.66
1504	66.66
1505	66.66
1506	66.66
1507	66.66
1508	66.66
1509	66.66
1510	66.66
1511	66.66
1512	66.66
1513	66.66
1514	66.66
1515	66.66
1516	66.66
1517	66.66
1518	66.66
1519	66.66
1520	66.66
1521	66.66
1522	66.66
1523	66.66
1524	66.66
1525	66.66
1526	66.66
1527	66.66
1528	66.66
1529	66.66
1530	66.66
1531	66.66
1532	66.66
1533	66.66
1534	66.66
1535	66.66
1536	66.66
1537	66.66
1538	66.66
1539	66.66
1540	66.66
1541	66.66
1542	66.66
1543	66.66
1544	66.66
1545	66.66
1546	66.66
1547	66.66
1548	66.66
1549	66.66
1550	66.66
1551	66.66
1552	66.66
1553	66.66
1554	66.66
1555	66.66
1556	66.66
1557	66.66
1558	66.66
1559	66.66
1560	66.66
1561	66.66
1562	66.66
1563	66.66
1564	66.66
1565	66.66
1566	66.66
1567	66.66
1568	66.66
1569	66.66
1570	66.66
1571	66.66
1572	66.66
1573	66.66
1574	66.66
1575	66.66
1576	66.66
1577	66.66
1578	66.66
1579	66.66
1580	66.66
1581	66.66
1582	66.66
1583	66.66
1584	66.66
1585	66.66
1586	66.66
1587	66.66
1588	66.66
1589	66.66
1590	66.66
1591	66.66
1592	66.66
1593	66.66
1594	66.66
1595	66.66
1596	66.66
1597	66.66
1598	66.66
1599	66.66
1600	66.66
1601	66.66
1602	66.66
1603	66.66
1604	66.66
1605	66.66
1606	66.66
1607	66.66
1608	66.66
1609	66.66
1610	66.66
1611	66.66
1612	66.66
1613	66.66
1614	66.66
1615	66.66
1616	66.66
1617	66.66
1618	66.66
1619	66.66
1620	66.66
1621	66.66
1622	66.66
1623	66.66
1624	66.66
1625	66.66
1626	66.66
1627	66.66
1628	66.66
1629	66.66
1630	66.66
1631	66.66
1632	66.66
1633	66.66
1634	66.66
1635	66.66
1636	66.66
1637	66.66
1638	66.66
1639	66.66
1640	66.66
1641	66.66
1642	66.66
1643	66.66
1644	66.66
1645	66.66
1646	66.66
1647	66.66
1648	66.66
1649	66.66
1650	66.66
1651	66.66
1652	66.66
1653	66.66
1654	66.66
1655	66.66
1656	66.66
1657	66.66
1658	66.66
1659	66.66
1660	66.66
1661	66.66
1662	66.66
1663	66.66
1664	66.66
1665	66.66
1666	66.66
1667	66.66
1668	66.66
1669	66.66
1670	66.66
1671	66.66
1672	66.66
1673	66.66
1674	66.66
1675	66.66
1676	66.66
1677	66.66
1678	66.66
1679	66.66
1680	66.66
1681	66.66
1682	66.66
1683	66.66
1684	66.66
1685	66.66
1686	66.66
1687	66.66
1688	66.66
1689	66.66
1690	66.66
1691	66.66
1692	66.66
1693	66.66
1694	66.66
1695	66.66
1696	66.66
1697	66.66
1698	66.66
1699	66.66
1700	66.66
1701	66.66
1702	66.66
1703	66.66
1704	66.66
1705	66.66
1706	66.66
1707	66.66
1708	66.66
1709	66.66
1710	66.66
1711	66.66
1712	66.66
1713	66.66
1714	66.66
1715	66.66
1716	66.66
1717	66.66
1718	66.66
1719	66.66
1720	66.66
1721	66.66
1722	66.66
1723	66.66
1724	66.66
1725	66.66
1726	66.66
1727	66.66
1728	66.66
1729	66.66
1730	66.66
1731	66.66
1732	66.66
1733	66.66
1734	66.66
1735	66.66
1736	66.66
1737	66.66
1738	66.66
1739	66.66
1740	66.66
1741	66.66
1742	66.66
1743	66.66
1744	66.66
1745	66.66
1746	66.66
1747	66.66
1748	66.66
1749	66.66
1750	66.66
1751	66.66
1752	66.66
1753	66.66
1754	66.66
1755	66.66
1756	66.66
1757	66.66
1758	66.66
1759	66.66
1760	66.66
1761	66.66
1762	66.66
1763	66.66
1764	66.66
1765	66.66
1766	66.66
1767	66.66
1768	66.66
1769	66.66
1770	66.66
1771	66.66
1772	66.66
1773	66.66
1774	66.66
1775	66.66
1776	66.66
1777	66.66
1778	66.66
1779	66.66
1780	66.66
1781	66.66
1782	66.66
1783	66.66
1784	66.66
1785	66.66
1786	66.66
1787	66.66
1788	66.66
1789	66.66
1790	66.66
1791	66.66
1792	66.66
1793	66.66
1794	66.66
1795	66.66
1796	66.66
1797	66.66
1798	66.66
1799	66.66
1800	66.66
1801	66.66
1802	66.66
1803	66.66
1804	66.66
1805	66.66
1806	66.66
1807	66.66
1808	66.66
1809	66.66
1810	66.66
1811	66.66
1812	66.66
1813	66.66
1814	66.66
1815	66.66
1816	66.66
1817	66.66
1818	66.66
1819	66.66
1820	66.66
1821	66.66
1822	66.66
1823	66.66
1824	66.66
1825	66.66
1826	66.66
1827	66.66
1828	66.66
1829	66.66
1830	66.66
1831	66.66
1832	66.66
1833	66.66
1834	66.66
1835	66.66
1836	66.66
1837	66.66
1838	66.66
1839	66.66
1840	66.66
1841	66.66
1842	66.66
1843	66.66
1844	66.66
1845	66.66
1846	66.66
1847	66.66
1848	66.66
1849	66.66
1850	66.66
1851	66.66
1852	66.66
1853	66.66
1854	66.66
1855	66.66
1856	66.66
1857	66.66
1858	66.66
1859	66.66
1860	66.66
1861	66.66
1862	66.66
1863	66.66
1864	66.66
1865	66.66
1866	66.66
1867	66.66
1868	66.66
1869	66.66
1870	66.66
1871	66.66
1872	66.66
1873	66.66
1874	66.66
1875	66.66
1876	66.66
1877	66.66
1878	66.66
1879	66.66
1880	66.66
1881	66.66
1882	66.66
1883	66.66
1884	66.66
1885	66.66
1886	66.66
1887	66.66
1888	66.66
1889	66.66
1890	66.66
1891	66.66
1892	66.66
1893	66.66
1894	66.66
1895	66.66
1896	66.66
1897	66.66
1898	66.66
1899	66.66
1900	66.66
1901	66.66
1902	66.66
1903	66.66
1904	66.66
1905	66.66
1906	66.66
1907	66.66
1908	66.66
1909	66.66
1910	66.66
1911	66.66
1912	66.66
1913	66.66
1914	66.66
1915	66.66
1916	66.66
1917	66.66
1918	66.66
1919	66.66
1920	66.66
1921	66.66
1922	66.66
1923	66.66
1924	66.66
1925	66.66
1926	66.66
1927	66.66
1928	66.66
1929	66.66
1930	66.66
1931	66.66
1932	66.66
1933	66.66
1934	66.66
1935	66.66
1936	66.66
1937	66.66
1938	66.66
1939	66.66
1940	66.66
1941	66.66
1942	66.66
1943	66.66
1944	66.66
1945	66.66
1946	66.66
1947	66.66
1948	66.66
1949	66.66
1950	66.66
1951	66.66
1952	66.66
1953	66.66
1954	66.66
1955	66.66
1956	66.66
1957	66.66
1958	66.66
1959	66.66
1960	66.66
1961	66.66
1962	66.66
1963	66.66
1964	66.66
1965	66.66
1966	66.66
1967	66.66
1968	66.66
1969	66.66
1970	66.66
1971	66.66
1972	66.66
1973	66.66
1974	66.66
1975	66.66
1976	66.66
1977	66.66
1978	66.66
1979	66.66
1980	66.66
1981	66.66
1982	66.66
1983	66.66
1984	66.66
1985	66.66
1986	66.66
1987	66.66
1988	66.66
1989	66.66
1990	66.66
1991	66.66
1992	66.66
1993	66.66
1994	66.66
1995	66.66
1996	66.66
1997	66.66
1998	66.66
1999	66.66
2000	66.66
2001	66.66
2002	66.66
2003	66.66
2004	66.66
2005	66.66
2006	66.66
2007	66.66
2008	66.66
2009	66.66
2010	66.66
2011	66.66
2012	66.66
2013	66.66
2014	66.66
2015	66.66
2016	66.66
2017	66.66
2018	66.66
2019	66.66
2020	66.66
2021	66.66
2022	66.66
2023	66.66
2024	66.66
2025	66.66
2026	66.66
2027	66.66
2028	66.66
2029	66.66
2030	66.66
2031	66.66
2032	66.66
2033	66.66
2034	66.66
2035	66.66
2036	66.66
2037	66.66
2038	66.66
2039	66.66
2040	66.66
2041	66.66
2042	66.66
2043	66.66
2044	66.66
2045	66.66
2046	66.66
2047	66.66
2048	66.66
2049	66.66
2050	66.66
2051	66.66
2052	66.66
2053	66.66
2054	66.66
2055	66.66
2056	66.66
2057	66.66
2058	66.66
2059	66.66
2060	66.66
2061	66.66
2062	66.66
2063	66.66
2064	66.66
2065	66.66
2066	66.66
2067	66.66
2068	66.66
2069	66.66
2070	66.66
2071	66.66
2072	66.66
2073	66.66
2074	66.66
2075	66.66
2076	66.66
2077	66.66
2078	66.66
2079	66.66
2080	66.66
2081	66.66
2082	66.66
2083	66.66
2084	66.66
2085	66.66
2086	66.66
2087	66.66
2088	66.66
2089	66.66
2090	66.66
2091	66.66
2092	66.66
2093	66.66
2094	66.66
2095	66.66
2096	66.66
2097	66.66
2098	66.66
2099	66.66
2100	66.66
2101	66.66
2102	66.66
2103	66.66
2104	66.66
2105	66.66
2106	66.66
2107	66.66
2108	66.66
2109	66.66
2110	66.66
2111	66.66
2112	66.66
2113	66.66
2114	66.66
2115	66.66
2116	66.66
2117	66.66
2118	66.66
2119	66.66
2120	66.66
2121	66.66
2122	66.66
2123	66.66
2124	66.66
2125	66.66
2126	66.66
2127	66.66
2128	66.66
2129	66.66
2130	66.66
2131	66.66
2132	66.66
2133	66.66
2134	66.66
2135	66.66
2136	66.66
2137	66.66
2138	66.66
2139	66.66
2140	66.66
2141	66.66
2142	66.66
2143	66.66
2144	66.66
2145	66.66
2146	66.66
2147	66.66
2148	66.66
2149	66.66
2150	66.66
2151	66.66
2152	66.66
2153	66.66
2154	66.66
2155	66.66
2156	66.66
2157	66.66
2158	66.66
2159	66.66
2160	66.66
2161	66.66
2162	66.66
2163	66.66
2164	66.66
2165	66.66
2166	66.66
2167	66.66
2168	66.66
2169	66.66
2170	66.66
2171	66.66
2172	66.66
2173	66.66
2174	66.66
2175	66.66
2176	66.66
2177	66.66
2178	66.66
2179	66.66
2180	66.66
2181	66.66
2182	66.66
2183	66.66
2184	66.66
2185	66.66
2186	66.66
2187	66.66
2188	66.66
2189	66.66
2190	66.66
2191	66.66
2192	66.66
2193	66.66
2194	66.66
2195	66.66
2196	66.66
2197	66.66
2198	66.66
2199	66.66
2200	66.66
2201	66.66
2202	66.66
2203	66.66
2204	66.66
2205	66.66
2206	66.66
2207	66.66
2208	66.66
2209	66.66
2210	66.66
2211	66.66
2212	66.66
2213	66.66
2214	66.66
2215	66.66
2216	66.66
2217	66.66
2218	66.66
2219	66.66
2220	66.66
2221	66.66
2222	66.66
2223	66.66
2224	66.66
2225	66.66
2226	66.66
2227	66.66
2228	66.66
2229	66.66
2230	66.66
2231	66.66
2232	66.66
2233	66.66
2234	66.66
2235	66.66
2236	66.66
2237	66.66
2238	66.66
2239	66.66
2240	66.66
2241	66.66
2242	66.66
2243	66.66
2244	66.66
2245	66.66
2246	66.66
2247	66.66
2248	66.66
2249	66.66
2250	66.66
2251	66.66
2252	66.66
2253	66.66
2254	66.66
2255	66.66
2256	66.66
2257	66.66
2258	66.66
2259	66.66
2260	66.66
2261	66.66
2262	66.66
2263	66.66
2264	66.66
2265	66.66
2266	66.66
2267	66.66
2268	66.66
2269	66.66
2270	66.66
2271	66.66
2272	66.66
2273	66.66
2274	66.66
2275	66.66
2276	66.66
2277	66.66
2278	66.66
2279	66.66
2280	66.66
2281	66.66
2282	66.66
2283	66.66
2284	66.66
2285	66.66
2286	66.66
2287	66.66
2288	66.66
2289	66.66
2290	66.66
2291	66.66
2292	66.66
2293	66.66
2294	66.66
2295	66.66
2296	66.66
2297	66.66
2298	66.66
2299	66.66
2300	66.66
2301	66.66
2302	66.66
2303	66.66
2304	66.66
2305	66.66
2306	66.66
2307	66.66
2308	66.66
2309	66.66
2310	66.66
2311	66.66
2312	66.66
2313	66.66
2314	66.66
2315	66.66
2316	66.66
2317	66.66
2318	66.66
2319	66.66
2320	66.66
2321	66.66
2322	66.66
2323	66.66
2324	66.66
2325	66.66
2326	66.66
2327	66.66
2328	66.66
2329	66.66
2330	66.66
2331	66.66
2332	66.66
2333	66.66
2334	66.66
2335	66.66
2336	66.66
2337	66.66
2338	66.66
2339	66.66
2340	66.66
2341	66.66
2342	66.66
2343	66.66
2344	66.66
2345	66.66
2346	66.66
2347	66.66
2348	66.66
2349	66.66
2350	66.66
2351	66.66
2352	66.66
2353	66.66
2354	66.66
2355	66.66
2356	66.66
2357	66.66
2358	66.66
2359	66.66
2360	66.66
2361	66.66
2362	66.66
2363	66.66
2364	66.66
2365	66.66
2366	66.66
2367	66.66
2368	66.66
2369	66.66
2370	66.66
2371	66.66
2372	66.66
2373	66.66
2374	66.66
2375	66.66
2376	66.66
2377	66.66
2378	66.66
2379	66.66
2380	66.66
2381	66.66
2382	66.66
2383	66.66
2384	66.66
2385	66.66
2386	66.66
2387	66.66
2388	66.66
2389	66.66
2390	66.66
2391	66.66
2392	66.66
2393	66.66
2394	66.66
2395	66.66
2396	66.66
2397	66.66
2398	66.66
2399	66.66
2400	66.66
2401	66.66
2402	66.66
2403	66.66
2404	66.66
2405	66.66
2406	66.66
2407	66.66
2408	66.66
2409	66.66
2410	66.66
2411	66.66
2412	66.66
2413	66.66
2414	66.66
2415	66.66
2416	66.66
2417	66.66
2418	66.66
2419	66.66
2420	66.66
2421	66.66
2422	66.66
2423	66.66
2424	66.66
2425	66.66
2426	66.66
2427	66.66
2428	66.66
2429	66.66
2430	66.66
2431	66.66
2432	66.66
2433	66.66
2434	66.66
2435	66.66
2436	66.66
2437	66.66
2438	66.66
2439	66.66
2440	66.66
2441	66.66
2442	66.66
2443	66.66
2444	66.66
2445	66.66
2446	66.66
2447	66.66
2448	66.66
2449	66.66
2450	66.66
2451	66.66
2452	66.66
2453	66.66
2454	66.66
2455	66.66
2456	66.66
2457	66.66
2458	66.66
2459	66.66
2460	66.66
2461	66.66
2462	66.66
2463	66.66
2464	66.66
2465	66.66
2466	66.66
2467	66.66
2468	66.66
2469	66.66
2470	66.66
2471	66.66
2472	66.66
2473	66.66
2474	66.66
2475	66.66
2476	66.66
2477	66.66
2478	66.66
2479	66.66
2480	66.66
2481	66.66
2482	66.66
2483	66.66
2484	66.66
2485	66.66
2486	66.66
2487	66.66
2488	66.66
2489	66.66
2490	66.66
2491	66.66
2492	66.66
2493	66.66
2494	66.66
2495	66.66
2496	66.66
2497	66.66
2498	66.66
2499	66.66
2500	66.66
2501	66.66
2502	66.66
2503	66.66
2504	66.66
2505	66.66
2506	66.66
2507	66.66
2508	66.66
2509	66.66
2510	66.66
2511	66.66
2512	66.66
2513	66.66
2514	66.66
2515	66.66
2516	66.66
2517	66.66
2518	66.66
2519	66.66
2520	66.66
2521	66.66
2522	66.66
2523	66.66
2524	66.66
2525	66.66
2526	66.66
2527	66.66
2528	66.66
2529	66.66
2530	66.66
2531	66.66
2532	66.66
2533	66.66
2534	66.66
2535	66.66
2536	66.66
2537	66.66
2538	66.66
2539	66.66
2540	66.66
2541	66.66
2542	66.66
2543	66.66
2544	66.66
2545	66.66
2546	66.66
2547	66.66
2548	66.66
2549	66.66
2550	66.66
2551	66.66
2552	66.66
2553	66.66
2554	66.66
2555	66.66
2556	66.66
2557	66.66
2558	66.66
2559	66.66
2560	66.66
2561	66.66
2562	66.66
2563	66.66
2564	66.66
2565	66.66
2566	66.66
2567	66.66
2568	66.66
2569	66.66
2570	66.66
2571	66.66
2572	66.66
2573	66.66
2574	66.66
2575	66.66
2576	66.66
2577	66.66
2578	66.66
2579	66.66
2580	66.66
2581	66.66
2582	66.66
2583	66.66
2584	66.66
2585	66.66
2586	66.66
2587	66.66
2588	66.66
2589	66.66
2590	66.66
2591	66.66
2592	66.66
2593	66.66
2594	66.66
2595	66.66
2596	66.66
2597	66.66
2598	66.66
2599	66.66
2600	66.66
2601	66.66
2602	66.66
2603	66.66
2604	66.66
2605	66.66
2606	66.66
2607	66.66
2608	66.66
2609	66.66
2610	66.66
2611	66.66
2612	66.66
2613	66.66
2614	66.66
2615	66.66
2616	66.66
2617	66.66
2618	66.66
2619	66.66
2620	66.66
2621	66.66
2622	66.66
2623	66.66
2624	66.66
2625	66.66
2626	66.66
2627	66.66
2628	66.66
2629	66.66
2630	66.66
2631	66.66
2632	66.66
2633	66.66
2634	66.66
2635	66.66
2636	66.66
2637	66.66
2638	66.66
2639	66.66
2640	66.66
2641	66.66
2642	66.66
2643	66.66
2644	66.66
2645	66.66
2646	66.66
2647	66.66
2648	66.66
2649	66.66
2650	66.66
2651	66.66
2652	66.66
2653	66.66
2654	66.66
2655	66.66
2656	66.66
2657	66.66
2658	66.66
2659	66.66
2660	66.66
2661	66.66
2662	66.66
2663	66.66
2664	66.66
2665	66.66
2666	66.66
2667	66.66
2668	66.66
2669	66.66
2670	66.66
2671	66.66
2672	66.66
2673	66.66
2674	66.66
2675	66.66
2676	66.66
2677	66.66
2678	66.66
2679	66.66
2680	66.66
2681	66.66
2682	66.66
2683	66.66
2684	66.66
2685	66.66
2686	66.66
2687	66.66
2688	66.66
2689	66.66
2690	66.66
2691	66.66
2692	66.66
2693	66.66
2694	66.66
2695	66.66
2696	66.66
2697	66.66
2698	66.66
2699	66.66
2700	66.66
2701	66.66
2702	66.66
2703	66.66
2704	66.66
2705	66.66
2706	66.66
2707	66.66
2708	66.66
2709	66.66
2710	66.66
2711	66.66
2712	66.66
2713	66.66
2714	66.66
2715	66.66
2716	66.66
2717	66.66
2718	66.66
2719	66.66
2720	66.66
2721	66.66
2722	66.66
2723	66.66
2724	66.66
2725	66.66
2726	66.66
2727	66.66
2728	66.66
2729	66.66
2730	66.66
2731	66.66
2732	66.66
2733	66.66
2734	66.66
2735	66.66
2736	66.66
2737	66.66
2738	66.66
2739	66.66
2740	66.66
2741	66.66
2742	66.66
2743	66.66
2744	66.66
2745	66.66
2746	66.66
2747	66.66
2748	66.66
2749	66.66
2750	66.66
2751	66.66
2752	66.66
2753	66.66
2754	66.66
2755	66.66
2756	66.66
2757	66.66
2758	66.66
2759	66.66
2760	66.66
2761	66.66
2762	66.66
2763	66.66
2764	66.66
2765	66.66
2766	66.66
2767	66.66
2768	66.66
2769	66.66
2770	66.66
2771	66.66
2772	66.66
2773	66.66
2774	66.66
2775	66.66
2776	66.66
2777	66.66
2778	66.66
2779	66.66
2780	66.66
2781	66.66
2782	66.66
2783	66.66
2784	66.66
2785	66.66
2786	66.66
2787	66.66
2788	66.66
2789	66.66
2790	66.66
2791	66.66
2792	66.66
2793	66.66
2794	66.66
2795	66.66
2796	66.66
2797	66.66
2798	66.66
2799	66.66
2800	66.66
2801	66.66
2802	66.66
2803	66.66
2804	66.66
2805	66.66
2806	66.66
2807	66.66
2808	66.66
2809	66.66
2810	66.66
2811	66.66
2812	66.66
2813	66.66
2814	66.66
2815	66.66
2816	66.66
2817	66.66
2818	66.66
2819	66.66
2820	66.66
2821	66.66
2822	66.66
2823	66.66
2824	66.66
2825	66.66
2826	66.66
2827	66.66
2828	66.66
2829	66.66
2830	66.66
2831	66.66
2832	66.66
2833	66.66
2834	66.66
2835	66.66
2836	66.66
2837	66.66
2838	66.66
2839	66.66
2840	66.66
2841	66.66
2842	66.66
2843	66.66
2844	66.66
2845	66.66
2846	66.66
2847	66.66
2848	66.66
2849	66.66
2850	66.66
2851	66.66
2852	66.66
2853	66.66
2854	66.66
2855	66.66
2856	66.66
2857	66.66
2858	66.66
2859	66.66
2860	66.66
2861	66.66
2862	66.66
2863	66.66
2864	66.66
2865	66.66
2866	66.66
2867	66.66
2868	66.66
2869	66.66
2870	66.66
2871	66.66
2872	66.66
2873	66.66
2874	66.66
2875	66.66
2876	66.66
2877	66.66
2878	66.66
2879	66.66
2880	66.66
2881	66.66
2882	66.66
2883	66.66
2884	66.66
2885	66.66
2886	66.66
2887	66.66
2888	66.66
2889	66.66
2890	66.66
2891	66.66
2892	66.66
2893	66.66
2894	66.66
2895	66.66
2896	66.66
2897	66.66
2898	66.66
2899	66.66
2900	66.66
2901	66.66
2902	66.66
2903	66.66
2904	66.66
2905	66.66
2906	66.66
2907	66.66
2908	66.66
2909	66.66
2910	66.66
2911	66.66
2912	66.66
2913	66.66
2914	66.66
2915	66.66
2916	66.66
2917	66.66
2918	66.66
2919	66.66
2920	66.66
2921	66.66
2922	66.66
2923	66.66
2924	66.66
2925	66.66
2926	66.66
2927	66.66
2928	66.66
2929	66.66
2930	66.66
2931	66.66
2932	66.66
2933	66.66
2934	66.66
2935	66.66
2936	66.66
2937	66.66
2938	66.66
2939	66.66
2940	66.66
2941	66.66
2942	66.66
2943	66.66
2944	66.66
2945	66.66
2946	66.66
2947	66.66
2948	66.66
2949	66.66
2950	66.66
2951	66.66
2952	66.66
2953	66.66
2954	66.66
2955	66.66
2956	66.66
2957	66.66
2958	66.66
2959	66.66
2960	66.66
2961	66.66
2962	66.66
2963	66.66
2964	66.66
2965	66.66
2966	66.66
2967	66.66
2968	66.66
2969	66.66
2970	66.66
2971	66.66
2972	66.66
2973	66.66
2974	66.66
2975	66.66
2976	66.66
2977	66.66
2978	66.66
2979	66.66
2980	66.66
2981	66.66
2982	66.66
2983	66.66
2984	66.66
2985	66.66
2986	66.66
2987	66.66
2988	66.66
2989	66.66
2990	66.66
2991	66.66
2992	66.66
2993	66.66
2994	66.66
2995	66.66
2996	66.66
2997	66.66
2998	66.66
2999	66.66
3000	66.66
3001	66.66
3002	66.66
3003	66.66
3004	66.66
3005	66.66
3006	66.66
3007	66.66
3008	66.66
3009	66.66
3010	66.66
3011	66.66
3012	66.66
3013	66.66
3014	66.66
3015	66.66
3016	66.66
3017	66.66
3018	66.66
3019	66.66
3020	66.66
3021	66.66
3022	66.66
3023	66.66
3024	66.66
3025	66.66
3026	66.66
3027	66.66
3028	66.66
3029	66.66
3030	66.66
3031	66.66
3032	66.66
3033	66.66
3034	66.66
3035	66.66
3036	66.66
3037	66.66
3038	66.66
3039	66.66
3040	66.66
3041	66.66
3042	66.66
3043	66.66
3044	66.66
3045	66.66
3046	66.66
3047	66.66
3048	66.66
3049	66.66
3050	66.66
3051	66.66
3052	66.66
3053	66.66
3054	66.66
3055	66.66
3056	66.66
3057	66.66
3058	66.66
3059	66.66
3060	66.66
3061	66.66
3062	66.66
3063	66.66
3064	66.66
3065	66.66
3066	66.66
3067	66.66
3068	66.66
3069	66.66
3070	66.66
3071	66.66
3072	66.66
3073	66.66
3074	66.66
3075	66.66
3076	66.66
3077	66.66
3078	66.66
3079	66.66
3080	66.66
3081	66.66
3082	66.66
3083	66.66
3084	66.66
3085	66.66
3086	66.66
3087	66.66
3088	66.66
3089	66.66
3090	66.66
3091	66.66
3092	66.66
3093	66.66
3094	66.66
3095	66.66
3096	66.66
3097	66.66
3098	66.66
3099	66.66
3100	66.66
3101	66.66
3102	66.66
3103	66.66
3104	66.66
3105	66.66
3106	66.66
3107	66.66
3108	66.66
3109	66.66
3110	66.66
3111	66.66
3112	66.66
3113	66.66
3114	66.66
3115	66.66
3116	66.66
3117	66.66
3118	66.66
3119	66.66
3120	66.66
3121	66.66
3122	66.66
3123	66.66
3124	66.66
3125	66.66
3126	66.66
3127	66.66
3128	66.66
3129	66.66
3130	66.66
3131	66.66
3132	66.66
3133	66.66
3134	66.66
3135	66.66
3136	66.66
3137	66.66
3138	66.66
3139	66.66
3140	66.66
3141	66.66
3142	66.66
3143	66.66
3144	66.66
3145	66.66
3146	66.66
3147	66.66
3148	66.66
3149	66.66
3150	66.66
3151	66.66
3152	66.66
3153	66.66
3154	66.66
3155	66.66
3156	66.66
3157	66.66
3158	66.66
3159	66.66
3160	66.66
3161	66.66
3162	66.66
3163	66.66
3164	66.66
3165	66.66
3166	66.66
3167	66.66
3168	66.66
3169	66.66
3170	66.66
3171	66.66
3172	66.66
3173	66.66
3174	66.66
3175	66.66
3176	66.66
3177	66.66
3178	66.66
3179	66.66
3180	66.66
3181	66.66
3182	66.66
3183	66.66
3184	66.66
3185	66.66
3186	66.66
3187	66.66
3188	66.66
3189	66.66
3190	66.66
3191	66.66
3192	66.66
3193	66.66
3194	66.66
3195	66.66
3196	66.66
3197	66.66
3198	66.66
3199	66.66
3200	66.66
3201	66.66
3202	66.66
3203	66.66
3204	66.66
3205	66.66
3206	66.66
3207	66.66
3208	66.66
3209	66.66
3210	66.66
3211	66.66
3212	66.66
3213	66.66
3214	66.66
3215	66.66
3216	66.66
3217	66.66
3218	66.66
3219	66.66
3220	66.66
3221	66.66
3222	66.66
3223	66.66
3224	66.66
3225	66.66
3226	66.66
3227	66.66
3228	66.66
3229	66.66
3230	66.66
3231	66.66
3232	66.66
3233	66.66
3234	66.66
3235	66.66
3236	66.66
3237	66.66
3238	66.66
3239	66.66
3240	66.66
3241	66.66
3242	66.66
3243	66.66
3244	66.66
3245	66.66
3246	66.66
3247	66.66
3248	66.66
3249	66.66
3250	66.66
3251	66.66
3252	66.66
3253	66.66
3254	66.66
3255	66.66
3256	66.66
3257	66.66
3258	66.66
3259	66.66
3260	66.66
3261	66.66
3262	66.66
3263	66.66
3264	66.66
3265	66.66
3266	66.66
3267	66.66
3268	66.66
3269	66.66
3270	66.66
3271	66.66
3272	66.66
3273	66.66
3274	66.66
3275	66.66
3276	66.66
3277	66.66
3278	66.66
3279	66.66
3280	66.66
3281	66.66
3282	66.66
3283	66.66
3284	66.66
3285	66.66
3286	66.66
3287	66.66
3288	66.66
3289	66.66
3290	66.66
3291	66.66
3292	66.66
3293	66.66
3294	66.66
3295	66.66
3296	66.66
3297	66.66
3298	66.66
3299	66.66
3300	66.66
3301	66.66
3302	66.66
3303	66.66
3304	66.66
3305	66.66
3306	66.66
3307	66.66
3308	66.66
3309	66.66
3310	66.66
3311	66.66
3312	66.66
3313	66.66
3314	66.66
3315	66.66
3316	66.66
3317	66.66
3318	66.66
3319	66.66
3320	66.66
3321	66.66
3322	66.66
3323	66.66
3324	66.66
3325	66.66
3326	66.66
3327	66.66
3328	66.66
3329	66.66
3330	66.66
3331	66.66
3332	66.66
3333	66.66
3334	66.66
3335	66.66
3336	66.66
3337	66.66
3338	66.66
3339	66.66
3340	66.66
3341	66.66
3342	66.66
3343	66.66
3344	66.66
3345	66.66
3346	66.66
3347	66.66
3348	66.66
3349	66.66
3350	66.66
3351	66.66
3352	66.66
3353	66.66
3354	66.66
3355	66.66
3356	66.66
3357	66.66
3358	66.66
3359	66.66
3360	66.66
3361	66.66
3362	66.66
3363	66.66
3364	66.66
3365	66.66
3366	66.66
3367	66.66
3368	66.66
3369	66.66
3370	66.66
3371	66.66
3372	66.66
3373	66.66
3374	66.66
3375	66.66
3376	66.66
3377	66.66
3378	66.66
3379	66.66
3380	66.66
3381	66.66
3382	66.66
3383	66.66
3384	66.66
3385	66.66
3386	66.66
3387	66.66
3388	66.66
3389	66.66
3390	66.66
3391	66.66
3392	66.66
3393	66.66
3394	66.66
3395	66.66
3396	66.66
3397	66.66
3398	66.66
3399	66.66
3400	66.66
3401	66.66
3402	66.66
3403	66.66
3404	66.66
3405	66.66
3406	66.66
3407	66.66
3408	66.66
3409	66.66
3410	66.66
3411	66.66
3412	66.66
3413	66.66
3414	66.66
3415	66.66
3416	66.66
3417	66.66
3418	66.66
3419	66.66
3420	66.66
3421	66.66
3422	66.66
3423	66.66
3424	66.66
3425	66.66
3426	66.66
3427	66.66
3428	66.66
3429	66.66
3430	66.66
3431	66.66
3432	66.66
3433	66.66
3434	66.66
3435	66.66
3436	66.66
3437	66.66
3438	66.66
3439	66.66
3440	66.66
3441	66.66
3442	66.66
3443	66.66
3444	66.66
3445	66.66
3446	66.66
3447	66.66
3448	66.66
3449	66.66
3450	66.66
3451	66.66
3452	66.66
3453	66.66
3454	66.66
3455	66.66
3456	66.66
3457	66.66
3458	66.66
3459	66.66
3460	66.66
3461	66.66
3462	66.66
3463	66.66
3464	66.66
3465	66.66
3466	66.66
3467	66.66
3468	66.66
3469	66.66
3470	66.66
3471	66.66
3472	66.66
3473	66.66
3474	66.66
3475	66.66
3476	66.66
3477	66.66
3478	66.66
3479	66.66
3480	66.66
3481	66.66
3482	66.66
3483	66.66
3484	66.66
3485	66.66
3486	66.66
3487	66.66
3488	66.66
3489	66.66
3490	66.66
3491	66.66
3492	66.66
3493	66.66
3494	66.66
3495	66.66
3496	66.66
3497	66.66
3498	66.66
3499	66.66
3500	66.66
3501	66.66
3502	66.66
3503	66.66
3504	66.66
3505	66.66
3506	66.66
3507	66.66
3508	66.66
3509	66.66
3510	66.66
3511	66.66
3512	66.66
3513	66.66
3514	66.66
3515	66.66
3516	66.66
3517	66.66
3518	66.66
3519	66.66
3520	66.66
3521	66.66
3522	66.66
3523	66.66
3524	66.66
3525	66.66
3526	66.66
3527	66.66
3528	66.66
3529	66.66
3530	66.66
3531	66.66
3532	66.66
3533	66.66
3534	66.66
3535	66.66
3536	66.66
3537	66.66
3538	66.66
3539	66.66
3540	66.66
3541	66.66
3542	66.66
3543	66.66
3544	66.66
3545	66.66
3546	66.66
3547	66.66
3548	66.66
3549	66.66
3550	66.66
3551	66.66
3552	66.66
3553	66.66
3554	66.66
3555	66.66
3556	66.66
3557	66.66
3558	66.66
3559	66.66
3560	66.66
3561	66.66
3562	66.66
3563	66.66
3564	66.66
3565	66.66
3566	66.66
3567	66.66
3568	66.66
3569	66.66
3570	66.66
3571	66.66
3572	66.66
3573	66.66
3574	66.66
3575	66.66
3576	66.66
3577	66.66
3578	66.66
3579	66.66
3580	66.66
3581	66.66
3582	66.66
3583	66.66
3584	66.66
3585	66.66
3586	66.66
3587	66.66
3588	66.66
3589	66.66
3590	66.66
3591	66.66
3592	66.66
3593	66.66
3594	66.66
3595	66.66
3596	66.66
3597	66.66
3598	66.66
3599	66.66
3600	66.66
3601	66.66
3602	66.66
3603	66.66
3604	66.66
3605	66.66
3606	66.66
3607	66.66
3608	66.66
3609	66.66
3610	66.66
3611	66.66
3612	66.66
3613	66.66
3614	66.66
3615	66.66
3616	66.66
3617	66.66
3618	66.66
3619	66.66
3620	66.66
3621	66.66
3622	66.66
3623	66.66
3624	66.66
3625	66.66
3626	66.66
3627	66.66
3628	66.66
3629	66.66
3630	66.66
3631	66.66
3632	66.66
3633	66.66
3634	66.66
3635	66.66
3636	66.66
3637	66.66
3638	66.66
3639	66.66
3640	66.66
3641	66.66
3642	66.66
3643	66.66
3644	66.66
3645	66.66
3646	66.66
3647	66.66
3648	66.66
3649	66.66
3650	66.66
3651	66.66
3652	66.66
3653	66.66
3654	66.66
3655	66.66
3656	66.66
3657	66.66
3658	66.66
3659	66.66
3660	66.66
3661	66.66
3662	66.66
3663	66.66
3664	66.66
3665	66.66
3666	66.66
3667	66.66
3668	66.66
3669	66.66
3670	66.66
3671	66.66
3672	66.66
3673	66.66
3674	66.66
3675	66.66
3676	66.66
3677	66.66
3678	66.66
3679	66.66
3680	66.66
3681	66.66
3682	66.66
3683	66.66
3684	66.66
3685	66.66
3686	66.66
3687	66.66
3688	66.66
3689	66.66
3690	66.66
3691	66.66
3692	66.66
3693	66.66
3694	66.66
3695	66.66
3696	66.66
3697	66.66
3698	66.66
3699	66.66
3700	66.66
3701	66.66
3702	66.66
3703	66.66
3704	66.66
3705	66.66
3706	66.66
3707	66.66
3708	66.66
3709	66.66
3710	66.66
3711	66.66
3712	66.66
3713	66.66
3714	66.66
3715	66.66
3716	66.66
3717	66.66
3718	66.66
3719	66.66
3720	66.66
3721	66.66
3722	66.66
3723	66.66
3724	66.66
3725	66.66
3726	66.66
3727	66.66
3728	66.66
3729	66.66
3730	66.66
3731	66.66
3732	66.66
3733	66.66
3734	66.66
3735	66.66
3736	66.66
3737	66.66
3738	66.66
3739	66.66
3740	66.66
3741	66.66
3742	66.66
3743	66.66
3744	66.66
3745	66.66
3746	66.66
3747	66.66
3748	66.66
3749	66.66
3750	66.66
3751	66.66
3752	66.66
3753	66.66
3754	66.66
3755	66.66
3756	66.66
3757	66.66
3758	66.66
3759	66.66
3760	66.66
3761	66.66
3762	66.66
3763	66.66
3764	66.66
3765	66.66
3766	66.66
3767	66.66
3768	66.66
3769	66.66
3770	66.66
3771	66.66
3772	66.66
3773	66.66
3774	66.66
3775	66.66
3776	66.66
3777	66.66
3778	66.66
3779	66.66
3780	66.66
3781	66.66
3782	66.66
3783	66.66
3784	66.66
3785	66.66
3786	66.66
3787	66.66
3788	66.66
3789	66.66
3790	66.66
3791	66.66
3792	66.66
3793	66.66
3794	66.66
3795	66.66
3796	66.66
3797	66.66
3798	66.66
3799	66.66
3800	66.66
3801	66.66
3802	66.66
3803	66.66
3804	66.66
3805	66.66
3806	66.66
3807	66.66
3808	66.66
3809	66.66
3810	66.66
3811	66.66
3812	66.66
3813	66.66
3814	66.66
3815	66.66
3816	66.66
3817	66.66
3818	66.66
3819	66.66
3820	66.66
3821	66.66
3822	66.66
3823	66.66
3824	66.66
3825	66.66
3826	66.66
3827	66.66
3828	66.66
3829	66.66
3830	66.66
3831	66.66
3832	66.66
3833	66.66
3834	66.66
3835	66.66
3836	66.66
3837	66.66
3838	66.66
3839	66.66
3840	66.66
3841	66.66
3842	66.66
3843	66.66
3844	66.66
3845	66.66
3846	66.66
3847	66.66
3848	66.66
3849	66.66
3850	66.66
3851	66.66
3852	66.66
3853	66.66
3854	66.66
3855	66.66
3856	66.66
3857	66.66
3858	66.66
3859	66.66
3860	66.66
3861	66.66
3862	66.66
3863	66.66
3864	66.66
3865	66.66
3866	66.66
3867	66.66
3868	66.66
3869	66.66
3870	66.66
3871	66.66
3872	66.66
3873	66.66
3874	66.66
3875	66.66
3876	66.66
3877	66.66
3878	66.66
3879	66.66
3880	66.66
3881	66.66
3882	66.66
3883	66.66
3884	66.66
3885	66.66
3886	66.66
3887	66.66
3888	66.66
3889	66.66
3890	66.66
3891	66.66
3892	66.66
3893	66.66
3894	66.66
3895	66.66
3896	66.66
3897	66.66
3898	66.66
3899	66.66
3900	66.66
3901	66.66
3902	66.66
3903	66.66
3904	66.66
3905	66.66
3906	66.66
3907	66.66
3908	66.66
3909	66.66
3910	66.66
3911	66.66
3912	66.66
3913	66.66
3914	66.66
3915	66.66
3916	66.66
3917	66.66
3918	66.66
3919	66.66
3920	66.66
3921	66.66
3922	66.66
3923	66.66
3924	66.66
3925	66.66
3926	66.66
3927	66.66
3928	66.66
3929	66.66
3930	66.66
3931	66.66
3932	66.66
3933	66.66
3934	66.66
3935	66.66
3936	66.66
3937	66.66
3938	66.66
3939	66.66
3940	66.66
3941	66.66
3942	66.66
3943	66.66
3944	66.66
3945	66.66
3946	66.66
3947	66.66
3948	66.66
3949	66.66
3950	66.66
3951	66.66
3952	66.66
3953	66.66
3954	66.66
3955	66.66
3956	66.66
3957	66.66
3958	66.66
3959	66.66
3960	66.66
3961	66.66
3962	66.66
3963	66.66
3964	66.66
3965	66.66
3966	66.66
3967	66.66
3968	66.66
3969	66.66
3970	66.66
3971	66.66
3972	66.66
3973	66.66
3974	66.66
3975	66.66
3976	66.66
3977	66.66
3978	66.66
3979	66.66
3980	66.66
3981	66.66
3982	66.66
3983	66.66
3984	66.66
3985	66.66
3986	66.66
3987	66.66
3988	66.66
3989	66.66
3990	66.66
3991	66.66
3992	66.66
3993	66.66
3994	66.66
3995	66.66
3996	66.66
3997	66.66
3998	66.66
3999	66.66
4000	66.66
4001	66.66
4002	66.66
4003	66.66
4004	66.66
4005	66.66
4006	66.66
4007	66.66
4008	66.66
4009	66.66
4010	66.66
4011	66.66
4012	66.66
4013	66.66
4014	66.66
4015	66.66
4016	66.66
4017	66.66
4018	66.66
4019	66.66
4020	66.66
4021	66.66
4022	66.66
4023	66.66
4024	66.66
4025	66.66
4026	66.66
4027	66.66
4028	66.66
4029	66.66
4030	66.66
4031	66.66
4032	66.66
4033	66.66
4034	66.66
4035	66.66
4036	66.66
4037	66.66
4038	66.66
4039	66.66
4040	66.66
4041	66.66
4042	66.66
4043	66.66
4044	66.66
4045	66.66
4046	66.66
4047	66.66
4048	66.66
4049	66.66
4050	66.66
4051	66.66
4052	66.66
4053	66.66
4054	66.66
4055	66.66
4056	66.66
4057	66.66
4058	66.66
4059	66.66
4060	66.66
4061	66.66
4062	66.66
4063	66.66
4064	66.66
4065	66.66
4066	66.66
4067	66.66
4068	66.66
4069	66.66
4070	66.66
4071	66.66
4072	66.66
4073	66.66
4074	66.66
4075	66.66
4076	66.66
4077	66.66
4078	66.66
4079	66.66
4080	66.66
4081	66.66
4082	66.66
4083	66.66
4084	66.66
4085	66.66
4086	66.66
4087	66.66
4088	66.66
4089	66.66
4090	66.66
4091	66.66
4092	66.66
4093	66.66
4094	66.66
4095	66.66
4096	66.66
4097	66.66
4098	66.66
4099	66.66
4100	66.66
4101	66.66
4102	66.66
4103	66.66
4104	66.66
4105	66.66
4106	66.66
4107	66.66
4108	66.66
4109	66.66
4110	66.66
4111	66.66
4112	66.66
4113	66.66
4114	66.66
4115	66.66
4116	66.66
4117	66.66
4118	66.66
4119	66.66
4120	66.66
4121	66.66
4122	66.66
4123	66.66
4124	66.66
4125	66.66
4126	66.66
4127	66.66
4128	66.66
4129	66.66
4130	66.66
4131	66.66
4132	66.66
4133	66.66
4134	66.66
4135	66.66
4136	66.66
4137	66.66
4138	66.66
4139	66.66
4140	66.66
4141	66.66
4142	66.66
4143	66.66
4144	66.66
4145	66.66
4146	66.66
4147	66.66
4148	66.66
4149	66.66
4150	66.66
4151	66.66
4152	66.66
4153	66.66
4154	66.66
4155	66.66
4156	66.66
4157	66.66
4158	66.66
4159	66.66
4160	66.66
4161	66.66
4162	66.66
4163	66.66
4164	66.66
4165	66.66
4166	66.66
4167	66.66
4168	66.66
4169	66.66
4170	66.66
4171	66.66
4172	66.66
4173	66.66
4174	66.66
4175	66.66
4176	66.66
4177	66.66
4178	66.66
4179	66.66
4180	66.66
4181	66.66
4182	66.66
4183	66.66
4184	66.66
4185	66.66
4186	66.66
4187	66.66
4188	66.66
4189	66.66
4190	66.66
4191	66.66
4192	66.66
4193	66.66
4194	66.66
4195	66.66
4196	66.66
4197	66.66
4198	66.66
4199	66.66
4200	66.66
4201	66.66
4202	66.66
4203	66.66
4204	66.66
4205	66.66
4206	66.66
4207	66.66
4208	66.66
4209	66.66
4210	66.66
4211	66.66
4212	66.66
4213	66.66
4214	66.66
4215	66.66
4216	66.66
4217	66.66
4218	66.66
4219	66.66
4220	66.66
4221	66.66
4222	66.66
4223	66.66
4224	66.66
4225	66.66
4226	66.66
4227	66.66
4228	66.66
4229	66.66
4230	66.66
4231	66.66
4232	66.66
4233	66.66
4234	66.66
4235	66.66
4236	66.66
4237	66.66
4238	66.66
4239	66.66
4240	66.66
4241	66.66
4242	66.66
4243	66.66
4244	66.66
4245	66.66
4246	66.66
4247	66.66
4248	66.66
4249	66.66
4250	66.66
4251	66.66
4252	66.66
4253	66.66
4254	66.66
4255	66.66
4256	66.66
4257	66.66
4258	66.66
4259	66.66
4260	66.66
4261	66.66
4262	66.66
4263	66.66
4264	66.66
4265	66.66
4266	66.66
4267	66.66
4268	66.66
4269	66.66
4270	66.66
4271	66.66
4272	66.66
4273	66.66
4274	66.66
4275	66.66
4276	66.66
4277	66.66
4278	66.66
4279	66.66
4280	66.66
4281	66.66
4282	66.66
4283	66.66
4284	66.66
4285	66.66
4286	66.66
4287	66.66
4288	66.66
4289	66.66
4290	66.66
4291	66.66
4292	66.66
4293	66.66
4294	66.66
4295	66.66
4296	66.66
4297	66.66
4298	66.66
4299	66.66
4300	66.66
4301	66.66
4302	66.66
4303	66.66
4304	66.66
4305	66.66
4306	66.66
4307	66.66
4308	66.66
4309	66.66
4310	66.66
4311	66.66
4312	66.66
4313	66.66
4314	66.66
4315	66.66
4316	66.66
4317	66.66
4318	66.66
4319	66.66
4320	66.66
4321	66.66
4322	66.66
4323	66.66
4324	66.66
4325	66.66
4326	66.66
4327	66.66
4328	66.66
4329	66.66
4330	66.66
4331	66.66
4332	66.66
4333	66.66
4334	66.66
4335	66.66
4336	66.66
4337	66.66
4338	66.66
4339	66.66
4340	66.66
4341	66.66
4342	66.66
4343	66.66
4344	66.66
4345	66.66
4346	66.66
4347	66.66
4348	66.66
4349	66.66
4350	66.66
4351	66.66
4352	66.66
4353	66.66
4354	66.66
4355	66.66
4356	66.66
4357	66.66
4358	66.66
4359	66.66
4360	66.66
4361	66.66
4362	66.66
4363	66.66
4364	66.66
4365	66.66
4366	66.66
4367	66.66
4368	66.66
4369	66.66
4370	66.66
4371	66.66
4372	66.66
4373	66.66
4374	66.66
4375	66.66
4376	66.66
4377	66.66
4378	66.66
4379	66.66
4380	66.66
4381	66.66
4382	66.66
4383	66.66
4384	66.66
4385	66.66
4386	66.66
4387	66.66
4388	66.66
4389	66.66
4390	66.66
4391	66.66
4392	66.66
4393	66.66
4394	66.66
4395	66.66
4396	66.66
4397	66.66
4398	66.66
4399	66.66
4400	66.66
4401	66.66
4402	66.66
4403	66.66
4404	66.66
4405	66.66
4406	66.66
4407	66.66
4408	66.66
4409	66.66
4410	66.66
4411	66.66
4412	66.66
4413	66.66
4414	66.66
4415	66.66
4416	66.66
4417	66.66
4418	66.66
4419	66.66
4420	66.66
4421	66.66
4422	66.66
4423	66.66
4424	66.66
4425	66.66
4426	66.66
4427	66.66
4428	66.66
4429	66.66
4430	66.66
4431	66.66
4432	66.66
4433	66.66
4434	66.66
4435	66.66
4436	66.66
4437	66.66
4438	66.66
4439	66.66
4440	66.66
4441	66.66
4442	66.66
4443	66.66
4444	66.66
4445	66.66
4446	66.66
4447	66.66
4448	66.66
4449	66.66
4450	66.66
4451	66.66
4452	66.66
4453	66.66
4454	66.66
4455	66.66
4456	66.66
4457	66.66
4458	66.66
4459	66.66
4460	66.66
4461	66.66
4462	66.66
4463	66.66
4464	66.66
4465	66.66
4466	66.66
4467	66.66
4468	66.66
4469	66.66
4470	66.66
4471	66.66
4472	66.66
4473	66.66
4474	66.66
4475	66.66
4476	66.66
4477	66.66
4478	66.66
4479	66.66
4480	66.66
4481	66.66
4482	66.66
4483	66.66
4484	66.66
4485	66.66
4486	66.66
4487	66.66
4488	66.66
4489	66.66
4490	66.66
4491	66.66
4492	66.66
4493	66.66
4494	66.66
4495	66.66
4496	66.66
4497	66.66
4498	66.66
4499	66.66
4500	66.66
4501	66.66
4502	66.66
4503	66.66
4504	66.66
4505	66.66
4506	66.66
4507	66.66
4508	66.66
4509	66.66
4510	66.66
4511	66.66
4512	66.66
4513	66.66
4514	66.66
4515	66.66
4516	66.66
4517	66.66
4518	66.66
4519	66.66
4520	66.66
4521	66.66
4522	66.66
4523	66.66
4524	66.66
4525	66.66
4526	66.66
4527	66.66
4528	66.66
4529	66.66
4530	66.66
4531	66.66
4532	66.66
4533	66.66
4534	66.66
4535	66.66
4536	66.66
4537	66.66
4538	66.66
4539	66.66
4540	66.66
4541	66.66
4542	66.66
4543	66.66
4544	66.66
4545	66.66
4546	66.66
4547	66.66
4548	66.66
4549	66.66
4550	66.66
4551	66.66
4552	66.66
4553	66.66
4554	66.66
4555	66.66
4556	66.66
4557	66.66
4558	66.66
4559	66.66
4560	66.66
4561	66.66
4562	66.66
4563	66.66
4564	66.66
4565	66.66
4566	66.66
4567	66.66
4568	66.66
4569	66.66
4570	66.66
4571	66.66
4572	66.66
4573	66.66
4574	66.66
4575	66.66
4576	66.66
4577	66.66
4578	66.66
4579	66.66
4580	66.66
4581	66.66
4582	66.66
4583	66.66
4584	66.66
4585	66.66
4586	66.66
4587	66.66
4588	66.66
4589	66.66
4590	66.66
4591	66.66
4592	66.66
4593	66.66
4594	66.66
4595	66.66
4596	66.66
4597	66.66
4598	66.66
4599	66.66
4600	66.66
4601	66.66
4602	66.66
4603	66.66
4604	66.66
4605	66.66
4606	66.66
4607	66.66
4608	66.66
4609	66.66
4610	66.66
4611	66.66
4612	66.66
4613	66.66
4614	66.66
4615	66.66
4616	66.66
4617	66.66
4618	66.66
4619	66.66
4620	66.66
4621	66.66
4622	66.66
4623	66.66
4624	66.66
4625	66.66
4626	66.66
4627	66.66
4628	66.66
4629	66.66
4630	66.66
4631	66.66
4632	66.66
4633	66.66
4634	66.66
4635	66.66
4636	66.66
4637	66.66
4638	66.66
4639	66.66
4640	66.66
4641	66.66
4642	66.66
4643	66.66
4644	66.66
4645	66.66
4646	66.66
4647	66.66
4648	66.66
4649	66.66
4650	66.66
4651	66.66
4652	66.66
4653	66.66
4654	66.66
4655	66.66
4656	66.66
4657	66.66
4658	66.66
4659	66.66
4660	66.66
4661	66.66
4662	66.66
4663	66.66
4664	66.66
4665	66.66
4666	66.66
4667	66.66
4668	66.66
4669	66.66
4670	66.66
4671	66.66
4672	66.66
4673	66.66
4674	66.66
4675	66.66
4676	66.66
4677	66.66
4678	66.66
4679	66.66
4680	66.66
4681	66.66
4682	66.66
4683	66.66
4684	66.66
4685	66.66
4686	66.66
4687	66.66
4688	66.66
4689	66.66
4690	66.66
4691	66.66
4692	66.66
4693	66.66
4694	66.66
4695	66.66
4696	66.66
4697	66.66
4698	66.66
4699	66.66
4700	66.66
4701	66.66
4702	66.66
4703	66.66
4704	66.66
4705	66.66
4706	66.66
4707	66.66
4708	66.66
4709	66.66
4710	66.66
4711	66.66
4712	66.66
4713	66.66
4714	66.66
4715	66.66
4716	66.66
4717	66.66
4718	66.66
4719	66.66
4720	66.66
4721	66.66
4722	66.66
4723	66.66
4724	66.66
4725	66.66
4726	66.66
4727	66.66
4728	66.66
4729	66.66
4730	66.66
4731	66.66
4732	66.66
4733	66.66
4734	66.66
4735	66.66
4736	66.66
4737	66.66
4738	66.66
4739	66.66
4740	66.66
4741	66.66
4742	66.66
4743	66.66
4744	66.66
4745	66.66
4746	66.66
4747	66.66
4748	66.66
4749	66.66
4750	66.66
4751	66.66
4752	66.66
4753	66.66
4754	66.66
4755	66.66
4756	66.66
4757	66.66
4758	66.66
4759	66.66
4760	66.66
4761	66.66
4762	66.66
4763	66.66
4764	66.66
4765	66.66
4766	66.66
4767	66.66
4768	66.66
4769	66.66
4770	66.66
4771	66.66
4772	66.66
4773	66.66
4774	66.66
4775	66.66
4776	66.66
4777	66.66
4778	66.66
4779	66.66
4780	66.66
4781	66.66
4782	66.66
4783	66.66
4784	66.66
4785	66.66
4786	66.66
4787	66.66
4788	66.66
4789	66.66
4790	66.66
4791	66.66
4792	66.66
4793	66.66
4794	66.66
4795	66.66
4796	66.66
4797	66.66
4798	66.66
4799	66.66
4800	66.66
4801	66.66
4802	66.66
4803	66.66
4804	66.66
4805	66.66
4806	66.66
4807	66.66
4808	66.66
4809	66.66
4810	66.66
4811	66.66
4812	66.66
4813	66.66
4814	66.66
4815	66.66
4816	66.66
4817	66.66
4818	66.66
4819	66.66
4820	66.66
4821	66.66
4822	66.66
4823	66.66
4824	66.66
4825	66.66
4826	66.66
4827	66.66
4828	66.66
4829	66.66
4830	66.66
4831	66.66
4832	66.66
4833	66.66
4834	66.66
4835	66.66
4836	66.66
4837	66.66
4838	66.66
4839	66.66
4840	66.66
4841	66.66
4842	66.66
4843	66.66
4844	66.66
4845	66.66
4846	66.66
4847	66.66
4848	66.66
4849	66.66
4850	66.66
4851	66.66
4852	66.66
4853	66.66
4854	66.66
4855	66.66
4856	66.66
4857	66.66
4858	66.66
4859	66.66
4860	66.66
4861	66.66
4862	66.66
4863	66.66
4864	66.66
4865	66.66
4866	66.66
4867	66.66
4868	66.66
4869	66.66
4870	66.66
4871	66.66
4872	66.66
4873	66.66
4874	66.66
4875	66.66
4876	66.66
4877	66.66
4878	66.66
4879	66.66
4880	66.66
4881	66.66
4882	66.66
4883	66.66
4884	66.66
4885	66.66
4886	66.66
4887	66.66
4888	66.66
4889	66.66
4890	66.66
4891	66.66
4892	66.66
4893	66.66
4894	66.66
4895	66.66
4896	66.66
4897	66.66
4898	66.66
4899	66.66
4900	66.66
4901	66.66
4902	66.66
4903	66.66
4904	66.66
4905	66.66
4906	66.66
4907	66.66
4908	66.66
4909	66.66
4910	66.66
4911	66.66
4912	66.66
4913	66.66
4914	66.66
4915	66.66
4916	66.66
4917	66.66
4918	66.66
4919	66.66
4920	66.66
4921	66.66
4922	66.66
4923	66.66
4924	66.66
4925	66.66
4926	66.66
4927	66.66
4928	66.66
4929	66.66
4930	66.66
4931	66.66
4932	66.66
4933	66.66
4934	66.66
4935	66.66
4936	66.66
4937	66.66
4938	66.66
4939	66.66
4940	66.66
4941	66.66
4942	66.66
4943	66.66
4944	66.66
4945	66.66
4946	66.66
4947	66.66
4948	66.66
4949	66.66
4950	66.66
4951	66.66
4952	66.66
4953	66.66
4954	66.66
4955	66.66
4956	66.66
4957	66.66
4958	66.66
4959	66.66
4960	66.66
4961	66.66
4962	66.66
4963	66.66
4964	66.66
4965	66.66
4966	66.66
4967	66.66
4968	66.66
4969	66.66
4970	66.66
4971	66.66
4972	66.66
4973	66.66
4974	66.66
4975	66.66
4976	66.66
4977	66.66
4978	66.66
4979	66.66
4980	66.66
4981	66.66
4982	66.66
4983	66.66
4984	66.66
4985	66.66
4986	66.66
4987	66.66
4988	66.66
4989	66.66
4990	66.66
4991	66.66
4992	66.66
4993	66.66
4994	66.66
4995	66.66
4996	66.66
4997	66.66
4998	66.66
4999	66.66
5000	66.66
5001	66.66
5002	66.66
5003	66.66
5004	66.66
5005	66.66
5006	66.66
5007	66.66
5008	66.66
5009	66.66
5010	66.66
5011	66.66
5012	66.66
5013	66.66
5014	66.66
5015	66.66
5016	66.66
5017	66.66
5018	66.66
5019	66.66
5020	66.66
5021	66.66
5022	66.66
5023	66.66
5024	66.66
5025	66.66
5026	66.66
5027	66.66
5028	66.66
5029	66.66
5030	66.66
5031	66.66
5032	66.66
5033	66.66
5034	66.66
5035	66.66
5036	66.66
5037	66.66
5038	66.66
5039	66.66
5040	66.66
5041	66.66
5042	66.66
5043	66.66
5044	66.66
5045	66.66
5046	66.66
5047	66.66
5048	66.66
5049	66.66
5050	66.66
5051	66.66
5052	66.66
5053	66.66
5054	66.66
5055	66.66
5056	66.66
5057	66.66
5058	66.66
5059	66.66
5060	66.66
5061	66.66
5062	66.66
5063	66.66
5064	66.66
5065	66.66
5066	66.66
5067	66.66
5068	66.66
5069	66.66
5070	66.66
5071	66.66
5072	66.66
5073	66.66
5074	66.66
5075	66.66
5076	66.66
5077	66.66
5078	66.66
5079	66.66
5080	66.66
5081	66.66
5082	66.66
5083	66.66
5084	66.66
5085	66.66
5086	66.66
5087	66.66
5088	66.66
5089	66.66
5090	66.66
5091	66.66
5092	66.66
5093	66.66
5094	66.66
5095	66.66
5096	66.66
5097	66.66
5098	66.66
5099	66.66
5100	66.66
5101	66.66
5102	66.66
5103	66.66
5104	66.66
5105	66.66
5106	66.66
5107	66.66
5108	66.66
5109	66.66
5110	66.66
5111	66.66
5112	66.66
5113	66.66
5114	66.66
5115	66.66
5116	66.66
5117	66.66
5118	66.66
5119	66.66
5120	66.66
5121	66.66
5122	66.66
5123	66.66
5124	66.66
5125	66.66
5126	66.66
5127	66.66
5128	66.66
5129	66.66
5130	66.66
5131	66.66
5132	66.66
5133	66.66
5134	66.66
5135	66.66
5136	66.66
5137	66.66
5138	66.66
5139	66.66
5140	66.66
5141	66.66
5142	66.66
5143	66.66
5144	66.66
5145	66.66
5146	66.66
5147	66.66
5148	66.66
5149	66.66
5150	66.66
5151	66.66
5152	66.66
5153	66.66
5154	66.66
5155	66.66
5156	66.66
5157	66.66
5158	66.66
5159	66.66
5160	66.66
5161	66.66
5162	66.66
5163	66.66
5164	66.66
5165	66.66
5166	66.66
5167	66.66
5168	66.66
5169	66.66
5170	66.66
5171	66.66
5172	66.66
5173	66.66
5174	66.66
5175	66.66
5176	66.66
5177	66.66
5178	66.66
5179	66.66
5180	66.66
5181	66.66
5182	66.66
5183	66.66
5184	66.66
5185	66.66
5186	66.66
5187	66.66
5188	66.66
5189	66.66
5190	66.66
5191	66.66
5192	66.66
5193	66.66
5194	66.66
5195	66.66
5196	66.66
5197	66.66
5198	66.66
5199	66.66
5200	66.66
5201	66.66
5202	66.66
5203	66.66
5204	66.66
5205	66.66
5206	66.66
5207	66.66
5208	66.66
5209	66.66
5210	66.66
5211	66.66
5212	66.66
5213	66.66
5214	66.66
5215	66.66
5216	66.66
5217	66.66
5218	66.66
5219	66.66
5220	66.66
5221	66.66
5222	66.66
5223	66.66
5224	66.66
5225	66.66
5226	66.66
5227	66.66
5228	66.66
5229	66.66
5230	66.66
5231	66.66
5232	66.66
5233	66.66
5234	66.66
5235	66.66
5236	66.66
5237	66.66
5238	66.66
5239	66.66
5240	66.66
5241	66.66
5242	66.66
5243	66.66
5244	66.66
5245	66.66
5246	66.66
5247	66.66
5248	66.66
5249	66.66
5250	66.66
5251	66.66
5252	66.66
5253	66.66
5254	66.66
5255	66.66
5256	66.66
5257	66.66
5258	66.66
5259	66.66
5260	66.66
5261	66.66
5262	66.66
5263	66.66
5264	66.66
5265	66.66
5266	66.66
5267	66.66
5268	66.66
5269	66.66
5270	66.66
5271	66.66
5272	66.66
5273	66.66
5274	66.66
5275	66.66
5276	66.66
5277	66.66
5278	66.66
5279	66.66
5280	66.66
5281	66.66
5282	66.66
5283	66.66
5284	66.66
5285	66.66
5286	66.66
5287	66.66
5288	66.66
5289	66.66
5290	66.66
5291	66.66
5292	66.66
5293	66.66
5294	66.66
5295	66.66
5296	66.66
5297	66.66
5298	66.66
5299	66.66
5300	66.66
5301	66.66
5302	66.66
5303	66.66
5304	66.66
5305	66.66
5306	66.66
5307	66.66
5308	66.66
5309	66.66
5310	66.66
5311	66.66
5312	66.66
5313	66.66
5314	66.66
5315	66.66
5316	66.66
5317	66.66
5318	66.66
5319	66.66
5320	66.66
5321	66.66
5322	66.66
5323	66.66
5324	66.66
5325	66.66
5326	66.66
5327	66.66
5328	66.66
5329	66.66
5330	66.66
5331	66.66
5332	66.66
5333	66.66
5334	66.66
5335	66.66
5336	66.66
5337	66.66
5338	66.66
5339	66.66
5340	66.66
5341	66.66
5342	66.66
5343	66.66
5344	66.66
5345	66.66
5346	66.66
5347	66.66
5348	66.66
5349	66.66
5350	66.66
5351	66.66
5352	66.66
5353	66.66
5354	66.66
5355	66.66
5356	66.66
5357	66.66
5358	66.66
5359	66.66
5360	66.66
5361	66.66
5362	66.66
5363	66.66
5364	66.66
5365	66.66
5366	66.66
5367	66.66
5368	66.66
5369	66.66
5370	66.66
5371	66.66
5372	66.66
5373	66.66
5374	66.66
5375	66.66
5376	66.66
5377	66.66
5378	66.66
5379	66.66
5380	66.66
5381	66.66
5382	66.66
5383	66.66
5384	66.66
5385	66.66
5386	66.66
5387	66.66
5388	66.66
5389	66.66
5390	66.66
5391	66.66
5392	66.66
5393	66.66
5394	66.66
5395	66.66
5396	66.66
5397	66.66
5398	66.66
5399	66.66
5400	66.66
5401	66.66
5402	66.66
5403	66.66
5404	66.66
5405	66.66
5406	66.66
5407	66.66
5408	66.66
5409	66.66
5410	66.66
5411	66.66
5412	66.66
5413	66.66
5414	66.66
5415	66.66
5416	66.66
5417	66.66
5418	66.66
5419	66.66
5420	66.66
5421	66.66
5422	66.66
5423	66.66
5424	66.66
5425	66.66
5426	66.66
5427	66.66
5428	66.66
5429	66.66
5430	66.66
5431	66.66
5432	66.66
5433	66.66
5434	66.66
5435	66.66
5436	66.66
5437	66.66
5438	66.66
5439	66.66
5440	66.66
5441	66.66
5442	66.66
5443	66.66
5444	66.66
5445	66.66
5446	66.66
5447	66.66
5448	66.66
5449	66.66
5450	66.66
5451	66.66
5452	66.66
5453	66.66
5454	66.66
5455	66.66
5456	66.66
5457	66.66
5458	66.66
5459	66.66
5460	66.66
5461	66.66
5462	66.66
5463	66.66
5464	66.66
5465	66.66
5466	66.66
5467	66.66
5468	66.66
5469	66.66
5470	66.66
5471	66.66
5472	66.66
5473	66.66
5474	66.66
5475	66.66
5476	66.66
5477	66.66
5478	66.66
5479	66.66
5480	66.66
5481	66.66
5482	66.66
5483	66.66
5484	66.66
5485	66.66
5486	66.66
5487	66.66
5488	66.66
5489	66.66
5490	66.66
5491	66.66
5492	66.66
5493	66.66
5494	66.66
5495	66.66
5496	66.66
5497	66.66
5498	66.66
5499	66.66
5500	66.66
5501	66.66
5502	66.66
5503	66.66
5504	66.66
5505	66.66
5506	66.66
5507	66.66
5508	66.66
5509	66.66
5510	66.66
5511	66.66
5512	66.66
5513	66.66
5514	66.66
5515	66.66
5516	66.66
5517	66.66
5518	66.66
5519	66.66
5520	66.66
5521	66.66
5522	66.66
5523	66.66
5524	66.66
5525	66.66
5526	66.66
5527	66.66
5528	66.66
5529	66.66
5530	66.66
5531	66.66
5532	66.66
5533	66.66
5534	66.66
5535	66.66
5536	66.66
5537	66.66
5538	66.66
5539	66.66
5540	66.66
5541	66.66
5542	66.66
5543	66.66
5544	66.66
5545	66.66
5546	66.66
5547	66.66
5548	66.66
5549	66.66
5550	66.66
5551	66.66
5552	66.66
5553	66.66
5554	66.66
5555	66.66
5556	66.66
5557	66.66
5558	66.66
5559	66.66
5560	66.66
5561	66.66
5562	66.66
5563	66.66
5564	66.66
5565	66.66
5566	66.66
5567	66.66
5568	66.66
5569	66.66
5570	66.66
5571	66.66
5572	66.66
5573	66.66
5574	66.66
5575	66.66
5576	66.66
5577	66.66
5578	66.66
5579	66.66
5580	66.66
5581	66.66
5582	66.66
5583	66.66
5584	66.66
5585	66.66
5586	66.66
5587	66.66
5588	66.66
5589	66.66
5590	66.66
5591	66.66
5592	66.66
5593	66.66
5594	66.66
5595	66.66
5596	66.66
5597	66.66
5598	66.66
5599	66.66
5600	66.66
5601	66.66
5602	66.66
5603	66.66
5604	66.66
5605	66.66
5606	66.66
5607	66.66
5608	66.66
5609	66.66
5610	66.66
5611	66.66
5612	66.66
5613	66.66
5614	66.66
5615	66.66
5616	66.66
5617	66.66
5618	66.66
5619	66.66
5620	66.66
5621	66.66
5622	66.66
5623	66.66
5624	66.66
5625	66.66
5626	66.66
5627	66.66
5628	66.66
5629	66.66
5630	66.66
5631	66.66
5632	66.66
5633	66.66
5634	66.66
5635	66.66
5636	66.66
5637	66.66
5638	66.66
5639	66.66
5640	66.66
5641	66.66
5642	66.66
5643	66.66
5644	66.66
5645	66.66
5646	66.66
5647	66.66
5648	66.66
5649	66.66
5650	66.66
5651	66.66
5652	66.66
5653	66.66
5654	66.66
5655	66.66
5656	66.66
5657	66.66
5658	66.66
5659	66.66
5660	66.66
5661	66.66
5662	66.66
5663	66.66
5664	66.66
5665	66.66
5666	66.66
5667	66.66
5668	66.66
5669	66.66
5670	66.66
5671	66.66
5672	66.66
5673	66.66
5674	66.66
5675	66.66
5676	66.66
5677	66.66
5678	66.66
5679	66.66
5680	66.66
5681	66.66
5682	66.66
5683	66.66
5684	66.66
5685	66.66
5686	66.66
5687	66.66
5688	66.66
5689	66.66
5690	66.66
5691	66.66
5692	66.66
5693	66.66
5694	66.66
5695	66.66
5696	66.66
5697	66.66
5698	66.66
5699	66.66
5700	66.66
5701	66.66
5702	66.66
5703	66.66
5704	66.66
5705	66.66
5706	66.66
5707	66.66
5708	66.66
5709	66.66
5710	66.66
5711	66.66
5712	66.66
5713	66.66
5714	66.66
5715	66.66
5716	66.66
5717	66.66
5718	66.66
5719	66.66
5720	66.66
5721	66.66
5722	66.66
5723	66.66
5724	66.66
5725	66.66
5726	66.66
5727	66.66
5728	66.66
5729	66.66
5730	66.66
5731	66.66
5732	66.66
5733	66.66
5734	66.66
5735	66.66
5736	66.66
5737	66.66
5738	66.66
5739	66.66
5740	66.66
5741	66.66
5742	66.66
5743	66.66
5744	66.66
5745	66.66
5746	66.66
5747	66.66
5748	66.66
5749	66.66
5750	66.66
5751	66.66
5752	66.66
5753	66.66
5754	66.66
5755	66.66
5756	66.66
5757	66.66
5758	66.66
5759	66.66
5760	66.66
5761	66.66
5762	66.66
5763	66.66
5764	66.66
5765	66.66
5766	66.66
5767	66.66
5768	66.66
5769	66.66
5770	66.66
5771	66.66
5772	66.66
5773	66.66
5774	66.66
5775	66.66
5776	66.66
5777	66.66
5778	66.66
5779	66.66
5780	66.66
5781	66.66
5782	66.66
5783	66.66
5784	66.66
5785	66.66
5786	66.66
5787	66.66
5788	66.66
5789	66.66
5790	66.66
5791	66.66
5792	66.66
5793	66.66
5794	66.66
5795	66.66
5796	66.66
5797	66.66
5798	66.66
5799	66.66
5800	66.66
5801	66.66
5802	66.66
5803	66.66
5804	66.66
5805	66.66
5806	66.66
5807	66.66
5808	66.66
5809	66.66
5810	66.66
5811	66.66
5812	66.66
5813	66.66
5814	66.66
5815	66.66
5816	66.66
5817	66.66
5818	66.66
5819	66.66
5820	66.66
5821	66.66
5822	66.66
5823	66.66
5824	66.66
5825	66.66
5826	66.66
5827	66.66
5828	66.66
5829	66.66
5830	66.66
5831	66.66
5832	66.66
5833	66.66
5834	66.66
5835	66.66
5836	66.66
5837	66.66
5838	66.66
5839	66.66
5840	66.66
5841	66.66
5842	66.66
5843	66.66
5844	66.66
5845	66.66
5846	66.66
5847	66.66
5848	66.66
5849	66.66
5850	66.66
5851	66.66
5852	66.66
5853	66.66
5854	66.66
5855	66.66
5856	66.66
5857	66.66
5858	66.66
5859	66.66
5860	66.66
5861	66.66
5862	66.66
5863	66.66
5864	66.66
5865	66.66
5866	66.66
5867	66.66
5868	66.66
5869	66.66
5870	66.66
5871	66.66
5872	66.66
5873	66.66
5874	66.66
5875	66.66
5876	66.66
5877	66.66
5878	66.66
5879	66.66
5880	66.66
5881	66.66
5882	66.66
5883	66.66
5884	66.66
5885	66.66
5886	66.66
5887	66.66
5888	66.66
5889	66.66
5890	66.66
5891	66.66
5892	66.66
5893	66.66
5894	66.66
5895	66.66
5896	66.66
5897	66.66
5898	66.66
5899	66.66
5900	66.66
5901	66.66
5902	66.66
5903	66.66
5904	66.66
5905	66.66
5906	66.66
5907	66.66
5908	66.66
5909	66.66
5910	66.66
5911	66.66
5912	66.66
5913	66.66
5914	66.66
5915	66.66
5916	66.66
5917	66.66
5918	66.66
5919	66.66
5920	66.66
5921	66.66
5922	66.66
5923	66.66
5924	66.66
5925	66.66
5926	66.66
5927	66.66
5928	66.66
5929	66.66
5930	66.66
5931	66.66
5932	66.66
5933	66.66
5934	66.66
5935	66.66
5936	66.66
5937	66.66
5938	66.66
5939	66.66
5940	66.66
5941	66.66
5942	66.66
5943	66.66
5944	66.66
5945	66.66
5946	66.66
5947	66.66
5948	66.66
5949	66.66
5950	66.66
5951	66.66
5952	66.66
5953	66.66
5954	66.66
5955	66.66
5956	66.66
5957	66.66
5958	66.66
5959	66.66
5960	66.66
5961	66.66
5962	66.66
5963	66.66
5964	66.66
5965	66.66
5966	66.66
5967	66.66
5968	66.66
5969	66.66
5970	66.66
5971	66.66
5972	66.66
5973	66.66
5974	66.66
5975	66.66
5976	66.66
5977	66.66
5978	66.66
5979	66.66
5980	66.66
5981	66.66
5982	66.66
5983	66.66
5984	66.66
5985	66.66
5986	66.66
5987	66.66
5988	66.66
5989	66.66
5990	66.66
5991	66.66
5992	66.66
5993	66.66
5994	66.66
