0	20.05
1	20.05
2	20.05
3	20.05
4	20.05
5	20.05
6	20.05
7	20.05
8	20.05
9	20.05
10	20.05
11	20.05
12	20.05
13	20.05
14	20.05
15	20.05
16	20.05
17	20.05
18	20.05
19	20.05
20	20.05
21	20.05
22	20.05
23	20.05
24	20.05
25	20.05
26	20.05
27	20.05
28	20.05
29	20.05
30	20.05
31	20.05
32	20.05
33	20.05
34	20.05
35	20.05
36	20.05
37	20.05
38	20.05
39	20.05
40	20.05
41	20.05
42	20.05
43	20.05
44	20.05
45	20.05
46	20.05
47	20.05
48	20.05
49	20.05
50	20.05
51	20.05
52	20.05
53	20.05
54	20.05
55	20.05
56	20.05
57	20.05
58	20.05
59	20.05
60	20.05
61	20.05
62	20.05
63	20.05
64	20.05
65	20.05
66	20.05
67	20.05
68	20.05
69	20.05
70	20.05
71	20.05
72	20.05
73	20.05
74	20.05
75	20.05
76	20.05
77	20.05
78	20.05
79	20.05
80	20.05
81	20.05
82	20.05
83	20.05
84	20.05
85	20.05
86	20.05
87	20.05
88	20.05
89	20.05
90	20.05
91	20.05
92	20.05
93	20.05
94	20.05
95	20.05
96	20.05
97	20.05
98	20.05
99	20.05
100	20.05
101	20.05
102	20.05
103	20.05
104	20.05
105	20.05
106	20.05
107	20.05
108	20.05
109	20.05
110	20.05
111	20.05
112	20.05
113	20.05
114	20.05
115	20.05
116	20.05
117	20.05
118	20.05
119	20.05
120	20.05
121	20.05
122	20.05
123	20.05
124	20.05
125	20.05
126	20.05
127	20.05
128	20.05
129	20.05
130	20.05
131	20.05
132	20.05
133	20.05
134	20.05
135	20.05
136	20.05
137	20.05
138	20.05
139	20.05
140	20.05
141	20.05
142	20.05
143	20.05
144	20.05
145	20.05
146	20.05
147	20.05
148	20.05
149	20.05
150	20.05
151	20.05
152	20.05
153	20.05
154	20.05
155	20.05
156	20.05
157	20.05
158	20.05
159	20.05
160	20.05
161	20.05
162	20.05
163	20.05
164	20.05
165	20.05
166	20.05
167	20.05
168	20.05
169	20.05
170	20.05
171	20.05
172	20.05
173	20.05
174	20.05
175	20.05
176	20.05
177	20.05
178	20.05
179	20.05
180	20.05
181	20.05
182	20.05
183	20.05
184	20.05
185	20.05
186	20.05
187	20.05
188	20.05
189	20.05
190	20.05
191	20.05
192	20.05
193	20.05
194	20.05
195	20.05
196	20.05
197	20.05
198	20.05
199	20.05
200	20.05
201	20.05
202	20.05
203	20.05
204	20.05
205	20.05
206	20.05
207	20.05
208	20.05
209	20.05
210	20.05
211	20.05
212	20.05
213	20.05
214	20.05
215	20.05
216	20.05
217	20.05
218	20.05
219	20.05
220	20.05
221	20.05
222	20.05
223	20.05
224	20.05
225	20.05
226	20.05
227	20.05
228	20.05
229	20.05
230	20.05
231	20.05
232	20.05
233	20.05
234	20.05
235	20.05
236	20.05
237	20.05
238	20.05
239	20.05
240	20.05
241	20.05
242	20.05
243	20.05
244	20.05
245	20.05
246	20.05
247	20.05
248	20.05
249	20.05
250	20.05
251	20.05
252	20.05
253	20.05
254	20.05
255	20.05
256	20.05
257	20.05
258	20.05
259	20.05
260	20.05
261	20.05
262	20.05
263	20.05
264	20.05
265	20.05
266	20.05
267	20.05
268	20.05
269	20.05
270	20.05
271	20.05
272	20.05
273	20.05
274	20.05
275	20.05
276	20.05
277	20.05
278	20.05
279	20.05
280	20.05
281	20.05
282	20.05
283	20.05
284	20.05
285	20.05
286	20.05
287	20.05
288	20.05
289	20.05
290	20.05
291	20.05
292	20.05
293	20.05
294	20.05
295	20.05
296	20.05
297	20.05
298	20.05
299	20.05
300	20.05
301	20.05
302	20.05
303	20.05
304	20.05
305	20.05
306	20.05
307	20.05
308	20.05
309	20.05
310	20.05
311	20.05
312	20.05
313	20.05
314	20.05
315	20.05
316	20.05
317	20.05
318	20.05
319	20.05
320	20.05
321	20.05
322	20.05
323	20.05
324	20.05
325	20.05
326	20.05
327	20.05
328	20.05
329	20.05
330	20.05
331	20.05
332	20.05
333	20.05
334	20.05
335	20.05
336	20.05
337	20.05
338	20.05
339	20.05
340	20.05
341	20.05
342	20.05
343	20.05
344	20.05
345	20.05
346	20.05
347	20.05
348	20.05
349	20.05
350	20.05
351	20.05
352	20.05
353	20.05
354	20.05
355	20.05
356	20.05
357	20.05
358	20.05
359	20.05
360	20.05
361	20.05
362	20.05
363	20.05
364	20.05
365	20.05
366	20.05
367	20.05
368	20.05
369	20.05
370	20.05
371	20.05
372	20.05
373	20.05
374	20.05
375	20.05
376	20.05
377	20.05
378	20.05
379	20.05
380	20.05
381	20.05
382	20.05
383	20.05
384	20.05
385	20.05
386	20.05
387	20.05
388	20.05
389	20.05
390	20.05
391	20.05
392	20.05
393	20.05
394	20.05
395	20.05
396	20.05
397	20.05
398	20.05
399	20.05
400	20.05
401	20.05
402	20.05
403	20.05
404	20.05
405	20.05
406	20.05
407	20.05
408	20.05
409	20.05
410	20.05
411	20.05
412	20.05
413	20.05
414	20.05
415	20.05
416	20.05
417	20.05
418	20.05
419	20.05
420	20.05
421	20.05
422	20.05
423	20.05
424	20.05
425	20.05
426	20.05
427	20.05
428	20.05
429	20.05
430	20.05
431	20.05
432	20.05
433	20.05
434	20.05
435	20.05
436	20.05
437	20.05
438	20.05
439	20.05
440	20.05
441	20.05
442	20.05
443	20.05
444	20.05
445	20.05
446	20.05
447	20.05
448	20.05
449	20.05
450	20.05
451	20.05
452	20.05
453	20.05
454	20.05
455	20.05
456	20.05
457	20.05
458	20.05
459	20.05
460	20.05
461	20.05
462	20.05
463	20.05
464	20.05
465	20.05
466	20.05
467	20.05
468	20.05
469	20.05
470	20.05
471	20.05
472	20.05
473	20.05
474	20.05
475	20.05
476	20.05
477	20.05
478	20.05
479	20.05
480	20.05
481	20.05
482	20.05
483	20.05
484	20.05
485	20.05
486	20.05
487	20.05
488	20.05
489	20.05
490	20.05
491	20.05
492	20.05
493	20.05
494	20.05
495	20.05
496	20.05
497	20.05
498	20.05
499	20.05
500	20.05
501	20.05
502	20.05
503	20.05
504	20.05
505	20.05
506	20.05
507	20.05
508	20.05
509	20.05
510	20.05
511	20.05
512	20.05
513	20.05
514	20.05
515	20.05
516	20.05
517	20.05
518	20.05
519	20.05
520	20.05
521	20.05
522	20.05
523	20.05
524	20.05
525	20.05
526	20.05
527	20.05
528	20.05
529	20.05
530	20.05
531	20.05
532	20.05
533	20.05
534	20.05
535	20.05
536	20.05
537	20.05
538	20.05
539	20.05
540	20.05
541	20.05
542	20.05
543	20.05
544	20.05
545	20.05
546	20.05
547	20.05
548	20.05
549	20.05
550	20.05
551	20.05
552	20.05
553	20.05
554	20.05
555	20.05
556	20.05
557	20.05
558	20.05
559	20.05
560	20.05
561	20.05
562	20.05
563	20.05
564	20.05
565	20.05
566	20.05
567	20.05
568	20.05
569	20.05
570	20.05
571	20.05
572	20.05
573	20.05
574	20.05
575	20.05
576	20.05
577	20.05
578	20.05
579	20.05
580	20.05
581	20.05
582	20.05
583	20.05
584	20.05
585	20.05
586	20.05
587	20.05
588	20.05
589	20.05
590	20.05
591	20.05
592	20.05
593	20.05
594	20.05
595	20.05
596	20.05
597	20.05
598	20.05
599	20.05
600	20.05
601	20.05
602	20.05
603	20.05
604	20.05
605	20.05
606	20.05
607	20.05
608	20.05
609	20.05
610	20.05
611	20.05
612	20.05
613	20.05
614	20.05
615	20.05
616	20.05
617	20.05
618	20.05
619	20.05
620	20.05
621	20.05
622	20.05
623	20.05
624	20.05
625	20.05
626	20.05
627	20.05
628	20.05
629	20.05
630	20.05
631	20.05
632	20.05
633	20.05
634	20.05
635	20.05
636	20.05
637	20.05
638	20.05
639	20.05
640	20.05
641	20.05
642	20.05
643	20.05
644	20.05
645	20.05
646	20.05
647	20.05
648	20.05
649	20.05
650	20.05
651	20.05
652	20.05
653	20.05
654	20.05
655	20.05
656	20.05
657	20.05
658	20.05
659	20.05
660	20.05
661	20.05
662	20.05
663	20.05
664	20.05
665	20.05
666	20.05
667	20.05
668	20.05
669	20.05
670	20.05
671	20.05
672	20.05
673	20.05
674	20.05
675	20.05
676	20.05
677	20.05
678	20.05
679	20.05
680	20.05
681	20.05
682	20.05
683	20.05
684	20.05
685	20.05
686	20.05
687	20.05
688	20.05
689	20.05
690	20.05
691	20.05
692	20.05
693	20.05
694	20.05
695	20.05
696	20.05
697	20.05
698	20.05
699	20.05
700	20.05
701	20.05
702	20.05
703	20.05
704	20.05
705	20.05
706	20.05
707	20.05
708	20.05
709	20.05
710	20.05
711	20.05
712	20.05
713	20.05
714	20.05
715	20.05
716	20.05
717	20.05
718	20.05
719	20.05
720	20.05
721	20.05
722	20.05
723	20.05
724	20.05
725	20.05
726	20.05
727	20.05
728	20.05
729	20.05
730	20.05
731	20.05
732	20.05
733	20.05
734	20.05
735	20.05
736	20.05
737	20.05
738	20.05
739	20.05
740	20.05
741	20.05
742	20.05
743	20.05
744	20.05
745	20.05
746	20.05
747	20.05
748	20.05
749	20.05
750	20.05
751	20.05
752	20.05
753	20.05
754	20.05
755	20.05
756	20.05
757	20.05
758	20.05
759	20.05
760	20.05
761	20.05
762	20.05
763	20.05
764	20.05
765	20.05
766	20.05
767	20.05
768	20.05
769	20.05
770	20.05
771	20.05
772	20.05
773	20.05
774	20.05
775	20.05
776	20.05
777	20.05
778	20.05
779	20.05
780	20.05
781	20.05
782	20.05
783	20.05
784	20.05
785	20.05
786	20.05
787	20.05
788	20.05
789	20.05
790	20.05
791	20.05
792	20.05
793	20.05
794	20.05
795	20.05
796	20.05
797	20.05
798	20.05
799	20.05
800	20.05
801	20.05
802	20.05
803	20.05
804	20.05
805	20.05
806	20.05
807	20.05
808	20.05
809	20.05
810	20.05
811	20.05
812	20.05
813	20.05
814	20.05
815	20.05
816	20.05
817	20.05
818	20.05
819	20.05
820	20.05
821	20.05
822	20.05
823	20.05
824	20.05
825	20.05
826	20.05
827	20.05
828	20.05
829	20.05
830	20.05
831	20.05
832	20.05
833	20.05
834	20.05
835	20.05
836	20.05
837	20.05
838	20.05
839	20.05
840	20.05
841	20.05
842	20.05
843	20.05
844	20.05
845	20.05
846	20.05
847	20.05
848	20.05
849	20.05
850	20.05
851	20.05
852	20.05
853	20.05
854	20.05
855	20.05
856	20.05
857	20.05
858	20.05
859	20.05
860	20.05
861	20.05
862	20.05
863	20.05
864	20.05
865	20.05
866	20.05
867	20.05
868	20.05
869	20.05
870	20.05
871	20.05
872	20.05
873	20.05
874	20.05
875	20.05
876	20.05
877	20.05
878	20.05
879	20.05
880	20.05
881	20.05
882	20.05
883	20.05
884	20.05
885	20.05
886	20.05
887	20.05
888	20.05
889	20.05
890	20.05
891	20.05
892	20.05
893	20.05
894	20.05
895	20.05
896	20.05
897	20.05
898	20.05
899	20.05
900	20.05
901	20.05
902	20.05
903	20.05
904	20.05
905	20.05
906	20.05
907	20.05
908	20.05
909	20.05
910	20.05
911	20.05
912	20.05
913	20.05
914	20.05
915	20.05
916	20.05
917	20.05
918	20.05
919	20.05
920	20.05
921	20.05
922	20.05
923	20.05
924	20.05
925	20.05
926	20.05
927	20.05
928	20.05
929	20.05
930	20.05
931	20.05
932	20.05
933	20.05
934	20.05
935	20.05
936	20.05
937	20.05
938	20.05
939	20.05
940	20.05
941	20.05
942	20.05
943	20.05
944	20.05
945	20.05
946	20.05
947	20.05
948	20.05
949	20.05
950	20.05
951	20.05
952	20.05
953	20.05
954	20.05
955	20.05
956	20.05
957	20.05
958	20.05
959	20.05
960	20.05
961	20.05
962	20.05
963	20.05
964	20.05
965	20.05
966	20.05
967	20.05
968	20.05
969	20.05
970	20.05
971	20.05
972	20.05
973	20.05
974	20.05
975	20.05
976	20.05
977	20.05
978	20.05
979	20.05
980	20.05
981	20.05
982	20.05
983	20.05
984	20.05
985	20.05
986	20.05
987	20.05
988	20.05
989	20.05
990	20.05
991	20.05
992	20.05
993	20.05
994	20.05
995	20.05
996	20.05
997	20.05
998	20.05
999	20.05
1000	20.05
1001	20.05
1002	20.05
1003	20.05
1004	20.05
1005	20.05
1006	20.05
1007	20.05
1008	20.05
1009	20.05
1010	20.05
1011	20.05
1012	20.05
1013	20.05
1014	20.05
1015	20.05
1016	20.05
1017	20.05
1018	20.05
1019	20.05
1020	20.05
1021	20.05
1022	20.05
1023	20.05
1024	20.05
1025	20.05
1026	20.05
1027	20.05
1028	20.05
1029	20.05
1030	20.05
1031	20.05
1032	20.05
1033	20.05
1034	20.05
1035	20.05
1036	20.05
1037	20.05
1038	20.05
1039	20.05
1040	20.05
1041	20.05
1042	20.05
1043	20.05
1044	20.05
1045	20.05
1046	20.05
1047	20.05
1048	20.05
1049	20.05
1050	20.05
1051	20.05
1052	20.05
1053	20.05
1054	20.05
1055	20.05
1056	20.05
1057	20.05
1058	20.05
1059	20.05
1060	20.05
1061	20.05
1062	20.05
1063	20.05
1064	20.05
1065	20.05
1066	20.05
1067	20.05
1068	20.05
1069	20.05
1070	20.05
1071	20.05
1072	20.05
1073	20.05
1074	20.05
1075	20.05
1076	20.05
1077	20.05
1078	20.05
1079	20.05
1080	20.05
1081	20.05
1082	20.05
1083	20.05
1084	20.05
1085	20.05
1086	20.05
1087	20.05
1088	20.05
1089	20.05
1090	20.05
1091	20.05
1092	20.05
1093	20.05
1094	20.05
1095	20.05
1096	20.05
1097	20.05
1098	20.05
1099	20.05
1100	20.05
1101	20.05
1102	20.05
1103	20.05
1104	20.05
1105	20.05
1106	20.05
1107	20.05
1108	20.05
1109	20.05
1110	20.05
1111	20.05
1112	20.05
1113	20.05
1114	20.05
1115	20.05
1116	20.05
1117	20.05
1118	20.05
1119	20.05
1120	20.05
1121	20.05
1122	20.05
1123	20.05
1124	20.05
1125	20.05
1126	20.05
1127	20.05
1128	20.05
1129	20.05
1130	20.05
1131	20.05
1132	20.05
1133	20.05
1134	20.05
1135	20.05
1136	20.05
1137	20.05
1138	20.05
1139	20.05
1140	20.05
1141	20.05
1142	20.05
1143	20.05
1144	20.05
1145	20.05
1146	20.05
1147	20.05
1148	20.05
1149	20.05
1150	20.05
1151	20.05
1152	20.05
1153	20.05
1154	20.05
1155	20.05
1156	20.05
1157	20.05
1158	20.05
1159	20.05
1160	20.05
1161	20.05
1162	20.05
1163	20.05
1164	20.05
1165	20.05
1166	20.05
1167	20.05
1168	20.05
1169	20.05
1170	20.05
1171	20.05
1172	20.05
1173	20.05
1174	20.05
1175	20.05
1176	20.05
1177	20.05
1178	20.05
1179	20.05
1180	20.05
1181	20.05
1182	20.05
1183	20.05
1184	20.05
1185	20.05
1186	20.05
1187	20.05
1188	20.05
1189	20.05
1190	20.05
1191	20.05
1192	20.05
1193	20.05
1194	20.05
1195	20.05
1196	20.05
1197	20.05
1198	20.05
1199	20.05
1200	20.05
1201	20.05
1202	20.05
1203	20.05
1204	20.05
1205	20.05
1206	20.05
1207	20.05
1208	20.05
1209	20.05
1210	20.05
1211	20.05
1212	20.05
1213	20.05
1214	20.05
1215	20.05
1216	20.05
1217	20.05
1218	20.05
1219	20.05
1220	20.05
1221	20.05
1222	20.05
1223	20.05
1224	20.05
1225	20.05
1226	20.05
1227	20.05
1228	20.05
1229	20.05
1230	20.05
1231	20.05
1232	20.05
1233	20.05
1234	20.05
1235	20.05
1236	20.05
1237	20.05
1238	20.05
1239	20.05
1240	20.05
1241	20.05
1242	20.05
1243	20.05
1244	20.05
1245	20.05
1246	20.05
1247	20.05
1248	20.05
1249	20.05
1250	20.05
1251	20.05
1252	20.05
1253	20.05
1254	20.05
1255	20.05
1256	20.05
1257	20.05
1258	20.05
1259	20.05
1260	20.05
1261	20.05
1262	20.05
1263	20.05
1264	20.05
1265	20.05
1266	20.05
1267	20.05
1268	20.05
1269	20.05
1270	20.05
1271	20.05
1272	20.05
1273	20.05
1274	20.05
1275	20.05
1276	20.05
1277	20.05
1278	20.05
1279	20.05
1280	20.05
1281	20.05
1282	20.05
1283	20.05
1284	20.05
1285	20.05
1286	20.05
1287	20.05
1288	20.05
1289	20.05
1290	20.05
1291	20.05
1292	20.05
1293	20.05
1294	20.05
1295	20.05
1296	20.05
1297	20.05
1298	20.05
1299	20.05
1300	20.05
1301	20.05
1302	20.05
1303	20.05
1304	20.05
1305	20.05
1306	20.05
1307	20.05
1308	20.05
1309	20.05
1310	20.05
1311	20.05
1312	20.05
1313	20.05
1314	20.05
1315	20.05
1316	20.05
1317	20.05
1318	20.05
1319	20.05
1320	20.05
1321	20.05
1322	20.05
1323	20.05
1324	20.05
1325	20.05
1326	20.05
1327	20.05
1328	20.05
1329	20.05
1330	20.05
1331	20.05
1332	20.05
1333	20.05
1334	20.05
1335	20.05
1336	20.05
1337	20.05
1338	20.05
1339	20.05
1340	20.05
1341	20.05
1342	20.05
1343	20.05
1344	20.05
1345	20.05
1346	20.05
1347	20.05
1348	20.05
1349	20.05
1350	20.05
1351	20.05
1352	20.05
1353	20.05
1354	20.05
1355	20.05
1356	20.05
1357	20.05
1358	20.05
1359	20.05
1360	20.05
1361	20.05
1362	20.05
1363	20.05
1364	20.05
1365	20.05
1366	20.05
1367	20.05
1368	20.05
1369	20.05
1370	20.05
1371	20.05
1372	20.05
1373	20.05
1374	20.05
1375	20.05
1376	20.05
1377	20.05
1378	20.05
1379	20.05
1380	20.05
1381	20.05
1382	20.05
1383	20.05
1384	20.05
1385	20.05
1386	20.05
1387	20.05
1388	20.05
1389	20.05
1390	20.05
1391	20.05
1392	20.05
1393	20.05
1394	20.05
1395	20.05
1396	20.05
1397	20.05
1398	20.05
1399	20.05
1400	20.05
1401	20.05
1402	20.05
1403	20.05
1404	20.05
1405	20.05
1406	20.05
1407	20.05
1408	20.05
1409	20.05
1410	20.05
1411	20.05
1412	20.05
1413	20.05
1414	20.05
1415	20.05
1416	20.05
1417	20.05
1418	20.05
1419	20.05
1420	20.05
1421	20.05
1422	20.05
1423	20.05
1424	20.05
1425	20.05
1426	20.05
1427	20.05
1428	20.05
1429	20.05
1430	20.05
1431	20.05
1432	20.05
1433	20.05
1434	20.05
1435	20.05
1436	20.05
1437	20.05
1438	20.05
1439	20.05
1440	20.05
1441	20.05
1442	20.05
1443	20.05
1444	20.05
1445	20.05
1446	20.05
1447	20.05
1448	20.05
1449	20.05
1450	20.05
1451	20.05
1452	20.05
1453	20.05
1454	20.05
1455	20.05
1456	20.05
1457	20.05
1458	20.05
1459	20.05
1460	20.05
1461	20.05
1462	20.05
1463	20.05
1464	20.05
1465	20.05
1466	20.05
1467	20.05
1468	20.05
1469	20.05
1470	20.05
1471	20.05
1472	20.05
1473	20.05
1474	20.05
1475	20.05
1476	20.05
1477	20.05
1478	20.05
1479	20.05
1480	20.05
1481	20.05
1482	20.05
1483	20.05
1484	20.05
1485	20.05
1486	20.05
1487	20.05
1488	20.05
1489	20.05
1490	20.05
1491	20.05
1492	20.05
1493	20.05
1494	20.05
1495	20.05
1496	20.05
1497	20.05
1498	20.05
1499	20.05
1500	20.05
1501	20.05
1502	20.05
1503	20.05
1504	20.05
1505	20.05
1506	20.05
1507	20.05
1508	20.05
1509	20.05
1510	20.05
1511	20.05
1512	20.05
1513	20.05
1514	20.05
1515	20.05
1516	20.05
1517	20.05
1518	20.05
1519	20.05
1520	20.05
1521	20.05
1522	20.05
1523	20.05
1524	20.05
1525	20.05
1526	20.05
1527	20.05
1528	20.05
1529	20.05
1530	20.05
1531	20.05
1532	20.05
1533	20.05
1534	20.05
1535	20.05
1536	20.05
1537	20.05
1538	20.05
1539	20.05
1540	20.05
1541	20.05
1542	20.05
1543	20.05
1544	20.05
1545	20.05
1546	20.05
1547	20.05
1548	20.05
1549	20.05
1550	20.05
1551	20.05
1552	20.05
1553	20.05
1554	20.05
1555	20.05
1556	20.05
1557	20.05
1558	20.05
1559	20.05
1560	20.05
1561	20.05
1562	20.05
1563	20.05
1564	20.05
1565	20.05
1566	20.05
1567	20.05
1568	20.05
1569	20.05
1570	20.05
1571	20.05
1572	20.05
1573	20.05
1574	20.05
1575	20.05
1576	20.05
1577	20.05
1578	20.05
1579	20.05
1580	20.05
1581	20.05
1582	20.05
1583	20.05
1584	20.05
1585	20.05
1586	20.05
1587	20.05
1588	20.05
1589	20.05
1590	20.05
1591	20.05
1592	20.05
1593	20.05
1594	20.05
1595	20.05
1596	20.05
1597	20.05
1598	20.05
1599	20.05
1600	20.05
1601	20.05
1602	20.05
1603	20.05
1604	20.05
1605	20.05
1606	20.05
1607	20.05
1608	20.05
1609	20.05
1610	20.05
1611	20.05
1612	20.05
1613	20.05
1614	20.05
1615	20.05
1616	20.05
1617	20.05
1618	20.05
1619	20.05
1620	20.05
1621	20.05
1622	20.05
1623	20.05
1624	20.05
1625	20.05
1626	20.05
1627	20.05
1628	20.05
1629	20.05
1630	20.05
1631	20.05
1632	20.05
1633	20.05
1634	20.05
1635	20.05
1636	20.05
1637	20.05
1638	20.05
1639	20.05
1640	20.05
1641	20.05
1642	20.05
1643	20.05
1644	20.05
1645	20.05
1646	20.05
1647	20.05
1648	20.05
1649	20.05
1650	20.05
1651	20.05
1652	20.05
1653	20.05
1654	20.05
1655	20.05
1656	20.05
1657	20.05
1658	20.05
1659	20.05
1660	20.05
1661	20.05
1662	20.05
1663	20.05
1664	20.05
1665	20.05
1666	20.05
1667	20.05
1668	20.05
1669	20.05
1670	20.05
1671	20.05
1672	20.05
1673	20.05
1674	20.05
1675	20.05
1676	20.05
1677	20.05
1678	20.05
1679	20.05
1680	20.05
1681	20.05
1682	20.05
1683	20.05
1684	20.05
1685	20.05
1686	20.05
1687	20.05
1688	20.05
1689	20.05
1690	20.05
1691	20.05
1692	20.05
1693	20.05
1694	20.05
1695	20.05
1696	20.05
1697	20.05
1698	20.05
1699	20.05
1700	20.05
1701	20.05
1702	20.05
1703	20.05
1704	20.05
1705	20.05
1706	20.05
1707	20.05
1708	20.05
1709	20.05
1710	20.05
1711	20.05
1712	20.05
1713	20.05
1714	20.05
1715	20.05
1716	20.05
1717	20.05
1718	20.05
1719	20.05
1720	20.05
1721	20.05
1722	20.05
1723	20.05
1724	20.05
1725	20.05
1726	20.05
1727	20.05
1728	20.05
1729	20.05
1730	20.05
1731	20.05
1732	20.05
1733	20.05
1734	20.05
1735	20.05
1736	20.05
1737	20.05
1738	20.05
1739	20.05
1740	20.05
1741	20.05
1742	20.05
1743	20.05
1744	20.05
1745	20.05
1746	20.05
1747	20.05
1748	20.05
1749	20.05
1750	20.05
1751	20.05
1752	20.05
1753	20.05
1754	20.05
1755	20.05
1756	20.05
1757	20.05
1758	20.05
1759	20.05
1760	20.05
1761	20.05
1762	20.05
1763	20.05
1764	20.05
1765	20.05
1766	20.05
1767	20.05
1768	20.05
1769	20.05
1770	20.05
1771	20.05
1772	20.05
1773	20.05
1774	20.05
1775	20.05
1776	20.05
1777	20.05
1778	20.05
1779	20.05
1780	20.05
1781	20.05
1782	20.05
1783	20.05
1784	20.05
1785	20.05
1786	20.05
1787	20.05
1788	20.05
1789	20.05
1790	20.05
1791	20.05
1792	20.05
1793	20.05
1794	20.05
1795	20.05
1796	20.05
1797	20.05
1798	20.05
1799	20.05
1800	20.05
1801	20.05
1802	20.05
1803	20.05
1804	20.05
1805	20.05
1806	20.05
1807	20.05
1808	20.05
1809	20.05
1810	20.05
1811	20.05
1812	20.05
1813	20.05
1814	20.05
1815	20.05
1816	20.05
1817	20.05
1818	20.05
1819	20.05
1820	20.05
1821	20.05
1822	20.05
1823	20.05
1824	20.05
1825	20.05
1826	20.05
1827	20.05
1828	20.05
1829	20.05
1830	20.05
1831	20.05
1832	20.05
1833	20.05
1834	20.05
1835	20.05
1836	20.05
1837	20.05
1838	20.05
1839	20.05
1840	20.05
1841	20.05
1842	20.05
1843	20.05
1844	20.05
1845	20.05
1846	20.05
1847	20.05
1848	20.05
1849	20.05
1850	20.05
1851	20.05
1852	20.05
1853	20.05
1854	20.05
1855	20.05
1856	20.05
1857	20.05
1858	20.05
1859	20.05
1860	20.05
1861	20.05
1862	20.05
1863	20.05
1864	20.05
1865	20.05
1866	20.05
1867	20.05
1868	20.05
1869	20.05
1870	20.05
1871	20.05
1872	20.05
1873	20.05
1874	20.05
1875	20.05
1876	20.05
1877	20.05
1878	20.05
1879	20.05
1880	20.05
1881	20.05
1882	20.05
1883	20.05
1884	20.05
1885	20.05
1886	20.05
1887	20.05
1888	20.05
1889	20.05
1890	20.05
1891	20.05
1892	20.05
1893	20.05
1894	20.05
1895	20.05
1896	20.05
1897	20.05
1898	20.05
1899	20.05
1900	20.05
1901	20.05
1902	20.05
1903	20.05
1904	20.05
1905	20.05
1906	20.05
1907	20.05
1908	20.05
1909	20.05
1910	20.05
1911	20.05
1912	20.05
1913	20.05
1914	20.05
1915	20.05
1916	20.05
1917	20.05
1918	20.05
1919	20.05
1920	20.05
1921	20.05
1922	20.05
1923	20.05
1924	20.05
1925	20.05
1926	20.05
1927	20.05
1928	20.05
1929	20.05
1930	20.05
1931	20.05
1932	20.05
1933	20.05
1934	20.05
1935	20.05
1936	20.05
1937	20.05
1938	20.05
1939	20.05
1940	20.05
1941	20.05
1942	20.05
1943	20.05
1944	20.05
1945	20.05
1946	20.05
1947	20.05
1948	20.05
1949	20.05
1950	20.05
1951	20.05
1952	20.05
1953	20.05
1954	20.05
1955	20.05
1956	20.05
1957	20.05
1958	20.05
1959	20.05
1960	20.05
1961	20.05
1962	20.05
1963	20.05
1964	20.05
1965	20.05
1966	20.05
1967	20.05
1968	20.05
1969	20.05
1970	20.05
1971	20.05
1972	20.05
1973	20.05
1974	20.05
1975	20.05
1976	20.05
1977	20.05
1978	20.05
1979	20.05
1980	20.05
1981	20.05
1982	20.05
1983	20.05
1984	20.05
1985	20.05
1986	20.05
1987	20.05
1988	20.05
1989	20.05
1990	20.05
1991	20.05
1992	20.05
1993	20.05
1994	20.05
1995	20.05
1996	20.05
1997	20.05
1998	20.05
1999	20.05
2000	20.05
2001	20.05
2002	20.05
2003	20.05
2004	20.05
2005	20.05
2006	20.05
2007	20.05
2008	20.05
2009	20.05
2010	20.05
2011	20.05
2012	20.05
2013	20.05
2014	20.05
2015	20.05
2016	20.05
2017	20.05
2018	20.05
2019	20.05
2020	20.05
2021	20.05
2022	20.05
2023	20.05
2024	20.05
2025	20.05
2026	20.05
2027	20.05
2028	20.05
2029	20.05
2030	20.05
2031	20.05
2032	20.05
2033	20.05
2034	20.05
2035	20.05
2036	20.05
2037	20.05
2038	20.05
2039	20.05
2040	20.05
2041	20.05
2042	20.05
2043	20.05
2044	20.05
2045	20.05
2046	20.05
2047	20.05
2048	20.05
2049	20.05
2050	20.05
2051	20.05
2052	20.05
2053	20.05
2054	20.05
2055	20.05
2056	20.05
2057	20.05
2058	20.05
2059	20.05
2060	20.05
2061	20.05
2062	20.05
2063	20.05
2064	20.05
2065	20.05
2066	20.05
2067	20.05
2068	20.05
2069	20.05
2070	20.05
2071	20.05
2072	20.05
2073	20.05
2074	20.05
2075	20.05
2076	20.05
2077	20.05
2078	20.05
2079	20.05
2080	20.05
2081	20.05
2082	20.05
2083	20.05
2084	20.05
2085	20.05
2086	20.05
2087	20.05
2088	20.05
2089	20.05
2090	20.05
2091	20.05
2092	20.05
2093	20.05
2094	20.05
2095	20.05
2096	20.05
2097	20.05
2098	20.05
2099	20.05
2100	20.05
2101	20.05
2102	20.05
2103	20.05
2104	20.05
2105	20.05
2106	20.05
2107	20.05
2108	20.05
2109	20.05
2110	20.05
2111	20.05
2112	20.05
2113	20.05
2114	20.05
2115	20.05
2116	20.05
2117	20.05
2118	20.05
2119	20.05
2120	20.05
2121	20.05
2122	20.05
2123	20.05
2124	20.05
2125	20.05
2126	20.05
2127	20.05
2128	20.05
2129	20.05
2130	20.05
2131	20.05
2132	20.05
2133	20.05
2134	20.05
2135	20.05
2136	20.05
2137	20.05
2138	20.05
2139	20.05
2140	20.05
2141	20.05
2142	20.05
2143	20.05
2144	20.05
2145	20.05
2146	20.05
2147	20.05
2148	20.05
2149	20.05
2150	20.05
2151	20.05
2152	20.05
2153	20.05
2154	20.05
2155	20.05
2156	20.05
2157	20.05
2158	20.05
2159	20.05
2160	20.05
2161	20.05
2162	20.05
2163	20.05
2164	20.05
2165	20.05
2166	20.05
2167	20.05
2168	20.05
2169	20.05
2170	20.05
2171	20.05
2172	20.05
2173	20.05
2174	20.05
2175	20.05
2176	20.05
2177	20.05
2178	20.05
2179	20.05
2180	20.05
2181	20.05
2182	20.05
2183	20.05
2184	20.05
2185	20.05
2186	20.05
2187	20.05
2188	20.05
2189	20.05
2190	20.05
2191	20.05
2192	20.05
2193	20.05
2194	20.05
2195	20.05
2196	20.05
2197	20.05
2198	20.05
2199	20.05
2200	20.05
2201	20.05
2202	20.05
2203	20.05
2204	20.05
2205	20.05
2206	20.05
2207	20.05
2208	20.05
2209	20.05
2210	20.05
2211	20.05
2212	20.05
2213	20.05
2214	20.05
2215	20.05
2216	20.05
2217	20.05
2218	20.05
2219	20.05
2220	20.05
2221	20.05
2222	20.05
2223	20.05
2224	20.05
2225	20.05
2226	20.05
2227	20.05
2228	20.05
2229	20.05
2230	20.05
2231	20.05
2232	20.05
2233	20.05
2234	20.05
2235	20.05
2236	20.05
2237	20.05
2238	20.05
2239	20.05
2240	20.05
2241	20.05
2242	20.05
2243	20.05
2244	20.05
2245	20.05
2246	20.05
2247	20.05
2248	20.05
2249	20.05
2250	20.05
2251	20.05
2252	20.05
2253	20.05
2254	20.05
2255	20.05
2256	20.05
2257	20.05
2258	20.05
2259	20.05
2260	20.05
2261	20.05
2262	20.05
2263	20.05
2264	20.05
2265	20.05
2266	20.05
2267	20.05
2268	20.05
2269	20.05
2270	20.05
2271	20.05
2272	20.05
2273	20.05
2274	20.05
2275	20.05
2276	20.05
2277	20.05
2278	20.05
2279	20.05
2280	20.05
2281	20.05
2282	20.05
2283	20.05
2284	20.05
2285	20.05
2286	20.05
2287	20.05
2288	20.05
2289	20.05
2290	20.05
2291	20.05
2292	20.05
2293	20.05
2294	20.05
2295	20.05
2296	20.05
2297	20.05
2298	20.05
2299	20.05
2300	20.05
2301	20.05
2302	20.05
2303	20.05
2304	20.05
2305	20.05
2306	20.05
2307	20.05
2308	20.05
2309	20.05
2310	20.05
2311	20.05
2312	20.05
2313	20.05
2314	20.05
2315	20.05
2316	20.05
2317	20.05
2318	20.05
2319	20.05
2320	20.05
2321	20.05
2322	20.05
2323	20.05
2324	20.05
2325	20.05
2326	20.05
2327	20.05
2328	20.05
2329	20.05
2330	20.05
2331	20.05
2332	20.05
2333	20.05
2334	20.05
2335	20.05
2336	20.05
2337	20.05
2338	20.05
2339	20.05
2340	20.05
2341	20.05
2342	20.05
2343	20.05
2344	20.05
2345	20.05
2346	20.05
2347	20.05
2348	20.05
2349	20.05
2350	20.05
2351	20.05
2352	20.05
2353	20.05
2354	20.05
2355	20.05
2356	20.05
2357	20.05
2358	20.05
2359	20.05
2360	20.05
2361	20.05
2362	20.05
2363	20.05
2364	20.05
2365	20.05
2366	20.05
2367	20.05
2368	20.05
2369	20.05
2370	20.05
2371	20.05
2372	20.05
2373	20.05
2374	20.05
2375	20.05
2376	20.05
2377	20.05
2378	20.05
2379	20.05
2380	20.05
2381	20.05
2382	20.05
2383	20.05
2384	20.05
2385	20.05
2386	20.05
2387	20.05
2388	20.05
2389	20.05
2390	20.05
2391	20.05
2392	20.05
2393	20.05
2394	20.05
2395	20.05
2396	20.05
2397	20.05
2398	20.05
2399	20.05
2400	20.05
2401	20.05
2402	20.05
2403	20.05
2404	20.05
2405	20.05
2406	20.05
2407	20.05
2408	20.05
2409	20.05
2410	20.05
2411	20.05
2412	20.05
2413	20.05
2414	20.05
2415	20.05
2416	20.05
2417	20.05
2418	20.05
2419	20.05
2420	20.05
2421	20.05
2422	20.05
2423	20.05
2424	20.05
2425	20.05
2426	20.05
2427	20.05
2428	20.05
2429	20.05
2430	20.05
2431	20.05
2432	20.05
2433	20.05
2434	20.05
2435	20.05
2436	20.05
2437	20.05
2438	20.05
2439	20.05
2440	20.05
2441	20.05
2442	20.05
2443	20.05
2444	20.05
2445	20.05
2446	20.05
2447	20.05
2448	20.05
2449	20.05
2450	20.05
2451	20.05
2452	20.05
2453	20.05
2454	20.05
2455	20.05
2456	20.05
2457	20.05
2458	20.05
2459	20.05
2460	20.05
2461	20.05
2462	20.05
2463	20.05
2464	20.05
2465	20.05
2466	20.05
2467	20.05
2468	20.05
2469	20.05
2470	20.05
2471	20.05
2472	20.05
2473	20.05
2474	20.05
2475	20.05
2476	20.05
2477	20.05
2478	20.05
2479	20.05
2480	20.05
2481	20.05
2482	20.05
2483	20.05
2484	20.05
2485	20.05
2486	20.05
2487	20.05
2488	20.05
2489	20.05
2490	20.05
2491	20.05
2492	20.05
2493	20.05
2494	20.05
2495	20.05
2496	20.05
2497	20.05
2498	20.05
2499	20.05
2500	20.05
2501	20.05
2502	20.05
2503	20.05
2504	20.05
2505	20.05
2506	20.05
2507	20.05
2508	20.05
2509	20.05
2510	20.05
2511	20.05
2512	20.05
2513	20.05
2514	20.05
2515	20.05
2516	20.05
2517	20.05
2518	20.05
2519	20.05
2520	20.05
2521	20.05
2522	20.05
2523	20.05
2524	20.05
2525	20.05
2526	20.05
2527	20.05
2528	20.05
2529	20.05
2530	20.05
2531	20.05
2532	20.05
2533	20.05
2534	20.05
2535	20.05
2536	20.05
2537	20.05
2538	20.05
2539	20.05
2540	20.05
2541	20.05
2542	20.05
2543	20.05
2544	20.05
2545	20.05
2546	20.05
2547	20.05
2548	20.05
2549	20.05
2550	20.05
2551	20.05
2552	20.05
2553	20.05
2554	20.05
2555	20.05
2556	20.05
2557	20.05
2558	20.05
2559	20.05
2560	20.05
2561	20.05
2562	20.05
2563	20.05
2564	20.05
2565	20.05
2566	20.05
2567	20.05
2568	20.05
2569	20.05
2570	20.05
2571	20.05
2572	20.05
2573	20.05
2574	20.05
2575	20.05
2576	20.05
2577	20.05
2578	20.05
2579	20.05
2580	20.05
2581	20.05
2582	20.05
2583	20.05
2584	20.05
2585	20.05
2586	20.05
2587	20.05
2588	20.05
2589	20.05
2590	20.05
2591	20.05
2592	20.05
2593	20.05
2594	20.05
2595	20.05
2596	20.05
2597	20.05
2598	20.05
2599	20.05
2600	20.05
2601	20.05
2602	20.05
2603	20.05
2604	20.05
2605	20.05
2606	20.05
2607	20.05
2608	20.05
2609	20.05
2610	20.05
2611	20.05
2612	20.05
2613	20.05
2614	20.05
2615	20.05
2616	20.05
2617	20.05
2618	20.05
2619	20.05
2620	20.05
2621	20.05
2622	20.05
2623	20.05
2624	20.05
2625	20.05
2626	20.05
2627	20.05
2628	20.05
2629	20.05
2630	20.05
2631	20.05
2632	20.05
2633	20.05
2634	20.05
2635	20.05
2636	20.05
2637	20.05
2638	20.05
2639	20.05
2640	20.05
2641	20.05
2642	20.05
2643	20.05
2644	20.05
2645	20.05
2646	20.05
2647	20.05
2648	20.05
2649	20.05
2650	20.05
2651	20.05
2652	20.05
2653	20.05
2654	20.05
2655	20.05
2656	20.05
2657	20.05
2658	20.05
2659	20.05
2660	20.05
2661	20.05
2662	20.05
2663	20.05
2664	20.05
2665	20.05
2666	20.05
2667	20.05
2668	20.05
2669	20.05
2670	20.05
2671	20.05
2672	20.05
2673	20.05
2674	20.05
2675	20.05
2676	20.05
2677	20.05
2678	20.05
2679	20.05
2680	20.05
2681	20.05
2682	20.05
2683	20.05
2684	20.05
2685	20.05
2686	20.05
2687	20.05
2688	20.05
2689	20.05
2690	20.05
2691	20.05
2692	20.05
2693	20.05
2694	20.05
2695	20.05
2696	20.05
2697	20.05
2698	20.05
2699	20.05
2700	20.05
2701	20.05
2702	20.05
2703	20.05
2704	20.05
2705	20.05
2706	20.05
2707	20.05
2708	20.05
2709	20.05
2710	20.05
2711	20.05
2712	20.05
2713	20.05
2714	20.05
2715	20.05
2716	20.05
2717	20.05
2718	20.05
2719	20.05
2720	20.05
2721	20.05
2722	20.05
2723	20.05
2724	20.05
2725	20.05
2726	20.05
2727	20.05
2728	20.05
2729	20.05
2730	20.05
2731	20.05
2732	20.05
2733	20.05
2734	20.05
2735	20.05
2736	20.05
2737	20.05
2738	20.05
2739	20.05
2740	20.05
2741	20.05
2742	20.05
2743	20.05
2744	20.05
2745	20.05
2746	20.05
2747	20.05
2748	20.05
2749	20.05
2750	20.05
2751	20.05
2752	20.05
2753	20.05
2754	20.05
2755	20.05
2756	20.05
2757	20.05
2758	20.05
2759	20.05
2760	20.05
2761	20.05
2762	20.05
2763	20.05
2764	20.05
2765	20.05
2766	20.05
2767	20.05
2768	20.05
2769	20.05
2770	20.05
2771	20.05
2772	20.05
2773	20.05
2774	20.05
2775	20.05
2776	20.05
2777	20.05
2778	20.05
2779	20.05
2780	20.05
2781	20.05
2782	20.05
2783	20.05
2784	20.05
2785	20.05
2786	20.05
2787	20.05
2788	20.05
2789	20.05
2790	20.05
2791	20.05
2792	20.05
2793	20.05
2794	20.05
2795	20.05
2796	20.05
2797	20.05
2798	20.05
2799	20.05
2800	20.05
2801	20.05
2802	20.05
2803	20.05
2804	20.05
2805	20.05
2806	20.05
2807	20.05
2808	20.05
2809	20.05
2810	20.05
2811	20.05
2812	20.05
2813	20.05
2814	20.05
2815	20.05
2816	20.05
2817	20.05
2818	20.05
2819	20.05
2820	20.05
2821	20.05
2822	20.05
2823	20.05
2824	20.05
2825	20.05
2826	20.05
2827	20.05
2828	20.05
2829	20.05
2830	20.05
2831	20.05
2832	20.05
2833	20.05
2834	20.05
2835	20.05
2836	20.05
2837	20.05
2838	20.05
2839	20.05
2840	20.05
2841	20.05
2842	20.05
2843	20.05
2844	20.05
2845	20.05
2846	20.05
2847	20.05
2848	20.05
2849	20.05
2850	20.05
2851	20.05
2852	20.05
2853	20.05
2854	20.05
2855	20.05
2856	20.05
2857	20.05
2858	20.05
2859	20.05
2860	20.05
2861	20.05
2862	20.05
2863	20.05
2864	20.05
2865	20.05
2866	20.05
2867	20.05
2868	20.05
2869	20.05
2870	20.05
2871	20.05
2872	20.05
2873	20.05
2874	20.05
2875	20.05
2876	20.05
2877	20.05
2878	20.05
2879	20.05
2880	20.05
2881	20.05
2882	20.05
2883	20.05
2884	20.05
2885	20.05
2886	20.05
2887	20.05
2888	20.05
2889	20.05
2890	20.05
2891	20.05
2892	20.05
2893	20.05
2894	20.05
2895	20.05
2896	20.05
2897	20.05
2898	20.05
2899	20.05
2900	20.05
2901	20.05
2902	20.05
2903	20.05
2904	20.05
2905	20.05
2906	20.05
2907	20.05
2908	20.05
2909	20.05
2910	20.05
2911	20.05
2912	20.05
2913	20.05
2914	20.05
2915	20.05
2916	20.05
2917	20.05
2918	20.05
2919	20.05
2920	20.05
2921	20.05
2922	20.05
2923	20.05
2924	20.05
2925	20.05
2926	20.05
2927	20.05
2928	20.05
2929	20.05
2930	20.05
2931	20.05
2932	20.05
2933	20.05
2934	20.05
2935	20.05
2936	20.05
2937	20.05
2938	20.05
2939	20.05
2940	20.05
2941	20.05
2942	20.05
2943	20.05
2944	20.05
2945	20.05
2946	20.05
2947	20.05
2948	20.05
2949	20.05
2950	20.05
2951	20.05
2952	20.05
2953	20.05
2954	20.05
2955	20.05
2956	20.05
2957	20.05
2958	20.05
2959	20.05
2960	20.05
2961	20.05
2962	20.05
2963	20.05
2964	20.05
2965	20.05
2966	20.05
2967	20.05
2968	20.05
2969	20.05
2970	20.05
2971	20.05
2972	20.05
2973	20.05
2974	20.05
2975	20.05
2976	20.05
2977	20.05
2978	20.05
2979	20.05
2980	20.05
2981	20.05
2982	20.05
2983	20.05
2984	20.05
2985	20.05
2986	20.05
2987	20.05
2988	20.05
2989	20.05
2990	20.05
2991	20.05
2992	20.05
2993	20.05
2994	20.05
2995	20.05
2996	20.05
2997	20.05
