0	9.85
1	9.85
2	9.85
3	9.85
4	9.85
5	9.85
6	9.85
7	9.85
8	9.85
9	9.85
10	9.85
11	9.85
12	9.85
13	9.85
14	9.85
15	9.85
16	9.85
17	9.85
18	9.85
19	9.85
20	9.85
21	9.85
22	9.85
23	9.85
24	9.85
25	9.85
26	9.85
27	9.85
28	9.85
29	9.85
30	9.85
31	9.85
32	9.85
33	9.85
34	9.85
35	9.85
36	9.85
37	9.85
38	9.85
39	9.85
40	9.85
41	9.85
42	9.85
43	9.85
44	9.85
45	9.85
46	9.85
47	9.85
48	9.85
49	9.85
50	9.85
51	9.85
52	9.85
53	9.85
54	9.85
55	9.85
56	9.85
57	9.85
58	9.85
59	9.85
60	9.85
61	9.85
62	9.85
63	9.85
64	9.85
65	9.85
66	9.85
67	9.85
68	9.85
69	9.85
70	9.85
71	9.85
72	9.85
73	9.85
74	9.85
75	9.85
76	9.85
77	9.85
78	9.85
79	9.85
80	9.85
81	9.85
82	9.85
83	9.85
84	9.85
85	9.85
86	9.85
87	9.85
88	9.85
89	9.85
90	9.85
91	9.85
92	9.85
93	9.85
94	9.85
95	9.85
96	9.85
97	9.85
98	9.85
99	9.85
100	9.85
101	9.85
102	9.85
103	9.85
104	9.85
105	9.85
106	9.85
107	9.85
108	9.85
109	9.85
110	9.85
111	9.85
112	9.85
113	9.85
114	9.85
115	9.85
116	9.85
117	9.85
118	9.85
119	9.85
120	9.85
121	9.85
122	9.85
123	9.85
124	9.85
125	9.85
126	9.85
127	9.85
128	9.85
129	9.85
130	9.85
131	9.85
132	9.85
133	9.85
134	9.85
135	9.85
136	9.85
137	9.85
138	9.85
139	9.85
140	9.85
141	9.85
142	9.85
143	9.85
144	9.85
145	9.85
146	9.85
147	9.85
148	9.85
149	9.85
150	9.85
151	9.85
152	9.85
153	9.85
154	9.85
155	9.85
156	9.85
157	9.85
158	9.85
159	9.85
160	9.85
161	9.85
162	9.85
163	9.85
164	9.85
165	9.85
166	9.85
167	9.85
168	9.85
169	9.85
170	9.85
171	9.85
172	9.85
173	9.85
174	9.85
175	9.85
176	9.85
177	9.85
178	9.85
179	9.85
180	9.85
181	9.85
182	9.85
183	9.85
184	9.85
185	9.85
186	9.85
187	9.85
188	9.85
189	9.85
190	9.85
191	9.85
192	9.85
193	9.85
194	9.85
195	9.85
196	9.85
197	9.85
198	9.85
199	9.85
200	9.85
201	9.85
202	9.85
203	9.85
204	9.85
205	9.85
206	9.85
207	9.85
208	9.85
209	9.85
210	9.85
211	9.85
212	9.85
213	9.85
214	9.85
215	9.85
216	9.85
217	9.85
218	9.85
219	9.85
220	9.85
221	9.85
222	9.85
223	9.85
224	9.85
225	9.85
226	9.85
227	9.85
228	9.85
229	9.85
230	9.85
231	9.85
232	9.85
233	9.85
234	9.85
235	9.85
236	9.85
237	9.85
238	9.85
239	9.85
240	9.85
241	9.85
242	9.85
243	9.85
244	9.85
245	9.85
246	9.85
247	9.85
248	9.85
249	9.85
250	9.85
251	9.85
252	9.85
253	9.85
254	9.85
255	9.85
256	9.85
257	9.85
258	9.85
259	9.85
260	9.85
261	9.85
262	9.85
263	9.85
264	9.85
265	9.85
266	9.85
267	9.85
268	9.85
269	9.85
270	9.85
271	9.85
272	9.85
273	9.85
274	9.85
275	9.85
276	9.85
277	9.85
278	9.85
279	9.85
280	9.85
281	9.85
282	9.85
283	9.85
284	9.85
285	9.85
286	9.85
287	9.85
288	9.85
289	9.85
290	9.85
291	9.85
292	9.85
293	9.85
294	9.85
295	9.85
296	9.85
297	9.85
298	9.85
299	9.85
300	9.85
301	9.85
302	9.85
303	9.85
304	9.85
305	9.85
306	9.85
307	9.85
308	9.85
309	9.85
310	9.85
311	9.85
312	9.85
313	9.85
314	9.85
315	9.85
316	9.85
317	9.85
318	9.85
319	9.85
320	9.85
321	9.85
322	9.85
323	9.85
324	9.85
325	9.85
326	9.85
327	9.85
328	9.85
329	9.85
330	9.85
331	9.85
332	9.85
333	9.85
334	9.85
335	9.85
336	9.85
337	9.85
338	9.85
339	9.85
340	9.85
341	9.85
342	9.85
343	9.85
344	9.85
345	9.85
346	9.85
347	9.85
348	9.85
349	9.85
350	9.85
351	9.85
352	9.85
353	9.85
354	9.85
355	9.85
356	9.85
357	9.85
358	9.85
359	9.85
360	9.85
361	9.85
362	9.85
363	9.85
364	9.85
365	9.85
366	9.85
367	9.85
368	9.85
369	9.85
370	9.85
371	9.85
372	9.85
373	9.85
374	9.85
375	9.85
376	9.85
377	9.85
378	9.85
379	9.85
380	9.85
381	9.85
382	9.85
383	9.85
384	9.85
385	9.85
386	9.85
387	9.85
388	9.85
389	9.85
390	9.85
391	9.85
392	9.85
393	9.85
394	9.85
395	9.85
396	9.85
397	9.85
398	9.85
399	9.85
400	9.85
401	9.85
402	9.85
403	9.85
404	9.85
405	9.85
406	9.85
407	9.85
408	9.85
409	9.85
410	9.85
411	9.85
412	9.85
413	9.85
414	9.85
415	9.85
416	9.85
417	9.85
418	9.85
419	9.85
420	9.85
421	9.85
422	9.85
423	9.85
424	9.85
425	9.85
426	9.85
427	9.85
428	9.85
429	9.85
430	9.85
431	9.85
432	9.85
433	9.85
434	9.85
435	9.85
436	9.85
437	9.85
438	9.85
439	9.85
440	9.85
441	9.85
442	9.85
443	9.85
444	9.85
445	9.85
446	9.85
447	9.85
448	9.85
449	9.85
450	9.85
451	9.85
452	9.85
453	9.85
454	9.85
455	9.85
456	9.85
457	9.85
458	9.85
459	9.85
460	9.85
461	9.85
462	9.85
463	9.85
464	9.85
465	9.85
466	9.85
467	9.85
468	9.85
469	9.85
470	9.85
471	9.85
472	9.85
473	9.85
474	9.85
475	9.85
476	9.85
477	9.85
478	9.85
479	9.85
480	9.85
481	9.85
482	9.85
483	9.85
484	9.85
485	9.85
486	9.85
487	9.85
488	9.85
489	9.85
490	9.85
491	9.85
492	9.85
493	9.85
494	9.85
495	9.85
496	9.85
497	9.85
498	9.85
499	9.85
500	9.85
501	9.85
502	9.85
503	9.85
504	9.85
505	9.85
506	9.85
507	9.85
508	9.85
509	9.85
510	9.85
511	9.85
512	9.85
513	9.85
514	9.85
515	9.85
516	9.85
517	9.85
518	9.85
519	9.85
520	9.85
521	9.85
522	9.85
523	9.85
524	9.85
525	9.85
526	9.85
527	9.85
528	9.85
529	9.85
530	9.85
531	9.85
532	9.85
533	9.85
534	9.85
535	9.85
536	9.85
537	9.85
538	9.85
539	9.85
540	9.85
541	9.85
542	9.85
543	9.85
544	9.85
545	9.85
546	9.85
547	9.85
548	9.85
549	9.85
550	9.85
551	9.85
552	9.85
553	9.85
554	9.85
555	9.85
556	9.85
557	9.85
558	9.85
559	9.85
560	9.85
561	9.85
562	9.85
563	9.85
564	9.85
565	9.85
566	9.85
567	9.85
568	9.85
569	9.85
570	9.85
571	9.85
572	9.85
573	9.85
574	9.85
575	9.85
576	9.85
577	9.85
578	9.85
579	9.85
580	9.85
581	9.85
582	9.85
583	9.85
584	9.85
585	9.85
586	9.85
587	9.85
588	9.85
589	9.85
590	9.85
591	9.85
592	9.85
593	9.85
594	9.85
595	9.85
596	9.85
597	9.85
598	9.85
599	9.85
600	9.85
601	9.85
602	9.85
603	9.85
604	9.85
605	9.85
606	9.85
607	9.85
608	9.85
609	9.85
610	9.85
611	9.85
612	9.85
613	9.85
614	9.85
615	9.85
616	9.85
617	9.85
618	9.85
619	9.85
620	9.85
621	9.85
622	9.85
623	9.85
624	9.85
625	9.85
626	9.85
627	9.85
628	9.85
629	9.85
630	9.85
631	9.85
632	9.85
633	9.85
634	9.85
635	9.85
636	9.85
637	9.85
638	9.85
639	9.85
640	9.85
641	9.85
642	9.85
643	9.85
644	9.85
645	9.85
646	9.85
647	9.85
648	9.85
649	9.85
650	9.85
651	9.85
652	9.85
653	9.85
654	9.85
655	9.85
656	9.85
657	9.85
658	9.85
659	9.85
660	9.85
661	9.85
662	9.85
663	9.85
664	9.85
665	9.85
666	9.85
667	9.85
668	9.85
669	9.85
670	9.85
671	9.85
672	9.85
673	9.85
674	9.85
675	9.85
676	9.85
677	9.85
678	9.85
679	9.85
680	9.85
681	9.85
682	9.85
683	9.85
684	9.85
685	9.85
686	9.85
687	9.85
688	9.85
689	9.85
690	9.85
691	9.85
692	9.85
693	9.85
694	9.85
695	9.85
696	9.85
697	9.85
698	9.85
699	9.85
700	9.85
701	9.85
702	9.85
703	9.85
704	9.85
705	9.85
706	9.85
707	9.85
708	9.85
709	9.85
710	9.85
711	9.85
712	9.85
713	9.85
714	9.85
715	9.85
716	9.85
717	9.85
718	9.85
719	9.85
720	9.85
721	9.85
722	9.85
723	9.85
724	9.85
725	9.85
726	9.85
727	9.85
728	9.85
729	9.85
730	9.85
731	9.85
732	9.85
733	9.85
734	9.85
735	9.85
736	9.85
737	9.85
738	9.85
739	9.85
740	9.85
741	9.85
742	9.85
743	9.85
744	9.85
745	9.85
746	9.85
747	9.85
748	9.85
749	9.85
750	9.85
751	9.85
752	9.85
753	9.85
754	9.85
755	9.85
756	9.85
757	9.85
758	9.85
759	9.85
760	9.85
761	9.85
762	9.85
763	9.85
764	9.85
765	9.85
766	9.85
767	9.85
768	9.85
769	9.85
770	9.85
771	9.85
772	9.85
773	9.85
774	9.85
775	9.85
776	9.85
777	9.85
778	9.85
779	9.85
780	9.85
781	9.85
782	9.85
783	9.85
784	9.85
785	9.85
786	9.85
787	9.85
788	9.85
789	9.85
790	9.85
791	9.85
792	9.85
793	9.85
794	9.85
795	9.85
796	9.85
797	9.85
798	9.85
799	9.85
800	9.85
801	9.85
802	9.85
803	9.85
804	9.85
805	9.85
806	9.85
807	9.85
808	9.85
809	9.85
810	9.85
811	9.85
812	9.85
813	9.85
814	9.85
815	9.85
816	9.85
817	9.85
818	9.85
819	9.85
820	9.85
821	9.85
822	9.85
823	9.85
824	9.85
825	9.85
826	9.85
827	9.85
828	9.85
829	9.85
830	9.85
831	9.85
832	9.85
833	9.85
834	9.85
835	9.85
836	9.85
837	9.85
838	9.85
839	9.85
840	9.85
841	9.85
842	9.85
843	9.85
844	9.85
845	9.85
846	9.85
847	9.85
848	9.85
849	9.85
850	9.85
851	9.85
852	9.85
853	9.85
854	9.85
855	9.85
856	9.85
857	9.85
858	9.85
859	9.85
860	9.85
861	9.85
862	9.85
863	9.85
864	9.85
865	9.85
866	9.85
867	9.85
868	9.85
869	9.85
870	9.85
871	9.85
872	9.85
873	9.85
874	9.85
875	9.85
876	9.85
877	9.85
878	9.85
879	9.85
880	9.85
881	9.85
882	9.85
883	9.85
884	9.85
885	9.85
886	9.85
887	9.85
888	9.85
889	9.85
890	9.85
891	9.85
892	9.85
893	9.85
894	9.85
895	9.85
896	9.85
897	9.85
898	9.85
899	9.85
900	9.85
901	9.85
902	9.85
903	9.85
904	9.85
905	9.85
906	9.85
907	9.85
908	9.85
909	9.85
910	9.85
911	9.85
912	9.85
913	9.85
914	9.85
915	9.85
916	9.85
917	9.85
918	9.85
919	9.85
920	9.85
921	9.85
922	9.85
923	9.85
924	9.85
925	9.85
926	9.85
927	9.85
928	9.85
929	9.85
930	9.85
931	9.85
932	9.85
933	9.85
934	9.85
935	9.85
936	9.85
937	9.85
938	9.85
939	9.85
940	9.85
941	9.85
942	9.85
943	9.85
944	9.85
945	9.85
946	9.85
947	9.85
948	9.85
949	9.85
950	9.85
951	9.85
952	9.85
953	9.85
954	9.85
955	9.85
956	9.85
957	9.85
958	9.85
959	9.85
960	9.85
961	9.85
962	9.85
963	9.85
964	9.85
965	9.85
966	9.85
967	9.85
968	9.85
969	9.85
970	9.85
971	9.85
972	9.85
973	9.85
974	9.85
975	9.85
976	9.85
977	9.85
978	9.85
979	9.85
980	9.85
981	9.85
982	9.85
983	9.85
984	9.85
985	9.85
986	9.85
987	9.85
988	9.85
989	9.85
990	9.85
991	9.85
992	9.85
993	9.85
994	9.85
995	9.85
996	9.85
997	9.85
998	9.85
999	9.85
