0	59.97
1	59.97
2	59.97
3	59.97
4	59.97
5	59.97
6	59.97
7	59.97
8	59.97
9	59.97
10	59.97
11	59.97
12	59.97
13	59.97
14	59.97
15	59.97
16	59.97
17	59.97
18	59.97
19	59.97
20	59.97
21	59.97
22	59.97
23	59.97
24	59.97
25	59.97
26	59.97
27	59.97
28	59.97
29	59.97
30	59.97
31	59.97
32	59.97
33	59.97
34	59.97
35	59.97
36	59.97
37	59.97
38	59.97
39	59.97
40	59.97
41	59.97
42	59.97
43	59.97
44	59.97
45	59.97
46	59.97
47	59.97
48	59.97
49	59.97
50	59.97
51	59.97
52	59.97
53	59.97
54	59.97
55	59.97
56	59.97
57	59.97
58	59.97
59	59.97
60	59.97
61	59.97
62	59.97
63	59.97
64	59.97
65	59.97
66	59.97
67	59.97
68	59.97
69	59.97
70	59.97
71	59.97
72	59.97
73	59.97
74	59.97
75	59.97
76	59.97
77	59.97
78	59.97
79	59.97
80	59.97
81	59.97
82	59.97
83	59.97
84	59.97
85	59.97
86	59.97
87	59.97
88	59.97
89	59.97
90	59.97
91	59.97
92	59.97
93	59.97
94	59.97
95	59.97
96	59.97
97	59.97
98	59.97
99	59.97
100	59.97
101	59.97
102	59.97
103	59.97
104	59.97
105	59.97
106	59.97
107	59.97
108	59.97
109	59.97
110	59.97
111	59.97
112	59.97
113	59.97
114	59.97
115	59.97
116	59.97
117	59.97
118	59.97
119	59.97
120	59.97
121	59.97
122	59.97
123	59.97
124	59.97
125	59.97
126	59.97
127	59.97
128	59.97
129	59.97
130	59.97
131	59.97
132	59.97
133	59.97
134	59.97
135	59.97
136	59.97
137	59.97
138	59.97
139	59.97
140	59.97
141	59.97
142	59.97
143	59.97
144	59.97
145	59.97
146	59.97
147	59.97
148	59.97
149	59.97
150	59.97
151	59.97
152	59.97
153	59.97
154	59.97
155	59.97
156	59.97
157	59.97
158	59.97
159	59.97
160	59.97
161	59.97
162	59.97
163	59.97
164	59.97
165	59.97
166	59.97
167	59.97
168	59.97
169	59.97
170	59.97
171	59.97
172	59.97
173	59.97
174	59.97
175	59.97
176	59.97
177	59.97
178	59.97
179	59.97
180	59.97
181	59.97
182	59.97
183	59.97
184	59.97
185	59.97
186	59.97
187	59.97
188	59.97
189	59.97
190	59.97
191	59.97
192	59.97
193	59.97
194	59.97
195	59.97
196	59.97
197	59.97
198	59.97
199	59.97
200	59.97
201	59.97
202	59.97
203	59.97
204	59.97
205	59.97
206	59.97
207	59.97
208	59.97
209	59.97
210	59.97
211	59.97
212	59.97
213	59.97
214	59.97
215	59.97
216	59.97
217	59.97
218	59.97
219	59.97
220	59.97
221	59.97
222	59.97
223	59.97
224	59.97
225	59.97
226	59.97
227	59.97
228	59.97
229	59.97
230	59.97
231	59.97
232	59.97
233	59.97
234	59.97
235	59.97
236	59.97
237	59.97
238	59.97
239	59.97
240	59.97
241	59.97
242	59.97
243	59.97
244	59.97
245	59.97
246	59.97
247	59.97
248	59.97
249	59.97
250	59.97
251	59.97
252	59.97
253	59.97
254	59.97
255	59.97
256	59.97
257	59.97
258	59.97
259	59.97
260	59.97
261	59.97
262	59.97
263	59.97
264	59.97
265	59.97
266	59.97
267	59.97
268	59.97
269	59.97
270	59.97
271	59.97
272	59.97
273	59.97
274	59.97
275	59.97
276	59.97
277	59.97
278	59.97
279	59.97
280	59.97
281	59.97
282	59.97
283	59.97
284	59.97
285	59.97
286	59.97
287	59.97
288	59.97
289	59.97
290	59.97
291	59.97
292	59.97
293	59.97
294	59.97
295	59.97
296	59.97
297	59.97
298	59.97
299	59.97
300	59.97
301	59.97
302	59.97
303	59.97
304	59.97
305	59.97
306	59.97
307	59.97
308	59.97
309	59.97
310	59.97
311	59.97
312	59.97
313	59.97
314	59.97
315	59.97
316	59.97
317	59.97
318	59.97
319	59.97
320	59.97
321	59.97
322	59.97
323	59.97
324	59.97
325	59.97
326	59.97
327	59.97
328	59.97
329	59.97
330	59.97
331	59.97
332	59.97
333	59.97
334	59.97
335	59.97
336	59.97
337	59.97
338	59.97
339	59.97
340	59.97
341	59.97
342	59.97
343	59.97
344	59.97
345	59.97
346	59.97
347	59.97
348	59.97
349	59.97
350	59.97
351	59.97
352	59.97
353	59.97
354	59.97
355	59.97
356	59.97
357	59.97
358	59.97
359	59.97
360	59.97
361	59.97
362	59.97
363	59.97
364	59.97
365	59.97
366	59.97
367	59.97
368	59.97
369	59.97
370	59.97
371	59.97
372	59.97
373	59.97
374	59.97
375	59.97
376	59.97
377	59.97
378	59.97
379	59.97
380	59.97
381	59.97
382	59.97
383	59.97
384	59.97
385	59.97
386	59.97
387	59.97
388	59.97
389	59.97
390	59.97
391	59.97
392	59.97
393	59.97
394	59.97
395	59.97
396	59.97
397	59.97
398	59.97
399	59.97
400	59.97
401	59.97
402	59.97
403	59.97
404	59.97
405	59.97
406	59.97
407	59.97
408	59.97
409	59.97
410	59.97
411	59.97
412	59.97
413	59.97
414	59.97
415	59.97
416	59.97
417	59.97
418	59.97
419	59.97
420	59.97
421	59.97
422	59.97
423	59.97
424	59.97
425	59.97
426	59.97
427	59.97
428	59.97
429	59.97
430	59.97
431	59.97
432	59.97
433	59.97
434	59.97
435	59.97
436	59.97
437	59.97
438	59.97
439	59.97
440	59.97
441	59.97
442	59.97
443	59.97
444	59.97
445	59.97
446	59.97
447	59.97
448	59.97
449	59.97
450	59.97
451	59.97
452	59.97
453	59.97
454	59.97
455	59.97
456	59.97
457	59.97
458	59.97
459	59.97
460	59.97
461	59.97
462	59.97
463	59.97
464	59.97
465	59.97
466	59.97
467	59.97
468	59.97
469	59.97
470	59.97
471	59.97
472	59.97
473	59.97
474	59.97
475	59.97
476	59.97
477	59.97
478	59.97
479	59.97
480	59.97
481	59.97
482	59.97
483	59.97
484	59.97
485	59.97
486	59.97
487	59.97
488	59.97
489	59.97
490	59.97
491	59.97
492	59.97
493	59.97
494	59.97
495	59.97
496	59.97
497	59.97
498	59.97
499	59.97
500	59.97
501	59.97
502	59.97
503	59.97
504	59.97
505	59.97
506	59.97
507	59.97
508	59.97
509	59.97
510	59.97
511	59.97
512	59.97
513	59.97
514	59.97
515	59.97
516	59.97
517	59.97
518	59.97
519	59.97
520	59.97
521	59.97
522	59.97
523	59.97
524	59.97
525	59.97
526	59.97
527	59.97
528	59.97
529	59.97
530	59.97
531	59.97
532	59.97
533	59.97
534	59.97
535	59.97
536	59.97
537	59.97
538	59.97
539	59.97
540	59.97
541	59.97
542	59.97
543	59.97
544	59.97
545	59.97
546	59.97
547	59.97
548	59.97
549	59.97
550	59.97
551	59.97
552	59.97
553	59.97
554	59.97
555	59.97
556	59.97
557	59.97
558	59.97
559	59.97
560	59.97
561	59.97
562	59.97
563	59.97
564	59.97
565	59.97
566	59.97
567	59.97
568	59.97
569	59.97
570	59.97
571	59.97
572	59.97
573	59.97
574	59.97
575	59.97
576	59.97
577	59.97
578	59.97
579	59.97
580	59.97
581	59.97
582	59.97
583	59.97
584	59.97
585	59.97
586	59.97
587	59.97
588	59.97
589	59.97
590	59.97
591	59.97
592	59.97
593	59.97
594	59.97
595	59.97
596	59.97
597	59.97
598	59.97
599	59.97
600	59.97
601	59.97
602	59.97
603	59.97
604	59.97
605	59.97
606	59.97
607	59.97
608	59.97
609	59.97
610	59.97
611	59.97
612	59.97
613	59.97
614	59.97
615	59.97
616	59.97
617	59.97
618	59.97
619	59.97
620	59.97
621	59.97
622	59.97
623	59.97
624	59.97
625	59.97
626	59.97
627	59.97
628	59.97
629	59.97
630	59.97
631	59.97
632	59.97
633	59.97
634	59.97
635	59.97
636	59.97
637	59.97
638	59.97
639	59.97
640	59.97
641	59.97
642	59.97
643	59.97
644	59.97
645	59.97
646	59.97
647	59.97
648	59.97
649	59.97
650	59.97
651	59.97
652	59.97
653	59.97
654	59.97
655	59.97
656	59.97
657	59.97
658	59.97
659	59.97
660	59.97
661	59.97
662	59.97
663	59.97
664	59.97
665	59.97
666	59.97
667	59.97
668	59.97
669	59.97
670	59.97
671	59.97
672	59.97
673	59.97
674	59.97
675	59.97
676	59.97
677	59.97
678	59.97
679	59.97
680	59.97
681	59.97
682	59.97
683	59.97
684	59.97
685	59.97
686	59.97
687	59.97
688	59.97
689	59.97
690	59.97
691	59.97
692	59.97
693	59.97
694	59.97
695	59.97
696	59.97
697	59.97
698	59.97
699	59.97
700	59.97
701	59.97
702	59.97
703	59.97
704	59.97
705	59.97
706	59.97
707	59.97
708	59.97
709	59.97
710	59.97
711	59.97
712	59.97
713	59.97
714	59.97
715	59.97
716	59.97
717	59.97
718	59.97
719	59.97
720	59.97
721	59.97
722	59.97
723	59.97
724	59.97
725	59.97
726	59.97
727	59.97
728	59.97
729	59.97
730	59.97
731	59.97
732	59.97
733	59.97
734	59.97
735	59.97
736	59.97
737	59.97
738	59.97
739	59.97
740	59.97
741	59.97
742	59.97
743	59.97
744	59.97
745	59.97
746	59.97
747	59.97
748	59.97
749	59.97
750	59.97
751	59.97
752	59.97
753	59.97
754	59.97
755	59.97
756	59.97
757	59.97
758	59.97
759	59.97
760	59.97
761	59.97
762	59.97
763	59.97
764	59.97
765	59.97
766	59.97
767	59.97
768	59.97
769	59.97
770	59.97
771	59.97
772	59.97
773	59.97
774	59.97
775	59.97
776	59.97
777	59.97
778	59.97
779	59.97
780	59.97
781	59.97
782	59.97
783	59.97
784	59.97
785	59.97
786	59.97
787	59.97
788	59.97
789	59.97
790	59.97
791	59.97
792	59.97
793	59.97
794	59.97
795	59.97
796	59.97
797	59.97
798	59.97
799	59.97
800	59.97
801	59.97
802	59.97
803	59.97
804	59.97
805	59.97
806	59.97
807	59.97
808	59.97
809	59.97
810	59.97
811	59.97
812	59.97
813	59.97
814	59.97
815	59.97
816	59.97
817	59.97
818	59.97
819	59.97
820	59.97
821	59.97
822	59.97
823	59.97
824	59.97
825	59.97
826	59.97
827	59.97
828	59.97
829	59.97
830	59.97
831	59.97
832	59.97
833	59.97
834	59.97
835	59.97
836	59.97
837	59.97
838	59.97
839	59.97
840	59.97
841	59.97
842	59.97
843	59.97
844	59.97
845	59.97
846	59.97
847	59.97
848	59.97
849	59.97
850	59.97
851	59.97
852	59.97
853	59.97
854	59.97
855	59.97
856	59.97
857	59.97
858	59.97
859	59.97
860	59.97
861	59.97
862	59.97
863	59.97
864	59.97
865	59.97
866	59.97
867	59.97
868	59.97
869	59.97
870	59.97
871	59.97
872	59.97
873	59.97
874	59.97
875	59.97
876	59.97
877	59.97
878	59.97
879	59.97
880	59.97
881	59.97
882	59.97
883	59.97
884	59.97
885	59.97
886	59.97
887	59.97
888	59.97
889	59.97
890	59.97
891	59.97
892	59.97
893	59.97
894	59.97
895	59.97
896	59.97
897	59.97
898	59.97
899	59.97
900	59.97
901	59.97
902	59.97
903	59.97
904	59.97
905	59.97
906	59.97
907	59.97
908	59.97
909	59.97
910	59.97
911	59.97
912	59.97
913	59.97
914	59.97
915	59.97
916	59.97
917	59.97
918	59.97
919	59.97
920	59.97
921	59.97
922	59.97
923	59.97
924	59.97
925	59.97
926	59.97
927	59.97
928	59.97
929	59.97
930	59.97
931	59.97
932	59.97
933	59.97
934	59.97
935	59.97
936	59.97
937	59.97
938	59.97
939	59.97
940	59.97
941	59.97
942	59.97
943	59.97
944	59.97
945	59.97
946	59.97
947	59.97
948	59.97
949	59.97
950	59.97
951	59.97
952	59.97
953	59.97
954	59.97
955	59.97
956	59.97
957	59.97
958	59.97
959	59.97
960	59.97
961	59.97
962	59.97
963	59.97
964	59.97
965	59.97
966	59.97
967	59.97
968	59.97
969	59.97
970	59.97
971	59.97
972	59.97
973	59.97
974	59.97
975	59.97
976	59.97
977	59.97
978	59.97
979	59.97
980	59.97
981	59.97
982	59.97
983	59.97
984	59.97
985	59.97
986	59.97
987	59.97
988	59.97
989	59.97
990	59.97
991	59.97
992	59.97
993	59.97
994	59.97
995	59.97
996	59.97
997	59.97
998	59.97
999	59.97
1000	59.97
1001	59.97
1002	59.97
1003	59.97
1004	59.97
1005	59.97
1006	59.97
1007	59.97
1008	59.97
1009	59.97
1010	59.97
1011	59.97
1012	59.97
1013	59.97
1014	59.97
1015	59.97
1016	59.97
1017	59.97
1018	59.97
1019	59.97
1020	59.97
1021	59.97
1022	59.97
1023	59.97
1024	59.97
1025	59.97
1026	59.97
1027	59.97
1028	59.97
1029	59.97
1030	59.97
1031	59.97
1032	59.97
1033	59.97
1034	59.97
1035	59.97
1036	59.97
1037	59.97
1038	59.97
1039	59.97
1040	59.97
1041	59.97
1042	59.97
1043	59.97
1044	59.97
1045	59.97
1046	59.97
1047	59.97
1048	59.97
1049	59.97
1050	59.97
1051	59.97
1052	59.97
1053	59.97
1054	59.97
1055	59.97
1056	59.97
1057	59.97
1058	59.97
1059	59.97
1060	59.97
1061	59.97
1062	59.97
1063	59.97
1064	59.97
1065	59.97
1066	59.97
1067	59.97
1068	59.97
1069	59.97
1070	59.97
1071	59.97
1072	59.97
1073	59.97
1074	59.97
1075	59.97
1076	59.97
1077	59.97
1078	59.97
1079	59.97
1080	59.97
1081	59.97
1082	59.97
1083	59.97
1084	59.97
1085	59.97
1086	59.97
1087	59.97
1088	59.97
1089	59.97
1090	59.97
1091	59.97
1092	59.97
1093	59.97
1094	59.97
1095	59.97
1096	59.97
1097	59.97
1098	59.97
1099	59.97
1100	59.97
1101	59.97
1102	59.97
1103	59.97
1104	59.97
1105	59.97
1106	59.97
1107	59.97
1108	59.97
1109	59.97
1110	59.97
1111	59.97
1112	59.97
1113	59.97
1114	59.97
1115	59.97
1116	59.97
1117	59.97
1118	59.97
1119	59.97
1120	59.97
1121	59.97
1122	59.97
1123	59.97
1124	59.97
1125	59.97
1126	59.97
1127	59.97
1128	59.97
1129	59.97
1130	59.97
1131	59.97
1132	59.97
1133	59.97
1134	59.97
1135	59.97
1136	59.97
1137	59.97
1138	59.97
1139	59.97
1140	59.97
1141	59.97
1142	59.97
1143	59.97
1144	59.97
1145	59.97
1146	59.97
1147	59.97
1148	59.97
1149	59.97
1150	59.97
1151	59.97
1152	59.97
1153	59.97
1154	59.97
1155	59.97
1156	59.97
1157	59.97
1158	59.97
1159	59.97
1160	59.97
1161	59.97
1162	59.97
1163	59.97
1164	59.97
1165	59.97
1166	59.97
1167	59.97
1168	59.97
1169	59.97
1170	59.97
1171	59.97
1172	59.97
1173	59.97
1174	59.97
1175	59.97
1176	59.97
1177	59.97
1178	59.97
1179	59.97
1180	59.97
1181	59.97
1182	59.97
1183	59.97
1184	59.97
1185	59.97
1186	59.97
1187	59.97
1188	59.97
1189	59.97
1190	59.97
1191	59.97
1192	59.97
1193	59.97
1194	59.97
1195	59.97
1196	59.97
1197	59.97
1198	59.97
1199	59.97
1200	59.97
1201	59.97
1202	59.97
1203	59.97
1204	59.97
1205	59.97
1206	59.97
1207	59.97
1208	59.97
1209	59.97
1210	59.97
1211	59.97
1212	59.97
1213	59.97
1214	59.97
1215	59.97
1216	59.97
1217	59.97
1218	59.97
1219	59.97
1220	59.97
1221	59.97
1222	59.97
1223	59.97
1224	59.97
1225	59.97
1226	59.97
1227	59.97
1228	59.97
1229	59.97
1230	59.97
1231	59.97
1232	59.97
1233	59.97
1234	59.97
1235	59.97
1236	59.97
1237	59.97
1238	59.97
1239	59.97
1240	59.97
1241	59.97
1242	59.97
1243	59.97
1244	59.97
1245	59.97
1246	59.97
1247	59.97
1248	59.97
1249	59.97
1250	59.97
1251	59.97
1252	59.97
1253	59.97
1254	59.97
1255	59.97
1256	59.97
1257	59.97
1258	59.97
1259	59.97
1260	59.97
1261	59.97
1262	59.97
1263	59.97
1264	59.97
1265	59.97
1266	59.97
1267	59.97
1268	59.97
1269	59.97
1270	59.97
1271	59.97
1272	59.97
1273	59.97
1274	59.97
1275	59.97
1276	59.97
1277	59.97
1278	59.97
1279	59.97
1280	59.97
1281	59.97
1282	59.97
1283	59.97
1284	59.97
1285	59.97
1286	59.97
1287	59.97
1288	59.97
1289	59.97
1290	59.97
1291	59.97
1292	59.97
1293	59.97
1294	59.97
1295	59.97
1296	59.97
1297	59.97
1298	59.97
1299	59.97
1300	59.97
1301	59.97
1302	59.97
1303	59.97
1304	59.97
1305	59.97
1306	59.97
1307	59.97
1308	59.97
1309	59.97
1310	59.97
1311	59.97
1312	59.97
1313	59.97
1314	59.97
1315	59.97
1316	59.97
1317	59.97
1318	59.97
1319	59.97
1320	59.97
1321	59.97
1322	59.97
1323	59.97
1324	59.97
1325	59.97
1326	59.97
1327	59.97
1328	59.97
1329	59.97
1330	59.97
1331	59.97
1332	59.97
1333	59.97
1334	59.97
1335	59.97
1336	59.97
1337	59.97
1338	59.97
1339	59.97
1340	59.97
1341	59.97
1342	59.97
1343	59.97
1344	59.97
1345	59.97
1346	59.97
1347	59.97
1348	59.97
1349	59.97
1350	59.97
1351	59.97
1352	59.97
1353	59.97
1354	59.97
1355	59.97
1356	59.97
1357	59.97
1358	59.97
1359	59.97
1360	59.97
1361	59.97
1362	59.97
1363	59.97
1364	59.97
1365	59.97
1366	59.97
1367	59.97
1368	59.97
1369	59.97
1370	59.97
1371	59.97
1372	59.97
1373	59.97
1374	59.97
1375	59.97
1376	59.97
1377	59.97
1378	59.97
1379	59.97
1380	59.97
1381	59.97
1382	59.97
1383	59.97
1384	59.97
1385	59.97
1386	59.97
1387	59.97
1388	59.97
1389	59.97
1390	59.97
1391	59.97
1392	59.97
1393	59.97
1394	59.97
1395	59.97
1396	59.97
1397	59.97
1398	59.97
1399	59.97
1400	59.97
1401	59.97
1402	59.97
1403	59.97
1404	59.97
1405	59.97
1406	59.97
1407	59.97
1408	59.97
1409	59.97
1410	59.97
1411	59.97
1412	59.97
1413	59.97
1414	59.97
1415	59.97
1416	59.97
1417	59.97
1418	59.97
1419	59.97
1420	59.97
1421	59.97
1422	59.97
1423	59.97
1424	59.97
1425	59.97
1426	59.97
1427	59.97
1428	59.97
1429	59.97
1430	59.97
1431	59.97
1432	59.97
1433	59.97
1434	59.97
1435	59.97
1436	59.97
1437	59.97
1438	59.97
1439	59.97
1440	59.97
1441	59.97
1442	59.97
1443	59.97
1444	59.97
1445	59.97
1446	59.97
1447	59.97
1448	59.97
1449	59.97
1450	59.97
1451	59.97
1452	59.97
1453	59.97
1454	59.97
1455	59.97
1456	59.97
1457	59.97
1458	59.97
1459	59.97
1460	59.97
1461	59.97
1462	59.97
1463	59.97
1464	59.97
1465	59.97
1466	59.97
1467	59.97
1468	59.97
1469	59.97
1470	59.97
1471	59.97
1472	59.97
1473	59.97
1474	59.97
1475	59.97
1476	59.97
1477	59.97
1478	59.97
1479	59.97
1480	59.97
1481	59.97
1482	59.97
1483	59.97
1484	59.97
1485	59.97
1486	59.97
1487	59.97
1488	59.97
1489	59.97
1490	59.97
1491	59.97
1492	59.97
1493	59.97
1494	59.97
1495	59.97
1496	59.97
1497	59.97
1498	59.97
1499	59.97
1500	59.97
1501	59.97
1502	59.97
1503	59.97
1504	59.97
1505	59.97
1506	59.97
1507	59.97
1508	59.97
1509	59.97
1510	59.97
1511	59.97
1512	59.97
1513	59.97
1514	59.97
1515	59.97
1516	59.97
1517	59.97
1518	59.97
1519	59.97
1520	59.97
1521	59.97
1522	59.97
1523	59.97
1524	59.97
1525	59.97
1526	59.97
1527	59.97
1528	59.97
1529	59.97
1530	59.97
1531	59.97
1532	59.97
1533	59.97
1534	59.97
1535	59.97
1536	59.97
1537	59.97
1538	59.97
1539	59.97
1540	59.97
1541	59.97
1542	59.97
1543	59.97
1544	59.97
1545	59.97
1546	59.97
1547	59.97
1548	59.97
1549	59.97
1550	59.97
1551	59.97
1552	59.97
1553	59.97
1554	59.97
1555	59.97
1556	59.97
1557	59.97
1558	59.97
1559	59.97
1560	59.97
1561	59.97
1562	59.97
1563	59.97
1564	59.97
1565	59.97
1566	59.97
1567	59.97
1568	59.97
1569	59.97
1570	59.97
1571	59.97
1572	59.97
1573	59.97
1574	59.97
1575	59.97
1576	59.97
1577	59.97
1578	59.97
1579	59.97
1580	59.97
1581	59.97
1582	59.97
1583	59.97
1584	59.97
1585	59.97
1586	59.97
1587	59.97
1588	59.97
1589	59.97
1590	59.97
1591	59.97
1592	59.97
1593	59.97
1594	59.97
1595	59.97
1596	59.97
1597	59.97
1598	59.97
1599	59.97
1600	59.97
1601	59.97
1602	59.97
1603	59.97
1604	59.97
1605	59.97
1606	59.97
1607	59.97
1608	59.97
1609	59.97
1610	59.97
1611	59.97
1612	59.97
1613	59.97
1614	59.97
1615	59.97
1616	59.97
1617	59.97
1618	59.97
1619	59.97
1620	59.97
1621	59.97
1622	59.97
1623	59.97
1624	59.97
1625	59.97
1626	59.97
1627	59.97
1628	59.97
1629	59.97
1630	59.97
1631	59.97
1632	59.97
1633	59.97
1634	59.97
1635	59.97
1636	59.97
1637	59.97
1638	59.97
1639	59.97
1640	59.97
1641	59.97
1642	59.97
1643	59.97
1644	59.97
1645	59.97
1646	59.97
1647	59.97
1648	59.97
1649	59.97
1650	59.97
1651	59.97
1652	59.97
1653	59.97
1654	59.97
1655	59.97
1656	59.97
1657	59.97
1658	59.97
1659	59.97
1660	59.97
1661	59.97
1662	59.97
1663	59.97
1664	59.97
1665	59.97
1666	59.97
1667	59.97
1668	59.97
1669	59.97
1670	59.97
1671	59.97
1672	59.97
1673	59.97
1674	59.97
1675	59.97
1676	59.97
1677	59.97
1678	59.97
1679	59.97
1680	59.97
1681	59.97
1682	59.97
1683	59.97
1684	59.97
1685	59.97
1686	59.97
1687	59.97
1688	59.97
1689	59.97
1690	59.97
1691	59.97
1692	59.97
1693	59.97
1694	59.97
1695	59.97
1696	59.97
1697	59.97
1698	59.97
1699	59.97
1700	59.97
1701	59.97
1702	59.97
1703	59.97
1704	59.97
1705	59.97
1706	59.97
1707	59.97
1708	59.97
1709	59.97
1710	59.97
1711	59.97
1712	59.97
1713	59.97
1714	59.97
1715	59.97
1716	59.97
1717	59.97
1718	59.97
1719	59.97
1720	59.97
1721	59.97
1722	59.97
1723	59.97
1724	59.97
1725	59.97
1726	59.97
1727	59.97
1728	59.97
1729	59.97
1730	59.97
1731	59.97
1732	59.97
1733	59.97
1734	59.97
1735	59.97
1736	59.97
1737	59.97
1738	59.97
1739	59.97
1740	59.97
1741	59.97
1742	59.97
1743	59.97
1744	59.97
1745	59.97
1746	59.97
1747	59.97
1748	59.97
1749	59.97
1750	59.97
1751	59.97
1752	59.97
1753	59.97
1754	59.97
1755	59.97
1756	59.97
1757	59.97
1758	59.97
1759	59.97
1760	59.97
1761	59.97
1762	59.97
1763	59.97
1764	59.97
1765	59.97
1766	59.97
1767	59.97
1768	59.97
1769	59.97
1770	59.97
1771	59.97
1772	59.97
1773	59.97
1774	59.97
1775	59.97
1776	59.97
1777	59.97
1778	59.97
1779	59.97
1780	59.97
1781	59.97
1782	59.97
1783	59.97
1784	59.97
1785	59.97
1786	59.97
1787	59.97
1788	59.97
1789	59.97
1790	59.97
1791	59.97
1792	59.97
1793	59.97
1794	59.97
1795	59.97
1796	59.97
1797	59.97
1798	59.97
1799	59.97
1800	59.97
1801	59.97
1802	59.97
1803	59.97
1804	59.97
1805	59.97
1806	59.97
1807	59.97
1808	59.97
1809	59.97
1810	59.97
1811	59.97
1812	59.97
1813	59.97
1814	59.97
1815	59.97
1816	59.97
1817	59.97
1818	59.97
1819	59.97
1820	59.97
1821	59.97
1822	59.97
1823	59.97
1824	59.97
1825	59.97
1826	59.97
1827	59.97
1828	59.97
1829	59.97
1830	59.97
1831	59.97
1832	59.97
1833	59.97
1834	59.97
1835	59.97
1836	59.97
1837	59.97
1838	59.97
1839	59.97
1840	59.97
1841	59.97
1842	59.97
1843	59.97
1844	59.97
1845	59.97
1846	59.97
1847	59.97
1848	59.97
1849	59.97
1850	59.97
1851	59.97
1852	59.97
1853	59.97
1854	59.97
1855	59.97
1856	59.97
1857	59.97
1858	59.97
1859	59.97
1860	59.97
1861	59.97
1862	59.97
1863	59.97
1864	59.97
1865	59.97
1866	59.97
1867	59.97
1868	59.97
1869	59.97
1870	59.97
1871	59.97
1872	59.97
1873	59.97
1874	59.97
1875	59.97
1876	59.97
1877	59.97
1878	59.97
1879	59.97
1880	59.97
1881	59.97
1882	59.97
1883	59.97
1884	59.97
1885	59.97
1886	59.97
1887	59.97
1888	59.97
1889	59.97
1890	59.97
1891	59.97
1892	59.97
1893	59.97
1894	59.97
1895	59.97
1896	59.97
1897	59.97
1898	59.97
1899	59.97
1900	59.97
1901	59.97
1902	59.97
1903	59.97
1904	59.97
1905	59.97
1906	59.97
1907	59.97
1908	59.97
1909	59.97
1910	59.97
1911	59.97
1912	59.97
1913	59.97
1914	59.97
1915	59.97
1916	59.97
1917	59.97
1918	59.97
1919	59.97
1920	59.97
1921	59.97
1922	59.97
1923	59.97
1924	59.97
1925	59.97
1926	59.97
1927	59.97
1928	59.97
1929	59.97
1930	59.97
1931	59.97
1932	59.97
1933	59.97
1934	59.97
1935	59.97
1936	59.97
1937	59.97
1938	59.97
1939	59.97
1940	59.97
1941	59.97
1942	59.97
1943	59.97
1944	59.97
1945	59.97
1946	59.97
1947	59.97
1948	59.97
1949	59.97
1950	59.97
1951	59.97
1952	59.97
1953	59.97
1954	59.97
1955	59.97
1956	59.97
1957	59.97
1958	59.97
1959	59.97
1960	59.97
1961	59.97
1962	59.97
1963	59.97
1964	59.97
1965	59.97
1966	59.97
1967	59.97
1968	59.97
1969	59.97
1970	59.97
1971	59.97
1972	59.97
1973	59.97
1974	59.97
1975	59.97
1976	59.97
1977	59.97
1978	59.97
1979	59.97
1980	59.97
1981	59.97
1982	59.97
1983	59.97
1984	59.97
1985	59.97
1986	59.97
1987	59.97
1988	59.97
1989	59.97
1990	59.97
1991	59.97
1992	59.97
1993	59.97
1994	59.97
1995	59.97
1996	59.97
1997	59.97
1998	59.97
1999	59.97
2000	59.97
2001	59.97
2002	59.97
2003	59.97
2004	59.97
2005	59.97
2006	59.97
2007	59.97
2008	59.97
2009	59.97
2010	59.97
2011	59.97
2012	59.97
2013	59.97
2014	59.97
2015	59.97
2016	59.97
2017	59.97
2018	59.97
2019	59.97
2020	59.97
2021	59.97
2022	59.97
2023	59.97
2024	59.97
2025	59.97
2026	59.97
2027	59.97
2028	59.97
2029	59.97
2030	59.97
2031	59.97
2032	59.97
2033	59.97
2034	59.97
2035	59.97
2036	59.97
2037	59.97
2038	59.97
2039	59.97
2040	59.97
2041	59.97
2042	59.97
2043	59.97
2044	59.97
2045	59.97
2046	59.97
2047	59.97
2048	59.97
2049	59.97
2050	59.97
2051	59.97
2052	59.97
2053	59.97
2054	59.97
2055	59.97
2056	59.97
2057	59.97
2058	59.97
2059	59.97
2060	59.97
2061	59.97
2062	59.97
2063	59.97
2064	59.97
2065	59.97
2066	59.97
2067	59.97
2068	59.97
2069	59.97
2070	59.97
2071	59.97
2072	59.97
2073	59.97
2074	59.97
2075	59.97
2076	59.97
2077	59.97
2078	59.97
2079	59.97
2080	59.97
2081	59.97
2082	59.97
2083	59.97
2084	59.97
2085	59.97
2086	59.97
2087	59.97
2088	59.97
2089	59.97
2090	59.97
2091	59.97
2092	59.97
2093	59.97
2094	59.97
2095	59.97
2096	59.97
2097	59.97
2098	59.97
2099	59.97
2100	59.97
2101	59.97
2102	59.97
2103	59.97
2104	59.97
2105	59.97
2106	59.97
2107	59.97
2108	59.97
2109	59.97
2110	59.97
2111	59.97
2112	59.97
2113	59.97
2114	59.97
2115	59.97
2116	59.97
2117	59.97
2118	59.97
2119	59.97
2120	59.97
2121	59.97
2122	59.97
2123	59.97
2124	59.97
2125	59.97
2126	59.97
2127	59.97
2128	59.97
2129	59.97
2130	59.97
2131	59.97
2132	59.97
2133	59.97
2134	59.97
2135	59.97
2136	59.97
2137	59.97
2138	59.97
2139	59.97
2140	59.97
2141	59.97
2142	59.97
2143	59.97
2144	59.97
2145	59.97
2146	59.97
2147	59.97
2148	59.97
2149	59.97
2150	59.97
2151	59.97
2152	59.97
2153	59.97
2154	59.97
2155	59.97
2156	59.97
2157	59.97
2158	59.97
2159	59.97
2160	59.97
2161	59.97
2162	59.97
2163	59.97
2164	59.97
2165	59.97
2166	59.97
2167	59.97
2168	59.97
2169	59.97
2170	59.97
2171	59.97
2172	59.97
2173	59.97
2174	59.97
2175	59.97
2176	59.97
2177	59.97
2178	59.97
2179	59.97
2180	59.97
2181	59.97
2182	59.97
2183	59.97
2184	59.97
2185	59.97
2186	59.97
2187	59.97
2188	59.97
2189	59.97
2190	59.97
2191	59.97
2192	59.97
2193	59.97
2194	59.97
2195	59.97
2196	59.97
2197	59.97
2198	59.97
2199	59.97
2200	59.97
2201	59.97
2202	59.97
2203	59.97
2204	59.97
2205	59.97
2206	59.97
2207	59.97
2208	59.97
2209	59.97
2210	59.97
2211	59.97
2212	59.97
2213	59.97
2214	59.97
2215	59.97
2216	59.97
2217	59.97
2218	59.97
2219	59.97
2220	59.97
2221	59.97
2222	59.97
2223	59.97
2224	59.97
2225	59.97
2226	59.97
2227	59.97
2228	59.97
2229	59.97
2230	59.97
2231	59.97
2232	59.97
2233	59.97
2234	59.97
2235	59.97
2236	59.97
2237	59.97
2238	59.97
2239	59.97
2240	59.97
2241	59.97
2242	59.97
2243	59.97
2244	59.97
2245	59.97
2246	59.97
2247	59.97
2248	59.97
2249	59.97
2250	59.97
2251	59.97
2252	59.97
2253	59.97
2254	59.97
2255	59.97
2256	59.97
2257	59.97
2258	59.97
2259	59.97
2260	59.97
2261	59.97
2262	59.97
2263	59.97
2264	59.97
2265	59.97
2266	59.97
2267	59.97
2268	59.97
2269	59.97
2270	59.97
2271	59.97
2272	59.97
2273	59.97
2274	59.97
2275	59.97
2276	59.97
2277	59.97
2278	59.97
2279	59.97
2280	59.97
2281	59.97
2282	59.97
2283	59.97
2284	59.97
2285	59.97
2286	59.97
2287	59.97
2288	59.97
2289	59.97
2290	59.97
2291	59.97
2292	59.97
2293	59.97
2294	59.97
2295	59.97
2296	59.97
2297	59.97
2298	59.97
2299	59.97
2300	59.97
2301	59.97
2302	59.97
2303	59.97
2304	59.97
2305	59.97
2306	59.97
2307	59.97
2308	59.97
2309	59.97
2310	59.97
2311	59.97
2312	59.97
2313	59.97
2314	59.97
2315	59.97
2316	59.97
2317	59.97
2318	59.97
2319	59.97
2320	59.97
2321	59.97
2322	59.97
2323	59.97
2324	59.97
2325	59.97
2326	59.97
2327	59.97
2328	59.97
2329	59.97
2330	59.97
2331	59.97
2332	59.97
2333	59.97
2334	59.97
2335	59.97
2336	59.97
2337	59.97
2338	59.97
2339	59.97
2340	59.97
2341	59.97
2342	59.97
2343	59.97
2344	59.97
2345	59.97
2346	59.97
2347	59.97
2348	59.97
2349	59.97
2350	59.97
2351	59.97
2352	59.97
2353	59.97
2354	59.97
2355	59.97
2356	59.97
2357	59.97
2358	59.97
2359	59.97
2360	59.97
2361	59.97
2362	59.97
2363	59.97
2364	59.97
2365	59.97
2366	59.97
2367	59.97
2368	59.97
2369	59.97
2370	59.97
2371	59.97
2372	59.97
2373	59.97
2374	59.97
2375	59.97
2376	59.97
2377	59.97
2378	59.97
2379	59.97
2380	59.97
2381	59.97
2382	59.97
2383	59.97
2384	59.97
2385	59.97
2386	59.97
2387	59.97
2388	59.97
2389	59.97
2390	59.97
2391	59.97
2392	59.97
2393	59.97
2394	59.97
2395	59.97
2396	59.97
2397	59.97
2398	59.97
2399	59.97
2400	59.97
2401	59.97
2402	59.97
2403	59.97
2404	59.97
2405	59.97
2406	59.97
2407	59.97
2408	59.97
2409	59.97
2410	59.97
2411	59.97
2412	59.97
2413	59.97
2414	59.97
2415	59.97
2416	59.97
2417	59.97
2418	59.97
2419	59.97
2420	59.97
2421	59.97
2422	59.97
2423	59.97
2424	59.97
2425	59.97
2426	59.97
2427	59.97
2428	59.97
2429	59.97
2430	59.97
2431	59.97
2432	59.97
2433	59.97
2434	59.97
2435	59.97
2436	59.97
2437	59.97
2438	59.97
2439	59.97
2440	59.97
2441	59.97
2442	59.97
2443	59.97
2444	59.97
2445	59.97
2446	59.97
2447	59.97
2448	59.97
2449	59.97
2450	59.97
2451	59.97
2452	59.97
2453	59.97
2454	59.97
2455	59.97
2456	59.97
2457	59.97
2458	59.97
2459	59.97
2460	59.97
2461	59.97
2462	59.97
2463	59.97
2464	59.97
2465	59.97
2466	59.97
2467	59.97
2468	59.97
2469	59.97
2470	59.97
2471	59.97
2472	59.97
2473	59.97
2474	59.97
2475	59.97
2476	59.97
2477	59.97
2478	59.97
2479	59.97
2480	59.97
2481	59.97
2482	59.97
2483	59.97
2484	59.97
2485	59.97
2486	59.97
2487	59.97
2488	59.97
2489	59.97
2490	59.97
2491	59.97
2492	59.97
2493	59.97
2494	59.97
2495	59.97
2496	59.97
2497	59.97
2498	59.97
2499	59.97
2500	59.97
2501	59.97
2502	59.97
2503	59.97
2504	59.97
2505	59.97
2506	59.97
2507	59.97
2508	59.97
2509	59.97
2510	59.97
2511	59.97
2512	59.97
2513	59.97
2514	59.97
2515	59.97
2516	59.97
2517	59.97
2518	59.97
2519	59.97
2520	59.97
2521	59.97
2522	59.97
2523	59.97
2524	59.97
2525	59.97
2526	59.97
2527	59.97
2528	59.97
2529	59.97
2530	59.97
2531	59.97
2532	59.97
2533	59.97
2534	59.97
2535	59.97
2536	59.97
2537	59.97
2538	59.97
2539	59.97
2540	59.97
2541	59.97
2542	59.97
2543	59.97
2544	59.97
2545	59.97
2546	59.97
2547	59.97
2548	59.97
2549	59.97
2550	59.97
2551	59.97
2552	59.97
2553	59.97
2554	59.97
2555	59.97
2556	59.97
2557	59.97
2558	59.97
2559	59.97
2560	59.97
2561	59.97
2562	59.97
2563	59.97
2564	59.97
2565	59.97
2566	59.97
2567	59.97
2568	59.97
2569	59.97
2570	59.97
2571	59.97
2572	59.97
2573	59.97
2574	59.97
2575	59.97
2576	59.97
2577	59.97
2578	59.97
2579	59.97
2580	59.97
2581	59.97
2582	59.97
2583	59.97
2584	59.97
2585	59.97
2586	59.97
2587	59.97
2588	59.97
2589	59.97
2590	59.97
2591	59.97
2592	59.97
2593	59.97
2594	59.97
2595	59.97
2596	59.97
2597	59.97
2598	59.97
2599	59.97
2600	59.97
2601	59.97
2602	59.97
2603	59.97
2604	59.97
2605	59.97
2606	59.97
2607	59.97
2608	59.97
2609	59.97
2610	59.97
2611	59.97
2612	59.97
2613	59.97
2614	59.97
2615	59.97
2616	59.97
2617	59.97
2618	59.97
2619	59.97
2620	59.97
2621	59.97
2622	59.97
2623	59.97
2624	59.97
2625	59.97
2626	59.97
2627	59.97
2628	59.97
2629	59.97
2630	59.97
2631	59.97
2632	59.97
2633	59.97
2634	59.97
2635	59.97
2636	59.97
2637	59.97
2638	59.97
2639	59.97
2640	59.97
2641	59.97
2642	59.97
2643	59.97
2644	59.97
2645	59.97
2646	59.97
2647	59.97
2648	59.97
2649	59.97
2650	59.97
2651	59.97
2652	59.97
2653	59.97
2654	59.97
2655	59.97
2656	59.97
2657	59.97
2658	59.97
2659	59.97
2660	59.97
2661	59.97
2662	59.97
2663	59.97
2664	59.97
2665	59.97
2666	59.97
2667	59.97
2668	59.97
2669	59.97
2670	59.97
2671	59.97
2672	59.97
2673	59.97
2674	59.97
2675	59.97
2676	59.97
2677	59.97
2678	59.97
2679	59.97
2680	59.97
2681	59.97
2682	59.97
2683	59.97
2684	59.97
2685	59.97
2686	59.97
2687	59.97
2688	59.97
2689	59.97
2690	59.97
2691	59.97
2692	59.97
2693	59.97
2694	59.97
2695	59.97
2696	59.97
2697	59.97
2698	59.97
2699	59.97
2700	59.97
2701	59.97
2702	59.97
2703	59.97
2704	59.97
2705	59.97
2706	59.97
2707	59.97
2708	59.97
2709	59.97
2710	59.97
2711	59.97
2712	59.97
2713	59.97
2714	59.97
2715	59.97
2716	59.97
2717	59.97
2718	59.97
2719	59.97
2720	59.97
2721	59.97
2722	59.97
2723	59.97
2724	59.97
2725	59.97
2726	59.97
2727	59.97
2728	59.97
2729	59.97
2730	59.97
2731	59.97
2732	59.97
2733	59.97
2734	59.97
2735	59.97
2736	59.97
2737	59.97
2738	59.97
2739	59.97
2740	59.97
2741	59.97
2742	59.97
2743	59.97
2744	59.97
2745	59.97
2746	59.97
2747	59.97
2748	59.97
2749	59.97
2750	59.97
2751	59.97
2752	59.97
2753	59.97
2754	59.97
2755	59.97
2756	59.97
2757	59.97
2758	59.97
2759	59.97
2760	59.97
2761	59.97
2762	59.97
2763	59.97
2764	59.97
2765	59.97
2766	59.97
2767	59.97
2768	59.97
2769	59.97
2770	59.97
2771	59.97
2772	59.97
2773	59.97
2774	59.97
2775	59.97
2776	59.97
2777	59.97
2778	59.97
2779	59.97
2780	59.97
2781	59.97
2782	59.97
2783	59.97
2784	59.97
2785	59.97
2786	59.97
2787	59.97
2788	59.97
2789	59.97
2790	59.97
2791	59.97
2792	59.97
2793	59.97
2794	59.97
2795	59.97
2796	59.97
2797	59.97
2798	59.97
2799	59.97
2800	59.97
2801	59.97
2802	59.97
2803	59.97
2804	59.97
2805	59.97
2806	59.97
2807	59.97
2808	59.97
2809	59.97
2810	59.97
2811	59.97
2812	59.97
2813	59.97
2814	59.97
2815	59.97
2816	59.97
2817	59.97
2818	59.97
2819	59.97
2820	59.97
2821	59.97
2822	59.97
2823	59.97
2824	59.97
2825	59.97
2826	59.97
2827	59.97
2828	59.97
2829	59.97
2830	59.97
2831	59.97
2832	59.97
2833	59.97
2834	59.97
2835	59.97
2836	59.97
2837	59.97
2838	59.97
2839	59.97
2840	59.97
2841	59.97
2842	59.97
2843	59.97
2844	59.97
2845	59.97
2846	59.97
2847	59.97
2848	59.97
2849	59.97
2850	59.97
2851	59.97
2852	59.97
2853	59.97
2854	59.97
2855	59.97
2856	59.97
2857	59.97
2858	59.97
2859	59.97
2860	59.97
2861	59.97
2862	59.97
2863	59.97
2864	59.97
2865	59.97
2866	59.97
2867	59.97
2868	59.97
2869	59.97
2870	59.97
2871	59.97
2872	59.97
2873	59.97
2874	59.97
2875	59.97
2876	59.97
2877	59.97
2878	59.97
2879	59.97
2880	59.97
2881	59.97
2882	59.97
2883	59.97
2884	59.97
2885	59.97
2886	59.97
2887	59.97
2888	59.97
2889	59.97
2890	59.97
2891	59.97
2892	59.97
2893	59.97
2894	59.97
2895	59.97
2896	59.97
2897	59.97
2898	59.97
2899	59.97
2900	59.97
2901	59.97
2902	59.97
2903	59.97
2904	59.97
2905	59.97
2906	59.97
2907	59.97
2908	59.97
2909	59.97
2910	59.97
2911	59.97
2912	59.97
2913	59.97
2914	59.97
2915	59.97
2916	59.97
2917	59.97
2918	59.97
2919	59.97
2920	59.97
2921	59.97
2922	59.97
2923	59.97
2924	59.97
2925	59.97
2926	59.97
2927	59.97
2928	59.97
2929	59.97
2930	59.97
2931	59.97
2932	59.97
2933	59.97
2934	59.97
2935	59.97
2936	59.97
2937	59.97
2938	59.97
2939	59.97
2940	59.97
2941	59.97
2942	59.97
2943	59.97
2944	59.97
2945	59.97
2946	59.97
2947	59.97
2948	59.97
2949	59.97
2950	59.97
2951	59.97
2952	59.97
2953	59.97
2954	59.97
2955	59.97
2956	59.97
2957	59.97
2958	59.97
2959	59.97
2960	59.97
2961	59.97
2962	59.97
2963	59.97
2964	59.97
2965	59.97
2966	59.97
2967	59.97
2968	59.97
2969	59.97
2970	59.97
2971	59.97
2972	59.97
2973	59.97
2974	59.97
2975	59.97
2976	59.97
2977	59.97
2978	59.97
2979	59.97
2980	59.97
2981	59.97
2982	59.97
2983	59.97
2984	59.97
2985	59.97
2986	59.97
2987	59.97
2988	59.97
2989	59.97
2990	59.97
2991	59.97
2992	59.97
2993	59.97
2994	59.97
2995	59.97
2996	59.97
2997	59.97
2998	59.97
2999	59.97
3000	59.97
3001	59.97
3002	59.97
3003	59.97
3004	59.97
3005	59.97
3006	59.97
3007	59.97
3008	59.97
3009	59.97
3010	59.97
3011	59.97
3012	59.97
3013	59.97
3014	59.97
3015	59.97
3016	59.97
3017	59.97
3018	59.97
3019	59.97
3020	59.97
3021	59.97
3022	59.97
3023	59.97
3024	59.97
3025	59.97
3026	59.97
3027	59.97
3028	59.97
3029	59.97
3030	59.97
3031	59.97
3032	59.97
3033	59.97
3034	59.97
3035	59.97
3036	59.97
3037	59.97
3038	59.97
3039	59.97
3040	59.97
3041	59.97
3042	59.97
3043	59.97
3044	59.97
3045	59.97
3046	59.97
3047	59.97
3048	59.97
3049	59.97
3050	59.97
3051	59.97
3052	59.97
3053	59.97
3054	59.97
3055	59.97
3056	59.97
3057	59.97
3058	59.97
3059	59.97
3060	59.97
3061	59.97
3062	59.97
3063	59.97
3064	59.97
3065	59.97
3066	59.97
3067	59.97
3068	59.97
3069	59.97
3070	59.97
3071	59.97
3072	59.97
3073	59.97
3074	59.97
3075	59.97
3076	59.97
3077	59.97
3078	59.97
3079	59.97
3080	59.97
3081	59.97
3082	59.97
3083	59.97
3084	59.97
3085	59.97
3086	59.97
3087	59.97
3088	59.97
3089	59.97
3090	59.97
3091	59.97
3092	59.97
3093	59.97
3094	59.97
3095	59.97
3096	59.97
3097	59.97
3098	59.97
3099	59.97
3100	59.97
3101	59.97
3102	59.97
3103	59.97
3104	59.97
3105	59.97
3106	59.97
3107	59.97
3108	59.97
3109	59.97
3110	59.97
3111	59.97
3112	59.97
3113	59.97
3114	59.97
3115	59.97
3116	59.97
3117	59.97
3118	59.97
3119	59.97
3120	59.97
3121	59.97
3122	59.97
3123	59.97
3124	59.97
3125	59.97
3126	59.97
3127	59.97
3128	59.97
3129	59.97
3130	59.97
3131	59.97
3132	59.97
3133	59.97
3134	59.97
3135	59.97
3136	59.97
3137	59.97
3138	59.97
3139	59.97
3140	59.97
3141	59.97
3142	59.97
3143	59.97
3144	59.97
3145	59.97
3146	59.97
3147	59.97
3148	59.97
3149	59.97
3150	59.97
3151	59.97
3152	59.97
3153	59.97
3154	59.97
3155	59.97
3156	59.97
3157	59.97
3158	59.97
3159	59.97
3160	59.97
3161	59.97
3162	59.97
3163	59.97
3164	59.97
3165	59.97
3166	59.97
3167	59.97
3168	59.97
3169	59.97
3170	59.97
3171	59.97
3172	59.97
3173	59.97
3174	59.97
3175	59.97
3176	59.97
3177	59.97
3178	59.97
3179	59.97
3180	59.97
3181	59.97
3182	59.97
3183	59.97
3184	59.97
3185	59.97
3186	59.97
3187	59.97
3188	59.97
3189	59.97
3190	59.97
3191	59.97
3192	59.97
3193	59.97
3194	59.97
3195	59.97
3196	59.97
3197	59.97
3198	59.97
3199	59.97
3200	59.97
3201	59.97
3202	59.97
3203	59.97
3204	59.97
3205	59.97
3206	59.97
3207	59.97
3208	59.97
3209	59.97
3210	59.97
3211	59.97
3212	59.97
3213	59.97
3214	59.97
3215	59.97
3216	59.97
3217	59.97
3218	59.97
3219	59.97
3220	59.97
3221	59.97
3222	59.97
3223	59.97
3224	59.97
3225	59.97
3226	59.97
3227	59.97
3228	59.97
3229	59.97
3230	59.97
3231	59.97
3232	59.97
3233	59.97
3234	59.97
3235	59.97
3236	59.97
3237	59.97
3238	59.97
3239	59.97
3240	59.97
3241	59.97
3242	59.97
3243	59.97
3244	59.97
3245	59.97
3246	59.97
3247	59.97
3248	59.97
3249	59.97
3250	59.97
3251	59.97
3252	59.97
3253	59.97
3254	59.97
3255	59.97
3256	59.97
3257	59.97
3258	59.97
3259	59.97
3260	59.97
3261	59.97
3262	59.97
3263	59.97
3264	59.97
3265	59.97
3266	59.97
3267	59.97
3268	59.97
3269	59.97
3270	59.97
3271	59.97
3272	59.97
3273	59.97
3274	59.97
3275	59.97
3276	59.97
3277	59.97
3278	59.97
3279	59.97
3280	59.97
3281	59.97
3282	59.97
3283	59.97
3284	59.97
3285	59.97
3286	59.97
3287	59.97
3288	59.97
3289	59.97
3290	59.97
3291	59.97
3292	59.97
3293	59.97
3294	59.97
3295	59.97
3296	59.97
3297	59.97
3298	59.97
3299	59.97
3300	59.97
3301	59.97
3302	59.97
3303	59.97
3304	59.97
3305	59.97
3306	59.97
3307	59.97
3308	59.97
3309	59.97
3310	59.97
3311	59.97
3312	59.97
3313	59.97
3314	59.97
3315	59.97
3316	59.97
3317	59.97
3318	59.97
3319	59.97
3320	59.97
3321	59.97
3322	59.97
3323	59.97
3324	59.97
3325	59.97
3326	59.97
3327	59.97
3328	59.97
3329	59.97
3330	59.97
3331	59.97
3332	59.97
3333	59.97
3334	59.97
3335	59.97
3336	59.97
3337	59.97
3338	59.97
3339	59.97
3340	59.97
3341	59.97
3342	59.97
3343	59.97
3344	59.97
3345	59.97
3346	59.97
3347	59.97
3348	59.97
3349	59.97
3350	59.97
3351	59.97
3352	59.97
3353	59.97
3354	59.97
3355	59.97
3356	59.97
3357	59.97
3358	59.97
3359	59.97
3360	59.97
3361	59.97
3362	59.97
3363	59.97
3364	59.97
3365	59.97
3366	59.97
3367	59.97
3368	59.97
3369	59.97
3370	59.97
3371	59.97
3372	59.97
3373	59.97
3374	59.97
3375	59.97
3376	59.97
3377	59.97
3378	59.97
3379	59.97
3380	59.97
3381	59.97
3382	59.97
3383	59.97
3384	59.97
3385	59.97
3386	59.97
3387	59.97
3388	59.97
3389	59.97
3390	59.97
3391	59.97
3392	59.97
3393	59.97
3394	59.97
3395	59.97
3396	59.97
3397	59.97
3398	59.97
3399	59.97
3400	59.97
3401	59.97
3402	59.97
3403	59.97
3404	59.97
3405	59.97
3406	59.97
3407	59.97
3408	59.97
3409	59.97
3410	59.97
3411	59.97
3412	59.97
3413	59.97
3414	59.97
3415	59.97
3416	59.97
3417	59.97
3418	59.97
3419	59.97
3420	59.97
3421	59.97
3422	59.97
3423	59.97
3424	59.97
3425	59.97
3426	59.97
3427	59.97
3428	59.97
3429	59.97
3430	59.97
3431	59.97
3432	59.97
3433	59.97
3434	59.97
3435	59.97
3436	59.97
3437	59.97
3438	59.97
3439	59.97
3440	59.97
3441	59.97
3442	59.97
3443	59.97
3444	59.97
3445	59.97
3446	59.97
3447	59.97
3448	59.97
3449	59.97
3450	59.97
3451	59.97
3452	59.97
3453	59.97
3454	59.97
3455	59.97
3456	59.97
3457	59.97
3458	59.97
3459	59.97
3460	59.97
3461	59.97
3462	59.97
3463	59.97
3464	59.97
3465	59.97
3466	59.97
3467	59.97
3468	59.97
3469	59.97
3470	59.97
3471	59.97
3472	59.97
3473	59.97
3474	59.97
3475	59.97
3476	59.97
3477	59.97
3478	59.97
3479	59.97
3480	59.97
3481	59.97
3482	59.97
3483	59.97
3484	59.97
3485	59.97
3486	59.97
3487	59.97
3488	59.97
3489	59.97
3490	59.97
3491	59.97
3492	59.97
3493	59.97
3494	59.97
3495	59.97
3496	59.97
3497	59.97
3498	59.97
3499	59.97
3500	59.97
3501	59.97
3502	59.97
3503	59.97
3504	59.97
3505	59.97
3506	59.97
3507	59.97
3508	59.97
3509	59.97
3510	59.97
3511	59.97
3512	59.97
3513	59.97
3514	59.97
3515	59.97
3516	59.97
3517	59.97
3518	59.97
3519	59.97
3520	59.97
3521	59.97
3522	59.97
3523	59.97
3524	59.97
3525	59.97
3526	59.97
3527	59.97
3528	59.97
3529	59.97
3530	59.97
3531	59.97
3532	59.97
3533	59.97
3534	59.97
3535	59.97
3536	59.97
3537	59.97
3538	59.97
3539	59.97
3540	59.97
3541	59.97
3542	59.97
3543	59.97
3544	59.97
3545	59.97
3546	59.97
3547	59.97
3548	59.97
3549	59.97
3550	59.97
3551	59.97
3552	59.97
3553	59.97
3554	59.97
3555	59.97
3556	59.97
3557	59.97
3558	59.97
3559	59.97
3560	59.97
3561	59.97
3562	59.97
3563	59.97
3564	59.97
3565	59.97
3566	59.97
3567	59.97
3568	59.97
3569	59.97
3570	59.97
3571	59.97
3572	59.97
3573	59.97
3574	59.97
3575	59.97
3576	59.97
3577	59.97
3578	59.97
3579	59.97
3580	59.97
3581	59.97
3582	59.97
3583	59.97
3584	59.97
3585	59.97
3586	59.97
3587	59.97
3588	59.97
3589	59.97
3590	59.97
3591	59.97
3592	59.97
3593	59.97
3594	59.97
3595	59.97
3596	59.97
3597	59.97
3598	59.97
3599	59.97
3600	59.97
3601	59.97
3602	59.97
3603	59.97
3604	59.97
3605	59.97
3606	59.97
3607	59.97
3608	59.97
3609	59.97
3610	59.97
3611	59.97
3612	59.97
3613	59.97
3614	59.97
3615	59.97
3616	59.97
3617	59.97
3618	59.97
3619	59.97
3620	59.97
3621	59.97
3622	59.97
3623	59.97
3624	59.97
3625	59.97
3626	59.97
3627	59.97
3628	59.97
3629	59.97
3630	59.97
3631	59.97
3632	59.97
3633	59.97
3634	59.97
3635	59.97
3636	59.97
3637	59.97
3638	59.97
3639	59.97
3640	59.97
3641	59.97
3642	59.97
3643	59.97
3644	59.97
3645	59.97
3646	59.97
3647	59.97
3648	59.97
3649	59.97
3650	59.97
3651	59.97
3652	59.97
3653	59.97
3654	59.97
3655	59.97
3656	59.97
3657	59.97
3658	59.97
3659	59.97
3660	59.97
3661	59.97
3662	59.97
3663	59.97
3664	59.97
3665	59.97
3666	59.97
3667	59.97
3668	59.97
3669	59.97
3670	59.97
3671	59.97
3672	59.97
3673	59.97
3674	59.97
3675	59.97
3676	59.97
3677	59.97
3678	59.97
3679	59.97
3680	59.97
3681	59.97
3682	59.97
3683	59.97
3684	59.97
3685	59.97
3686	59.97
3687	59.97
3688	59.97
3689	59.97
3690	59.97
3691	59.97
3692	59.97
3693	59.97
3694	59.97
3695	59.97
3696	59.97
3697	59.97
3698	59.97
3699	59.97
3700	59.97
3701	59.97
3702	59.97
3703	59.97
3704	59.97
3705	59.97
3706	59.97
3707	59.97
3708	59.97
3709	59.97
3710	59.97
3711	59.97
3712	59.97
3713	59.97
3714	59.97
3715	59.97
3716	59.97
3717	59.97
3718	59.97
3719	59.97
3720	59.97
3721	59.97
3722	59.97
3723	59.97
3724	59.97
3725	59.97
3726	59.97
3727	59.97
3728	59.97
3729	59.97
3730	59.97
3731	59.97
3732	59.97
3733	59.97
3734	59.97
3735	59.97
3736	59.97
3737	59.97
3738	59.97
3739	59.97
3740	59.97
3741	59.97
3742	59.97
3743	59.97
3744	59.97
3745	59.97
3746	59.97
3747	59.97
3748	59.97
3749	59.97
3750	59.97
3751	59.97
3752	59.97
3753	59.97
3754	59.97
3755	59.97
3756	59.97
3757	59.97
3758	59.97
3759	59.97
3760	59.97
3761	59.97
3762	59.97
3763	59.97
3764	59.97
3765	59.97
3766	59.97
3767	59.97
3768	59.97
3769	59.97
3770	59.97
3771	59.97
3772	59.97
3773	59.97
3774	59.97
3775	59.97
3776	59.97
3777	59.97
3778	59.97
3779	59.97
3780	59.97
3781	59.97
3782	59.97
3783	59.97
3784	59.97
3785	59.97
3786	59.97
3787	59.97
3788	59.97
3789	59.97
3790	59.97
3791	59.97
3792	59.97
3793	59.97
3794	59.97
3795	59.97
3796	59.97
3797	59.97
3798	59.97
3799	59.97
3800	59.97
3801	59.97
3802	59.97
3803	59.97
3804	59.97
3805	59.97
3806	59.97
3807	59.97
3808	59.97
3809	59.97
3810	59.97
3811	59.97
3812	59.97
3813	59.97
3814	59.97
3815	59.97
3816	59.97
3817	59.97
3818	59.97
3819	59.97
3820	59.97
3821	59.97
3822	59.97
3823	59.97
3824	59.97
3825	59.97
3826	59.97
3827	59.97
3828	59.97
3829	59.97
3830	59.97
3831	59.97
3832	59.97
3833	59.97
3834	59.97
3835	59.97
3836	59.97
3837	59.97
3838	59.97
3839	59.97
3840	59.97
3841	59.97
3842	59.97
3843	59.97
3844	59.97
3845	59.97
3846	59.97
3847	59.97
3848	59.97
3849	59.97
3850	59.97
3851	59.97
3852	59.97
3853	59.97
3854	59.97
3855	59.97
3856	59.97
3857	59.97
3858	59.97
3859	59.97
3860	59.97
3861	59.97
3862	59.97
3863	59.97
3864	59.97
3865	59.97
3866	59.97
3867	59.97
3868	59.97
3869	59.97
3870	59.97
3871	59.97
3872	59.97
3873	59.97
3874	59.97
3875	59.97
3876	59.97
3877	59.97
3878	59.97
3879	59.97
3880	59.97
3881	59.97
3882	59.97
3883	59.97
3884	59.97
3885	59.97
3886	59.97
3887	59.97
3888	59.97
3889	59.97
3890	59.97
3891	59.97
3892	59.97
3893	59.97
3894	59.97
3895	59.97
3896	59.97
3897	59.97
3898	59.97
3899	59.97
3900	59.97
3901	59.97
3902	59.97
3903	59.97
3904	59.97
3905	59.97
3906	59.97
3907	59.97
3908	59.97
3909	59.97
3910	59.97
3911	59.97
3912	59.97
3913	59.97
3914	59.97
3915	59.97
3916	59.97
3917	59.97
3918	59.97
3919	59.97
3920	59.97
3921	59.97
3922	59.97
3923	59.97
3924	59.97
3925	59.97
3926	59.97
3927	59.97
3928	59.97
3929	59.97
3930	59.97
3931	59.97
3932	59.97
3933	59.97
3934	59.97
3935	59.97
3936	59.97
3937	59.97
3938	59.97
3939	59.97
3940	59.97
3941	59.97
3942	59.97
3943	59.97
3944	59.97
3945	59.97
3946	59.97
3947	59.97
3948	59.97
3949	59.97
3950	59.97
3951	59.97
3952	59.97
3953	59.97
3954	59.97
3955	59.97
3956	59.97
3957	59.97
3958	59.97
3959	59.97
3960	59.97
3961	59.97
3962	59.97
3963	59.97
3964	59.97
3965	59.97
3966	59.97
3967	59.97
3968	59.97
3969	59.97
3970	59.97
3971	59.97
3972	59.97
3973	59.97
3974	59.97
3975	59.97
3976	59.97
3977	59.97
3978	59.97
3979	59.97
3980	59.97
3981	59.97
3982	59.97
3983	59.97
3984	59.97
3985	59.97
3986	59.97
3987	59.97
3988	59.97
3989	59.97
3990	59.97
3991	59.97
3992	59.97
3993	59.97
3994	59.97
3995	59.97
3996	59.97
