0	0.82
1	0.82
2	0.82
3	0.82
4	0.82
5	0.82
6	0.82
7	0.82
8	0.82
9	0.82
10	0.82
11	0.82
12	0.82
13	0.82
14	0.82
15	0.82
16	0.82
17	0.82
18	0.82
19	0.82
20	0.82
21	0.82
22	0.82
23	0.82
24	0.82
25	0.82
26	0.82
27	0.82
28	0.82
29	0.82
30	0.82
31	0.82
32	0.82
33	0.82
34	0.82
35	0.82
36	0.82
37	0.82
38	0.82
39	0.82
40	0.82
41	0.82
42	0.82
43	0.82
44	0.82
45	0.82
46	0.82
47	0.82
48	0.82
49	0.82
50	0.82
51	0.82
52	0.82
53	0.82
54	0.82
55	0.82
56	0.82
57	0.82
58	0.82
59	0.82
60	0.82
61	0.82
62	0.82
63	0.82
64	0.82
65	0.82
66	0.82
67	0.82
68	0.82
69	0.82
70	0.82
71	0.82
72	0.82
73	0.82
74	0.82
75	0.82
76	0.82
77	0.82
78	0.82
79	0.82
80	0.82
81	0.82
82	0.82
83	0.82
84	0.82
85	0.82
86	0.82
87	0.82
88	0.82
89	0.82
90	0.82
91	0.82
92	0.82
93	0.82
94	0.82
95	0.82
96	0.82
97	0.82
98	0.82
99	0.82
100	0.82
101	0.82
102	0.82
103	0.82
104	0.82
105	0.82
106	0.82
107	0.82
108	0.82
109	0.82
110	0.82
111	0.82
112	0.82
113	0.82
114	0.82
115	0.82
116	0.82
117	0.82
118	0.82
119	0.82
120	0.82
121	0.82
122	0.82
123	0.82
124	0.82
125	0.82
126	0.82
127	0.82
128	0.82
129	0.82
130	0.82
131	0.82
132	0.82
133	0.82
134	0.82
135	0.82
136	0.82
137	0.82
138	0.82
139	0.82
140	0.82
141	0.82
142	0.82
143	0.82
144	0.82
145	0.82
146	0.82
147	0.82
148	0.82
149	0.82
150	0.82
151	0.82
152	0.82
153	0.82
154	0.82
155	0.82
156	0.82
157	0.82
158	0.82
159	0.82
160	0.82
161	0.82
162	0.82
163	0.82
164	0.82
165	0.82
166	0.82
167	0.82
168	0.82
169	0.82
170	0.82
171	0.82
172	0.82
173	0.82
174	0.82
175	0.82
176	0.82
177	0.82
178	0.82
179	0.82
180	0.82
181	0.82
182	0.82
183	0.82
184	0.82
185	0.82
186	0.82
187	0.82
188	0.82
189	0.82
190	0.82
191	0.82
192	0.82
193	0.82
194	0.82
195	0.82
196	0.82
197	0.82
198	0.82
199	0.82
200	0.82
201	0.82
202	0.82
203	0.82
204	0.82
205	0.82
206	0.82
207	0.82
208	0.82
209	0.82
210	0.82
211	0.82
212	0.82
213	0.82
214	0.82
215	0.82
216	0.82
217	0.82
218	0.82
219	0.82
220	0.82
221	0.82
222	0.82
223	0.82
224	0.82
225	0.82
226	0.82
227	0.82
228	0.82
229	0.82
230	0.82
231	0.82
232	0.82
233	0.82
234	0.82
235	0.82
236	0.82
237	0.82
238	0.82
239	0.82
240	0.82
241	0.82
242	0.82
243	0.82
244	0.82
245	0.82
246	0.82
247	0.82
248	0.82
249	0.82
250	0.82
251	0.82
252	0.82
253	0.82
254	0.82
255	0.82
256	0.82
257	0.82
258	0.82
259	0.82
260	0.82
261	0.82
262	0.82
263	0.82
264	0.82
265	0.82
266	0.82
267	0.82
268	0.82
269	0.82
270	0.82
271	0.82
272	0.82
273	0.82
274	0.82
275	0.82
276	0.82
277	0.82
278	0.82
279	0.82
280	0.82
281	0.82
282	0.82
283	0.82
284	0.82
285	0.82
286	0.82
287	0.82
288	0.82
289	0.82
290	0.82
291	0.82
292	0.82
293	0.82
294	0.82
295	0.82
296	0.82
297	0.82
298	0.82
299	0.82
300	0.82
301	0.82
302	0.82
303	0.82
304	0.82
305	0.82
306	0.82
307	0.82
308	0.82
309	0.82
310	0.82
311	0.82
312	0.82
313	0.82
314	0.82
315	0.82
316	0.82
317	0.82
318	0.82
319	0.82
320	0.82
321	0.82
322	0.82
323	0.82
324	0.82
325	0.82
326	0.82
327	0.82
328	0.82
329	0.82
330	0.82
331	0.82
332	0.82
333	0.82
334	0.82
335	0.82
336	0.82
337	0.82
338	0.82
339	0.82
340	0.82
341	0.82
342	0.82
343	0.82
344	0.82
345	0.82
346	0.82
347	0.82
348	0.82
349	0.82
350	0.82
351	0.82
352	0.82
353	0.82
354	0.82
355	0.82
356	0.82
357	0.82
358	0.82
359	0.82
360	0.82
361	0.82
362	0.82
363	0.82
364	0.82
365	0.82
366	0.82
367	0.82
368	0.82
369	0.82
370	0.82
371	0.82
372	0.82
373	0.82
374	0.82
375	0.82
376	0.82
377	0.82
378	0.82
379	0.82
380	0.82
381	0.82
382	0.82
383	0.82
384	0.82
385	0.82
386	0.82
387	0.82
388	0.82
389	0.82
390	0.82
391	0.82
392	0.82
393	0.82
394	0.82
395	0.82
396	0.82
397	0.82
398	0.82
399	0.82
400	0.82
401	0.82
402	0.82
403	0.82
404	0.82
405	0.82
406	0.82
407	0.82
408	0.82
409	0.82
410	0.82
411	0.82
412	0.82
413	0.82
414	0.82
415	0.82
416	0.82
417	0.82
418	0.82
419	0.82
420	0.82
421	0.82
422	0.82
423	0.82
424	0.82
425	0.82
426	0.82
427	0.82
428	0.82
429	0.82
430	0.82
431	0.82
432	0.82
433	0.82
434	0.82
435	0.82
436	0.82
437	0.82
438	0.82
439	0.82
440	0.82
441	0.82
442	0.82
443	0.82
444	0.82
445	0.82
446	0.82
447	0.82
448	0.82
449	0.82
450	0.82
451	0.82
452	0.82
453	0.82
454	0.82
455	0.82
456	0.82
457	0.82
458	0.82
459	0.82
460	0.82
461	0.82
462	0.82
463	0.82
464	0.82
465	0.82
466	0.82
467	0.82
468	0.82
469	0.82
470	0.82
471	0.82
472	0.82
473	0.82
474	0.82
475	0.82
476	0.82
477	0.82
478	0.82
479	0.82
480	0.82
481	0.82
482	0.82
483	0.82
484	0.82
485	0.82
486	0.82
487	0.82
488	0.82
489	0.82
490	0.82
491	0.82
492	0.82
493	0.82
494	0.82
495	0.82
496	0.82
497	0.82
498	0.82
499	0.82
500	0.82
501	0.82
502	0.82
503	0.82
504	0.82
505	0.82
506	0.82
507	0.82
508	0.82
509	0.82
510	0.82
511	0.82
512	0.82
513	0.82
514	0.82
515	0.82
516	0.82
517	0.82
518	0.82
519	0.82
520	0.82
521	0.82
522	0.82
523	0.82
524	0.82
525	0.82
526	0.82
527	0.82
528	0.82
529	0.82
530	0.82
531	0.82
532	0.82
533	0.82
534	0.82
535	0.82
536	0.82
537	0.82
538	0.82
539	0.82
540	0.82
541	0.82
542	0.82
543	0.82
544	0.82
545	0.82
546	0.82
547	0.82
548	0.82
549	0.82
550	0.82
551	0.82
552	0.82
553	0.82
554	0.82
555	0.82
556	0.82
557	0.82
558	0.82
559	0.82
560	0.82
561	0.82
562	0.82
563	0.82
564	0.82
565	0.82
566	0.82
567	0.82
568	0.82
569	0.82
570	0.82
571	0.82
572	0.82
573	0.82
574	0.82
575	0.82
576	0.82
577	0.82
578	0.82
579	0.82
580	0.82
581	0.82
582	0.82
583	0.82
584	0.82
585	0.82
586	0.82
587	0.82
588	0.82
589	0.82
590	0.82
591	0.82
592	0.82
593	0.82
594	0.82
595	0.82
596	0.82
597	0.82
598	0.82
599	0.82
600	0.82
601	0.82
602	0.82
603	0.82
604	0.82
605	0.82
606	0.82
607	0.82
608	0.82
609	0.82
610	0.82
611	0.82
612	0.82
613	0.82
614	0.82
615	0.82
616	0.82
617	0.82
618	0.82
619	0.82
620	0.82
621	0.82
622	0.82
623	0.82
624	0.82
625	0.82
626	0.82
627	0.82
628	0.82
629	0.82
630	0.82
631	0.82
632	0.82
633	0.82
634	0.82
635	0.82
636	0.82
637	0.82
638	0.82
639	0.82
640	0.82
641	0.82
642	0.82
643	0.82
644	0.82
645	0.82
646	0.82
647	0.82
648	0.82
649	0.82
650	0.82
651	0.82
652	0.82
653	0.82
654	0.82
655	0.82
656	0.82
657	0.82
658	0.82
659	0.82
660	0.82
661	0.82
662	0.82
663	0.82
664	0.82
665	0.82
666	0.82
667	0.82
668	0.82
669	0.82
670	0.82
671	0.82
672	0.82
673	0.82
674	0.82
675	0.82
676	0.82
677	0.82
678	0.82
679	0.82
680	0.82
681	0.82
682	0.82
683	0.82
684	0.82
685	0.82
686	0.82
687	0.82
688	0.82
689	0.82
690	0.82
691	0.82
692	0.82
693	0.82
694	0.82
695	0.82
696	0.82
697	0.82
698	0.82
699	0.82
700	0.82
701	0.82
702	0.82
703	0.82
704	0.82
705	0.82
706	0.82
707	0.82
708	0.82
709	0.82
710	0.82
711	0.82
712	0.82
713	0.82
714	0.82
715	0.82
716	0.82
717	0.82
718	0.82
719	0.82
720	0.82
721	0.82
722	0.82
723	0.82
724	0.82
725	0.82
726	0.82
727	0.82
728	0.82
729	0.82
730	0.82
731	0.82
732	0.82
733	0.82
734	0.82
735	0.82
736	0.82
737	0.82
738	0.82
739	0.82
740	0.82
741	0.82
742	0.82
743	0.82
744	0.82
745	0.82
746	0.82
747	0.82
748	0.82
749	0.82
750	0.82
751	0.82
752	0.82
753	0.82
754	0.82
755	0.82
756	0.82
757	0.82
758	0.82
759	0.82
760	0.82
761	0.82
762	0.82
763	0.82
764	0.82
765	0.82
766	0.82
767	0.82
768	0.82
769	0.82
770	0.82
771	0.82
772	0.82
773	0.82
774	0.82
775	0.82
776	0.82
777	0.82
778	0.82
779	0.82
780	0.82
781	0.82
782	0.82
783	0.82
784	0.82
785	0.82
786	0.82
787	0.82
788	0.82
789	0.82
790	0.82
791	0.82
792	0.82
793	0.82
794	0.82
795	0.82
796	0.82
797	0.82
798	0.82
799	0.82
800	0.82
801	0.82
802	0.82
803	0.82
804	0.82
805	0.82
806	0.82
807	0.82
808	0.82
809	0.82
810	0.82
811	0.82
812	0.82
813	0.82
814	0.82
815	0.82
816	0.82
817	0.82
818	0.82
819	0.82
820	0.82
821	0.82
822	0.82
823	0.82
824	0.82
825	0.82
826	0.82
827	0.82
828	0.82
829	0.82
830	0.82
831	0.82
832	0.82
833	0.82
834	0.82
835	0.82
836	0.82
837	0.82
838	0.82
839	0.82
840	0.82
841	0.82
842	0.82
843	0.82
844	0.82
845	0.82
846	0.82
847	0.82
848	0.82
849	0.82
850	0.82
851	0.82
852	0.82
853	0.82
854	0.82
855	0.82
856	0.82
857	0.82
858	0.82
859	0.82
860	0.82
861	0.82
862	0.82
863	0.82
864	0.82
865	0.82
866	0.82
867	0.82
868	0.82
869	0.82
870	0.82
871	0.82
872	0.82
873	0.82
874	0.82
875	0.82
876	0.82
877	0.82
878	0.82
879	0.82
880	0.82
881	0.82
882	0.82
883	0.82
884	0.82
885	0.82
886	0.82
887	0.82
888	0.82
889	0.82
890	0.82
891	0.82
892	0.82
893	0.82
894	0.82
895	0.82
896	0.82
897	0.82
898	0.82
899	0.82
900	0.82
901	0.82
902	0.82
903	0.82
904	0.82
905	0.82
906	0.82
907	0.82
908	0.82
909	0.82
910	0.82
911	0.82
912	0.82
913	0.82
914	0.82
915	0.82
916	0.82
917	0.82
918	0.82
919	0.82
920	0.82
921	0.82
922	0.82
923	0.82
924	0.82
925	0.82
926	0.82
927	0.82
928	0.82
929	0.82
930	0.82
931	0.82
932	0.82
933	0.82
934	0.82
935	0.82
936	0.82
937	0.82
938	0.82
939	0.82
940	0.82
941	0.82
942	0.82
943	0.82
944	0.82
945	0.82
946	0.82
947	0.82
948	0.82
949	0.82
950	0.82
951	0.82
952	0.82
953	0.82
954	0.82
955	0.82
956	0.82
957	0.82
958	0.82
959	0.82
960	0.82
961	0.82
962	0.82
963	0.82
964	0.82
965	0.82
966	0.82
967	0.82
968	0.82
969	0.82
970	0.82
971	0.82
972	0.82
973	0.82
974	0.82
975	0.82
976	0.82
977	0.82
978	0.82
979	0.82
980	0.82
981	0.82
982	0.82
983	0.82
984	0.82
985	0.82
986	0.82
987	0.82
988	0.82
989	0.82
990	0.82
991	0.82
992	0.82
993	0.82
994	0.82
995	0.82
996	0.82
997	0.82
998	0.82
999	0.82
