0	71.1
1	71.1
2	71.1
3	71.1
4	71.1
5	71.1
6	71.1
7	71.1
8	71.1
9	71.1
10	71.1
11	71.1
12	71.1
13	71.1
14	71.1
15	71.1
16	71.1
17	71.1
18	71.1
19	71.1
20	71.1
21	71.1
22	71.1
23	71.1
24	71.1
25	71.1
26	71.1
27	71.1
28	71.1
29	71.1
30	71.1
31	71.1
32	71.1
33	71.1
34	71.1
35	71.1
36	71.1
37	71.1
38	71.1
39	71.1
40	71.1
41	71.1
42	71.1
43	71.1
44	71.1
45	71.1
46	71.1
47	71.1
48	71.1
49	71.1
50	71.1
51	71.1
52	71.1
53	71.1
54	71.1
55	71.1
56	71.1
57	71.1
58	71.1
59	71.1
60	71.1
61	71.1
62	71.1
63	71.1
64	71.1
65	71.1
66	71.1
67	71.1
68	71.1
69	71.1
70	71.1
71	71.1
72	71.1
73	71.1
74	71.1
75	71.1
76	71.1
77	71.1
78	71.1
79	71.1
80	71.1
81	71.1
82	71.1
83	71.1
84	71.1
85	71.1
86	71.1
87	71.1
88	71.1
89	71.1
90	71.1
91	71.1
92	71.1
93	71.1
94	71.1
95	71.1
96	71.1
97	71.1
98	71.1
99	71.1
100	71.1
101	71.1
102	71.1
103	71.1
104	71.1
105	71.1
106	71.1
107	71.1
108	71.1
109	71.1
110	71.1
111	71.1
112	71.1
113	71.1
114	71.1
115	71.1
116	71.1
117	71.1
118	71.1
119	71.1
120	71.1
121	71.1
122	71.1
123	71.1
124	71.1
125	71.1
126	71.1
127	71.1
128	71.1
129	71.1
130	71.1
131	71.1
132	71.1
133	71.1
134	71.1
135	71.1
136	71.1
137	71.1
138	71.1
139	71.1
140	71.1
141	71.1
142	71.1
143	71.1
144	71.1
145	71.1
146	71.1
147	71.1
148	71.1
149	71.1
150	71.1
151	71.1
152	71.1
153	71.1
154	71.1
155	71.1
156	71.1
157	71.1
158	71.1
159	71.1
160	71.1
161	71.1
162	71.1
163	71.1
164	71.1
165	71.1
166	71.1
167	71.1
168	71.1
169	71.1
170	71.1
171	71.1
172	71.1
173	71.1
174	71.1
175	71.1
176	71.1
177	71.1
178	71.1
179	71.1
180	71.1
181	71.1
182	71.1
183	71.1
184	71.1
185	71.1
186	71.1
187	71.1
188	71.1
189	71.1
190	71.1
191	71.1
192	71.1
193	71.1
194	71.1
195	71.1
196	71.1
197	71.1
198	71.1
199	71.1
200	71.1
201	71.1
202	71.1
203	71.1
204	71.1
205	71.1
206	71.1
207	71.1
208	71.1
209	71.1
210	71.1
211	71.1
212	71.1
213	71.1
214	71.1
215	71.1
216	71.1
217	71.1
218	71.1
219	71.1
220	71.1
221	71.1
222	71.1
223	71.1
224	71.1
225	71.1
226	71.1
227	71.1
228	71.1
229	71.1
230	71.1
231	71.1
232	71.1
233	71.1
234	71.1
235	71.1
236	71.1
237	71.1
238	71.1
239	71.1
240	71.1
241	71.1
242	71.1
243	71.1
244	71.1
245	71.1
246	71.1
247	71.1
248	71.1
249	71.1
250	71.1
251	71.1
252	71.1
253	71.1
254	71.1
255	71.1
256	71.1
257	71.1
258	71.1
259	71.1
260	71.1
261	71.1
262	71.1
263	71.1
264	71.1
265	71.1
266	71.1
267	71.1
268	71.1
269	71.1
270	71.1
271	71.1
272	71.1
273	71.1
274	71.1
275	71.1
276	71.1
277	71.1
278	71.1
279	71.1
280	71.1
281	71.1
282	71.1
283	71.1
284	71.1
285	71.1
286	71.1
287	71.1
288	71.1
289	71.1
290	71.1
291	71.1
292	71.1
293	71.1
294	71.1
295	71.1
296	71.1
297	71.1
298	71.1
299	71.1
300	71.1
301	71.1
302	71.1
303	71.1
304	71.1
305	71.1
306	71.1
307	71.1
308	71.1
309	71.1
310	71.1
311	71.1
312	71.1
313	71.1
314	71.1
315	71.1
316	71.1
317	71.1
318	71.1
319	71.1
320	71.1
321	71.1
322	71.1
323	71.1
324	71.1
325	71.1
326	71.1
327	71.1
328	71.1
329	71.1
330	71.1
331	71.1
332	71.1
333	71.1
334	71.1
335	71.1
336	71.1
337	71.1
338	71.1
339	71.1
340	71.1
341	71.1
342	71.1
343	71.1
344	71.1
345	71.1
346	71.1
347	71.1
348	71.1
349	71.1
350	71.1
351	71.1
352	71.1
353	71.1
354	71.1
355	71.1
356	71.1
357	71.1
358	71.1
359	71.1
360	71.1
361	71.1
362	71.1
363	71.1
364	71.1
365	71.1
366	71.1
367	71.1
368	71.1
369	71.1
370	71.1
371	71.1
372	71.1
373	71.1
374	71.1
375	71.1
376	71.1
377	71.1
378	71.1
379	71.1
380	71.1
381	71.1
382	71.1
383	71.1
384	71.1
385	71.1
386	71.1
387	71.1
388	71.1
389	71.1
390	71.1
391	71.1
392	71.1
393	71.1
394	71.1
395	71.1
396	71.1
397	71.1
398	71.1
399	71.1
400	71.1
401	71.1
402	71.1
403	71.1
404	71.1
405	71.1
406	71.1
407	71.1
408	71.1
409	71.1
410	71.1
411	71.1
412	71.1
413	71.1
414	71.1
415	71.1
416	71.1
417	71.1
418	71.1
419	71.1
420	71.1
421	71.1
422	71.1
423	71.1
424	71.1
425	71.1
426	71.1
427	71.1
428	71.1
429	71.1
430	71.1
431	71.1
432	71.1
433	71.1
434	71.1
435	71.1
436	71.1
437	71.1
438	71.1
439	71.1
440	71.1
441	71.1
442	71.1
443	71.1
444	71.1
445	71.1
446	71.1
447	71.1
448	71.1
449	71.1
450	71.1
451	71.1
452	71.1
453	71.1
454	71.1
455	71.1
456	71.1
457	71.1
458	71.1
459	71.1
460	71.1
461	71.1
462	71.1
463	71.1
464	71.1
465	71.1
466	71.1
467	71.1
468	71.1
469	71.1
470	71.1
471	71.1
472	71.1
473	71.1
474	71.1
475	71.1
476	71.1
477	71.1
478	71.1
479	71.1
480	71.1
481	71.1
482	71.1
483	71.1
484	71.1
485	71.1
486	71.1
487	71.1
488	71.1
489	71.1
490	71.1
491	71.1
492	71.1
493	71.1
494	71.1
495	71.1
496	71.1
497	71.1
498	71.1
499	71.1
500	71.1
501	71.1
502	71.1
503	71.1
504	71.1
505	71.1
506	71.1
507	71.1
508	71.1
509	71.1
510	71.1
511	71.1
512	71.1
513	71.1
514	71.1
515	71.1
516	71.1
517	71.1
518	71.1
519	71.1
520	71.1
521	71.1
522	71.1
523	71.1
524	71.1
525	71.1
526	71.1
527	71.1
528	71.1
529	71.1
530	71.1
531	71.1
532	71.1
533	71.1
534	71.1
535	71.1
536	71.1
537	71.1
538	71.1
539	71.1
540	71.1
541	71.1
542	71.1
543	71.1
544	71.1
545	71.1
546	71.1
547	71.1
548	71.1
549	71.1
550	71.1
551	71.1
552	71.1
553	71.1
554	71.1
555	71.1
556	71.1
557	71.1
558	71.1
559	71.1
560	71.1
561	71.1
562	71.1
563	71.1
564	71.1
565	71.1
566	71.1
567	71.1
568	71.1
569	71.1
570	71.1
571	71.1
572	71.1
573	71.1
574	71.1
575	71.1
576	71.1
577	71.1
578	71.1
579	71.1
580	71.1
581	71.1
582	71.1
583	71.1
584	71.1
585	71.1
586	71.1
587	71.1
588	71.1
589	71.1
590	71.1
591	71.1
592	71.1
593	71.1
594	71.1
595	71.1
596	71.1
597	71.1
598	71.1
599	71.1
600	71.1
601	71.1
602	71.1
603	71.1
604	71.1
605	71.1
606	71.1
607	71.1
608	71.1
609	71.1
610	71.1
611	71.1
612	71.1
613	71.1
614	71.1
615	71.1
616	71.1
617	71.1
618	71.1
619	71.1
620	71.1
621	71.1
622	71.1
623	71.1
624	71.1
625	71.1
626	71.1
627	71.1
628	71.1
629	71.1
630	71.1
631	71.1
632	71.1
633	71.1
634	71.1
635	71.1
636	71.1
637	71.1
638	71.1
639	71.1
640	71.1
641	71.1
642	71.1
643	71.1
644	71.1
645	71.1
646	71.1
647	71.1
648	71.1
649	71.1
650	71.1
651	71.1
652	71.1
653	71.1
654	71.1
655	71.1
656	71.1
657	71.1
658	71.1
659	71.1
660	71.1
661	71.1
662	71.1
663	71.1
664	71.1
665	71.1
666	71.1
667	71.1
668	71.1
669	71.1
670	71.1
671	71.1
672	71.1
673	71.1
674	71.1
675	71.1
676	71.1
677	71.1
678	71.1
679	71.1
680	71.1
681	71.1
682	71.1
683	71.1
684	71.1
685	71.1
686	71.1
687	71.1
688	71.1
689	71.1
690	71.1
691	71.1
692	71.1
693	71.1
694	71.1
695	71.1
696	71.1
697	71.1
698	71.1
699	71.1
700	71.1
701	71.1
702	71.1
703	71.1
704	71.1
705	71.1
706	71.1
707	71.1
708	71.1
709	71.1
710	71.1
711	71.1
712	71.1
713	71.1
714	71.1
715	71.1
716	71.1
717	71.1
718	71.1
719	71.1
720	71.1
721	71.1
722	71.1
723	71.1
724	71.1
725	71.1
726	71.1
727	71.1
728	71.1
729	71.1
730	71.1
731	71.1
732	71.1
733	71.1
734	71.1
735	71.1
736	71.1
737	71.1
738	71.1
739	71.1
740	71.1
741	71.1
742	71.1
743	71.1
744	71.1
745	71.1
746	71.1
747	71.1
748	71.1
749	71.1
750	71.1
751	71.1
752	71.1
753	71.1
754	71.1
755	71.1
756	71.1
757	71.1
758	71.1
759	71.1
760	71.1
761	71.1
762	71.1
763	71.1
764	71.1
765	71.1
766	71.1
767	71.1
768	71.1
769	71.1
770	71.1
771	71.1
772	71.1
773	71.1
774	71.1
775	71.1
776	71.1
777	71.1
778	71.1
779	71.1
780	71.1
781	71.1
782	71.1
783	71.1
784	71.1
785	71.1
786	71.1
787	71.1
788	71.1
789	71.1
790	71.1
791	71.1
792	71.1
793	71.1
794	71.1
795	71.1
796	71.1
797	71.1
798	71.1
799	71.1
800	71.1
801	71.1
802	71.1
803	71.1
804	71.1
805	71.1
806	71.1
807	71.1
808	71.1
809	71.1
810	71.1
811	71.1
812	71.1
813	71.1
814	71.1
815	71.1
816	71.1
817	71.1
818	71.1
819	71.1
820	71.1
821	71.1
822	71.1
823	71.1
824	71.1
825	71.1
826	71.1
827	71.1
828	71.1
829	71.1
830	71.1
831	71.1
832	71.1
833	71.1
834	71.1
835	71.1
836	71.1
837	71.1
838	71.1
839	71.1
840	71.1
841	71.1
842	71.1
843	71.1
844	71.1
845	71.1
846	71.1
847	71.1
848	71.1
849	71.1
850	71.1
851	71.1
852	71.1
853	71.1
854	71.1
855	71.1
856	71.1
857	71.1
858	71.1
859	71.1
860	71.1
861	71.1
862	71.1
863	71.1
864	71.1
865	71.1
866	71.1
867	71.1
868	71.1
869	71.1
870	71.1
871	71.1
872	71.1
873	71.1
874	71.1
875	71.1
876	71.1
877	71.1
878	71.1
879	71.1
880	71.1
881	71.1
882	71.1
883	71.1
884	71.1
885	71.1
886	71.1
887	71.1
888	71.1
889	71.1
890	71.1
891	71.1
892	71.1
893	71.1
894	71.1
895	71.1
896	71.1
897	71.1
898	71.1
899	71.1
900	71.1
901	71.1
902	71.1
903	71.1
904	71.1
905	71.1
906	71.1
907	71.1
908	71.1
909	71.1
910	71.1
911	71.1
912	71.1
913	71.1
914	71.1
915	71.1
916	71.1
917	71.1
918	71.1
919	71.1
920	71.1
921	71.1
922	71.1
923	71.1
924	71.1
925	71.1
926	71.1
927	71.1
928	71.1
929	71.1
930	71.1
931	71.1
932	71.1
933	71.1
934	71.1
935	71.1
936	71.1
937	71.1
938	71.1
939	71.1
940	71.1
941	71.1
942	71.1
943	71.1
944	71.1
945	71.1
946	71.1
947	71.1
948	71.1
949	71.1
950	71.1
951	71.1
952	71.1
953	71.1
954	71.1
955	71.1
956	71.1
957	71.1
958	71.1
959	71.1
960	71.1
961	71.1
962	71.1
963	71.1
964	71.1
965	71.1
966	71.1
967	71.1
968	71.1
969	71.1
970	71.1
971	71.1
972	71.1
973	71.1
974	71.1
975	71.1
976	71.1
977	71.1
978	71.1
979	71.1
980	71.1
981	71.1
982	71.1
983	71.1
984	71.1
985	71.1
986	71.1
987	71.1
988	71.1
989	71.1
990	71.1
991	71.1
992	71.1
993	71.1
994	71.1
995	71.1
996	71.1
997	71.1
998	71.1
999	71.1
1000	71.1
1001	71.1
1002	71.1
1003	71.1
1004	71.1
1005	71.1
1006	71.1
1007	71.1
1008	71.1
1009	71.1
1010	71.1
1011	71.1
1012	71.1
1013	71.1
1014	71.1
1015	71.1
1016	71.1
1017	71.1
1018	71.1
1019	71.1
1020	71.1
1021	71.1
1022	71.1
1023	71.1
1024	71.1
1025	71.1
1026	71.1
1027	71.1
1028	71.1
1029	71.1
1030	71.1
1031	71.1
1032	71.1
1033	71.1
1034	71.1
1035	71.1
1036	71.1
1037	71.1
1038	71.1
1039	71.1
1040	71.1
1041	71.1
1042	71.1
1043	71.1
1044	71.1
1045	71.1
1046	71.1
1047	71.1
1048	71.1
1049	71.1
1050	71.1
1051	71.1
1052	71.1
1053	71.1
1054	71.1
1055	71.1
1056	71.1
1057	71.1
1058	71.1
1059	71.1
1060	71.1
1061	71.1
1062	71.1
1063	71.1
1064	71.1
1065	71.1
1066	71.1
1067	71.1
1068	71.1
1069	71.1
1070	71.1
1071	71.1
1072	71.1
1073	71.1
1074	71.1
1075	71.1
1076	71.1
1077	71.1
1078	71.1
1079	71.1
1080	71.1
1081	71.1
1082	71.1
1083	71.1
1084	71.1
1085	71.1
1086	71.1
1087	71.1
1088	71.1
1089	71.1
1090	71.1
1091	71.1
1092	71.1
1093	71.1
1094	71.1
1095	71.1
1096	71.1
1097	71.1
1098	71.1
1099	71.1
1100	71.1
1101	71.1
1102	71.1
1103	71.1
1104	71.1
1105	71.1
1106	71.1
1107	71.1
1108	71.1
1109	71.1
1110	71.1
1111	71.1
1112	71.1
1113	71.1
1114	71.1
1115	71.1
1116	71.1
1117	71.1
1118	71.1
1119	71.1
1120	71.1
1121	71.1
1122	71.1
1123	71.1
1124	71.1
1125	71.1
1126	71.1
1127	71.1
1128	71.1
1129	71.1
1130	71.1
1131	71.1
1132	71.1
1133	71.1
1134	71.1
1135	71.1
1136	71.1
1137	71.1
1138	71.1
1139	71.1
1140	71.1
1141	71.1
1142	71.1
1143	71.1
1144	71.1
1145	71.1
1146	71.1
1147	71.1
1148	71.1
1149	71.1
1150	71.1
1151	71.1
1152	71.1
1153	71.1
1154	71.1
1155	71.1
1156	71.1
1157	71.1
1158	71.1
1159	71.1
1160	71.1
1161	71.1
1162	71.1
1163	71.1
1164	71.1
1165	71.1
1166	71.1
1167	71.1
1168	71.1
1169	71.1
1170	71.1
1171	71.1
1172	71.1
1173	71.1
1174	71.1
1175	71.1
1176	71.1
1177	71.1
1178	71.1
1179	71.1
1180	71.1
1181	71.1
1182	71.1
1183	71.1
1184	71.1
1185	71.1
1186	71.1
1187	71.1
1188	71.1
1189	71.1
1190	71.1
1191	71.1
1192	71.1
1193	71.1
1194	71.1
1195	71.1
1196	71.1
1197	71.1
1198	71.1
1199	71.1
1200	71.1
1201	71.1
1202	71.1
1203	71.1
1204	71.1
1205	71.1
1206	71.1
1207	71.1
1208	71.1
1209	71.1
1210	71.1
1211	71.1
1212	71.1
1213	71.1
1214	71.1
1215	71.1
1216	71.1
1217	71.1
1218	71.1
1219	71.1
1220	71.1
1221	71.1
1222	71.1
1223	71.1
1224	71.1
1225	71.1
1226	71.1
1227	71.1
1228	71.1
1229	71.1
1230	71.1
1231	71.1
1232	71.1
1233	71.1
1234	71.1
1235	71.1
1236	71.1
1237	71.1
1238	71.1
1239	71.1
1240	71.1
1241	71.1
1242	71.1
1243	71.1
1244	71.1
1245	71.1
1246	71.1
1247	71.1
1248	71.1
1249	71.1
1250	71.1
1251	71.1
1252	71.1
1253	71.1
1254	71.1
1255	71.1
1256	71.1
1257	71.1
1258	71.1
1259	71.1
1260	71.1
1261	71.1
1262	71.1
1263	71.1
1264	71.1
1265	71.1
1266	71.1
1267	71.1
1268	71.1
1269	71.1
1270	71.1
1271	71.1
1272	71.1
1273	71.1
1274	71.1
1275	71.1
1276	71.1
1277	71.1
1278	71.1
1279	71.1
1280	71.1
1281	71.1
1282	71.1
1283	71.1
1284	71.1
1285	71.1
1286	71.1
1287	71.1
1288	71.1
1289	71.1
1290	71.1
1291	71.1
1292	71.1
1293	71.1
1294	71.1
1295	71.1
1296	71.1
1297	71.1
1298	71.1
1299	71.1
1300	71.1
1301	71.1
1302	71.1
1303	71.1
1304	71.1
1305	71.1
1306	71.1
1307	71.1
1308	71.1
1309	71.1
1310	71.1
1311	71.1
1312	71.1
1313	71.1
1314	71.1
1315	71.1
1316	71.1
1317	71.1
1318	71.1
1319	71.1
1320	71.1
1321	71.1
1322	71.1
1323	71.1
1324	71.1
1325	71.1
1326	71.1
1327	71.1
1328	71.1
1329	71.1
1330	71.1
1331	71.1
1332	71.1
1333	71.1
1334	71.1
1335	71.1
1336	71.1
1337	71.1
1338	71.1
1339	71.1
1340	71.1
1341	71.1
1342	71.1
1343	71.1
1344	71.1
1345	71.1
1346	71.1
1347	71.1
1348	71.1
1349	71.1
1350	71.1
1351	71.1
1352	71.1
1353	71.1
1354	71.1
1355	71.1
1356	71.1
1357	71.1
1358	71.1
1359	71.1
1360	71.1
1361	71.1
1362	71.1
1363	71.1
1364	71.1
1365	71.1
1366	71.1
1367	71.1
1368	71.1
1369	71.1
1370	71.1
1371	71.1
1372	71.1
1373	71.1
1374	71.1
1375	71.1
1376	71.1
1377	71.1
1378	71.1
1379	71.1
1380	71.1
1381	71.1
1382	71.1
1383	71.1
1384	71.1
1385	71.1
1386	71.1
1387	71.1
1388	71.1
1389	71.1
1390	71.1
1391	71.1
1392	71.1
1393	71.1
1394	71.1
1395	71.1
1396	71.1
1397	71.1
1398	71.1
1399	71.1
1400	71.1
1401	71.1
1402	71.1
1403	71.1
1404	71.1
1405	71.1
1406	71.1
1407	71.1
1408	71.1
1409	71.1
1410	71.1
1411	71.1
1412	71.1
1413	71.1
1414	71.1
1415	71.1
1416	71.1
1417	71.1
1418	71.1
1419	71.1
1420	71.1
1421	71.1
1422	71.1
1423	71.1
1424	71.1
1425	71.1
1426	71.1
1427	71.1
1428	71.1
1429	71.1
1430	71.1
1431	71.1
1432	71.1
1433	71.1
1434	71.1
1435	71.1
1436	71.1
1437	71.1
1438	71.1
1439	71.1
1440	71.1
1441	71.1
1442	71.1
1443	71.1
1444	71.1
1445	71.1
1446	71.1
1447	71.1
1448	71.1
1449	71.1
1450	71.1
1451	71.1
1452	71.1
1453	71.1
1454	71.1
1455	71.1
1456	71.1
1457	71.1
1458	71.1
1459	71.1
1460	71.1
1461	71.1
1462	71.1
1463	71.1
1464	71.1
1465	71.1
1466	71.1
1467	71.1
1468	71.1
1469	71.1
1470	71.1
1471	71.1
1472	71.1
1473	71.1
1474	71.1
1475	71.1
1476	71.1
1477	71.1
1478	71.1
1479	71.1
1480	71.1
1481	71.1
1482	71.1
1483	71.1
1484	71.1
1485	71.1
1486	71.1
1487	71.1
1488	71.1
1489	71.1
1490	71.1
1491	71.1
1492	71.1
1493	71.1
1494	71.1
1495	71.1
1496	71.1
1497	71.1
1498	71.1
1499	71.1
1500	71.1
1501	71.1
1502	71.1
1503	71.1
1504	71.1
1505	71.1
1506	71.1
1507	71.1
1508	71.1
1509	71.1
1510	71.1
1511	71.1
1512	71.1
1513	71.1
1514	71.1
1515	71.1
1516	71.1
1517	71.1
1518	71.1
1519	71.1
1520	71.1
1521	71.1
1522	71.1
1523	71.1
1524	71.1
1525	71.1
1526	71.1
1527	71.1
1528	71.1
1529	71.1
1530	71.1
1531	71.1
1532	71.1
1533	71.1
1534	71.1
1535	71.1
1536	71.1
1537	71.1
1538	71.1
1539	71.1
1540	71.1
1541	71.1
1542	71.1
1543	71.1
1544	71.1
1545	71.1
1546	71.1
1547	71.1
1548	71.1
1549	71.1
1550	71.1
1551	71.1
1552	71.1
1553	71.1
1554	71.1
1555	71.1
1556	71.1
1557	71.1
1558	71.1
1559	71.1
1560	71.1
1561	71.1
1562	71.1
1563	71.1
1564	71.1
1565	71.1
1566	71.1
1567	71.1
1568	71.1
1569	71.1
1570	71.1
1571	71.1
1572	71.1
1573	71.1
1574	71.1
1575	71.1
1576	71.1
1577	71.1
1578	71.1
1579	71.1
1580	71.1
1581	71.1
1582	71.1
1583	71.1
1584	71.1
1585	71.1
1586	71.1
1587	71.1
1588	71.1
1589	71.1
1590	71.1
1591	71.1
1592	71.1
1593	71.1
1594	71.1
1595	71.1
1596	71.1
1597	71.1
1598	71.1
1599	71.1
1600	71.1
1601	71.1
1602	71.1
1603	71.1
1604	71.1
1605	71.1
1606	71.1
1607	71.1
1608	71.1
1609	71.1
1610	71.1
1611	71.1
1612	71.1
1613	71.1
1614	71.1
1615	71.1
1616	71.1
1617	71.1
1618	71.1
1619	71.1
1620	71.1
1621	71.1
1622	71.1
1623	71.1
1624	71.1
1625	71.1
1626	71.1
1627	71.1
1628	71.1
1629	71.1
1630	71.1
1631	71.1
1632	71.1
1633	71.1
1634	71.1
1635	71.1
1636	71.1
1637	71.1
1638	71.1
1639	71.1
1640	71.1
1641	71.1
1642	71.1
1643	71.1
1644	71.1
1645	71.1
1646	71.1
1647	71.1
1648	71.1
1649	71.1
1650	71.1
1651	71.1
1652	71.1
1653	71.1
1654	71.1
1655	71.1
1656	71.1
1657	71.1
1658	71.1
1659	71.1
1660	71.1
1661	71.1
1662	71.1
1663	71.1
1664	71.1
1665	71.1
1666	71.1
1667	71.1
1668	71.1
1669	71.1
1670	71.1
1671	71.1
1672	71.1
1673	71.1
1674	71.1
1675	71.1
1676	71.1
1677	71.1
1678	71.1
1679	71.1
1680	71.1
1681	71.1
1682	71.1
1683	71.1
1684	71.1
1685	71.1
1686	71.1
1687	71.1
1688	71.1
1689	71.1
1690	71.1
1691	71.1
1692	71.1
1693	71.1
1694	71.1
1695	71.1
1696	71.1
1697	71.1
1698	71.1
1699	71.1
1700	71.1
1701	71.1
1702	71.1
1703	71.1
1704	71.1
1705	71.1
1706	71.1
1707	71.1
1708	71.1
1709	71.1
1710	71.1
1711	71.1
1712	71.1
1713	71.1
1714	71.1
1715	71.1
1716	71.1
1717	71.1
1718	71.1
1719	71.1
1720	71.1
1721	71.1
1722	71.1
1723	71.1
1724	71.1
1725	71.1
1726	71.1
1727	71.1
1728	71.1
1729	71.1
1730	71.1
1731	71.1
1732	71.1
1733	71.1
1734	71.1
1735	71.1
1736	71.1
1737	71.1
1738	71.1
1739	71.1
1740	71.1
1741	71.1
1742	71.1
1743	71.1
1744	71.1
1745	71.1
1746	71.1
1747	71.1
1748	71.1
1749	71.1
1750	71.1
1751	71.1
1752	71.1
1753	71.1
1754	71.1
1755	71.1
1756	71.1
1757	71.1
1758	71.1
1759	71.1
1760	71.1
1761	71.1
1762	71.1
1763	71.1
1764	71.1
1765	71.1
1766	71.1
1767	71.1
1768	71.1
1769	71.1
1770	71.1
1771	71.1
1772	71.1
1773	71.1
1774	71.1
1775	71.1
1776	71.1
1777	71.1
1778	71.1
1779	71.1
1780	71.1
1781	71.1
1782	71.1
1783	71.1
1784	71.1
1785	71.1
1786	71.1
1787	71.1
1788	71.1
1789	71.1
1790	71.1
1791	71.1
1792	71.1
1793	71.1
1794	71.1
1795	71.1
1796	71.1
1797	71.1
1798	71.1
1799	71.1
1800	71.1
1801	71.1
1802	71.1
1803	71.1
1804	71.1
1805	71.1
1806	71.1
1807	71.1
1808	71.1
1809	71.1
1810	71.1
1811	71.1
1812	71.1
1813	71.1
1814	71.1
1815	71.1
1816	71.1
1817	71.1
1818	71.1
1819	71.1
1820	71.1
1821	71.1
1822	71.1
1823	71.1
1824	71.1
1825	71.1
1826	71.1
1827	71.1
1828	71.1
1829	71.1
1830	71.1
1831	71.1
1832	71.1
1833	71.1
1834	71.1
1835	71.1
1836	71.1
1837	71.1
1838	71.1
1839	71.1
1840	71.1
1841	71.1
1842	71.1
1843	71.1
1844	71.1
1845	71.1
1846	71.1
1847	71.1
1848	71.1
1849	71.1
1850	71.1
1851	71.1
1852	71.1
1853	71.1
1854	71.1
1855	71.1
1856	71.1
1857	71.1
1858	71.1
1859	71.1
1860	71.1
1861	71.1
1862	71.1
1863	71.1
1864	71.1
1865	71.1
1866	71.1
1867	71.1
1868	71.1
1869	71.1
1870	71.1
1871	71.1
1872	71.1
1873	71.1
1874	71.1
1875	71.1
1876	71.1
1877	71.1
1878	71.1
1879	71.1
1880	71.1
1881	71.1
1882	71.1
1883	71.1
1884	71.1
1885	71.1
1886	71.1
1887	71.1
1888	71.1
1889	71.1
1890	71.1
1891	71.1
1892	71.1
1893	71.1
1894	71.1
1895	71.1
1896	71.1
1897	71.1
1898	71.1
1899	71.1
1900	71.1
1901	71.1
1902	71.1
1903	71.1
1904	71.1
1905	71.1
1906	71.1
1907	71.1
1908	71.1
1909	71.1
1910	71.1
1911	71.1
1912	71.1
1913	71.1
1914	71.1
1915	71.1
1916	71.1
1917	71.1
1918	71.1
1919	71.1
1920	71.1
1921	71.1
1922	71.1
1923	71.1
1924	71.1
1925	71.1
1926	71.1
1927	71.1
1928	71.1
1929	71.1
1930	71.1
1931	71.1
1932	71.1
1933	71.1
1934	71.1
1935	71.1
1936	71.1
1937	71.1
1938	71.1
1939	71.1
1940	71.1
1941	71.1
1942	71.1
1943	71.1
1944	71.1
1945	71.1
1946	71.1
1947	71.1
1948	71.1
1949	71.1
1950	71.1
1951	71.1
1952	71.1
1953	71.1
1954	71.1
1955	71.1
1956	71.1
1957	71.1
1958	71.1
1959	71.1
1960	71.1
1961	71.1
1962	71.1
1963	71.1
1964	71.1
1965	71.1
1966	71.1
1967	71.1
1968	71.1
1969	71.1
1970	71.1
1971	71.1
1972	71.1
1973	71.1
1974	71.1
1975	71.1
1976	71.1
1977	71.1
1978	71.1
1979	71.1
1980	71.1
1981	71.1
1982	71.1
1983	71.1
1984	71.1
1985	71.1
1986	71.1
1987	71.1
1988	71.1
1989	71.1
1990	71.1
1991	71.1
1992	71.1
1993	71.1
1994	71.1
1995	71.1
1996	71.1
1997	71.1
1998	71.1
1999	71.1
2000	71.1
2001	71.1
2002	71.1
2003	71.1
2004	71.1
2005	71.1
2006	71.1
2007	71.1
2008	71.1
2009	71.1
2010	71.1
2011	71.1
2012	71.1
2013	71.1
2014	71.1
2015	71.1
2016	71.1
2017	71.1
2018	71.1
2019	71.1
2020	71.1
2021	71.1
2022	71.1
2023	71.1
2024	71.1
2025	71.1
2026	71.1
2027	71.1
2028	71.1
2029	71.1
2030	71.1
2031	71.1
2032	71.1
2033	71.1
2034	71.1
2035	71.1
2036	71.1
2037	71.1
2038	71.1
2039	71.1
2040	71.1
2041	71.1
2042	71.1
2043	71.1
2044	71.1
2045	71.1
2046	71.1
2047	71.1
2048	71.1
2049	71.1
2050	71.1
2051	71.1
2052	71.1
2053	71.1
2054	71.1
2055	71.1
2056	71.1
2057	71.1
2058	71.1
2059	71.1
2060	71.1
2061	71.1
2062	71.1
2063	71.1
2064	71.1
2065	71.1
2066	71.1
2067	71.1
2068	71.1
2069	71.1
2070	71.1
2071	71.1
2072	71.1
2073	71.1
2074	71.1
2075	71.1
2076	71.1
2077	71.1
2078	71.1
2079	71.1
2080	71.1
2081	71.1
2082	71.1
2083	71.1
2084	71.1
2085	71.1
2086	71.1
2087	71.1
2088	71.1
2089	71.1
2090	71.1
2091	71.1
2092	71.1
2093	71.1
2094	71.1
2095	71.1
2096	71.1
2097	71.1
2098	71.1
2099	71.1
2100	71.1
2101	71.1
2102	71.1
2103	71.1
2104	71.1
2105	71.1
2106	71.1
2107	71.1
2108	71.1
2109	71.1
2110	71.1
2111	71.1
2112	71.1
2113	71.1
2114	71.1
2115	71.1
2116	71.1
2117	71.1
2118	71.1
2119	71.1
2120	71.1
2121	71.1
2122	71.1
2123	71.1
2124	71.1
2125	71.1
2126	71.1
2127	71.1
2128	71.1
2129	71.1
2130	71.1
2131	71.1
2132	71.1
2133	71.1
2134	71.1
2135	71.1
2136	71.1
2137	71.1
2138	71.1
2139	71.1
2140	71.1
2141	71.1
2142	71.1
2143	71.1
2144	71.1
2145	71.1
2146	71.1
2147	71.1
2148	71.1
2149	71.1
2150	71.1
2151	71.1
2152	71.1
2153	71.1
2154	71.1
2155	71.1
2156	71.1
2157	71.1
2158	71.1
2159	71.1
2160	71.1
2161	71.1
2162	71.1
2163	71.1
2164	71.1
2165	71.1
2166	71.1
2167	71.1
2168	71.1
2169	71.1
2170	71.1
2171	71.1
2172	71.1
2173	71.1
2174	71.1
2175	71.1
2176	71.1
2177	71.1
2178	71.1
2179	71.1
2180	71.1
2181	71.1
2182	71.1
2183	71.1
2184	71.1
2185	71.1
2186	71.1
2187	71.1
2188	71.1
2189	71.1
2190	71.1
2191	71.1
2192	71.1
2193	71.1
2194	71.1
2195	71.1
2196	71.1
2197	71.1
2198	71.1
2199	71.1
2200	71.1
2201	71.1
2202	71.1
2203	71.1
2204	71.1
2205	71.1
2206	71.1
2207	71.1
2208	71.1
2209	71.1
2210	71.1
2211	71.1
2212	71.1
2213	71.1
2214	71.1
2215	71.1
2216	71.1
2217	71.1
2218	71.1
2219	71.1
2220	71.1
2221	71.1
2222	71.1
2223	71.1
2224	71.1
2225	71.1
2226	71.1
2227	71.1
2228	71.1
2229	71.1
2230	71.1
2231	71.1
2232	71.1
2233	71.1
2234	71.1
2235	71.1
2236	71.1
2237	71.1
2238	71.1
2239	71.1
2240	71.1
2241	71.1
2242	71.1
2243	71.1
2244	71.1
2245	71.1
2246	71.1
2247	71.1
2248	71.1
2249	71.1
2250	71.1
2251	71.1
2252	71.1
2253	71.1
2254	71.1
2255	71.1
2256	71.1
2257	71.1
2258	71.1
2259	71.1
2260	71.1
2261	71.1
2262	71.1
2263	71.1
2264	71.1
2265	71.1
2266	71.1
2267	71.1
2268	71.1
2269	71.1
2270	71.1
2271	71.1
2272	71.1
2273	71.1
2274	71.1
2275	71.1
2276	71.1
2277	71.1
2278	71.1
2279	71.1
2280	71.1
2281	71.1
2282	71.1
2283	71.1
2284	71.1
2285	71.1
2286	71.1
2287	71.1
2288	71.1
2289	71.1
2290	71.1
2291	71.1
2292	71.1
2293	71.1
2294	71.1
2295	71.1
2296	71.1
2297	71.1
2298	71.1
2299	71.1
2300	71.1
2301	71.1
2302	71.1
2303	71.1
2304	71.1
2305	71.1
2306	71.1
2307	71.1
2308	71.1
2309	71.1
2310	71.1
2311	71.1
2312	71.1
2313	71.1
2314	71.1
2315	71.1
2316	71.1
2317	71.1
2318	71.1
2319	71.1
2320	71.1
2321	71.1
2322	71.1
2323	71.1
2324	71.1
2325	71.1
2326	71.1
2327	71.1
2328	71.1
2329	71.1
2330	71.1
2331	71.1
2332	71.1
2333	71.1
2334	71.1
2335	71.1
2336	71.1
2337	71.1
2338	71.1
2339	71.1
2340	71.1
2341	71.1
2342	71.1
2343	71.1
2344	71.1
2345	71.1
2346	71.1
2347	71.1
2348	71.1
2349	71.1
2350	71.1
2351	71.1
2352	71.1
2353	71.1
2354	71.1
2355	71.1
2356	71.1
2357	71.1
2358	71.1
2359	71.1
2360	71.1
2361	71.1
2362	71.1
2363	71.1
2364	71.1
2365	71.1
2366	71.1
2367	71.1
2368	71.1
2369	71.1
2370	71.1
2371	71.1
2372	71.1
2373	71.1
2374	71.1
2375	71.1
2376	71.1
2377	71.1
2378	71.1
2379	71.1
2380	71.1
2381	71.1
2382	71.1
2383	71.1
2384	71.1
2385	71.1
2386	71.1
2387	71.1
2388	71.1
2389	71.1
2390	71.1
2391	71.1
2392	71.1
2393	71.1
2394	71.1
2395	71.1
2396	71.1
2397	71.1
2398	71.1
2399	71.1
2400	71.1
2401	71.1
2402	71.1
2403	71.1
2404	71.1
2405	71.1
2406	71.1
2407	71.1
2408	71.1
2409	71.1
2410	71.1
2411	71.1
2412	71.1
2413	71.1
2414	71.1
2415	71.1
2416	71.1
2417	71.1
2418	71.1
2419	71.1
2420	71.1
2421	71.1
2422	71.1
2423	71.1
2424	71.1
2425	71.1
2426	71.1
2427	71.1
2428	71.1
2429	71.1
2430	71.1
2431	71.1
2432	71.1
2433	71.1
2434	71.1
2435	71.1
2436	71.1
2437	71.1
2438	71.1
2439	71.1
2440	71.1
2441	71.1
2442	71.1
2443	71.1
2444	71.1
2445	71.1
2446	71.1
2447	71.1
2448	71.1
2449	71.1
2450	71.1
2451	71.1
2452	71.1
2453	71.1
2454	71.1
2455	71.1
2456	71.1
2457	71.1
2458	71.1
2459	71.1
2460	71.1
2461	71.1
2462	71.1
2463	71.1
2464	71.1
2465	71.1
2466	71.1
2467	71.1
2468	71.1
2469	71.1
2470	71.1
2471	71.1
2472	71.1
2473	71.1
2474	71.1
2475	71.1
2476	71.1
2477	71.1
2478	71.1
2479	71.1
2480	71.1
2481	71.1
2482	71.1
2483	71.1
2484	71.1
2485	71.1
2486	71.1
2487	71.1
2488	71.1
2489	71.1
2490	71.1
2491	71.1
2492	71.1
2493	71.1
2494	71.1
2495	71.1
2496	71.1
2497	71.1
2498	71.1
2499	71.1
2500	71.1
2501	71.1
2502	71.1
2503	71.1
2504	71.1
2505	71.1
2506	71.1
2507	71.1
2508	71.1
2509	71.1
2510	71.1
2511	71.1
2512	71.1
2513	71.1
2514	71.1
2515	71.1
2516	71.1
2517	71.1
2518	71.1
2519	71.1
2520	71.1
2521	71.1
2522	71.1
2523	71.1
2524	71.1
2525	71.1
2526	71.1
2527	71.1
2528	71.1
2529	71.1
2530	71.1
2531	71.1
2532	71.1
2533	71.1
2534	71.1
2535	71.1
2536	71.1
2537	71.1
2538	71.1
2539	71.1
2540	71.1
2541	71.1
2542	71.1
2543	71.1
2544	71.1
2545	71.1
2546	71.1
2547	71.1
2548	71.1
2549	71.1
2550	71.1
2551	71.1
2552	71.1
2553	71.1
2554	71.1
2555	71.1
2556	71.1
2557	71.1
2558	71.1
2559	71.1
2560	71.1
2561	71.1
2562	71.1
2563	71.1
2564	71.1
2565	71.1
2566	71.1
2567	71.1
2568	71.1
2569	71.1
2570	71.1
2571	71.1
2572	71.1
2573	71.1
2574	71.1
2575	71.1
2576	71.1
2577	71.1
2578	71.1
2579	71.1
2580	71.1
2581	71.1
2582	71.1
2583	71.1
2584	71.1
2585	71.1
2586	71.1
2587	71.1
2588	71.1
2589	71.1
2590	71.1
2591	71.1
2592	71.1
2593	71.1
2594	71.1
2595	71.1
2596	71.1
2597	71.1
2598	71.1
2599	71.1
2600	71.1
2601	71.1
2602	71.1
2603	71.1
2604	71.1
2605	71.1
2606	71.1
2607	71.1
2608	71.1
2609	71.1
2610	71.1
2611	71.1
2612	71.1
2613	71.1
2614	71.1
2615	71.1
2616	71.1
2617	71.1
2618	71.1
2619	71.1
2620	71.1
2621	71.1
2622	71.1
2623	71.1
2624	71.1
2625	71.1
2626	71.1
2627	71.1
2628	71.1
2629	71.1
2630	71.1
2631	71.1
2632	71.1
2633	71.1
2634	71.1
2635	71.1
2636	71.1
2637	71.1
2638	71.1
2639	71.1
2640	71.1
2641	71.1
2642	71.1
2643	71.1
2644	71.1
2645	71.1
2646	71.1
2647	71.1
2648	71.1
2649	71.1
2650	71.1
2651	71.1
2652	71.1
2653	71.1
2654	71.1
2655	71.1
2656	71.1
2657	71.1
2658	71.1
2659	71.1
2660	71.1
2661	71.1
2662	71.1
2663	71.1
2664	71.1
2665	71.1
2666	71.1
2667	71.1
2668	71.1
2669	71.1
2670	71.1
2671	71.1
2672	71.1
2673	71.1
2674	71.1
2675	71.1
2676	71.1
2677	71.1
2678	71.1
2679	71.1
2680	71.1
2681	71.1
2682	71.1
2683	71.1
2684	71.1
2685	71.1
2686	71.1
2687	71.1
2688	71.1
2689	71.1
2690	71.1
2691	71.1
2692	71.1
2693	71.1
2694	71.1
2695	71.1
2696	71.1
2697	71.1
2698	71.1
2699	71.1
2700	71.1
2701	71.1
2702	71.1
2703	71.1
2704	71.1
2705	71.1
2706	71.1
2707	71.1
2708	71.1
2709	71.1
2710	71.1
2711	71.1
2712	71.1
2713	71.1
2714	71.1
2715	71.1
2716	71.1
2717	71.1
2718	71.1
2719	71.1
2720	71.1
2721	71.1
2722	71.1
2723	71.1
2724	71.1
2725	71.1
2726	71.1
2727	71.1
2728	71.1
2729	71.1
2730	71.1
2731	71.1
2732	71.1
2733	71.1
2734	71.1
2735	71.1
2736	71.1
2737	71.1
2738	71.1
2739	71.1
2740	71.1
2741	71.1
2742	71.1
2743	71.1
2744	71.1
2745	71.1
2746	71.1
2747	71.1
2748	71.1
2749	71.1
2750	71.1
2751	71.1
2752	71.1
2753	71.1
2754	71.1
2755	71.1
2756	71.1
2757	71.1
2758	71.1
2759	71.1
2760	71.1
2761	71.1
2762	71.1
2763	71.1
2764	71.1
2765	71.1
2766	71.1
2767	71.1
2768	71.1
2769	71.1
2770	71.1
2771	71.1
2772	71.1
2773	71.1
2774	71.1
2775	71.1
2776	71.1
2777	71.1
2778	71.1
2779	71.1
2780	71.1
2781	71.1
2782	71.1
2783	71.1
2784	71.1
2785	71.1
2786	71.1
2787	71.1
2788	71.1
2789	71.1
2790	71.1
2791	71.1
2792	71.1
2793	71.1
2794	71.1
2795	71.1
2796	71.1
2797	71.1
2798	71.1
2799	71.1
2800	71.1
2801	71.1
2802	71.1
2803	71.1
2804	71.1
2805	71.1
2806	71.1
2807	71.1
2808	71.1
2809	71.1
2810	71.1
2811	71.1
2812	71.1
2813	71.1
2814	71.1
2815	71.1
2816	71.1
2817	71.1
2818	71.1
2819	71.1
2820	71.1
2821	71.1
2822	71.1
2823	71.1
2824	71.1
2825	71.1
2826	71.1
2827	71.1
2828	71.1
2829	71.1
2830	71.1
2831	71.1
2832	71.1
2833	71.1
2834	71.1
2835	71.1
2836	71.1
2837	71.1
2838	71.1
2839	71.1
2840	71.1
2841	71.1
2842	71.1
2843	71.1
2844	71.1
2845	71.1
2846	71.1
2847	71.1
2848	71.1
2849	71.1
2850	71.1
2851	71.1
2852	71.1
2853	71.1
2854	71.1
2855	71.1
2856	71.1
2857	71.1
2858	71.1
2859	71.1
2860	71.1
2861	71.1
2862	71.1
2863	71.1
2864	71.1
2865	71.1
2866	71.1
2867	71.1
2868	71.1
2869	71.1
2870	71.1
2871	71.1
2872	71.1
2873	71.1
2874	71.1
2875	71.1
2876	71.1
2877	71.1
2878	71.1
2879	71.1
2880	71.1
2881	71.1
2882	71.1
2883	71.1
2884	71.1
2885	71.1
2886	71.1
2887	71.1
2888	71.1
2889	71.1
2890	71.1
2891	71.1
2892	71.1
2893	71.1
2894	71.1
2895	71.1
2896	71.1
2897	71.1
2898	71.1
2899	71.1
2900	71.1
2901	71.1
2902	71.1
2903	71.1
2904	71.1
2905	71.1
2906	71.1
2907	71.1
2908	71.1
2909	71.1
2910	71.1
2911	71.1
2912	71.1
2913	71.1
2914	71.1
2915	71.1
2916	71.1
2917	71.1
2918	71.1
2919	71.1
2920	71.1
2921	71.1
2922	71.1
2923	71.1
2924	71.1
2925	71.1
2926	71.1
2927	71.1
2928	71.1
2929	71.1
2930	71.1
2931	71.1
2932	71.1
2933	71.1
2934	71.1
2935	71.1
2936	71.1
2937	71.1
2938	71.1
2939	71.1
2940	71.1
2941	71.1
2942	71.1
2943	71.1
2944	71.1
2945	71.1
2946	71.1
2947	71.1
2948	71.1
2949	71.1
2950	71.1
2951	71.1
2952	71.1
2953	71.1
2954	71.1
2955	71.1
2956	71.1
2957	71.1
2958	71.1
2959	71.1
2960	71.1
2961	71.1
2962	71.1
2963	71.1
2964	71.1
2965	71.1
2966	71.1
2967	71.1
2968	71.1
2969	71.1
2970	71.1
2971	71.1
2972	71.1
2973	71.1
2974	71.1
2975	71.1
2976	71.1
2977	71.1
2978	71.1
2979	71.1
2980	71.1
2981	71.1
2982	71.1
2983	71.1
2984	71.1
2985	71.1
2986	71.1
2987	71.1
2988	71.1
2989	71.1
2990	71.1
2991	71.1
2992	71.1
2993	71.1
2994	71.1
2995	71.1
2996	71.1
2997	71.1
2998	71.1
2999	71.1
3000	71.1
3001	71.1
3002	71.1
3003	71.1
3004	71.1
3005	71.1
3006	71.1
3007	71.1
3008	71.1
3009	71.1
3010	71.1
3011	71.1
3012	71.1
3013	71.1
3014	71.1
3015	71.1
3016	71.1
3017	71.1
3018	71.1
3019	71.1
3020	71.1
3021	71.1
3022	71.1
3023	71.1
3024	71.1
3025	71.1
3026	71.1
3027	71.1
3028	71.1
3029	71.1
3030	71.1
3031	71.1
3032	71.1
3033	71.1
3034	71.1
3035	71.1
3036	71.1
3037	71.1
3038	71.1
3039	71.1
3040	71.1
3041	71.1
3042	71.1
3043	71.1
3044	71.1
3045	71.1
3046	71.1
3047	71.1
3048	71.1
3049	71.1
3050	71.1
3051	71.1
3052	71.1
3053	71.1
3054	71.1
3055	71.1
3056	71.1
3057	71.1
3058	71.1
3059	71.1
3060	71.1
3061	71.1
3062	71.1
3063	71.1
3064	71.1
3065	71.1
3066	71.1
3067	71.1
3068	71.1
3069	71.1
3070	71.1
3071	71.1
3072	71.1
3073	71.1
3074	71.1
3075	71.1
3076	71.1
3077	71.1
3078	71.1
3079	71.1
3080	71.1
3081	71.1
3082	71.1
3083	71.1
3084	71.1
3085	71.1
3086	71.1
3087	71.1
3088	71.1
3089	71.1
3090	71.1
3091	71.1
3092	71.1
3093	71.1
3094	71.1
3095	71.1
3096	71.1
3097	71.1
3098	71.1
3099	71.1
3100	71.1
3101	71.1
3102	71.1
3103	71.1
3104	71.1
3105	71.1
3106	71.1
3107	71.1
3108	71.1
3109	71.1
3110	71.1
3111	71.1
3112	71.1
3113	71.1
3114	71.1
3115	71.1
3116	71.1
3117	71.1
3118	71.1
3119	71.1
3120	71.1
3121	71.1
3122	71.1
3123	71.1
3124	71.1
3125	71.1
3126	71.1
3127	71.1
3128	71.1
3129	71.1
3130	71.1
3131	71.1
3132	71.1
3133	71.1
3134	71.1
3135	71.1
3136	71.1
3137	71.1
3138	71.1
3139	71.1
3140	71.1
3141	71.1
3142	71.1
3143	71.1
3144	71.1
3145	71.1
3146	71.1
3147	71.1
3148	71.1
3149	71.1
3150	71.1
3151	71.1
3152	71.1
3153	71.1
3154	71.1
3155	71.1
3156	71.1
3157	71.1
3158	71.1
3159	71.1
3160	71.1
3161	71.1
3162	71.1
3163	71.1
3164	71.1
3165	71.1
3166	71.1
3167	71.1
3168	71.1
3169	71.1
3170	71.1
3171	71.1
3172	71.1
3173	71.1
3174	71.1
3175	71.1
3176	71.1
3177	71.1
3178	71.1
3179	71.1
3180	71.1
3181	71.1
3182	71.1
3183	71.1
3184	71.1
3185	71.1
3186	71.1
3187	71.1
3188	71.1
3189	71.1
3190	71.1
3191	71.1
3192	71.1
3193	71.1
3194	71.1
3195	71.1
3196	71.1
3197	71.1
3198	71.1
3199	71.1
3200	71.1
3201	71.1
3202	71.1
3203	71.1
3204	71.1
3205	71.1
3206	71.1
3207	71.1
3208	71.1
3209	71.1
3210	71.1
3211	71.1
3212	71.1
3213	71.1
3214	71.1
3215	71.1
3216	71.1
3217	71.1
3218	71.1
3219	71.1
3220	71.1
3221	71.1
3222	71.1
3223	71.1
3224	71.1
3225	71.1
3226	71.1
3227	71.1
3228	71.1
3229	71.1
3230	71.1
3231	71.1
3232	71.1
3233	71.1
3234	71.1
3235	71.1
3236	71.1
3237	71.1
3238	71.1
3239	71.1
3240	71.1
3241	71.1
3242	71.1
3243	71.1
3244	71.1
3245	71.1
3246	71.1
3247	71.1
3248	71.1
3249	71.1
3250	71.1
3251	71.1
3252	71.1
3253	71.1
3254	71.1
3255	71.1
3256	71.1
3257	71.1
3258	71.1
3259	71.1
3260	71.1
3261	71.1
3262	71.1
3263	71.1
3264	71.1
3265	71.1
3266	71.1
3267	71.1
3268	71.1
3269	71.1
3270	71.1
3271	71.1
3272	71.1
3273	71.1
3274	71.1
3275	71.1
3276	71.1
3277	71.1
3278	71.1
3279	71.1
3280	71.1
3281	71.1
3282	71.1
3283	71.1
3284	71.1
3285	71.1
3286	71.1
3287	71.1
3288	71.1
3289	71.1
3290	71.1
3291	71.1
3292	71.1
3293	71.1
3294	71.1
3295	71.1
3296	71.1
3297	71.1
3298	71.1
3299	71.1
3300	71.1
3301	71.1
3302	71.1
3303	71.1
3304	71.1
3305	71.1
3306	71.1
3307	71.1
3308	71.1
3309	71.1
3310	71.1
3311	71.1
3312	71.1
3313	71.1
3314	71.1
3315	71.1
3316	71.1
3317	71.1
3318	71.1
3319	71.1
3320	71.1
3321	71.1
3322	71.1
3323	71.1
3324	71.1
3325	71.1
3326	71.1
3327	71.1
3328	71.1
3329	71.1
3330	71.1
3331	71.1
3332	71.1
3333	71.1
3334	71.1
3335	71.1
3336	71.1
3337	71.1
3338	71.1
3339	71.1
3340	71.1
3341	71.1
3342	71.1
3343	71.1
3344	71.1
3345	71.1
3346	71.1
3347	71.1
3348	71.1
3349	71.1
3350	71.1
3351	71.1
3352	71.1
3353	71.1
3354	71.1
3355	71.1
3356	71.1
3357	71.1
3358	71.1
3359	71.1
3360	71.1
3361	71.1
3362	71.1
3363	71.1
3364	71.1
3365	71.1
3366	71.1
3367	71.1
3368	71.1
3369	71.1
3370	71.1
3371	71.1
3372	71.1
3373	71.1
3374	71.1
3375	71.1
3376	71.1
3377	71.1
3378	71.1
3379	71.1
3380	71.1
3381	71.1
3382	71.1
3383	71.1
3384	71.1
3385	71.1
3386	71.1
3387	71.1
3388	71.1
3389	71.1
3390	71.1
3391	71.1
3392	71.1
3393	71.1
3394	71.1
3395	71.1
3396	71.1
3397	71.1
3398	71.1
3399	71.1
3400	71.1
3401	71.1
3402	71.1
3403	71.1
3404	71.1
3405	71.1
3406	71.1
3407	71.1
3408	71.1
3409	71.1
3410	71.1
3411	71.1
3412	71.1
3413	71.1
3414	71.1
3415	71.1
3416	71.1
3417	71.1
3418	71.1
3419	71.1
3420	71.1
3421	71.1
3422	71.1
3423	71.1
3424	71.1
3425	71.1
3426	71.1
3427	71.1
3428	71.1
3429	71.1
3430	71.1
3431	71.1
3432	71.1
3433	71.1
3434	71.1
3435	71.1
3436	71.1
3437	71.1
3438	71.1
3439	71.1
3440	71.1
3441	71.1
3442	71.1
3443	71.1
3444	71.1
3445	71.1
3446	71.1
3447	71.1
3448	71.1
3449	71.1
3450	71.1
3451	71.1
3452	71.1
3453	71.1
3454	71.1
3455	71.1
3456	71.1
3457	71.1
3458	71.1
3459	71.1
3460	71.1
3461	71.1
3462	71.1
3463	71.1
3464	71.1
3465	71.1
3466	71.1
3467	71.1
3468	71.1
3469	71.1
3470	71.1
3471	71.1
3472	71.1
3473	71.1
3474	71.1
3475	71.1
3476	71.1
3477	71.1
3478	71.1
3479	71.1
3480	71.1
3481	71.1
3482	71.1
3483	71.1
3484	71.1
3485	71.1
3486	71.1
3487	71.1
3488	71.1
3489	71.1
3490	71.1
3491	71.1
3492	71.1
3493	71.1
3494	71.1
3495	71.1
3496	71.1
3497	71.1
3498	71.1
3499	71.1
3500	71.1
3501	71.1
3502	71.1
3503	71.1
3504	71.1
3505	71.1
3506	71.1
3507	71.1
3508	71.1
3509	71.1
3510	71.1
3511	71.1
3512	71.1
3513	71.1
3514	71.1
3515	71.1
3516	71.1
3517	71.1
3518	71.1
3519	71.1
3520	71.1
3521	71.1
3522	71.1
3523	71.1
3524	71.1
3525	71.1
3526	71.1
3527	71.1
3528	71.1
3529	71.1
3530	71.1
3531	71.1
3532	71.1
3533	71.1
3534	71.1
3535	71.1
3536	71.1
3537	71.1
3538	71.1
3539	71.1
3540	71.1
3541	71.1
3542	71.1
3543	71.1
3544	71.1
3545	71.1
3546	71.1
3547	71.1
3548	71.1
3549	71.1
3550	71.1
3551	71.1
3552	71.1
3553	71.1
3554	71.1
3555	71.1
3556	71.1
3557	71.1
3558	71.1
3559	71.1
3560	71.1
3561	71.1
3562	71.1
3563	71.1
3564	71.1
3565	71.1
3566	71.1
3567	71.1
3568	71.1
3569	71.1
3570	71.1
3571	71.1
3572	71.1
3573	71.1
3574	71.1
3575	71.1
3576	71.1
3577	71.1
3578	71.1
3579	71.1
3580	71.1
3581	71.1
3582	71.1
3583	71.1
3584	71.1
3585	71.1
3586	71.1
3587	71.1
3588	71.1
3589	71.1
3590	71.1
3591	71.1
3592	71.1
3593	71.1
3594	71.1
3595	71.1
3596	71.1
3597	71.1
3598	71.1
3599	71.1
3600	71.1
3601	71.1
3602	71.1
3603	71.1
3604	71.1
3605	71.1
3606	71.1
3607	71.1
3608	71.1
3609	71.1
3610	71.1
3611	71.1
3612	71.1
3613	71.1
3614	71.1
3615	71.1
3616	71.1
3617	71.1
3618	71.1
3619	71.1
3620	71.1
3621	71.1
3622	71.1
3623	71.1
3624	71.1
3625	71.1
3626	71.1
3627	71.1
3628	71.1
3629	71.1
3630	71.1
3631	71.1
3632	71.1
3633	71.1
3634	71.1
3635	71.1
3636	71.1
3637	71.1
3638	71.1
3639	71.1
3640	71.1
3641	71.1
3642	71.1
3643	71.1
3644	71.1
3645	71.1
3646	71.1
3647	71.1
3648	71.1
3649	71.1
3650	71.1
3651	71.1
3652	71.1
3653	71.1
3654	71.1
3655	71.1
3656	71.1
3657	71.1
3658	71.1
3659	71.1
3660	71.1
3661	71.1
3662	71.1
3663	71.1
3664	71.1
3665	71.1
3666	71.1
3667	71.1
3668	71.1
3669	71.1
3670	71.1
3671	71.1
3672	71.1
3673	71.1
3674	71.1
3675	71.1
3676	71.1
3677	71.1
3678	71.1
3679	71.1
3680	71.1
3681	71.1
3682	71.1
3683	71.1
3684	71.1
3685	71.1
3686	71.1
3687	71.1
3688	71.1
3689	71.1
3690	71.1
3691	71.1
3692	71.1
3693	71.1
3694	71.1
3695	71.1
3696	71.1
3697	71.1
3698	71.1
3699	71.1
3700	71.1
3701	71.1
3702	71.1
3703	71.1
3704	71.1
3705	71.1
3706	71.1
3707	71.1
3708	71.1
3709	71.1
3710	71.1
3711	71.1
3712	71.1
3713	71.1
3714	71.1
3715	71.1
3716	71.1
3717	71.1
3718	71.1
3719	71.1
3720	71.1
3721	71.1
3722	71.1
3723	71.1
3724	71.1
3725	71.1
3726	71.1
3727	71.1
3728	71.1
3729	71.1
3730	71.1
3731	71.1
3732	71.1
3733	71.1
3734	71.1
3735	71.1
3736	71.1
3737	71.1
3738	71.1
3739	71.1
3740	71.1
3741	71.1
3742	71.1
3743	71.1
3744	71.1
3745	71.1
3746	71.1
3747	71.1
3748	71.1
3749	71.1
3750	71.1
3751	71.1
3752	71.1
3753	71.1
3754	71.1
3755	71.1
3756	71.1
3757	71.1
3758	71.1
3759	71.1
3760	71.1
3761	71.1
3762	71.1
3763	71.1
3764	71.1
3765	71.1
3766	71.1
3767	71.1
3768	71.1
3769	71.1
3770	71.1
3771	71.1
3772	71.1
3773	71.1
3774	71.1
3775	71.1
3776	71.1
3777	71.1
3778	71.1
3779	71.1
3780	71.1
3781	71.1
3782	71.1
3783	71.1
3784	71.1
3785	71.1
3786	71.1
3787	71.1
3788	71.1
3789	71.1
3790	71.1
3791	71.1
3792	71.1
3793	71.1
3794	71.1
3795	71.1
3796	71.1
3797	71.1
3798	71.1
3799	71.1
3800	71.1
3801	71.1
3802	71.1
3803	71.1
3804	71.1
3805	71.1
3806	71.1
3807	71.1
3808	71.1
3809	71.1
3810	71.1
3811	71.1
3812	71.1
3813	71.1
3814	71.1
3815	71.1
3816	71.1
3817	71.1
3818	71.1
3819	71.1
3820	71.1
3821	71.1
3822	71.1
3823	71.1
3824	71.1
3825	71.1
3826	71.1
3827	71.1
3828	71.1
3829	71.1
3830	71.1
3831	71.1
3832	71.1
3833	71.1
3834	71.1
3835	71.1
3836	71.1
3837	71.1
3838	71.1
3839	71.1
3840	71.1
3841	71.1
3842	71.1
3843	71.1
3844	71.1
3845	71.1
3846	71.1
3847	71.1
3848	71.1
3849	71.1
3850	71.1
3851	71.1
3852	71.1
3853	71.1
3854	71.1
3855	71.1
3856	71.1
3857	71.1
3858	71.1
3859	71.1
3860	71.1
3861	71.1
3862	71.1
3863	71.1
3864	71.1
3865	71.1
3866	71.1
3867	71.1
3868	71.1
3869	71.1
3870	71.1
3871	71.1
3872	71.1
3873	71.1
3874	71.1
3875	71.1
3876	71.1
3877	71.1
3878	71.1
3879	71.1
3880	71.1
3881	71.1
3882	71.1
3883	71.1
3884	71.1
3885	71.1
3886	71.1
3887	71.1
3888	71.1
3889	71.1
3890	71.1
3891	71.1
3892	71.1
3893	71.1
3894	71.1
3895	71.1
3896	71.1
3897	71.1
3898	71.1
3899	71.1
3900	71.1
3901	71.1
3902	71.1
3903	71.1
3904	71.1
3905	71.1
3906	71.1
3907	71.1
3908	71.1
3909	71.1
3910	71.1
3911	71.1
3912	71.1
3913	71.1
3914	71.1
3915	71.1
3916	71.1
3917	71.1
3918	71.1
3919	71.1
3920	71.1
3921	71.1
3922	71.1
3923	71.1
3924	71.1
3925	71.1
3926	71.1
3927	71.1
3928	71.1
3929	71.1
3930	71.1
3931	71.1
3932	71.1
3933	71.1
3934	71.1
3935	71.1
3936	71.1
3937	71.1
3938	71.1
3939	71.1
3940	71.1
3941	71.1
3942	71.1
3943	71.1
3944	71.1
3945	71.1
3946	71.1
3947	71.1
3948	71.1
3949	71.1
3950	71.1
3951	71.1
3952	71.1
3953	71.1
3954	71.1
3955	71.1
3956	71.1
3957	71.1
3958	71.1
3959	71.1
3960	71.1
3961	71.1
3962	71.1
3963	71.1
3964	71.1
3965	71.1
3966	71.1
3967	71.1
3968	71.1
3969	71.1
3970	71.1
3971	71.1
3972	71.1
3973	71.1
3974	71.1
3975	71.1
3976	71.1
3977	71.1
3978	71.1
3979	71.1
3980	71.1
3981	71.1
3982	71.1
3983	71.1
3984	71.1
3985	71.1
3986	71.1
3987	71.1
3988	71.1
3989	71.1
3990	71.1
3991	71.1
3992	71.1
3993	71.1
3994	71.1
3995	71.1
3996	71.1
3997	71.1
3998	71.1
3999	71.1
4000	71.1
4001	71.1
4002	71.1
4003	71.1
4004	71.1
4005	71.1
4006	71.1
4007	71.1
4008	71.1
4009	71.1
4010	71.1
4011	71.1
4012	71.1
4013	71.1
4014	71.1
4015	71.1
4016	71.1
4017	71.1
4018	71.1
4019	71.1
4020	71.1
4021	71.1
4022	71.1
4023	71.1
4024	71.1
4025	71.1
4026	71.1
4027	71.1
4028	71.1
4029	71.1
4030	71.1
4031	71.1
4032	71.1
4033	71.1
4034	71.1
4035	71.1
4036	71.1
4037	71.1
4038	71.1
4039	71.1
4040	71.1
4041	71.1
4042	71.1
4043	71.1
4044	71.1
4045	71.1
4046	71.1
4047	71.1
4048	71.1
4049	71.1
4050	71.1
4051	71.1
4052	71.1
4053	71.1
4054	71.1
4055	71.1
4056	71.1
4057	71.1
4058	71.1
4059	71.1
4060	71.1
4061	71.1
4062	71.1
4063	71.1
4064	71.1
4065	71.1
4066	71.1
4067	71.1
4068	71.1
4069	71.1
4070	71.1
4071	71.1
4072	71.1
4073	71.1
4074	71.1
4075	71.1
4076	71.1
4077	71.1
4078	71.1
4079	71.1
4080	71.1
4081	71.1
4082	71.1
4083	71.1
4084	71.1
4085	71.1
4086	71.1
4087	71.1
4088	71.1
4089	71.1
4090	71.1
4091	71.1
4092	71.1
4093	71.1
4094	71.1
4095	71.1
4096	71.1
4097	71.1
4098	71.1
4099	71.1
4100	71.1
4101	71.1
4102	71.1
4103	71.1
4104	71.1
4105	71.1
4106	71.1
4107	71.1
4108	71.1
4109	71.1
4110	71.1
4111	71.1
4112	71.1
4113	71.1
4114	71.1
4115	71.1
4116	71.1
4117	71.1
4118	71.1
4119	71.1
4120	71.1
4121	71.1
4122	71.1
4123	71.1
4124	71.1
4125	71.1
4126	71.1
4127	71.1
4128	71.1
4129	71.1
4130	71.1
4131	71.1
4132	71.1
4133	71.1
4134	71.1
4135	71.1
4136	71.1
4137	71.1
4138	71.1
4139	71.1
4140	71.1
4141	71.1
4142	71.1
4143	71.1
4144	71.1
4145	71.1
4146	71.1
4147	71.1
4148	71.1
4149	71.1
4150	71.1
4151	71.1
4152	71.1
4153	71.1
4154	71.1
4155	71.1
4156	71.1
4157	71.1
4158	71.1
4159	71.1
4160	71.1
4161	71.1
4162	71.1
4163	71.1
4164	71.1
4165	71.1
4166	71.1
4167	71.1
4168	71.1
4169	71.1
4170	71.1
4171	71.1
4172	71.1
4173	71.1
4174	71.1
4175	71.1
4176	71.1
4177	71.1
4178	71.1
4179	71.1
4180	71.1
4181	71.1
4182	71.1
4183	71.1
4184	71.1
4185	71.1
4186	71.1
4187	71.1
4188	71.1
4189	71.1
4190	71.1
4191	71.1
4192	71.1
4193	71.1
4194	71.1
4195	71.1
4196	71.1
4197	71.1
4198	71.1
4199	71.1
4200	71.1
4201	71.1
4202	71.1
4203	71.1
4204	71.1
4205	71.1
4206	71.1
4207	71.1
4208	71.1
4209	71.1
4210	71.1
4211	71.1
4212	71.1
4213	71.1
4214	71.1
4215	71.1
4216	71.1
4217	71.1
4218	71.1
4219	71.1
4220	71.1
4221	71.1
4222	71.1
4223	71.1
4224	71.1
4225	71.1
4226	71.1
4227	71.1
4228	71.1
4229	71.1
4230	71.1
4231	71.1
4232	71.1
4233	71.1
4234	71.1
4235	71.1
4236	71.1
4237	71.1
4238	71.1
4239	71.1
4240	71.1
4241	71.1
4242	71.1
4243	71.1
4244	71.1
4245	71.1
4246	71.1
4247	71.1
4248	71.1
4249	71.1
4250	71.1
4251	71.1
4252	71.1
4253	71.1
4254	71.1
4255	71.1
4256	71.1
4257	71.1
4258	71.1
4259	71.1
4260	71.1
4261	71.1
4262	71.1
4263	71.1
4264	71.1
4265	71.1
4266	71.1
4267	71.1
4268	71.1
4269	71.1
4270	71.1
4271	71.1
4272	71.1
4273	71.1
4274	71.1
4275	71.1
4276	71.1
4277	71.1
4278	71.1
4279	71.1
4280	71.1
4281	71.1
4282	71.1
4283	71.1
4284	71.1
4285	71.1
4286	71.1
4287	71.1
4288	71.1
4289	71.1
4290	71.1
4291	71.1
4292	71.1
4293	71.1
4294	71.1
4295	71.1
4296	71.1
4297	71.1
4298	71.1
4299	71.1
4300	71.1
4301	71.1
4302	71.1
4303	71.1
4304	71.1
4305	71.1
4306	71.1
4307	71.1
4308	71.1
4309	71.1
4310	71.1
4311	71.1
4312	71.1
4313	71.1
4314	71.1
4315	71.1
4316	71.1
4317	71.1
4318	71.1
4319	71.1
4320	71.1
4321	71.1
4322	71.1
4323	71.1
4324	71.1
4325	71.1
4326	71.1
4327	71.1
4328	71.1
4329	71.1
4330	71.1
4331	71.1
4332	71.1
4333	71.1
4334	71.1
4335	71.1
4336	71.1
4337	71.1
4338	71.1
4339	71.1
4340	71.1
4341	71.1
4342	71.1
4343	71.1
4344	71.1
4345	71.1
4346	71.1
4347	71.1
4348	71.1
4349	71.1
4350	71.1
4351	71.1
4352	71.1
4353	71.1
4354	71.1
4355	71.1
4356	71.1
4357	71.1
4358	71.1
4359	71.1
4360	71.1
4361	71.1
4362	71.1
4363	71.1
4364	71.1
4365	71.1
4366	71.1
4367	71.1
4368	71.1
4369	71.1
4370	71.1
4371	71.1
4372	71.1
4373	71.1
4374	71.1
4375	71.1
4376	71.1
4377	71.1
4378	71.1
4379	71.1
4380	71.1
4381	71.1
4382	71.1
4383	71.1
4384	71.1
4385	71.1
4386	71.1
4387	71.1
4388	71.1
4389	71.1
4390	71.1
4391	71.1
4392	71.1
4393	71.1
4394	71.1
4395	71.1
4396	71.1
4397	71.1
4398	71.1
4399	71.1
4400	71.1
4401	71.1
4402	71.1
4403	71.1
4404	71.1
4405	71.1
4406	71.1
4407	71.1
4408	71.1
4409	71.1
4410	71.1
4411	71.1
4412	71.1
4413	71.1
4414	71.1
4415	71.1
4416	71.1
4417	71.1
4418	71.1
4419	71.1
4420	71.1
4421	71.1
4422	71.1
4423	71.1
4424	71.1
4425	71.1
4426	71.1
4427	71.1
4428	71.1
4429	71.1
4430	71.1
4431	71.1
4432	71.1
4433	71.1
4434	71.1
4435	71.1
4436	71.1
4437	71.1
4438	71.1
4439	71.1
4440	71.1
4441	71.1
4442	71.1
4443	71.1
4444	71.1
4445	71.1
4446	71.1
4447	71.1
4448	71.1
4449	71.1
4450	71.1
4451	71.1
4452	71.1
4453	71.1
4454	71.1
4455	71.1
4456	71.1
4457	71.1
4458	71.1
4459	71.1
4460	71.1
4461	71.1
4462	71.1
4463	71.1
4464	71.1
4465	71.1
4466	71.1
4467	71.1
4468	71.1
4469	71.1
4470	71.1
4471	71.1
4472	71.1
4473	71.1
4474	71.1
4475	71.1
4476	71.1
4477	71.1
4478	71.1
4479	71.1
4480	71.1
4481	71.1
4482	71.1
4483	71.1
4484	71.1
4485	71.1
4486	71.1
4487	71.1
4488	71.1
4489	71.1
4490	71.1
4491	71.1
4492	71.1
4493	71.1
4494	71.1
4495	71.1
4496	71.1
4497	71.1
4498	71.1
4499	71.1
4500	71.1
4501	71.1
4502	71.1
4503	71.1
4504	71.1
4505	71.1
4506	71.1
4507	71.1
4508	71.1
4509	71.1
4510	71.1
4511	71.1
4512	71.1
4513	71.1
4514	71.1
4515	71.1
4516	71.1
4517	71.1
4518	71.1
4519	71.1
4520	71.1
4521	71.1
4522	71.1
4523	71.1
4524	71.1
4525	71.1
4526	71.1
4527	71.1
4528	71.1
4529	71.1
4530	71.1
4531	71.1
4532	71.1
4533	71.1
4534	71.1
4535	71.1
4536	71.1
4537	71.1
4538	71.1
4539	71.1
4540	71.1
4541	71.1
4542	71.1
4543	71.1
4544	71.1
4545	71.1
4546	71.1
4547	71.1
4548	71.1
4549	71.1
4550	71.1
4551	71.1
4552	71.1
4553	71.1
4554	71.1
4555	71.1
4556	71.1
4557	71.1
4558	71.1
4559	71.1
4560	71.1
4561	71.1
4562	71.1
4563	71.1
4564	71.1
4565	71.1
4566	71.1
4567	71.1
4568	71.1
4569	71.1
4570	71.1
4571	71.1
4572	71.1
4573	71.1
4574	71.1
4575	71.1
4576	71.1
4577	71.1
4578	71.1
4579	71.1
4580	71.1
4581	71.1
4582	71.1
4583	71.1
4584	71.1
4585	71.1
4586	71.1
4587	71.1
4588	71.1
4589	71.1
4590	71.1
4591	71.1
4592	71.1
4593	71.1
4594	71.1
4595	71.1
4596	71.1
4597	71.1
4598	71.1
4599	71.1
4600	71.1
4601	71.1
4602	71.1
4603	71.1
4604	71.1
4605	71.1
4606	71.1
4607	71.1
4608	71.1
4609	71.1
4610	71.1
4611	71.1
4612	71.1
4613	71.1
4614	71.1
4615	71.1
4616	71.1
4617	71.1
4618	71.1
4619	71.1
4620	71.1
4621	71.1
4622	71.1
4623	71.1
4624	71.1
4625	71.1
4626	71.1
4627	71.1
4628	71.1
4629	71.1
4630	71.1
4631	71.1
4632	71.1
4633	71.1
4634	71.1
4635	71.1
4636	71.1
4637	71.1
4638	71.1
4639	71.1
4640	71.1
4641	71.1
4642	71.1
4643	71.1
4644	71.1
4645	71.1
4646	71.1
4647	71.1
4648	71.1
4649	71.1
4650	71.1
4651	71.1
4652	71.1
4653	71.1
4654	71.1
4655	71.1
4656	71.1
4657	71.1
4658	71.1
4659	71.1
4660	71.1
4661	71.1
4662	71.1
4663	71.1
4664	71.1
4665	71.1
4666	71.1
4667	71.1
4668	71.1
4669	71.1
4670	71.1
4671	71.1
4672	71.1
4673	71.1
4674	71.1
4675	71.1
4676	71.1
4677	71.1
4678	71.1
4679	71.1
4680	71.1
4681	71.1
4682	71.1
4683	71.1
4684	71.1
4685	71.1
4686	71.1
4687	71.1
4688	71.1
4689	71.1
4690	71.1
4691	71.1
4692	71.1
4693	71.1
4694	71.1
4695	71.1
4696	71.1
4697	71.1
4698	71.1
4699	71.1
4700	71.1
4701	71.1
4702	71.1
4703	71.1
4704	71.1
4705	71.1
4706	71.1
4707	71.1
4708	71.1
4709	71.1
4710	71.1
4711	71.1
4712	71.1
4713	71.1
4714	71.1
4715	71.1
4716	71.1
4717	71.1
4718	71.1
4719	71.1
4720	71.1
4721	71.1
4722	71.1
4723	71.1
4724	71.1
4725	71.1
4726	71.1
4727	71.1
4728	71.1
4729	71.1
4730	71.1
4731	71.1
4732	71.1
4733	71.1
4734	71.1
4735	71.1
4736	71.1
4737	71.1
4738	71.1
4739	71.1
4740	71.1
4741	71.1
4742	71.1
4743	71.1
4744	71.1
4745	71.1
4746	71.1
4747	71.1
4748	71.1
4749	71.1
4750	71.1
4751	71.1
4752	71.1
4753	71.1
4754	71.1
4755	71.1
4756	71.1
4757	71.1
4758	71.1
4759	71.1
4760	71.1
4761	71.1
4762	71.1
4763	71.1
4764	71.1
4765	71.1
4766	71.1
4767	71.1
4768	71.1
4769	71.1
4770	71.1
4771	71.1
4772	71.1
4773	71.1
4774	71.1
4775	71.1
4776	71.1
4777	71.1
4778	71.1
4779	71.1
4780	71.1
4781	71.1
4782	71.1
4783	71.1
4784	71.1
4785	71.1
4786	71.1
4787	71.1
4788	71.1
4789	71.1
4790	71.1
4791	71.1
4792	71.1
4793	71.1
4794	71.1
4795	71.1
4796	71.1
4797	71.1
4798	71.1
4799	71.1
4800	71.1
4801	71.1
4802	71.1
4803	71.1
4804	71.1
4805	71.1
4806	71.1
4807	71.1
4808	71.1
4809	71.1
4810	71.1
4811	71.1
4812	71.1
4813	71.1
4814	71.1
4815	71.1
4816	71.1
4817	71.1
4818	71.1
4819	71.1
4820	71.1
4821	71.1
4822	71.1
4823	71.1
4824	71.1
4825	71.1
4826	71.1
4827	71.1
4828	71.1
4829	71.1
4830	71.1
4831	71.1
4832	71.1
4833	71.1
4834	71.1
4835	71.1
4836	71.1
4837	71.1
4838	71.1
4839	71.1
4840	71.1
4841	71.1
4842	71.1
4843	71.1
4844	71.1
4845	71.1
4846	71.1
4847	71.1
4848	71.1
4849	71.1
4850	71.1
4851	71.1
4852	71.1
4853	71.1
4854	71.1
4855	71.1
4856	71.1
4857	71.1
4858	71.1
4859	71.1
4860	71.1
4861	71.1
4862	71.1
4863	71.1
4864	71.1
4865	71.1
4866	71.1
4867	71.1
4868	71.1
4869	71.1
4870	71.1
4871	71.1
4872	71.1
4873	71.1
4874	71.1
4875	71.1
4876	71.1
4877	71.1
4878	71.1
4879	71.1
4880	71.1
4881	71.1
4882	71.1
4883	71.1
4884	71.1
4885	71.1
4886	71.1
4887	71.1
4888	71.1
4889	71.1
4890	71.1
4891	71.1
4892	71.1
4893	71.1
4894	71.1
4895	71.1
4896	71.1
4897	71.1
4898	71.1
4899	71.1
4900	71.1
4901	71.1
4902	71.1
4903	71.1
4904	71.1
4905	71.1
4906	71.1
4907	71.1
4908	71.1
4909	71.1
4910	71.1
4911	71.1
4912	71.1
4913	71.1
4914	71.1
4915	71.1
4916	71.1
4917	71.1
4918	71.1
4919	71.1
4920	71.1
4921	71.1
4922	71.1
4923	71.1
4924	71.1
4925	71.1
4926	71.1
4927	71.1
4928	71.1
4929	71.1
4930	71.1
4931	71.1
4932	71.1
4933	71.1
4934	71.1
4935	71.1
4936	71.1
4937	71.1
4938	71.1
4939	71.1
4940	71.1
4941	71.1
4942	71.1
4943	71.1
4944	71.1
4945	71.1
4946	71.1
4947	71.1
4948	71.1
4949	71.1
4950	71.1
4951	71.1
4952	71.1
4953	71.1
4954	71.1
4955	71.1
4956	71.1
4957	71.1
4958	71.1
4959	71.1
4960	71.1
4961	71.1
4962	71.1
4963	71.1
4964	71.1
4965	71.1
4966	71.1
4967	71.1
4968	71.1
4969	71.1
4970	71.1
4971	71.1
4972	71.1
4973	71.1
4974	71.1
4975	71.1
4976	71.1
4977	71.1
4978	71.1
4979	71.1
4980	71.1
4981	71.1
4982	71.1
4983	71.1
4984	71.1
4985	71.1
4986	71.1
4987	71.1
4988	71.1
4989	71.1
4990	71.1
4991	71.1
4992	71.1
4993	71.1
4994	71.1
4995	71.1
4996	71.1
4997	71.1
4998	71.1
4999	71.1
5000	71.1
5001	71.1
5002	71.1
5003	71.1
5004	71.1
5005	71.1
5006	71.1
5007	71.1
5008	71.1
5009	71.1
5010	71.1
5011	71.1
5012	71.1
5013	71.1
5014	71.1
5015	71.1
5016	71.1
5017	71.1
5018	71.1
5019	71.1
5020	71.1
5021	71.1
5022	71.1
5023	71.1
5024	71.1
5025	71.1
5026	71.1
5027	71.1
5028	71.1
5029	71.1
5030	71.1
5031	71.1
5032	71.1
5033	71.1
5034	71.1
5035	71.1
5036	71.1
5037	71.1
5038	71.1
5039	71.1
5040	71.1
5041	71.1
5042	71.1
5043	71.1
5044	71.1
5045	71.1
5046	71.1
5047	71.1
5048	71.1
5049	71.1
5050	71.1
5051	71.1
5052	71.1
5053	71.1
5054	71.1
5055	71.1
5056	71.1
5057	71.1
5058	71.1
5059	71.1
5060	71.1
5061	71.1
5062	71.1
5063	71.1
5064	71.1
5065	71.1
5066	71.1
5067	71.1
5068	71.1
5069	71.1
5070	71.1
5071	71.1
5072	71.1
5073	71.1
5074	71.1
5075	71.1
5076	71.1
5077	71.1
5078	71.1
5079	71.1
5080	71.1
5081	71.1
5082	71.1
5083	71.1
5084	71.1
5085	71.1
5086	71.1
5087	71.1
5088	71.1
5089	71.1
5090	71.1
5091	71.1
5092	71.1
5093	71.1
5094	71.1
5095	71.1
5096	71.1
5097	71.1
5098	71.1
5099	71.1
5100	71.1
5101	71.1
5102	71.1
5103	71.1
5104	71.1
5105	71.1
5106	71.1
5107	71.1
5108	71.1
5109	71.1
5110	71.1
5111	71.1
5112	71.1
5113	71.1
5114	71.1
5115	71.1
5116	71.1
5117	71.1
5118	71.1
5119	71.1
5120	71.1
5121	71.1
5122	71.1
5123	71.1
5124	71.1
5125	71.1
5126	71.1
5127	71.1
5128	71.1
5129	71.1
5130	71.1
5131	71.1
5132	71.1
5133	71.1
5134	71.1
5135	71.1
5136	71.1
5137	71.1
5138	71.1
5139	71.1
5140	71.1
5141	71.1
5142	71.1
5143	71.1
5144	71.1
5145	71.1
5146	71.1
5147	71.1
5148	71.1
5149	71.1
5150	71.1
5151	71.1
5152	71.1
5153	71.1
5154	71.1
5155	71.1
5156	71.1
5157	71.1
5158	71.1
5159	71.1
5160	71.1
5161	71.1
5162	71.1
5163	71.1
5164	71.1
5165	71.1
5166	71.1
5167	71.1
5168	71.1
5169	71.1
5170	71.1
5171	71.1
5172	71.1
5173	71.1
5174	71.1
5175	71.1
5176	71.1
5177	71.1
5178	71.1
5179	71.1
5180	71.1
5181	71.1
5182	71.1
5183	71.1
5184	71.1
5185	71.1
5186	71.1
5187	71.1
5188	71.1
5189	71.1
5190	71.1
5191	71.1
5192	71.1
5193	71.1
5194	71.1
5195	71.1
5196	71.1
5197	71.1
5198	71.1
5199	71.1
5200	71.1
5201	71.1
5202	71.1
5203	71.1
5204	71.1
5205	71.1
5206	71.1
5207	71.1
5208	71.1
5209	71.1
5210	71.1
5211	71.1
5212	71.1
5213	71.1
5214	71.1
5215	71.1
5216	71.1
5217	71.1
5218	71.1
5219	71.1
5220	71.1
5221	71.1
5222	71.1
5223	71.1
5224	71.1
5225	71.1
5226	71.1
5227	71.1
5228	71.1
5229	71.1
5230	71.1
5231	71.1
5232	71.1
5233	71.1
5234	71.1
5235	71.1
5236	71.1
5237	71.1
5238	71.1
5239	71.1
5240	71.1
5241	71.1
5242	71.1
5243	71.1
5244	71.1
5245	71.1
5246	71.1
5247	71.1
5248	71.1
5249	71.1
5250	71.1
5251	71.1
5252	71.1
5253	71.1
5254	71.1
5255	71.1
5256	71.1
5257	71.1
5258	71.1
5259	71.1
5260	71.1
5261	71.1
5262	71.1
5263	71.1
5264	71.1
5265	71.1
5266	71.1
5267	71.1
5268	71.1
5269	71.1
5270	71.1
5271	71.1
5272	71.1
5273	71.1
5274	71.1
5275	71.1
5276	71.1
5277	71.1
5278	71.1
5279	71.1
5280	71.1
5281	71.1
5282	71.1
5283	71.1
5284	71.1
5285	71.1
5286	71.1
5287	71.1
5288	71.1
5289	71.1
5290	71.1
5291	71.1
5292	71.1
5293	71.1
5294	71.1
5295	71.1
5296	71.1
5297	71.1
5298	71.1
5299	71.1
5300	71.1
5301	71.1
5302	71.1
5303	71.1
5304	71.1
5305	71.1
5306	71.1
5307	71.1
5308	71.1
5309	71.1
5310	71.1
5311	71.1
5312	71.1
5313	71.1
5314	71.1
5315	71.1
5316	71.1
5317	71.1
5318	71.1
5319	71.1
5320	71.1
5321	71.1
5322	71.1
5323	71.1
5324	71.1
5325	71.1
5326	71.1
5327	71.1
5328	71.1
5329	71.1
5330	71.1
5331	71.1
5332	71.1
5333	71.1
5334	71.1
5335	71.1
5336	71.1
5337	71.1
5338	71.1
5339	71.1
5340	71.1
5341	71.1
5342	71.1
5343	71.1
5344	71.1
5345	71.1
5346	71.1
5347	71.1
5348	71.1
5349	71.1
5350	71.1
5351	71.1
5352	71.1
5353	71.1
5354	71.1
5355	71.1
5356	71.1
5357	71.1
5358	71.1
5359	71.1
5360	71.1
5361	71.1
5362	71.1
5363	71.1
5364	71.1
5365	71.1
5366	71.1
5367	71.1
5368	71.1
5369	71.1
5370	71.1
5371	71.1
5372	71.1
5373	71.1
5374	71.1
5375	71.1
5376	71.1
5377	71.1
5378	71.1
5379	71.1
5380	71.1
5381	71.1
5382	71.1
5383	71.1
5384	71.1
5385	71.1
5386	71.1
5387	71.1
5388	71.1
5389	71.1
5390	71.1
5391	71.1
5392	71.1
5393	71.1
5394	71.1
5395	71.1
5396	71.1
5397	71.1
5398	71.1
5399	71.1
5400	71.1
5401	71.1
5402	71.1
5403	71.1
5404	71.1
5405	71.1
5406	71.1
5407	71.1
5408	71.1
5409	71.1
5410	71.1
5411	71.1
5412	71.1
5413	71.1
5414	71.1
5415	71.1
5416	71.1
5417	71.1
5418	71.1
5419	71.1
5420	71.1
5421	71.1
5422	71.1
5423	71.1
5424	71.1
5425	71.1
5426	71.1
5427	71.1
5428	71.1
5429	71.1
5430	71.1
5431	71.1
5432	71.1
5433	71.1
5434	71.1
5435	71.1
5436	71.1
5437	71.1
5438	71.1
5439	71.1
5440	71.1
5441	71.1
5442	71.1
5443	71.1
5444	71.1
5445	71.1
5446	71.1
5447	71.1
5448	71.1
5449	71.1
5450	71.1
5451	71.1
5452	71.1
5453	71.1
5454	71.1
5455	71.1
5456	71.1
5457	71.1
5458	71.1
5459	71.1
5460	71.1
5461	71.1
5462	71.1
5463	71.1
5464	71.1
5465	71.1
5466	71.1
5467	71.1
5468	71.1
5469	71.1
5470	71.1
5471	71.1
5472	71.1
5473	71.1
5474	71.1
5475	71.1
5476	71.1
5477	71.1
5478	71.1
5479	71.1
5480	71.1
5481	71.1
5482	71.1
5483	71.1
5484	71.1
5485	71.1
5486	71.1
5487	71.1
5488	71.1
5489	71.1
5490	71.1
5491	71.1
5492	71.1
5493	71.1
5494	71.1
5495	71.1
5496	71.1
5497	71.1
5498	71.1
5499	71.1
5500	71.1
5501	71.1
5502	71.1
5503	71.1
5504	71.1
5505	71.1
5506	71.1
5507	71.1
5508	71.1
5509	71.1
5510	71.1
5511	71.1
5512	71.1
5513	71.1
5514	71.1
5515	71.1
5516	71.1
5517	71.1
5518	71.1
5519	71.1
5520	71.1
5521	71.1
5522	71.1
5523	71.1
5524	71.1
5525	71.1
5526	71.1
5527	71.1
5528	71.1
5529	71.1
5530	71.1
5531	71.1
5532	71.1
5533	71.1
5534	71.1
5535	71.1
5536	71.1
5537	71.1
5538	71.1
5539	71.1
5540	71.1
5541	71.1
5542	71.1
5543	71.1
5544	71.1
5545	71.1
5546	71.1
5547	71.1
5548	71.1
5549	71.1
5550	71.1
5551	71.1
5552	71.1
5553	71.1
5554	71.1
5555	71.1
5556	71.1
5557	71.1
5558	71.1
5559	71.1
5560	71.1
5561	71.1
5562	71.1
5563	71.1
5564	71.1
5565	71.1
5566	71.1
5567	71.1
5568	71.1
5569	71.1
5570	71.1
5571	71.1
5572	71.1
5573	71.1
5574	71.1
5575	71.1
5576	71.1
5577	71.1
5578	71.1
5579	71.1
5580	71.1
5581	71.1
5582	71.1
5583	71.1
5584	71.1
5585	71.1
5586	71.1
5587	71.1
5588	71.1
5589	71.1
5590	71.1
5591	71.1
5592	71.1
5593	71.1
5594	71.1
5595	71.1
5596	71.1
5597	71.1
5598	71.1
5599	71.1
5600	71.1
5601	71.1
5602	71.1
5603	71.1
5604	71.1
5605	71.1
5606	71.1
5607	71.1
5608	71.1
5609	71.1
5610	71.1
5611	71.1
5612	71.1
5613	71.1
5614	71.1
5615	71.1
5616	71.1
5617	71.1
5618	71.1
5619	71.1
5620	71.1
5621	71.1
5622	71.1
5623	71.1
5624	71.1
5625	71.1
5626	71.1
5627	71.1
5628	71.1
5629	71.1
5630	71.1
5631	71.1
5632	71.1
5633	71.1
5634	71.1
5635	71.1
5636	71.1
5637	71.1
5638	71.1
5639	71.1
5640	71.1
5641	71.1
5642	71.1
5643	71.1
5644	71.1
5645	71.1
5646	71.1
5647	71.1
5648	71.1
5649	71.1
5650	71.1
5651	71.1
5652	71.1
5653	71.1
5654	71.1
5655	71.1
5656	71.1
5657	71.1
5658	71.1
5659	71.1
5660	71.1
5661	71.1
5662	71.1
5663	71.1
5664	71.1
5665	71.1
5666	71.1
5667	71.1
5668	71.1
5669	71.1
5670	71.1
5671	71.1
5672	71.1
5673	71.1
5674	71.1
5675	71.1
5676	71.1
5677	71.1
5678	71.1
5679	71.1
5680	71.1
5681	71.1
5682	71.1
5683	71.1
5684	71.1
5685	71.1
5686	71.1
5687	71.1
5688	71.1
5689	71.1
5690	71.1
5691	71.1
5692	71.1
5693	71.1
5694	71.1
5695	71.1
5696	71.1
5697	71.1
5698	71.1
5699	71.1
5700	71.1
5701	71.1
5702	71.1
5703	71.1
5704	71.1
5705	71.1
5706	71.1
5707	71.1
5708	71.1
5709	71.1
5710	71.1
5711	71.1
5712	71.1
5713	71.1
5714	71.1
5715	71.1
5716	71.1
5717	71.1
5718	71.1
5719	71.1
5720	71.1
5721	71.1
5722	71.1
5723	71.1
5724	71.1
5725	71.1
5726	71.1
5727	71.1
5728	71.1
5729	71.1
5730	71.1
5731	71.1
5732	71.1
5733	71.1
5734	71.1
5735	71.1
5736	71.1
5737	71.1
5738	71.1
5739	71.1
5740	71.1
5741	71.1
5742	71.1
5743	71.1
5744	71.1
5745	71.1
5746	71.1
5747	71.1
5748	71.1
5749	71.1
5750	71.1
5751	71.1
5752	71.1
5753	71.1
5754	71.1
5755	71.1
5756	71.1
5757	71.1
5758	71.1
5759	71.1
5760	71.1
5761	71.1
5762	71.1
5763	71.1
5764	71.1
5765	71.1
5766	71.1
5767	71.1
5768	71.1
5769	71.1
5770	71.1
5771	71.1
5772	71.1
5773	71.1
5774	71.1
5775	71.1
5776	71.1
5777	71.1
5778	71.1
5779	71.1
5780	71.1
5781	71.1
5782	71.1
5783	71.1
5784	71.1
5785	71.1
5786	71.1
5787	71.1
5788	71.1
5789	71.1
5790	71.1
5791	71.1
5792	71.1
5793	71.1
5794	71.1
5795	71.1
5796	71.1
5797	71.1
5798	71.1
5799	71.1
5800	71.1
5801	71.1
5802	71.1
5803	71.1
5804	71.1
5805	71.1
5806	71.1
5807	71.1
5808	71.1
5809	71.1
5810	71.1
5811	71.1
5812	71.1
5813	71.1
5814	71.1
5815	71.1
5816	71.1
5817	71.1
5818	71.1
5819	71.1
5820	71.1
5821	71.1
5822	71.1
5823	71.1
5824	71.1
5825	71.1
5826	71.1
5827	71.1
5828	71.1
5829	71.1
5830	71.1
5831	71.1
5832	71.1
5833	71.1
5834	71.1
5835	71.1
5836	71.1
5837	71.1
5838	71.1
5839	71.1
5840	71.1
5841	71.1
5842	71.1
5843	71.1
5844	71.1
5845	71.1
5846	71.1
5847	71.1
5848	71.1
5849	71.1
5850	71.1
5851	71.1
5852	71.1
5853	71.1
5854	71.1
5855	71.1
5856	71.1
5857	71.1
5858	71.1
5859	71.1
5860	71.1
5861	71.1
5862	71.1
5863	71.1
5864	71.1
5865	71.1
5866	71.1
5867	71.1
5868	71.1
5869	71.1
5870	71.1
5871	71.1
5872	71.1
5873	71.1
5874	71.1
5875	71.1
5876	71.1
5877	71.1
5878	71.1
5879	71.1
5880	71.1
5881	71.1
5882	71.1
5883	71.1
5884	71.1
5885	71.1
5886	71.1
5887	71.1
5888	71.1
5889	71.1
5890	71.1
5891	71.1
5892	71.1
5893	71.1
5894	71.1
5895	71.1
5896	71.1
5897	71.1
5898	71.1
5899	71.1
5900	71.1
5901	71.1
5902	71.1
5903	71.1
5904	71.1
5905	71.1
5906	71.1
5907	71.1
5908	71.1
5909	71.1
5910	71.1
5911	71.1
5912	71.1
5913	71.1
5914	71.1
5915	71.1
5916	71.1
5917	71.1
5918	71.1
5919	71.1
5920	71.1
5921	71.1
5922	71.1
5923	71.1
5924	71.1
5925	71.1
5926	71.1
5927	71.1
5928	71.1
5929	71.1
5930	71.1
5931	71.1
5932	71.1
5933	71.1
5934	71.1
5935	71.1
5936	71.1
5937	71.1
5938	71.1
5939	71.1
5940	71.1
5941	71.1
5942	71.1
5943	71.1
5944	71.1
5945	71.1
5946	71.1
5947	71.1
5948	71.1
5949	71.1
5950	71.1
5951	71.1
5952	71.1
5953	71.1
5954	71.1
5955	71.1
5956	71.1
5957	71.1
5958	71.1
5959	71.1
5960	71.1
5961	71.1
5962	71.1
5963	71.1
5964	71.1
5965	71.1
5966	71.1
5967	71.1
5968	71.1
5969	71.1
5970	71.1
5971	71.1
5972	71.1
5973	71.1
5974	71.1
5975	71.1
5976	71.1
5977	71.1
5978	71.1
5979	71.1
5980	71.1
5981	71.1
5982	71.1
5983	71.1
5984	71.1
5985	71.1
5986	71.1
5987	71.1
5988	71.1
5989	71.1
5990	71.1
5991	71.1
5992	71.1
5993	71.1
5994	71.1
5995	71.1
5996	71.1
5997	71.1
5998	71.1
5999	71.1
6000	71.1
6001	71.1
6002	71.1
6003	71.1
6004	71.1
6005	71.1
6006	71.1
6007	71.1
6008	71.1
6009	71.1
6010	71.1
6011	71.1
6012	71.1
6013	71.1
6014	71.1
6015	71.1
6016	71.1
6017	71.1
6018	71.1
6019	71.1
6020	71.1
6021	71.1
6022	71.1
6023	71.1
6024	71.1
6025	71.1
6026	71.1
6027	71.1
6028	71.1
6029	71.1
6030	71.1
6031	71.1
6032	71.1
6033	71.1
6034	71.1
6035	71.1
6036	71.1
6037	71.1
6038	71.1
6039	71.1
6040	71.1
6041	71.1
6042	71.1
6043	71.1
6044	71.1
6045	71.1
6046	71.1
6047	71.1
6048	71.1
6049	71.1
6050	71.1
6051	71.1
6052	71.1
6053	71.1
6054	71.1
6055	71.1
6056	71.1
6057	71.1
6058	71.1
6059	71.1
6060	71.1
6061	71.1
6062	71.1
6063	71.1
6064	71.1
6065	71.1
6066	71.1
6067	71.1
6068	71.1
6069	71.1
6070	71.1
6071	71.1
6072	71.1
6073	71.1
6074	71.1
6075	71.1
6076	71.1
6077	71.1
6078	71.1
6079	71.1
6080	71.1
6081	71.1
6082	71.1
6083	71.1
6084	71.1
6085	71.1
6086	71.1
6087	71.1
6088	71.1
6089	71.1
6090	71.1
6091	71.1
6092	71.1
6093	71.1
6094	71.1
6095	71.1
6096	71.1
6097	71.1
6098	71.1
6099	71.1
6100	71.1
6101	71.1
6102	71.1
6103	71.1
6104	71.1
6105	71.1
6106	71.1
6107	71.1
6108	71.1
6109	71.1
6110	71.1
6111	71.1
6112	71.1
6113	71.1
6114	71.1
6115	71.1
6116	71.1
6117	71.1
6118	71.1
6119	71.1
6120	71.1
6121	71.1
6122	71.1
6123	71.1
6124	71.1
6125	71.1
6126	71.1
6127	71.1
6128	71.1
6129	71.1
6130	71.1
6131	71.1
6132	71.1
6133	71.1
6134	71.1
6135	71.1
6136	71.1
6137	71.1
6138	71.1
6139	71.1
6140	71.1
6141	71.1
6142	71.1
6143	71.1
6144	71.1
6145	71.1
6146	71.1
6147	71.1
6148	71.1
6149	71.1
6150	71.1
6151	71.1
6152	71.1
6153	71.1
6154	71.1
6155	71.1
6156	71.1
6157	71.1
6158	71.1
6159	71.1
6160	71.1
6161	71.1
6162	71.1
6163	71.1
6164	71.1
6165	71.1
6166	71.1
6167	71.1
6168	71.1
6169	71.1
6170	71.1
6171	71.1
6172	71.1
6173	71.1
6174	71.1
6175	71.1
6176	71.1
6177	71.1
6178	71.1
6179	71.1
6180	71.1
6181	71.1
6182	71.1
6183	71.1
6184	71.1
6185	71.1
6186	71.1
6187	71.1
6188	71.1
6189	71.1
6190	71.1
6191	71.1
6192	71.1
6193	71.1
6194	71.1
6195	71.1
6196	71.1
6197	71.1
6198	71.1
6199	71.1
6200	71.1
6201	71.1
6202	71.1
6203	71.1
6204	71.1
6205	71.1
6206	71.1
6207	71.1
6208	71.1
6209	71.1
6210	71.1
6211	71.1
6212	71.1
6213	71.1
6214	71.1
6215	71.1
6216	71.1
6217	71.1
6218	71.1
6219	71.1
6220	71.1
6221	71.1
6222	71.1
6223	71.1
6224	71.1
6225	71.1
6226	71.1
6227	71.1
6228	71.1
6229	71.1
6230	71.1
6231	71.1
6232	71.1
6233	71.1
6234	71.1
6235	71.1
6236	71.1
6237	71.1
6238	71.1
6239	71.1
6240	71.1
6241	71.1
6242	71.1
6243	71.1
6244	71.1
6245	71.1
6246	71.1
6247	71.1
6248	71.1
6249	71.1
6250	71.1
6251	71.1
6252	71.1
6253	71.1
6254	71.1
6255	71.1
6256	71.1
6257	71.1
6258	71.1
6259	71.1
6260	71.1
6261	71.1
6262	71.1
6263	71.1
6264	71.1
6265	71.1
6266	71.1
6267	71.1
6268	71.1
6269	71.1
6270	71.1
6271	71.1
6272	71.1
6273	71.1
6274	71.1
6275	71.1
6276	71.1
6277	71.1
6278	71.1
6279	71.1
6280	71.1
6281	71.1
6282	71.1
6283	71.1
6284	71.1
6285	71.1
6286	71.1
6287	71.1
6288	71.1
6289	71.1
6290	71.1
6291	71.1
6292	71.1
6293	71.1
6294	71.1
6295	71.1
6296	71.1
6297	71.1
6298	71.1
6299	71.1
6300	71.1
6301	71.1
6302	71.1
6303	71.1
6304	71.1
6305	71.1
6306	71.1
6307	71.1
6308	71.1
6309	71.1
6310	71.1
6311	71.1
6312	71.1
6313	71.1
6314	71.1
6315	71.1
6316	71.1
6317	71.1
6318	71.1
6319	71.1
6320	71.1
6321	71.1
6322	71.1
6323	71.1
6324	71.1
6325	71.1
6326	71.1
6327	71.1
6328	71.1
6329	71.1
6330	71.1
6331	71.1
6332	71.1
6333	71.1
6334	71.1
6335	71.1
6336	71.1
6337	71.1
6338	71.1
6339	71.1
6340	71.1
6341	71.1
6342	71.1
6343	71.1
6344	71.1
6345	71.1
6346	71.1
6347	71.1
6348	71.1
6349	71.1
6350	71.1
6351	71.1
6352	71.1
6353	71.1
6354	71.1
6355	71.1
6356	71.1
6357	71.1
6358	71.1
6359	71.1
6360	71.1
6361	71.1
6362	71.1
6363	71.1
6364	71.1
6365	71.1
6366	71.1
6367	71.1
6368	71.1
6369	71.1
6370	71.1
6371	71.1
6372	71.1
6373	71.1
6374	71.1
6375	71.1
6376	71.1
6377	71.1
6378	71.1
6379	71.1
6380	71.1
6381	71.1
6382	71.1
6383	71.1
6384	71.1
6385	71.1
6386	71.1
6387	71.1
6388	71.1
6389	71.1
6390	71.1
6391	71.1
6392	71.1
6393	71.1
6394	71.1
6395	71.1
6396	71.1
6397	71.1
6398	71.1
6399	71.1
6400	71.1
6401	71.1
6402	71.1
6403	71.1
6404	71.1
6405	71.1
6406	71.1
6407	71.1
6408	71.1
6409	71.1
6410	71.1
6411	71.1
6412	71.1
6413	71.1
6414	71.1
6415	71.1
6416	71.1
6417	71.1
6418	71.1
6419	71.1
6420	71.1
6421	71.1
6422	71.1
6423	71.1
6424	71.1
6425	71.1
6426	71.1
6427	71.1
6428	71.1
6429	71.1
6430	71.1
6431	71.1
6432	71.1
6433	71.1
6434	71.1
6435	71.1
6436	71.1
6437	71.1
6438	71.1
6439	71.1
6440	71.1
6441	71.1
6442	71.1
6443	71.1
6444	71.1
6445	71.1
6446	71.1
6447	71.1
6448	71.1
6449	71.1
6450	71.1
6451	71.1
6452	71.1
6453	71.1
6454	71.1
6455	71.1
6456	71.1
6457	71.1
6458	71.1
6459	71.1
6460	71.1
6461	71.1
6462	71.1
6463	71.1
6464	71.1
6465	71.1
6466	71.1
6467	71.1
6468	71.1
6469	71.1
6470	71.1
6471	71.1
6472	71.1
6473	71.1
6474	71.1
6475	71.1
6476	71.1
6477	71.1
6478	71.1
6479	71.1
6480	71.1
6481	71.1
6482	71.1
6483	71.1
6484	71.1
6485	71.1
6486	71.1
6487	71.1
6488	71.1
6489	71.1
6490	71.1
6491	71.1
6492	71.1
6493	71.1
6494	71.1
6495	71.1
6496	71.1
6497	71.1
6498	71.1
6499	71.1
6500	71.1
6501	71.1
6502	71.1
6503	71.1
6504	71.1
6505	71.1
6506	71.1
6507	71.1
6508	71.1
6509	71.1
6510	71.1
6511	71.1
6512	71.1
6513	71.1
6514	71.1
6515	71.1
6516	71.1
6517	71.1
6518	71.1
6519	71.1
6520	71.1
6521	71.1
6522	71.1
6523	71.1
6524	71.1
6525	71.1
6526	71.1
6527	71.1
6528	71.1
6529	71.1
6530	71.1
6531	71.1
6532	71.1
6533	71.1
6534	71.1
6535	71.1
6536	71.1
6537	71.1
6538	71.1
6539	71.1
6540	71.1
6541	71.1
6542	71.1
6543	71.1
6544	71.1
6545	71.1
6546	71.1
6547	71.1
6548	71.1
6549	71.1
6550	71.1
6551	71.1
6552	71.1
6553	71.1
6554	71.1
6555	71.1
6556	71.1
6557	71.1
6558	71.1
6559	71.1
6560	71.1
6561	71.1
6562	71.1
6563	71.1
6564	71.1
6565	71.1
6566	71.1
6567	71.1
6568	71.1
6569	71.1
6570	71.1
6571	71.1
6572	71.1
6573	71.1
6574	71.1
6575	71.1
6576	71.1
6577	71.1
6578	71.1
6579	71.1
6580	71.1
6581	71.1
6582	71.1
6583	71.1
6584	71.1
6585	71.1
6586	71.1
6587	71.1
6588	71.1
6589	71.1
6590	71.1
6591	71.1
6592	71.1
6593	71.1
6594	71.1
6595	71.1
6596	71.1
6597	71.1
6598	71.1
6599	71.1
6600	71.1
6601	71.1
6602	71.1
6603	71.1
6604	71.1
6605	71.1
6606	71.1
6607	71.1
6608	71.1
6609	71.1
6610	71.1
6611	71.1
6612	71.1
6613	71.1
6614	71.1
6615	71.1
6616	71.1
6617	71.1
6618	71.1
6619	71.1
6620	71.1
6621	71.1
6622	71.1
6623	71.1
6624	71.1
6625	71.1
6626	71.1
6627	71.1
6628	71.1
6629	71.1
6630	71.1
6631	71.1
6632	71.1
6633	71.1
6634	71.1
6635	71.1
6636	71.1
6637	71.1
6638	71.1
6639	71.1
6640	71.1
6641	71.1
6642	71.1
6643	71.1
6644	71.1
6645	71.1
6646	71.1
6647	71.1
6648	71.1
6649	71.1
6650	71.1
6651	71.1
6652	71.1
6653	71.1
6654	71.1
6655	71.1
6656	71.1
6657	71.1
6658	71.1
6659	71.1
6660	71.1
6661	71.1
6662	71.1
6663	71.1
6664	71.1
6665	71.1
6666	71.1
6667	71.1
6668	71.1
6669	71.1
6670	71.1
6671	71.1
6672	71.1
6673	71.1
6674	71.1
6675	71.1
6676	71.1
6677	71.1
6678	71.1
6679	71.1
6680	71.1
6681	71.1
6682	71.1
6683	71.1
6684	71.1
6685	71.1
6686	71.1
6687	71.1
6688	71.1
6689	71.1
6690	71.1
6691	71.1
6692	71.1
6693	71.1
6694	71.1
6695	71.1
6696	71.1
6697	71.1
6698	71.1
6699	71.1
6700	71.1
6701	71.1
6702	71.1
6703	71.1
6704	71.1
6705	71.1
6706	71.1
6707	71.1
6708	71.1
6709	71.1
6710	71.1
6711	71.1
6712	71.1
6713	71.1
6714	71.1
6715	71.1
6716	71.1
6717	71.1
6718	71.1
6719	71.1
6720	71.1
6721	71.1
6722	71.1
6723	71.1
6724	71.1
6725	71.1
6726	71.1
6727	71.1
6728	71.1
6729	71.1
6730	71.1
6731	71.1
6732	71.1
6733	71.1
6734	71.1
6735	71.1
6736	71.1
6737	71.1
6738	71.1
6739	71.1
6740	71.1
6741	71.1
6742	71.1
6743	71.1
6744	71.1
6745	71.1
6746	71.1
6747	71.1
6748	71.1
6749	71.1
6750	71.1
6751	71.1
6752	71.1
6753	71.1
6754	71.1
6755	71.1
6756	71.1
6757	71.1
6758	71.1
6759	71.1
6760	71.1
6761	71.1
6762	71.1
6763	71.1
6764	71.1
6765	71.1
6766	71.1
6767	71.1
6768	71.1
6769	71.1
6770	71.1
6771	71.1
6772	71.1
6773	71.1
6774	71.1
6775	71.1
6776	71.1
6777	71.1
6778	71.1
6779	71.1
6780	71.1
6781	71.1
6782	71.1
6783	71.1
6784	71.1
6785	71.1
6786	71.1
6787	71.1
6788	71.1
6789	71.1
6790	71.1
6791	71.1
6792	71.1
6793	71.1
6794	71.1
6795	71.1
6796	71.1
6797	71.1
6798	71.1
6799	71.1
6800	71.1
6801	71.1
6802	71.1
6803	71.1
6804	71.1
6805	71.1
6806	71.1
6807	71.1
6808	71.1
6809	71.1
6810	71.1
6811	71.1
6812	71.1
6813	71.1
6814	71.1
6815	71.1
6816	71.1
6817	71.1
6818	71.1
6819	71.1
6820	71.1
6821	71.1
6822	71.1
6823	71.1
6824	71.1
6825	71.1
6826	71.1
6827	71.1
6828	71.1
6829	71.1
6830	71.1
6831	71.1
6832	71.1
6833	71.1
6834	71.1
6835	71.1
6836	71.1
6837	71.1
6838	71.1
6839	71.1
6840	71.1
6841	71.1
6842	71.1
6843	71.1
6844	71.1
6845	71.1
6846	71.1
6847	71.1
6848	71.1
6849	71.1
6850	71.1
6851	71.1
6852	71.1
6853	71.1
6854	71.1
6855	71.1
6856	71.1
6857	71.1
6858	71.1
6859	71.1
6860	71.1
6861	71.1
6862	71.1
6863	71.1
6864	71.1
6865	71.1
6866	71.1
6867	71.1
6868	71.1
6869	71.1
6870	71.1
6871	71.1
6872	71.1
6873	71.1
6874	71.1
6875	71.1
6876	71.1
6877	71.1
6878	71.1
6879	71.1
6880	71.1
6881	71.1
6882	71.1
6883	71.1
6884	71.1
6885	71.1
6886	71.1
6887	71.1
6888	71.1
6889	71.1
6890	71.1
6891	71.1
6892	71.1
6893	71.1
6894	71.1
6895	71.1
6896	71.1
6897	71.1
6898	71.1
6899	71.1
6900	71.1
6901	71.1
6902	71.1
6903	71.1
6904	71.1
6905	71.1
6906	71.1
6907	71.1
6908	71.1
6909	71.1
6910	71.1
6911	71.1
6912	71.1
6913	71.1
6914	71.1
6915	71.1
6916	71.1
6917	71.1
6918	71.1
6919	71.1
6920	71.1
6921	71.1
6922	71.1
6923	71.1
6924	71.1
6925	71.1
6926	71.1
6927	71.1
6928	71.1
6929	71.1
6930	71.1
6931	71.1
6932	71.1
6933	71.1
6934	71.1
6935	71.1
6936	71.1
6937	71.1
6938	71.1
6939	71.1
6940	71.1
6941	71.1
6942	71.1
6943	71.1
6944	71.1
6945	71.1
6946	71.1
6947	71.1
6948	71.1
6949	71.1
6950	71.1
6951	71.1
6952	71.1
6953	71.1
6954	71.1
6955	71.1
6956	71.1
6957	71.1
6958	71.1
6959	71.1
6960	71.1
6961	71.1
6962	71.1
6963	71.1
6964	71.1
6965	71.1
6966	71.1
6967	71.1
6968	71.1
6969	71.1
6970	71.1
6971	71.1
6972	71.1
6973	71.1
6974	71.1
6975	71.1
6976	71.1
6977	71.1
6978	71.1
6979	71.1
6980	71.1
6981	71.1
6982	71.1
6983	71.1
6984	71.1
6985	71.1
6986	71.1
6987	71.1
6988	71.1
6989	71.1
6990	71.1
6991	71.1
6992	71.1
6993	71.1
6994	71.1
6995	71.1
6996	71.1
6997	71.1
6998	71.1
6999	71.1
7000	71.1
7001	71.1
7002	71.1
7003	71.1
7004	71.1
7005	71.1
7006	71.1
7007	71.1
7008	71.1
7009	71.1
7010	71.1
7011	71.1
7012	71.1
7013	71.1
7014	71.1
7015	71.1
7016	71.1
7017	71.1
7018	71.1
7019	71.1
7020	71.1
7021	71.1
7022	71.1
7023	71.1
7024	71.1
7025	71.1
7026	71.1
7027	71.1
7028	71.1
7029	71.1
7030	71.1
7031	71.1
7032	71.1
7033	71.1
7034	71.1
7035	71.1
7036	71.1
7037	71.1
7038	71.1
7039	71.1
7040	71.1
7041	71.1
7042	71.1
7043	71.1
7044	71.1
7045	71.1
7046	71.1
7047	71.1
7048	71.1
7049	71.1
7050	71.1
7051	71.1
7052	71.1
7053	71.1
7054	71.1
7055	71.1
7056	71.1
7057	71.1
7058	71.1
7059	71.1
7060	71.1
7061	71.1
7062	71.1
7063	71.1
7064	71.1
7065	71.1
7066	71.1
7067	71.1
7068	71.1
7069	71.1
7070	71.1
7071	71.1
7072	71.1
7073	71.1
7074	71.1
7075	71.1
7076	71.1
7077	71.1
7078	71.1
7079	71.1
7080	71.1
7081	71.1
7082	71.1
7083	71.1
7084	71.1
7085	71.1
7086	71.1
7087	71.1
7088	71.1
7089	71.1
7090	71.1
7091	71.1
7092	71.1
7093	71.1
7094	71.1
7095	71.1
7096	71.1
7097	71.1
7098	71.1
7099	71.1
7100	71.1
7101	71.1
7102	71.1
7103	71.1
7104	71.1
7105	71.1
7106	71.1
7107	71.1
7108	71.1
7109	71.1
7110	71.1
7111	71.1
7112	71.1
7113	71.1
7114	71.1
7115	71.1
7116	71.1
7117	71.1
7118	71.1
7119	71.1
7120	71.1
7121	71.1
7122	71.1
7123	71.1
7124	71.1
7125	71.1
7126	71.1
7127	71.1
7128	71.1
7129	71.1
7130	71.1
7131	71.1
7132	71.1
7133	71.1
7134	71.1
7135	71.1
7136	71.1
7137	71.1
7138	71.1
7139	71.1
7140	71.1
7141	71.1
7142	71.1
7143	71.1
7144	71.1
7145	71.1
7146	71.1
7147	71.1
7148	71.1
7149	71.1
7150	71.1
7151	71.1
7152	71.1
7153	71.1
7154	71.1
7155	71.1
7156	71.1
7157	71.1
7158	71.1
7159	71.1
7160	71.1
7161	71.1
7162	71.1
7163	71.1
7164	71.1
7165	71.1
7166	71.1
7167	71.1
7168	71.1
7169	71.1
7170	71.1
7171	71.1
7172	71.1
7173	71.1
7174	71.1
7175	71.1
7176	71.1
7177	71.1
7178	71.1
7179	71.1
7180	71.1
7181	71.1
7182	71.1
7183	71.1
7184	71.1
7185	71.1
7186	71.1
7187	71.1
7188	71.1
7189	71.1
7190	71.1
7191	71.1
7192	71.1
7193	71.1
7194	71.1
7195	71.1
7196	71.1
7197	71.1
7198	71.1
7199	71.1
7200	71.1
7201	71.1
7202	71.1
7203	71.1
7204	71.1
7205	71.1
7206	71.1
7207	71.1
7208	71.1
7209	71.1
7210	71.1
7211	71.1
7212	71.1
7213	71.1
7214	71.1
7215	71.1
7216	71.1
7217	71.1
7218	71.1
7219	71.1
7220	71.1
7221	71.1
7222	71.1
7223	71.1
7224	71.1
7225	71.1
7226	71.1
7227	71.1
7228	71.1
7229	71.1
7230	71.1
7231	71.1
7232	71.1
7233	71.1
7234	71.1
7235	71.1
7236	71.1
7237	71.1
7238	71.1
7239	71.1
7240	71.1
7241	71.1
7242	71.1
7243	71.1
7244	71.1
7245	71.1
7246	71.1
7247	71.1
7248	71.1
7249	71.1
7250	71.1
7251	71.1
7252	71.1
7253	71.1
7254	71.1
7255	71.1
7256	71.1
7257	71.1
7258	71.1
7259	71.1
7260	71.1
7261	71.1
7262	71.1
7263	71.1
7264	71.1
7265	71.1
7266	71.1
7267	71.1
7268	71.1
7269	71.1
7270	71.1
7271	71.1
7272	71.1
7273	71.1
7274	71.1
7275	71.1
7276	71.1
7277	71.1
7278	71.1
7279	71.1
7280	71.1
7281	71.1
7282	71.1
7283	71.1
7284	71.1
7285	71.1
7286	71.1
7287	71.1
7288	71.1
7289	71.1
7290	71.1
7291	71.1
7292	71.1
7293	71.1
7294	71.1
7295	71.1
7296	71.1
7297	71.1
7298	71.1
7299	71.1
7300	71.1
7301	71.1
7302	71.1
7303	71.1
7304	71.1
7305	71.1
7306	71.1
7307	71.1
7308	71.1
7309	71.1
7310	71.1
7311	71.1
7312	71.1
7313	71.1
7314	71.1
7315	71.1
7316	71.1
7317	71.1
7318	71.1
7319	71.1
7320	71.1
7321	71.1
7322	71.1
7323	71.1
7324	71.1
7325	71.1
7326	71.1
7327	71.1
7328	71.1
7329	71.1
7330	71.1
7331	71.1
7332	71.1
7333	71.1
7334	71.1
7335	71.1
7336	71.1
7337	71.1
7338	71.1
7339	71.1
7340	71.1
7341	71.1
7342	71.1
7343	71.1
7344	71.1
7345	71.1
7346	71.1
7347	71.1
7348	71.1
7349	71.1
7350	71.1
7351	71.1
7352	71.1
7353	71.1
7354	71.1
7355	71.1
7356	71.1
7357	71.1
7358	71.1
7359	71.1
7360	71.1
7361	71.1
7362	71.1
7363	71.1
7364	71.1
7365	71.1
7366	71.1
7367	71.1
7368	71.1
7369	71.1
7370	71.1
7371	71.1
7372	71.1
7373	71.1
7374	71.1
7375	71.1
7376	71.1
7377	71.1
7378	71.1
7379	71.1
7380	71.1
7381	71.1
7382	71.1
7383	71.1
7384	71.1
7385	71.1
7386	71.1
7387	71.1
7388	71.1
7389	71.1
7390	71.1
7391	71.1
7392	71.1
7393	71.1
7394	71.1
7395	71.1
7396	71.1
7397	71.1
7398	71.1
7399	71.1
7400	71.1
7401	71.1
7402	71.1
7403	71.1
7404	71.1
7405	71.1
7406	71.1
7407	71.1
7408	71.1
7409	71.1
7410	71.1
7411	71.1
7412	71.1
7413	71.1
7414	71.1
7415	71.1
7416	71.1
7417	71.1
7418	71.1
7419	71.1
7420	71.1
7421	71.1
7422	71.1
7423	71.1
7424	71.1
7425	71.1
7426	71.1
7427	71.1
7428	71.1
7429	71.1
7430	71.1
7431	71.1
7432	71.1
7433	71.1
7434	71.1
7435	71.1
7436	71.1
7437	71.1
7438	71.1
7439	71.1
7440	71.1
7441	71.1
7442	71.1
7443	71.1
7444	71.1
7445	71.1
7446	71.1
7447	71.1
7448	71.1
7449	71.1
7450	71.1
7451	71.1
7452	71.1
7453	71.1
7454	71.1
7455	71.1
7456	71.1
7457	71.1
7458	71.1
7459	71.1
7460	71.1
7461	71.1
7462	71.1
7463	71.1
7464	71.1
7465	71.1
7466	71.1
7467	71.1
7468	71.1
7469	71.1
7470	71.1
7471	71.1
7472	71.1
7473	71.1
7474	71.1
7475	71.1
7476	71.1
7477	71.1
7478	71.1
7479	71.1
7480	71.1
7481	71.1
7482	71.1
7483	71.1
7484	71.1
7485	71.1
7486	71.1
7487	71.1
7488	71.1
7489	71.1
7490	71.1
7491	71.1
7492	71.1
7493	71.1
7494	71.1
7495	71.1
7496	71.1
7497	71.1
7498	71.1
7499	71.1
7500	71.1
7501	71.1
7502	71.1
7503	71.1
7504	71.1
7505	71.1
7506	71.1
7507	71.1
7508	71.1
7509	71.1
7510	71.1
7511	71.1
7512	71.1
7513	71.1
7514	71.1
7515	71.1
7516	71.1
7517	71.1
7518	71.1
7519	71.1
7520	71.1
7521	71.1
7522	71.1
7523	71.1
7524	71.1
7525	71.1
7526	71.1
7527	71.1
7528	71.1
7529	71.1
7530	71.1
7531	71.1
7532	71.1
7533	71.1
7534	71.1
7535	71.1
7536	71.1
7537	71.1
7538	71.1
7539	71.1
7540	71.1
7541	71.1
7542	71.1
7543	71.1
7544	71.1
7545	71.1
7546	71.1
7547	71.1
7548	71.1
7549	71.1
7550	71.1
7551	71.1
7552	71.1
7553	71.1
7554	71.1
7555	71.1
7556	71.1
7557	71.1
7558	71.1
7559	71.1
7560	71.1
7561	71.1
7562	71.1
7563	71.1
7564	71.1
7565	71.1
7566	71.1
7567	71.1
7568	71.1
7569	71.1
7570	71.1
7571	71.1
7572	71.1
7573	71.1
7574	71.1
7575	71.1
7576	71.1
7577	71.1
7578	71.1
7579	71.1
7580	71.1
7581	71.1
7582	71.1
7583	71.1
7584	71.1
7585	71.1
7586	71.1
7587	71.1
7588	71.1
7589	71.1
7590	71.1
7591	71.1
7592	71.1
7593	71.1
7594	71.1
7595	71.1
7596	71.1
7597	71.1
7598	71.1
7599	71.1
7600	71.1
7601	71.1
7602	71.1
7603	71.1
7604	71.1
7605	71.1
7606	71.1
7607	71.1
7608	71.1
7609	71.1
7610	71.1
7611	71.1
7612	71.1
7613	71.1
7614	71.1
7615	71.1
7616	71.1
7617	71.1
7618	71.1
7619	71.1
7620	71.1
7621	71.1
7622	71.1
7623	71.1
7624	71.1
7625	71.1
7626	71.1
7627	71.1
7628	71.1
7629	71.1
7630	71.1
7631	71.1
7632	71.1
7633	71.1
7634	71.1
7635	71.1
7636	71.1
7637	71.1
7638	71.1
7639	71.1
7640	71.1
7641	71.1
7642	71.1
7643	71.1
7644	71.1
7645	71.1
7646	71.1
7647	71.1
7648	71.1
7649	71.1
7650	71.1
7651	71.1
7652	71.1
7653	71.1
7654	71.1
7655	71.1
7656	71.1
7657	71.1
7658	71.1
7659	71.1
7660	71.1
7661	71.1
7662	71.1
7663	71.1
7664	71.1
7665	71.1
7666	71.1
7667	71.1
7668	71.1
7669	71.1
7670	71.1
7671	71.1
7672	71.1
7673	71.1
7674	71.1
7675	71.1
7676	71.1
7677	71.1
7678	71.1
7679	71.1
7680	71.1
7681	71.1
7682	71.1
7683	71.1
7684	71.1
7685	71.1
7686	71.1
7687	71.1
7688	71.1
7689	71.1
7690	71.1
7691	71.1
7692	71.1
7693	71.1
7694	71.1
7695	71.1
7696	71.1
7697	71.1
7698	71.1
7699	71.1
7700	71.1
7701	71.1
7702	71.1
7703	71.1
7704	71.1
7705	71.1
7706	71.1
7707	71.1
7708	71.1
7709	71.1
7710	71.1
7711	71.1
7712	71.1
7713	71.1
7714	71.1
7715	71.1
7716	71.1
7717	71.1
7718	71.1
7719	71.1
7720	71.1
7721	71.1
7722	71.1
7723	71.1
7724	71.1
7725	71.1
7726	71.1
7727	71.1
7728	71.1
7729	71.1
7730	71.1
7731	71.1
7732	71.1
7733	71.1
7734	71.1
7735	71.1
7736	71.1
7737	71.1
7738	71.1
7739	71.1
7740	71.1
7741	71.1
7742	71.1
7743	71.1
7744	71.1
7745	71.1
7746	71.1
7747	71.1
7748	71.1
7749	71.1
7750	71.1
7751	71.1
7752	71.1
7753	71.1
7754	71.1
7755	71.1
7756	71.1
7757	71.1
7758	71.1
7759	71.1
7760	71.1
7761	71.1
7762	71.1
7763	71.1
7764	71.1
7765	71.1
7766	71.1
7767	71.1
7768	71.1
7769	71.1
7770	71.1
7771	71.1
7772	71.1
7773	71.1
7774	71.1
7775	71.1
7776	71.1
7777	71.1
7778	71.1
7779	71.1
7780	71.1
7781	71.1
7782	71.1
7783	71.1
7784	71.1
7785	71.1
7786	71.1
7787	71.1
7788	71.1
7789	71.1
7790	71.1
7791	71.1
7792	71.1
7793	71.1
7794	71.1
7795	71.1
7796	71.1
7797	71.1
7798	71.1
7799	71.1
7800	71.1
7801	71.1
7802	71.1
7803	71.1
7804	71.1
7805	71.1
7806	71.1
7807	71.1
7808	71.1
7809	71.1
7810	71.1
7811	71.1
7812	71.1
7813	71.1
7814	71.1
7815	71.1
7816	71.1
7817	71.1
7818	71.1
7819	71.1
7820	71.1
7821	71.1
7822	71.1
7823	71.1
7824	71.1
7825	71.1
7826	71.1
7827	71.1
7828	71.1
7829	71.1
7830	71.1
7831	71.1
7832	71.1
7833	71.1
7834	71.1
7835	71.1
7836	71.1
7837	71.1
7838	71.1
7839	71.1
7840	71.1
7841	71.1
7842	71.1
7843	71.1
7844	71.1
7845	71.1
7846	71.1
7847	71.1
7848	71.1
7849	71.1
7850	71.1
7851	71.1
7852	71.1
7853	71.1
7854	71.1
7855	71.1
7856	71.1
7857	71.1
7858	71.1
7859	71.1
7860	71.1
7861	71.1
7862	71.1
7863	71.1
7864	71.1
7865	71.1
7866	71.1
7867	71.1
7868	71.1
7869	71.1
7870	71.1
7871	71.1
7872	71.1
7873	71.1
7874	71.1
7875	71.1
7876	71.1
7877	71.1
7878	71.1
7879	71.1
7880	71.1
7881	71.1
7882	71.1
7883	71.1
7884	71.1
7885	71.1
7886	71.1
7887	71.1
7888	71.1
7889	71.1
7890	71.1
7891	71.1
7892	71.1
7893	71.1
7894	71.1
7895	71.1
7896	71.1
7897	71.1
7898	71.1
7899	71.1
7900	71.1
7901	71.1
7902	71.1
7903	71.1
7904	71.1
7905	71.1
7906	71.1
7907	71.1
7908	71.1
7909	71.1
7910	71.1
7911	71.1
7912	71.1
7913	71.1
7914	71.1
7915	71.1
7916	71.1
7917	71.1
7918	71.1
7919	71.1
7920	71.1
7921	71.1
7922	71.1
7923	71.1
7924	71.1
7925	71.1
7926	71.1
7927	71.1
7928	71.1
7929	71.1
7930	71.1
7931	71.1
7932	71.1
7933	71.1
7934	71.1
7935	71.1
7936	71.1
7937	71.1
7938	71.1
7939	71.1
7940	71.1
7941	71.1
7942	71.1
7943	71.1
7944	71.1
7945	71.1
7946	71.1
7947	71.1
7948	71.1
7949	71.1
7950	71.1
7951	71.1
7952	71.1
7953	71.1
7954	71.1
7955	71.1
7956	71.1
7957	71.1
7958	71.1
7959	71.1
7960	71.1
7961	71.1
7962	71.1
7963	71.1
7964	71.1
7965	71.1
7966	71.1
7967	71.1
7968	71.1
7969	71.1
7970	71.1
7971	71.1
7972	71.1
7973	71.1
7974	71.1
7975	71.1
7976	71.1
7977	71.1
7978	71.1
7979	71.1
7980	71.1
7981	71.1
7982	71.1
7983	71.1
7984	71.1
7985	71.1
7986	71.1
7987	71.1
7988	71.1
7989	71.1
7990	71.1
7991	71.1
7992	71.1
7993	71.1
7994	71.1
7995	71.1
7996	71.1
7997	71.1
7998	71.1
7999	71.1
8000	71.1
8001	71.1
8002	71.1
8003	71.1
8004	71.1
8005	71.1
8006	71.1
8007	71.1
8008	71.1
8009	71.1
8010	71.1
8011	71.1
8012	71.1
8013	71.1
8014	71.1
8015	71.1
8016	71.1
8017	71.1
8018	71.1
8019	71.1
8020	71.1
8021	71.1
8022	71.1
8023	71.1
8024	71.1
8025	71.1
8026	71.1
8027	71.1
8028	71.1
8029	71.1
8030	71.1
8031	71.1
8032	71.1
8033	71.1
8034	71.1
8035	71.1
8036	71.1
8037	71.1
8038	71.1
8039	71.1
8040	71.1
8041	71.1
8042	71.1
8043	71.1
8044	71.1
8045	71.1
8046	71.1
8047	71.1
8048	71.1
8049	71.1
8050	71.1
8051	71.1
8052	71.1
8053	71.1
8054	71.1
8055	71.1
8056	71.1
8057	71.1
8058	71.1
8059	71.1
8060	71.1
8061	71.1
8062	71.1
8063	71.1
8064	71.1
8065	71.1
8066	71.1
8067	71.1
8068	71.1
8069	71.1
8070	71.1
8071	71.1
8072	71.1
8073	71.1
8074	71.1
8075	71.1
8076	71.1
8077	71.1
8078	71.1
8079	71.1
8080	71.1
8081	71.1
8082	71.1
8083	71.1
8084	71.1
8085	71.1
8086	71.1
8087	71.1
8088	71.1
8089	71.1
8090	71.1
8091	71.1
8092	71.1
8093	71.1
8094	71.1
8095	71.1
8096	71.1
8097	71.1
8098	71.1
8099	71.1
8100	71.1
8101	71.1
8102	71.1
8103	71.1
8104	71.1
8105	71.1
8106	71.1
8107	71.1
8108	71.1
8109	71.1
8110	71.1
8111	71.1
8112	71.1
8113	71.1
8114	71.1
8115	71.1
8116	71.1
8117	71.1
8118	71.1
8119	71.1
8120	71.1
8121	71.1
8122	71.1
8123	71.1
8124	71.1
8125	71.1
8126	71.1
8127	71.1
8128	71.1
8129	71.1
8130	71.1
8131	71.1
8132	71.1
8133	71.1
8134	71.1
8135	71.1
8136	71.1
8137	71.1
8138	71.1
8139	71.1
8140	71.1
8141	71.1
8142	71.1
8143	71.1
8144	71.1
8145	71.1
8146	71.1
8147	71.1
8148	71.1
8149	71.1
8150	71.1
8151	71.1
8152	71.1
8153	71.1
8154	71.1
8155	71.1
8156	71.1
8157	71.1
8158	71.1
8159	71.1
8160	71.1
8161	71.1
8162	71.1
8163	71.1
8164	71.1
8165	71.1
8166	71.1
8167	71.1
8168	71.1
8169	71.1
8170	71.1
8171	71.1
8172	71.1
8173	71.1
8174	71.1
8175	71.1
8176	71.1
8177	71.1
8178	71.1
8179	71.1
8180	71.1
8181	71.1
8182	71.1
8183	71.1
8184	71.1
8185	71.1
8186	71.1
8187	71.1
8188	71.1
8189	71.1
8190	71.1
8191	71.1
8192	71.1
8193	71.1
8194	71.1
8195	71.1
8196	71.1
8197	71.1
8198	71.1
8199	71.1
8200	71.1
8201	71.1
8202	71.1
8203	71.1
8204	71.1
8205	71.1
8206	71.1
8207	71.1
8208	71.1
8209	71.1
8210	71.1
8211	71.1
8212	71.1
8213	71.1
8214	71.1
8215	71.1
8216	71.1
8217	71.1
8218	71.1
8219	71.1
8220	71.1
8221	71.1
8222	71.1
8223	71.1
8224	71.1
8225	71.1
8226	71.1
8227	71.1
8228	71.1
8229	71.1
8230	71.1
8231	71.1
8232	71.1
8233	71.1
8234	71.1
8235	71.1
8236	71.1
8237	71.1
8238	71.1
8239	71.1
8240	71.1
8241	71.1
8242	71.1
8243	71.1
8244	71.1
8245	71.1
8246	71.1
8247	71.1
8248	71.1
8249	71.1
8250	71.1
8251	71.1
8252	71.1
8253	71.1
8254	71.1
8255	71.1
8256	71.1
8257	71.1
8258	71.1
8259	71.1
8260	71.1
8261	71.1
8262	71.1
8263	71.1
8264	71.1
8265	71.1
8266	71.1
8267	71.1
8268	71.1
8269	71.1
8270	71.1
8271	71.1
8272	71.1
8273	71.1
8274	71.1
8275	71.1
8276	71.1
8277	71.1
8278	71.1
8279	71.1
8280	71.1
8281	71.1
8282	71.1
8283	71.1
8284	71.1
8285	71.1
8286	71.1
8287	71.1
8288	71.1
8289	71.1
8290	71.1
8291	71.1
8292	71.1
8293	71.1
8294	71.1
8295	71.1
8296	71.1
8297	71.1
8298	71.1
8299	71.1
8300	71.1
8301	71.1
8302	71.1
8303	71.1
8304	71.1
8305	71.1
8306	71.1
8307	71.1
8308	71.1
8309	71.1
8310	71.1
8311	71.1
8312	71.1
8313	71.1
8314	71.1
8315	71.1
8316	71.1
8317	71.1
8318	71.1
8319	71.1
8320	71.1
8321	71.1
8322	71.1
8323	71.1
8324	71.1
8325	71.1
8326	71.1
8327	71.1
8328	71.1
8329	71.1
8330	71.1
8331	71.1
8332	71.1
8333	71.1
8334	71.1
8335	71.1
8336	71.1
8337	71.1
8338	71.1
8339	71.1
8340	71.1
8341	71.1
8342	71.1
8343	71.1
8344	71.1
8345	71.1
8346	71.1
8347	71.1
8348	71.1
8349	71.1
8350	71.1
8351	71.1
8352	71.1
8353	71.1
8354	71.1
8355	71.1
8356	71.1
8357	71.1
8358	71.1
8359	71.1
8360	71.1
8361	71.1
8362	71.1
8363	71.1
8364	71.1
8365	71.1
8366	71.1
8367	71.1
8368	71.1
8369	71.1
8370	71.1
8371	71.1
8372	71.1
8373	71.1
8374	71.1
8375	71.1
8376	71.1
8377	71.1
8378	71.1
8379	71.1
8380	71.1
8381	71.1
8382	71.1
8383	71.1
8384	71.1
8385	71.1
8386	71.1
8387	71.1
8388	71.1
8389	71.1
8390	71.1
8391	71.1
8392	71.1
8393	71.1
8394	71.1
8395	71.1
8396	71.1
8397	71.1
8398	71.1
8399	71.1
8400	71.1
8401	71.1
8402	71.1
8403	71.1
8404	71.1
8405	71.1
8406	71.1
8407	71.1
8408	71.1
8409	71.1
8410	71.1
8411	71.1
8412	71.1
8413	71.1
8414	71.1
8415	71.1
8416	71.1
8417	71.1
8418	71.1
8419	71.1
8420	71.1
8421	71.1
8422	71.1
8423	71.1
8424	71.1
8425	71.1
8426	71.1
8427	71.1
8428	71.1
8429	71.1
8430	71.1
8431	71.1
8432	71.1
8433	71.1
8434	71.1
8435	71.1
8436	71.1
8437	71.1
8438	71.1
8439	71.1
8440	71.1
8441	71.1
8442	71.1
8443	71.1
8444	71.1
8445	71.1
8446	71.1
8447	71.1
8448	71.1
8449	71.1
8450	71.1
8451	71.1
8452	71.1
8453	71.1
8454	71.1
8455	71.1
8456	71.1
8457	71.1
8458	71.1
8459	71.1
8460	71.1
8461	71.1
8462	71.1
8463	71.1
8464	71.1
8465	71.1
8466	71.1
8467	71.1
8468	71.1
8469	71.1
8470	71.1
8471	71.1
8472	71.1
8473	71.1
8474	71.1
8475	71.1
8476	71.1
8477	71.1
8478	71.1
8479	71.1
8480	71.1
8481	71.1
8482	71.1
8483	71.1
8484	71.1
8485	71.1
8486	71.1
8487	71.1
8488	71.1
8489	71.1
8490	71.1
8491	71.1
8492	71.1
8493	71.1
8494	71.1
8495	71.1
8496	71.1
8497	71.1
8498	71.1
8499	71.1
8500	71.1
8501	71.1
8502	71.1
8503	71.1
8504	71.1
8505	71.1
8506	71.1
8507	71.1
8508	71.1
8509	71.1
8510	71.1
8511	71.1
8512	71.1
8513	71.1
8514	71.1
8515	71.1
8516	71.1
8517	71.1
8518	71.1
8519	71.1
8520	71.1
8521	71.1
8522	71.1
8523	71.1
8524	71.1
8525	71.1
8526	71.1
8527	71.1
8528	71.1
8529	71.1
8530	71.1
8531	71.1
8532	71.1
8533	71.1
8534	71.1
8535	71.1
8536	71.1
8537	71.1
8538	71.1
8539	71.1
8540	71.1
8541	71.1
8542	71.1
8543	71.1
8544	71.1
8545	71.1
8546	71.1
8547	71.1
8548	71.1
8549	71.1
8550	71.1
8551	71.1
8552	71.1
8553	71.1
8554	71.1
8555	71.1
8556	71.1
8557	71.1
8558	71.1
8559	71.1
8560	71.1
8561	71.1
8562	71.1
8563	71.1
8564	71.1
8565	71.1
8566	71.1
8567	71.1
8568	71.1
8569	71.1
8570	71.1
8571	71.1
8572	71.1
8573	71.1
8574	71.1
8575	71.1
8576	71.1
8577	71.1
8578	71.1
8579	71.1
8580	71.1
8581	71.1
8582	71.1
8583	71.1
8584	71.1
8585	71.1
8586	71.1
8587	71.1
8588	71.1
8589	71.1
8590	71.1
8591	71.1
8592	71.1
8593	71.1
8594	71.1
8595	71.1
8596	71.1
8597	71.1
8598	71.1
8599	71.1
8600	71.1
8601	71.1
8602	71.1
8603	71.1
8604	71.1
8605	71.1
8606	71.1
8607	71.1
8608	71.1
8609	71.1
8610	71.1
8611	71.1
8612	71.1
8613	71.1
8614	71.1
8615	71.1
8616	71.1
8617	71.1
8618	71.1
8619	71.1
8620	71.1
8621	71.1
8622	71.1
8623	71.1
8624	71.1
8625	71.1
8626	71.1
8627	71.1
8628	71.1
8629	71.1
8630	71.1
8631	71.1
8632	71.1
8633	71.1
8634	71.1
8635	71.1
8636	71.1
8637	71.1
8638	71.1
8639	71.1
8640	71.1
8641	71.1
8642	71.1
8643	71.1
8644	71.1
8645	71.1
8646	71.1
8647	71.1
8648	71.1
8649	71.1
8650	71.1
8651	71.1
8652	71.1
8653	71.1
8654	71.1
8655	71.1
8656	71.1
8657	71.1
8658	71.1
8659	71.1
8660	71.1
8661	71.1
8662	71.1
8663	71.1
8664	71.1
8665	71.1
8666	71.1
8667	71.1
8668	71.1
8669	71.1
8670	71.1
8671	71.1
8672	71.1
8673	71.1
8674	71.1
8675	71.1
8676	71.1
8677	71.1
8678	71.1
8679	71.1
8680	71.1
8681	71.1
8682	71.1
8683	71.1
8684	71.1
8685	71.1
8686	71.1
8687	71.1
8688	71.1
8689	71.1
8690	71.1
8691	71.1
8692	71.1
8693	71.1
8694	71.1
8695	71.1
8696	71.1
8697	71.1
8698	71.1
8699	71.1
8700	71.1
8701	71.1
8702	71.1
8703	71.1
8704	71.1
8705	71.1
8706	71.1
8707	71.1
8708	71.1
8709	71.1
8710	71.1
8711	71.1
8712	71.1
8713	71.1
8714	71.1
8715	71.1
8716	71.1
8717	71.1
8718	71.1
8719	71.1
8720	71.1
8721	71.1
8722	71.1
8723	71.1
8724	71.1
8725	71.1
8726	71.1
8727	71.1
8728	71.1
8729	71.1
8730	71.1
8731	71.1
8732	71.1
8733	71.1
8734	71.1
8735	71.1
8736	71.1
8737	71.1
8738	71.1
8739	71.1
8740	71.1
8741	71.1
8742	71.1
8743	71.1
8744	71.1
8745	71.1
8746	71.1
8747	71.1
8748	71.1
8749	71.1
8750	71.1
8751	71.1
8752	71.1
8753	71.1
8754	71.1
8755	71.1
8756	71.1
8757	71.1
8758	71.1
8759	71.1
8760	71.1
8761	71.1
8762	71.1
8763	71.1
8764	71.1
8765	71.1
8766	71.1
8767	71.1
8768	71.1
8769	71.1
8770	71.1
8771	71.1
8772	71.1
8773	71.1
8774	71.1
8775	71.1
8776	71.1
8777	71.1
8778	71.1
8779	71.1
8780	71.1
8781	71.1
8782	71.1
8783	71.1
8784	71.1
8785	71.1
8786	71.1
8787	71.1
8788	71.1
8789	71.1
8790	71.1
8791	71.1
8792	71.1
8793	71.1
8794	71.1
8795	71.1
8796	71.1
8797	71.1
8798	71.1
8799	71.1
8800	71.1
8801	71.1
8802	71.1
8803	71.1
8804	71.1
8805	71.1
8806	71.1
8807	71.1
8808	71.1
8809	71.1
8810	71.1
8811	71.1
8812	71.1
8813	71.1
8814	71.1
8815	71.1
8816	71.1
8817	71.1
8818	71.1
8819	71.1
8820	71.1
8821	71.1
8822	71.1
8823	71.1
8824	71.1
8825	71.1
8826	71.1
8827	71.1
8828	71.1
8829	71.1
8830	71.1
8831	71.1
8832	71.1
8833	71.1
8834	71.1
8835	71.1
8836	71.1
8837	71.1
8838	71.1
8839	71.1
8840	71.1
8841	71.1
8842	71.1
8843	71.1
8844	71.1
8845	71.1
8846	71.1
8847	71.1
8848	71.1
8849	71.1
8850	71.1
8851	71.1
8852	71.1
8853	71.1
8854	71.1
8855	71.1
8856	71.1
8857	71.1
8858	71.1
8859	71.1
8860	71.1
8861	71.1
8862	71.1
8863	71.1
8864	71.1
8865	71.1
8866	71.1
8867	71.1
8868	71.1
8869	71.1
8870	71.1
8871	71.1
8872	71.1
8873	71.1
8874	71.1
8875	71.1
8876	71.1
8877	71.1
8878	71.1
8879	71.1
8880	71.1
8881	71.1
8882	71.1
8883	71.1
8884	71.1
8885	71.1
8886	71.1
8887	71.1
8888	71.1
8889	71.1
8890	71.1
8891	71.1
8892	71.1
8893	71.1
8894	71.1
8895	71.1
8896	71.1
8897	71.1
8898	71.1
8899	71.1
8900	71.1
8901	71.1
8902	71.1
8903	71.1
8904	71.1
8905	71.1
8906	71.1
8907	71.1
8908	71.1
8909	71.1
8910	71.1
8911	71.1
8912	71.1
8913	71.1
8914	71.1
8915	71.1
8916	71.1
8917	71.1
8918	71.1
8919	71.1
8920	71.1
8921	71.1
8922	71.1
8923	71.1
8924	71.1
8925	71.1
8926	71.1
8927	71.1
8928	71.1
8929	71.1
8930	71.1
8931	71.1
8932	71.1
8933	71.1
8934	71.1
8935	71.1
8936	71.1
8937	71.1
8938	71.1
8939	71.1
8940	71.1
8941	71.1
8942	71.1
8943	71.1
8944	71.1
8945	71.1
8946	71.1
8947	71.1
8948	71.1
8949	71.1
8950	71.1
8951	71.1
8952	71.1
8953	71.1
8954	71.1
8955	71.1
8956	71.1
8957	71.1
8958	71.1
8959	71.1
8960	71.1
8961	71.1
8962	71.1
8963	71.1
8964	71.1
8965	71.1
8966	71.1
8967	71.1
8968	71.1
8969	71.1
8970	71.1
8971	71.1
8972	71.1
8973	71.1
8974	71.1
8975	71.1
8976	71.1
8977	71.1
8978	71.1
8979	71.1
8980	71.1
8981	71.1
8982	71.1
8983	71.1
8984	71.1
8985	71.1
8986	71.1
8987	71.1
8988	71.1
8989	71.1
8990	71.1
8991	71.1
