0	8.19
1	8.19
2	8.19
3	8.19
4	8.19
5	8.19
6	8.19
7	8.19
8	8.19
9	8.19
10	8.19
11	8.19
12	8.19
13	8.19
14	8.19
15	8.19
16	8.19
17	8.19
18	8.19
19	8.19
20	8.19
21	8.19
22	8.19
23	8.19
24	8.19
25	8.19
26	8.19
27	8.19
28	8.19
29	8.19
30	8.19
31	8.19
32	8.19
33	8.19
34	8.19
35	8.19
36	8.19
37	8.19
38	8.19
39	8.19
40	8.19
41	8.19
42	8.19
43	8.19
44	8.19
45	8.19
46	8.19
47	8.19
48	8.19
49	8.19
50	8.19
51	8.19
52	8.19
53	8.19
54	8.19
55	8.19
56	8.19
57	8.19
58	8.19
59	8.19
60	8.19
61	8.19
62	8.19
63	8.19
64	8.19
65	8.19
66	8.19
67	8.19
68	8.19
69	8.19
70	8.19
71	8.19
72	8.19
73	8.19
74	8.19
75	8.19
76	8.19
77	8.19
78	8.19
79	8.19
80	8.19
81	8.19
82	8.19
83	8.19
84	8.19
85	8.19
86	8.19
87	8.19
88	8.19
89	8.19
90	8.19
91	8.19
92	8.19
93	8.19
94	8.19
95	8.19
96	8.19
97	8.19
98	8.19
99	8.19
100	8.19
101	8.19
102	8.19
103	8.19
104	8.19
105	8.19
106	8.19
107	8.19
108	8.19
109	8.19
110	8.19
111	8.19
112	8.19
113	8.19
114	8.19
115	8.19
116	8.19
117	8.19
118	8.19
119	8.19
120	8.19
121	8.19
122	8.19
123	8.19
124	8.19
125	8.19
126	8.19
127	8.19
128	8.19
129	8.19
130	8.19
131	8.19
132	8.19
133	8.19
134	8.19
135	8.19
136	8.19
137	8.19
138	8.19
139	8.19
140	8.19
141	8.19
142	8.19
143	8.19
144	8.19
145	8.19
146	8.19
147	8.19
148	8.19
149	8.19
150	8.19
151	8.19
152	8.19
153	8.19
154	8.19
155	8.19
156	8.19
157	8.19
158	8.19
159	8.19
160	8.19
161	8.19
162	8.19
163	8.19
164	8.19
165	8.19
166	8.19
167	8.19
168	8.19
169	8.19
170	8.19
171	8.19
172	8.19
173	8.19
174	8.19
175	8.19
176	8.19
177	8.19
178	8.19
179	8.19
180	8.19
181	8.19
182	8.19
183	8.19
184	8.19
185	8.19
186	8.19
187	8.19
188	8.19
189	8.19
190	8.19
191	8.19
192	8.19
193	8.19
194	8.19
195	8.19
196	8.19
197	8.19
198	8.19
199	8.19
200	8.19
201	8.19
202	8.19
203	8.19
204	8.19
205	8.19
206	8.19
207	8.19
208	8.19
209	8.19
210	8.19
211	8.19
212	8.19
213	8.19
214	8.19
215	8.19
216	8.19
217	8.19
218	8.19
219	8.19
220	8.19
221	8.19
222	8.19
223	8.19
224	8.19
225	8.19
226	8.19
227	8.19
228	8.19
229	8.19
230	8.19
231	8.19
232	8.19
233	8.19
234	8.19
235	8.19
236	8.19
237	8.19
238	8.19
239	8.19
240	8.19
241	8.19
242	8.19
243	8.19
244	8.19
245	8.19
246	8.19
247	8.19
248	8.19
249	8.19
250	8.19
251	8.19
252	8.19
253	8.19
254	8.19
255	8.19
256	8.19
257	8.19
258	8.19
259	8.19
260	8.19
261	8.19
262	8.19
263	8.19
264	8.19
265	8.19
266	8.19
267	8.19
268	8.19
269	8.19
270	8.19
271	8.19
272	8.19
273	8.19
274	8.19
275	8.19
276	8.19
277	8.19
278	8.19
279	8.19
280	8.19
281	8.19
282	8.19
283	8.19
284	8.19
285	8.19
286	8.19
287	8.19
288	8.19
289	8.19
290	8.19
291	8.19
292	8.19
293	8.19
294	8.19
295	8.19
296	8.19
297	8.19
298	8.19
299	8.19
300	8.19
301	8.19
302	8.19
303	8.19
304	8.19
305	8.19
306	8.19
307	8.19
308	8.19
309	8.19
310	8.19
311	8.19
312	8.19
313	8.19
314	8.19
315	8.19
316	8.19
317	8.19
318	8.19
319	8.19
320	8.19
321	8.19
322	8.19
323	8.19
324	8.19
325	8.19
326	8.19
327	8.19
328	8.19
329	8.19
330	8.19
331	8.19
332	8.19
333	8.19
334	8.19
335	8.19
336	8.19
337	8.19
338	8.19
339	8.19
340	8.19
341	8.19
342	8.19
343	8.19
344	8.19
345	8.19
346	8.19
347	8.19
348	8.19
349	8.19
350	8.19
351	8.19
352	8.19
353	8.19
354	8.19
355	8.19
356	8.19
357	8.19
358	8.19
359	8.19
360	8.19
361	8.19
362	8.19
363	8.19
364	8.19
365	8.19
366	8.19
367	8.19
368	8.19
369	8.19
370	8.19
371	8.19
372	8.19
373	8.19
374	8.19
375	8.19
376	8.19
377	8.19
378	8.19
379	8.19
380	8.19
381	8.19
382	8.19
383	8.19
384	8.19
385	8.19
386	8.19
387	8.19
388	8.19
389	8.19
390	8.19
391	8.19
392	8.19
393	8.19
394	8.19
395	8.19
396	8.19
397	8.19
398	8.19
399	8.19
400	8.19
401	8.19
402	8.19
403	8.19
404	8.19
405	8.19
406	8.19
407	8.19
408	8.19
409	8.19
410	8.19
411	8.19
412	8.19
413	8.19
414	8.19
415	8.19
416	8.19
417	8.19
418	8.19
419	8.19
420	8.19
421	8.19
422	8.19
423	8.19
424	8.19
425	8.19
426	8.19
427	8.19
428	8.19
429	8.19
430	8.19
431	8.19
432	8.19
433	8.19
434	8.19
435	8.19
436	8.19
437	8.19
438	8.19
439	8.19
440	8.19
441	8.19
442	8.19
443	8.19
444	8.19
445	8.19
446	8.19
447	8.19
448	8.19
449	8.19
450	8.19
451	8.19
452	8.19
453	8.19
454	8.19
455	8.19
456	8.19
457	8.19
458	8.19
459	8.19
460	8.19
461	8.19
462	8.19
463	8.19
464	8.19
465	8.19
466	8.19
467	8.19
468	8.19
469	8.19
470	8.19
471	8.19
472	8.19
473	8.19
474	8.19
475	8.19
476	8.19
477	8.19
478	8.19
479	8.19
480	8.19
481	8.19
482	8.19
483	8.19
484	8.19
485	8.19
486	8.19
487	8.19
488	8.19
489	8.19
490	8.19
491	8.19
492	8.19
493	8.19
494	8.19
495	8.19
496	8.19
497	8.19
498	8.19
499	8.19
500	8.19
501	8.19
502	8.19
503	8.19
504	8.19
505	8.19
506	8.19
507	8.19
508	8.19
509	8.19
510	8.19
511	8.19
512	8.19
513	8.19
514	8.19
515	8.19
516	8.19
517	8.19
518	8.19
519	8.19
520	8.19
521	8.19
522	8.19
523	8.19
524	8.19
525	8.19
526	8.19
527	8.19
528	8.19
529	8.19
530	8.19
531	8.19
532	8.19
533	8.19
534	8.19
535	8.19
536	8.19
537	8.19
538	8.19
539	8.19
540	8.19
541	8.19
542	8.19
543	8.19
544	8.19
545	8.19
546	8.19
547	8.19
548	8.19
549	8.19
550	8.19
551	8.19
552	8.19
553	8.19
554	8.19
555	8.19
556	8.19
557	8.19
558	8.19
559	8.19
560	8.19
561	8.19
562	8.19
563	8.19
564	8.19
565	8.19
566	8.19
567	8.19
568	8.19
569	8.19
570	8.19
571	8.19
572	8.19
573	8.19
574	8.19
575	8.19
576	8.19
577	8.19
578	8.19
579	8.19
580	8.19
581	8.19
582	8.19
583	8.19
584	8.19
585	8.19
586	8.19
587	8.19
588	8.19
589	8.19
590	8.19
591	8.19
592	8.19
593	8.19
594	8.19
595	8.19
596	8.19
597	8.19
598	8.19
599	8.19
600	8.19
601	8.19
602	8.19
603	8.19
604	8.19
605	8.19
606	8.19
607	8.19
608	8.19
609	8.19
610	8.19
611	8.19
612	8.19
613	8.19
614	8.19
615	8.19
616	8.19
617	8.19
618	8.19
619	8.19
620	8.19
621	8.19
622	8.19
623	8.19
624	8.19
625	8.19
626	8.19
627	8.19
628	8.19
629	8.19
630	8.19
631	8.19
632	8.19
633	8.19
634	8.19
635	8.19
636	8.19
637	8.19
638	8.19
639	8.19
640	8.19
641	8.19
642	8.19
643	8.19
644	8.19
645	8.19
646	8.19
647	8.19
648	8.19
649	8.19
650	8.19
651	8.19
652	8.19
653	8.19
654	8.19
655	8.19
656	8.19
657	8.19
658	8.19
659	8.19
660	8.19
661	8.19
662	8.19
663	8.19
664	8.19
665	8.19
666	8.19
667	8.19
668	8.19
669	8.19
670	8.19
671	8.19
672	8.19
673	8.19
674	8.19
675	8.19
676	8.19
677	8.19
678	8.19
679	8.19
680	8.19
681	8.19
682	8.19
683	8.19
684	8.19
685	8.19
686	8.19
687	8.19
688	8.19
689	8.19
690	8.19
691	8.19
692	8.19
693	8.19
694	8.19
695	8.19
696	8.19
697	8.19
698	8.19
699	8.19
700	8.19
701	8.19
702	8.19
703	8.19
704	8.19
705	8.19
706	8.19
707	8.19
708	8.19
709	8.19
710	8.19
711	8.19
712	8.19
713	8.19
714	8.19
715	8.19
716	8.19
717	8.19
718	8.19
719	8.19
720	8.19
721	8.19
722	8.19
723	8.19
724	8.19
725	8.19
726	8.19
727	8.19
728	8.19
729	8.19
730	8.19
731	8.19
732	8.19
733	8.19
734	8.19
735	8.19
736	8.19
737	8.19
738	8.19
739	8.19
740	8.19
741	8.19
742	8.19
743	8.19
744	8.19
745	8.19
746	8.19
747	8.19
748	8.19
749	8.19
750	8.19
751	8.19
752	8.19
753	8.19
754	8.19
755	8.19
756	8.19
757	8.19
758	8.19
759	8.19
760	8.19
761	8.19
762	8.19
763	8.19
764	8.19
765	8.19
766	8.19
767	8.19
768	8.19
769	8.19
770	8.19
771	8.19
772	8.19
773	8.19
774	8.19
775	8.19
776	8.19
777	8.19
778	8.19
779	8.19
780	8.19
781	8.19
782	8.19
783	8.19
784	8.19
785	8.19
786	8.19
787	8.19
788	8.19
789	8.19
790	8.19
791	8.19
792	8.19
793	8.19
794	8.19
795	8.19
796	8.19
797	8.19
798	8.19
799	8.19
800	8.19
801	8.19
802	8.19
803	8.19
804	8.19
805	8.19
806	8.19
807	8.19
808	8.19
809	8.19
810	8.19
811	8.19
812	8.19
813	8.19
814	8.19
815	8.19
816	8.19
817	8.19
818	8.19
819	8.19
820	8.19
821	8.19
822	8.19
823	8.19
824	8.19
825	8.19
826	8.19
827	8.19
828	8.19
829	8.19
830	8.19
831	8.19
832	8.19
833	8.19
834	8.19
835	8.19
836	8.19
837	8.19
838	8.19
839	8.19
840	8.19
841	8.19
842	8.19
843	8.19
844	8.19
845	8.19
846	8.19
847	8.19
848	8.19
849	8.19
850	8.19
851	8.19
852	8.19
853	8.19
854	8.19
855	8.19
856	8.19
857	8.19
858	8.19
859	8.19
860	8.19
861	8.19
862	8.19
863	8.19
864	8.19
865	8.19
866	8.19
867	8.19
868	8.19
869	8.19
870	8.19
871	8.19
872	8.19
873	8.19
874	8.19
875	8.19
876	8.19
877	8.19
878	8.19
879	8.19
880	8.19
881	8.19
882	8.19
883	8.19
884	8.19
885	8.19
886	8.19
887	8.19
888	8.19
889	8.19
890	8.19
891	8.19
892	8.19
893	8.19
894	8.19
895	8.19
896	8.19
897	8.19
898	8.19
899	8.19
900	8.19
901	8.19
902	8.19
903	8.19
904	8.19
905	8.19
906	8.19
907	8.19
908	8.19
909	8.19
910	8.19
911	8.19
912	8.19
913	8.19
914	8.19
915	8.19
916	8.19
917	8.19
918	8.19
919	8.19
920	8.19
921	8.19
922	8.19
923	8.19
924	8.19
925	8.19
926	8.19
927	8.19
928	8.19
929	8.19
930	8.19
931	8.19
932	8.19
933	8.19
934	8.19
935	8.19
936	8.19
937	8.19
938	8.19
939	8.19
940	8.19
941	8.19
942	8.19
943	8.19
944	8.19
945	8.19
946	8.19
947	8.19
948	8.19
949	8.19
950	8.19
951	8.19
952	8.19
953	8.19
954	8.19
955	8.19
956	8.19
957	8.19
958	8.19
959	8.19
960	8.19
961	8.19
962	8.19
963	8.19
964	8.19
965	8.19
966	8.19
967	8.19
968	8.19
969	8.19
970	8.19
971	8.19
972	8.19
973	8.19
974	8.19
975	8.19
976	8.19
977	8.19
978	8.19
979	8.19
980	8.19
981	8.19
982	8.19
983	8.19
984	8.19
985	8.19
986	8.19
987	8.19
988	8.19
989	8.19
990	8.19
991	8.19
992	8.19
993	8.19
994	8.19
995	8.19
996	8.19
997	8.19
998	8.19
999	8.19
