0	26.65
1	26.65
2	26.65
3	26.65
4	26.65
5	26.65
6	26.65
7	26.65
8	26.65
9	26.65
10	26.65
11	26.65
12	26.65
13	26.65
14	26.65
15	26.65
16	26.65
17	26.65
18	26.65
19	26.65
20	26.65
21	26.65
22	26.65
23	26.65
24	26.65
25	26.65
26	26.65
27	26.65
28	26.65
29	26.65
30	26.65
31	26.65
32	26.65
33	26.65
34	26.65
35	26.65
36	26.65
37	26.65
38	26.65
39	26.65
40	26.65
41	26.65
42	26.65
43	26.65
44	26.65
45	26.65
46	26.65
47	26.65
48	26.65
49	26.65
50	26.65
51	26.65
52	26.65
53	26.65
54	26.65
55	26.65
56	26.65
57	26.65
58	26.65
59	26.65
60	26.65
61	26.65
62	26.65
63	26.65
64	26.65
65	26.65
66	26.65
67	26.65
68	26.65
69	26.65
70	26.65
71	26.65
72	26.65
73	26.65
74	26.65
75	26.65
76	26.65
77	26.65
78	26.65
79	26.65
80	26.65
81	26.65
82	26.65
83	26.65
84	26.65
85	26.65
86	26.65
87	26.65
88	26.65
89	26.65
90	26.65
91	26.65
92	26.65
93	26.65
94	26.65
95	26.65
96	26.65
97	26.65
98	26.65
99	26.65
100	26.65
101	26.65
102	26.65
103	26.65
104	26.65
105	26.65
106	26.65
107	26.65
108	26.65
109	26.65
110	26.65
111	26.65
112	26.65
113	26.65
114	26.65
115	26.65
116	26.65
117	26.65
118	26.65
119	26.65
120	26.65
121	26.65
122	26.65
123	26.65
124	26.65
125	26.65
126	26.65
127	26.65
128	26.65
129	26.65
130	26.65
131	26.65
132	26.65
133	26.65
134	26.65
135	26.65
136	26.65
137	26.65
138	26.65
139	26.65
140	26.65
141	26.65
142	26.65
143	26.65
144	26.65
145	26.65
146	26.65
147	26.65
148	26.65
149	26.65
150	26.65
151	26.65
152	26.65
153	26.65
154	26.65
155	26.65
156	26.65
157	26.65
158	26.65
159	26.65
160	26.65
161	26.65
162	26.65
163	26.65
164	26.65
165	26.65
166	26.65
167	26.65
168	26.65
169	26.65
170	26.65
171	26.65
172	26.65
173	26.65
174	26.65
175	26.65
176	26.65
177	26.65
178	26.65
179	26.65
180	26.65
181	26.65
182	26.65
183	26.65
184	26.65
185	26.65
186	26.65
187	26.65
188	26.65
189	26.65
190	26.65
191	26.65
192	26.65
193	26.65
194	26.65
195	26.65
196	26.65
197	26.65
198	26.65
199	26.65
200	26.65
201	26.65
202	26.65
203	26.65
204	26.65
205	26.65
206	26.65
207	26.65
208	26.65
209	26.65
210	26.65
211	26.65
212	26.65
213	26.65
214	26.65
215	26.65
216	26.65
217	26.65
218	26.65
219	26.65
220	26.65
221	26.65
222	26.65
223	26.65
224	26.65
225	26.65
226	26.65
227	26.65
228	26.65
229	26.65
230	26.65
231	26.65
232	26.65
233	26.65
234	26.65
235	26.65
236	26.65
237	26.65
238	26.65
239	26.65
240	26.65
241	26.65
242	26.65
243	26.65
244	26.65
245	26.65
246	26.65
247	26.65
248	26.65
249	26.65
250	26.65
251	26.65
252	26.65
253	26.65
254	26.65
255	26.65
256	26.65
257	26.65
258	26.65
259	26.65
260	26.65
261	26.65
262	26.65
263	26.65
264	26.65
265	26.65
266	26.65
267	26.65
268	26.65
269	26.65
270	26.65
271	26.65
272	26.65
273	26.65
274	26.65
275	26.65
276	26.65
277	26.65
278	26.65
279	26.65
280	26.65
281	26.65
282	26.65
283	26.65
284	26.65
285	26.65
286	26.65
287	26.65
288	26.65
289	26.65
290	26.65
291	26.65
292	26.65
293	26.65
294	26.65
295	26.65
296	26.65
297	26.65
298	26.65
299	26.65
300	26.65
301	26.65
302	26.65
303	26.65
304	26.65
305	26.65
306	26.65
307	26.65
308	26.65
309	26.65
310	26.65
311	26.65
312	26.65
313	26.65
314	26.65
315	26.65
316	26.65
317	26.65
318	26.65
319	26.65
320	26.65
321	26.65
322	26.65
323	26.65
324	26.65
325	26.65
326	26.65
327	26.65
328	26.65
329	26.65
330	26.65
331	26.65
332	26.65
333	26.65
334	26.65
335	26.65
336	26.65
337	26.65
338	26.65
339	26.65
340	26.65
341	26.65
342	26.65
343	26.65
344	26.65
345	26.65
346	26.65
347	26.65
348	26.65
349	26.65
350	26.65
351	26.65
352	26.65
353	26.65
354	26.65
355	26.65
356	26.65
357	26.65
358	26.65
359	26.65
360	26.65
361	26.65
362	26.65
363	26.65
364	26.65
365	26.65
366	26.65
367	26.65
368	26.65
369	26.65
370	26.65
371	26.65
372	26.65
373	26.65
374	26.65
375	26.65
376	26.65
377	26.65
378	26.65
379	26.65
380	26.65
381	26.65
382	26.65
383	26.65
384	26.65
385	26.65
386	26.65
387	26.65
388	26.65
389	26.65
390	26.65
391	26.65
392	26.65
393	26.65
394	26.65
395	26.65
396	26.65
397	26.65
398	26.65
399	26.65
400	26.65
401	26.65
402	26.65
403	26.65
404	26.65
405	26.65
406	26.65
407	26.65
408	26.65
409	26.65
410	26.65
411	26.65
412	26.65
413	26.65
414	26.65
415	26.65
416	26.65
417	26.65
418	26.65
419	26.65
420	26.65
421	26.65
422	26.65
423	26.65
424	26.65
425	26.65
426	26.65
427	26.65
428	26.65
429	26.65
430	26.65
431	26.65
432	26.65
433	26.65
434	26.65
435	26.65
436	26.65
437	26.65
438	26.65
439	26.65
440	26.65
441	26.65
442	26.65
443	26.65
444	26.65
445	26.65
446	26.65
447	26.65
448	26.65
449	26.65
450	26.65
451	26.65
452	26.65
453	26.65
454	26.65
455	26.65
456	26.65
457	26.65
458	26.65
459	26.65
460	26.65
461	26.65
462	26.65
463	26.65
464	26.65
465	26.65
466	26.65
467	26.65
468	26.65
469	26.65
470	26.65
471	26.65
472	26.65
473	26.65
474	26.65
475	26.65
476	26.65
477	26.65
478	26.65
479	26.65
480	26.65
481	26.65
482	26.65
483	26.65
484	26.65
485	26.65
486	26.65
487	26.65
488	26.65
489	26.65
490	26.65
491	26.65
492	26.65
493	26.65
494	26.65
495	26.65
496	26.65
497	26.65
498	26.65
499	26.65
500	26.65
501	26.65
502	26.65
503	26.65
504	26.65
505	26.65
506	26.65
507	26.65
508	26.65
509	26.65
510	26.65
511	26.65
512	26.65
513	26.65
514	26.65
515	26.65
516	26.65
517	26.65
518	26.65
519	26.65
520	26.65
521	26.65
522	26.65
523	26.65
524	26.65
525	26.65
526	26.65
527	26.65
528	26.65
529	26.65
530	26.65
531	26.65
532	26.65
533	26.65
534	26.65
535	26.65
536	26.65
537	26.65
538	26.65
539	26.65
540	26.65
541	26.65
542	26.65
543	26.65
544	26.65
545	26.65
546	26.65
547	26.65
548	26.65
549	26.65
550	26.65
551	26.65
552	26.65
553	26.65
554	26.65
555	26.65
556	26.65
557	26.65
558	26.65
559	26.65
560	26.65
561	26.65
562	26.65
563	26.65
564	26.65
565	26.65
566	26.65
567	26.65
568	26.65
569	26.65
570	26.65
571	26.65
572	26.65
573	26.65
574	26.65
575	26.65
576	26.65
577	26.65
578	26.65
579	26.65
580	26.65
581	26.65
582	26.65
583	26.65
584	26.65
585	26.65
586	26.65
587	26.65
588	26.65
589	26.65
590	26.65
591	26.65
592	26.65
593	26.65
594	26.65
595	26.65
596	26.65
597	26.65
598	26.65
599	26.65
600	26.65
601	26.65
602	26.65
603	26.65
604	26.65
605	26.65
606	26.65
607	26.65
608	26.65
609	26.65
610	26.65
611	26.65
612	26.65
613	26.65
614	26.65
615	26.65
616	26.65
617	26.65
618	26.65
619	26.65
620	26.65
621	26.65
622	26.65
623	26.65
624	26.65
625	26.65
626	26.65
627	26.65
628	26.65
629	26.65
630	26.65
631	26.65
632	26.65
633	26.65
634	26.65
635	26.65
636	26.65
637	26.65
638	26.65
639	26.65
640	26.65
641	26.65
642	26.65
643	26.65
644	26.65
645	26.65
646	26.65
647	26.65
648	26.65
649	26.65
650	26.65
651	26.65
652	26.65
653	26.65
654	26.65
655	26.65
656	26.65
657	26.65
658	26.65
659	26.65
660	26.65
661	26.65
662	26.65
663	26.65
664	26.65
665	26.65
666	26.65
667	26.65
668	26.65
669	26.65
670	26.65
671	26.65
672	26.65
673	26.65
674	26.65
675	26.65
676	26.65
677	26.65
678	26.65
679	26.65
680	26.65
681	26.65
682	26.65
683	26.65
684	26.65
685	26.65
686	26.65
687	26.65
688	26.65
689	26.65
690	26.65
691	26.65
692	26.65
693	26.65
694	26.65
695	26.65
696	26.65
697	26.65
698	26.65
699	26.65
700	26.65
701	26.65
702	26.65
703	26.65
704	26.65
705	26.65
706	26.65
707	26.65
708	26.65
709	26.65
710	26.65
711	26.65
712	26.65
713	26.65
714	26.65
715	26.65
716	26.65
717	26.65
718	26.65
719	26.65
720	26.65
721	26.65
722	26.65
723	26.65
724	26.65
725	26.65
726	26.65
727	26.65
728	26.65
729	26.65
730	26.65
731	26.65
732	26.65
733	26.65
734	26.65
735	26.65
736	26.65
737	26.65
738	26.65
739	26.65
740	26.65
741	26.65
742	26.65
743	26.65
744	26.65
745	26.65
746	26.65
747	26.65
748	26.65
749	26.65
750	26.65
751	26.65
752	26.65
753	26.65
754	26.65
755	26.65
756	26.65
757	26.65
758	26.65
759	26.65
760	26.65
761	26.65
762	26.65
763	26.65
764	26.65
765	26.65
766	26.65
767	26.65
768	26.65
769	26.65
770	26.65
771	26.65
772	26.65
773	26.65
774	26.65
775	26.65
776	26.65
777	26.65
778	26.65
779	26.65
780	26.65
781	26.65
782	26.65
783	26.65
784	26.65
785	26.65
786	26.65
787	26.65
788	26.65
789	26.65
790	26.65
791	26.65
792	26.65
793	26.65
794	26.65
795	26.65
796	26.65
797	26.65
798	26.65
799	26.65
800	26.65
801	26.65
802	26.65
803	26.65
804	26.65
805	26.65
806	26.65
807	26.65
808	26.65
809	26.65
810	26.65
811	26.65
812	26.65
813	26.65
814	26.65
815	26.65
816	26.65
817	26.65
818	26.65
819	26.65
820	26.65
821	26.65
822	26.65
823	26.65
824	26.65
825	26.65
826	26.65
827	26.65
828	26.65
829	26.65
830	26.65
831	26.65
832	26.65
833	26.65
834	26.65
835	26.65
836	26.65
837	26.65
838	26.65
839	26.65
840	26.65
841	26.65
842	26.65
843	26.65
844	26.65
845	26.65
846	26.65
847	26.65
848	26.65
849	26.65
850	26.65
851	26.65
852	26.65
853	26.65
854	26.65
855	26.65
856	26.65
857	26.65
858	26.65
859	26.65
860	26.65
861	26.65
862	26.65
863	26.65
864	26.65
865	26.65
866	26.65
867	26.65
868	26.65
869	26.65
870	26.65
871	26.65
872	26.65
873	26.65
874	26.65
875	26.65
876	26.65
877	26.65
878	26.65
879	26.65
880	26.65
881	26.65
882	26.65
883	26.65
884	26.65
885	26.65
886	26.65
887	26.65
888	26.65
889	26.65
890	26.65
891	26.65
892	26.65
893	26.65
894	26.65
895	26.65
896	26.65
897	26.65
898	26.65
899	26.65
900	26.65
901	26.65
902	26.65
903	26.65
904	26.65
905	26.65
906	26.65
907	26.65
908	26.65
909	26.65
910	26.65
911	26.65
912	26.65
913	26.65
914	26.65
915	26.65
916	26.65
917	26.65
918	26.65
919	26.65
920	26.65
921	26.65
922	26.65
923	26.65
924	26.65
925	26.65
926	26.65
927	26.65
928	26.65
929	26.65
930	26.65
931	26.65
932	26.65
933	26.65
934	26.65
935	26.65
936	26.65
937	26.65
938	26.65
939	26.65
940	26.65
941	26.65
942	26.65
943	26.65
944	26.65
945	26.65
946	26.65
947	26.65
948	26.65
949	26.65
950	26.65
951	26.65
952	26.65
953	26.65
954	26.65
955	26.65
956	26.65
957	26.65
958	26.65
959	26.65
960	26.65
961	26.65
962	26.65
963	26.65
964	26.65
965	26.65
966	26.65
967	26.65
968	26.65
969	26.65
970	26.65
971	26.65
972	26.65
973	26.65
974	26.65
975	26.65
976	26.65
977	26.65
978	26.65
979	26.65
980	26.65
981	26.65
982	26.65
983	26.65
984	26.65
985	26.65
986	26.65
987	26.65
988	26.65
989	26.65
990	26.65
991	26.65
992	26.65
993	26.65
994	26.65
995	26.65
996	26.65
997	26.65
998	26.65
999	26.65
1000	26.65
1001	26.65
1002	26.65
1003	26.65
1004	26.65
1005	26.65
1006	26.65
1007	26.65
1008	26.65
1009	26.65
1010	26.65
1011	26.65
1012	26.65
1013	26.65
1014	26.65
1015	26.65
1016	26.65
1017	26.65
1018	26.65
1019	26.65
1020	26.65
1021	26.65
1022	26.65
1023	26.65
1024	26.65
1025	26.65
1026	26.65
1027	26.65
1028	26.65
1029	26.65
1030	26.65
1031	26.65
1032	26.65
1033	26.65
1034	26.65
1035	26.65
1036	26.65
1037	26.65
1038	26.65
1039	26.65
1040	26.65
1041	26.65
1042	26.65
1043	26.65
1044	26.65
1045	26.65
1046	26.65
1047	26.65
1048	26.65
1049	26.65
1050	26.65
1051	26.65
1052	26.65
1053	26.65
1054	26.65
1055	26.65
1056	26.65
1057	26.65
1058	26.65
1059	26.65
1060	26.65
1061	26.65
1062	26.65
1063	26.65
1064	26.65
1065	26.65
1066	26.65
1067	26.65
1068	26.65
1069	26.65
1070	26.65
1071	26.65
1072	26.65
1073	26.65
1074	26.65
1075	26.65
1076	26.65
1077	26.65
1078	26.65
1079	26.65
1080	26.65
1081	26.65
1082	26.65
1083	26.65
1084	26.65
1085	26.65
1086	26.65
1087	26.65
1088	26.65
1089	26.65
1090	26.65
1091	26.65
1092	26.65
1093	26.65
1094	26.65
1095	26.65
1096	26.65
1097	26.65
1098	26.65
1099	26.65
1100	26.65
1101	26.65
1102	26.65
1103	26.65
1104	26.65
1105	26.65
1106	26.65
1107	26.65
1108	26.65
1109	26.65
1110	26.65
1111	26.65
1112	26.65
1113	26.65
1114	26.65
1115	26.65
1116	26.65
1117	26.65
1118	26.65
1119	26.65
1120	26.65
1121	26.65
1122	26.65
1123	26.65
1124	26.65
1125	26.65
1126	26.65
1127	26.65
1128	26.65
1129	26.65
1130	26.65
1131	26.65
1132	26.65
1133	26.65
1134	26.65
1135	26.65
1136	26.65
1137	26.65
1138	26.65
1139	26.65
1140	26.65
1141	26.65
1142	26.65
1143	26.65
1144	26.65
1145	26.65
1146	26.65
1147	26.65
1148	26.65
1149	26.65
1150	26.65
1151	26.65
1152	26.65
1153	26.65
1154	26.65
1155	26.65
1156	26.65
1157	26.65
1158	26.65
1159	26.65
1160	26.65
1161	26.65
1162	26.65
1163	26.65
1164	26.65
1165	26.65
1166	26.65
1167	26.65
1168	26.65
1169	26.65
1170	26.65
1171	26.65
1172	26.65
1173	26.65
1174	26.65
1175	26.65
1176	26.65
1177	26.65
1178	26.65
1179	26.65
1180	26.65
1181	26.65
1182	26.65
1183	26.65
1184	26.65
1185	26.65
1186	26.65
1187	26.65
1188	26.65
1189	26.65
1190	26.65
1191	26.65
1192	26.65
1193	26.65
1194	26.65
1195	26.65
1196	26.65
1197	26.65
1198	26.65
1199	26.65
1200	26.65
1201	26.65
1202	26.65
1203	26.65
1204	26.65
1205	26.65
1206	26.65
1207	26.65
1208	26.65
1209	26.65
1210	26.65
1211	26.65
1212	26.65
1213	26.65
1214	26.65
1215	26.65
1216	26.65
1217	26.65
1218	26.65
1219	26.65
1220	26.65
1221	26.65
1222	26.65
1223	26.65
1224	26.65
1225	26.65
1226	26.65
1227	26.65
1228	26.65
1229	26.65
1230	26.65
1231	26.65
1232	26.65
1233	26.65
1234	26.65
1235	26.65
1236	26.65
1237	26.65
1238	26.65
1239	26.65
1240	26.65
1241	26.65
1242	26.65
1243	26.65
1244	26.65
1245	26.65
1246	26.65
1247	26.65
1248	26.65
1249	26.65
1250	26.65
1251	26.65
1252	26.65
1253	26.65
1254	26.65
1255	26.65
1256	26.65
1257	26.65
1258	26.65
1259	26.65
1260	26.65
1261	26.65
1262	26.65
1263	26.65
1264	26.65
1265	26.65
1266	26.65
1267	26.65
1268	26.65
1269	26.65
1270	26.65
1271	26.65
1272	26.65
1273	26.65
1274	26.65
1275	26.65
1276	26.65
1277	26.65
1278	26.65
1279	26.65
1280	26.65
1281	26.65
1282	26.65
1283	26.65
1284	26.65
1285	26.65
1286	26.65
1287	26.65
1288	26.65
1289	26.65
1290	26.65
1291	26.65
1292	26.65
1293	26.65
1294	26.65
1295	26.65
1296	26.65
1297	26.65
1298	26.65
1299	26.65
1300	26.65
1301	26.65
1302	26.65
1303	26.65
1304	26.65
1305	26.65
1306	26.65
1307	26.65
1308	26.65
1309	26.65
1310	26.65
1311	26.65
1312	26.65
1313	26.65
1314	26.65
1315	26.65
1316	26.65
1317	26.65
1318	26.65
1319	26.65
1320	26.65
1321	26.65
1322	26.65
1323	26.65
1324	26.65
1325	26.65
1326	26.65
1327	26.65
1328	26.65
1329	26.65
1330	26.65
1331	26.65
1332	26.65
1333	26.65
1334	26.65
1335	26.65
1336	26.65
1337	26.65
1338	26.65
1339	26.65
1340	26.65
1341	26.65
1342	26.65
1343	26.65
1344	26.65
1345	26.65
1346	26.65
1347	26.65
1348	26.65
1349	26.65
1350	26.65
1351	26.65
1352	26.65
1353	26.65
1354	26.65
1355	26.65
1356	26.65
1357	26.65
1358	26.65
1359	26.65
1360	26.65
1361	26.65
1362	26.65
1363	26.65
1364	26.65
1365	26.65
1366	26.65
1367	26.65
1368	26.65
1369	26.65
1370	26.65
1371	26.65
1372	26.65
1373	26.65
1374	26.65
1375	26.65
1376	26.65
1377	26.65
1378	26.65
1379	26.65
1380	26.65
1381	26.65
1382	26.65
1383	26.65
1384	26.65
1385	26.65
1386	26.65
1387	26.65
1388	26.65
1389	26.65
1390	26.65
1391	26.65
1392	26.65
1393	26.65
1394	26.65
1395	26.65
1396	26.65
1397	26.65
1398	26.65
1399	26.65
1400	26.65
1401	26.65
1402	26.65
1403	26.65
1404	26.65
1405	26.65
1406	26.65
1407	26.65
1408	26.65
1409	26.65
1410	26.65
1411	26.65
1412	26.65
1413	26.65
1414	26.65
1415	26.65
1416	26.65
1417	26.65
1418	26.65
1419	26.65
1420	26.65
1421	26.65
1422	26.65
1423	26.65
1424	26.65
1425	26.65
1426	26.65
1427	26.65
1428	26.65
1429	26.65
1430	26.65
1431	26.65
1432	26.65
1433	26.65
1434	26.65
1435	26.65
1436	26.65
1437	26.65
1438	26.65
1439	26.65
1440	26.65
1441	26.65
1442	26.65
1443	26.65
1444	26.65
1445	26.65
1446	26.65
1447	26.65
1448	26.65
1449	26.65
1450	26.65
1451	26.65
1452	26.65
1453	26.65
1454	26.65
1455	26.65
1456	26.65
1457	26.65
1458	26.65
1459	26.65
1460	26.65
1461	26.65
1462	26.65
1463	26.65
1464	26.65
1465	26.65
1466	26.65
1467	26.65
1468	26.65
1469	26.65
1470	26.65
1471	26.65
1472	26.65
1473	26.65
1474	26.65
1475	26.65
1476	26.65
1477	26.65
1478	26.65
1479	26.65
1480	26.65
1481	26.65
1482	26.65
1483	26.65
1484	26.65
1485	26.65
1486	26.65
1487	26.65
1488	26.65
1489	26.65
1490	26.65
1491	26.65
1492	26.65
1493	26.65
1494	26.65
1495	26.65
1496	26.65
1497	26.65
1498	26.65
1499	26.65
1500	26.65
1501	26.65
1502	26.65
1503	26.65
1504	26.65
1505	26.65
1506	26.65
1507	26.65
1508	26.65
1509	26.65
1510	26.65
1511	26.65
1512	26.65
1513	26.65
1514	26.65
1515	26.65
1516	26.65
1517	26.65
1518	26.65
1519	26.65
1520	26.65
1521	26.65
1522	26.65
1523	26.65
1524	26.65
1525	26.65
1526	26.65
1527	26.65
1528	26.65
1529	26.65
1530	26.65
1531	26.65
1532	26.65
1533	26.65
1534	26.65
1535	26.65
1536	26.65
1537	26.65
1538	26.65
1539	26.65
1540	26.65
1541	26.65
1542	26.65
1543	26.65
1544	26.65
1545	26.65
1546	26.65
1547	26.65
1548	26.65
1549	26.65
1550	26.65
1551	26.65
1552	26.65
1553	26.65
1554	26.65
1555	26.65
1556	26.65
1557	26.65
1558	26.65
1559	26.65
1560	26.65
1561	26.65
1562	26.65
1563	26.65
1564	26.65
1565	26.65
1566	26.65
1567	26.65
1568	26.65
1569	26.65
1570	26.65
1571	26.65
1572	26.65
1573	26.65
1574	26.65
1575	26.65
1576	26.65
1577	26.65
1578	26.65
1579	26.65
1580	26.65
1581	26.65
1582	26.65
1583	26.65
1584	26.65
1585	26.65
1586	26.65
1587	26.65
1588	26.65
1589	26.65
1590	26.65
1591	26.65
1592	26.65
1593	26.65
1594	26.65
1595	26.65
1596	26.65
1597	26.65
1598	26.65
1599	26.65
1600	26.65
1601	26.65
1602	26.65
1603	26.65
1604	26.65
1605	26.65
1606	26.65
1607	26.65
1608	26.65
1609	26.65
1610	26.65
1611	26.65
1612	26.65
1613	26.65
1614	26.65
1615	26.65
1616	26.65
1617	26.65
1618	26.65
1619	26.65
1620	26.65
1621	26.65
1622	26.65
1623	26.65
1624	26.65
1625	26.65
1626	26.65
1627	26.65
1628	26.65
1629	26.65
1630	26.65
1631	26.65
1632	26.65
1633	26.65
1634	26.65
1635	26.65
1636	26.65
1637	26.65
1638	26.65
1639	26.65
1640	26.65
1641	26.65
1642	26.65
1643	26.65
1644	26.65
1645	26.65
1646	26.65
1647	26.65
1648	26.65
1649	26.65
1650	26.65
1651	26.65
1652	26.65
1653	26.65
1654	26.65
1655	26.65
1656	26.65
1657	26.65
1658	26.65
1659	26.65
1660	26.65
1661	26.65
1662	26.65
1663	26.65
1664	26.65
1665	26.65
1666	26.65
1667	26.65
1668	26.65
1669	26.65
1670	26.65
1671	26.65
1672	26.65
1673	26.65
1674	26.65
1675	26.65
1676	26.65
1677	26.65
1678	26.65
1679	26.65
1680	26.65
1681	26.65
1682	26.65
1683	26.65
1684	26.65
1685	26.65
1686	26.65
1687	26.65
1688	26.65
1689	26.65
1690	26.65
1691	26.65
1692	26.65
1693	26.65
1694	26.65
1695	26.65
1696	26.65
1697	26.65
1698	26.65
1699	26.65
1700	26.65
1701	26.65
1702	26.65
1703	26.65
1704	26.65
1705	26.65
1706	26.65
1707	26.65
1708	26.65
1709	26.65
1710	26.65
1711	26.65
1712	26.65
1713	26.65
1714	26.65
1715	26.65
1716	26.65
1717	26.65
1718	26.65
1719	26.65
1720	26.65
1721	26.65
1722	26.65
1723	26.65
1724	26.65
1725	26.65
1726	26.65
1727	26.65
1728	26.65
1729	26.65
1730	26.65
1731	26.65
1732	26.65
1733	26.65
1734	26.65
1735	26.65
1736	26.65
1737	26.65
1738	26.65
1739	26.65
1740	26.65
1741	26.65
1742	26.65
1743	26.65
1744	26.65
1745	26.65
1746	26.65
1747	26.65
1748	26.65
1749	26.65
1750	26.65
1751	26.65
1752	26.65
1753	26.65
1754	26.65
1755	26.65
1756	26.65
1757	26.65
1758	26.65
1759	26.65
1760	26.65
1761	26.65
1762	26.65
1763	26.65
1764	26.65
1765	26.65
1766	26.65
1767	26.65
1768	26.65
1769	26.65
1770	26.65
1771	26.65
1772	26.65
1773	26.65
1774	26.65
1775	26.65
1776	26.65
1777	26.65
1778	26.65
1779	26.65
1780	26.65
1781	26.65
1782	26.65
1783	26.65
1784	26.65
1785	26.65
1786	26.65
1787	26.65
1788	26.65
1789	26.65
1790	26.65
1791	26.65
1792	26.65
1793	26.65
1794	26.65
1795	26.65
1796	26.65
1797	26.65
1798	26.65
1799	26.65
1800	26.65
1801	26.65
1802	26.65
1803	26.65
1804	26.65
1805	26.65
1806	26.65
1807	26.65
1808	26.65
1809	26.65
1810	26.65
1811	26.65
1812	26.65
1813	26.65
1814	26.65
1815	26.65
1816	26.65
1817	26.65
1818	26.65
1819	26.65
1820	26.65
1821	26.65
1822	26.65
1823	26.65
1824	26.65
1825	26.65
1826	26.65
1827	26.65
1828	26.65
1829	26.65
1830	26.65
1831	26.65
1832	26.65
1833	26.65
1834	26.65
1835	26.65
1836	26.65
1837	26.65
1838	26.65
1839	26.65
1840	26.65
1841	26.65
1842	26.65
1843	26.65
1844	26.65
1845	26.65
1846	26.65
1847	26.65
1848	26.65
1849	26.65
1850	26.65
1851	26.65
1852	26.65
1853	26.65
1854	26.65
1855	26.65
1856	26.65
1857	26.65
1858	26.65
1859	26.65
1860	26.65
1861	26.65
1862	26.65
1863	26.65
1864	26.65
1865	26.65
1866	26.65
1867	26.65
1868	26.65
1869	26.65
1870	26.65
1871	26.65
1872	26.65
1873	26.65
1874	26.65
1875	26.65
1876	26.65
1877	26.65
1878	26.65
1879	26.65
1880	26.65
1881	26.65
1882	26.65
1883	26.65
1884	26.65
1885	26.65
1886	26.65
1887	26.65
1888	26.65
1889	26.65
1890	26.65
1891	26.65
1892	26.65
1893	26.65
1894	26.65
1895	26.65
1896	26.65
1897	26.65
1898	26.65
1899	26.65
1900	26.65
1901	26.65
1902	26.65
1903	26.65
1904	26.65
1905	26.65
1906	26.65
1907	26.65
1908	26.65
1909	26.65
1910	26.65
1911	26.65
1912	26.65
1913	26.65
1914	26.65
1915	26.65
1916	26.65
1917	26.65
1918	26.65
1919	26.65
1920	26.65
1921	26.65
1922	26.65
1923	26.65
1924	26.65
1925	26.65
1926	26.65
1927	26.65
1928	26.65
1929	26.65
1930	26.65
1931	26.65
1932	26.65
1933	26.65
1934	26.65
1935	26.65
1936	26.65
1937	26.65
1938	26.65
1939	26.65
1940	26.65
1941	26.65
1942	26.65
1943	26.65
1944	26.65
1945	26.65
1946	26.65
1947	26.65
1948	26.65
1949	26.65
1950	26.65
1951	26.65
1952	26.65
1953	26.65
1954	26.65
1955	26.65
1956	26.65
1957	26.65
1958	26.65
1959	26.65
1960	26.65
1961	26.65
1962	26.65
1963	26.65
1964	26.65
1965	26.65
1966	26.65
1967	26.65
1968	26.65
1969	26.65
1970	26.65
1971	26.65
1972	26.65
1973	26.65
1974	26.65
1975	26.65
1976	26.65
1977	26.65
1978	26.65
1979	26.65
1980	26.65
1981	26.65
1982	26.65
1983	26.65
1984	26.65
1985	26.65
1986	26.65
1987	26.65
1988	26.65
1989	26.65
1990	26.65
1991	26.65
1992	26.65
1993	26.65
1994	26.65
1995	26.65
1996	26.65
1997	26.65
1998	26.65
1999	26.65
2000	26.65
2001	26.65
2002	26.65
2003	26.65
2004	26.65
2005	26.65
2006	26.65
2007	26.65
2008	26.65
2009	26.65
2010	26.65
2011	26.65
2012	26.65
2013	26.65
2014	26.65
2015	26.65
2016	26.65
2017	26.65
2018	26.65
2019	26.65
2020	26.65
2021	26.65
2022	26.65
2023	26.65
2024	26.65
2025	26.65
2026	26.65
2027	26.65
2028	26.65
2029	26.65
2030	26.65
2031	26.65
2032	26.65
2033	26.65
2034	26.65
2035	26.65
2036	26.65
2037	26.65
2038	26.65
2039	26.65
2040	26.65
2041	26.65
2042	26.65
2043	26.65
2044	26.65
2045	26.65
2046	26.65
2047	26.65
2048	26.65
2049	26.65
2050	26.65
2051	26.65
2052	26.65
2053	26.65
2054	26.65
2055	26.65
2056	26.65
2057	26.65
2058	26.65
2059	26.65
2060	26.65
2061	26.65
2062	26.65
2063	26.65
2064	26.65
2065	26.65
2066	26.65
2067	26.65
2068	26.65
2069	26.65
2070	26.65
2071	26.65
2072	26.65
2073	26.65
2074	26.65
2075	26.65
2076	26.65
2077	26.65
2078	26.65
2079	26.65
2080	26.65
2081	26.65
2082	26.65
2083	26.65
2084	26.65
2085	26.65
2086	26.65
2087	26.65
2088	26.65
2089	26.65
2090	26.65
2091	26.65
2092	26.65
2093	26.65
2094	26.65
2095	26.65
2096	26.65
2097	26.65
2098	26.65
2099	26.65
2100	26.65
2101	26.65
2102	26.65
2103	26.65
2104	26.65
2105	26.65
2106	26.65
2107	26.65
2108	26.65
2109	26.65
2110	26.65
2111	26.65
2112	26.65
2113	26.65
2114	26.65
2115	26.65
2116	26.65
2117	26.65
2118	26.65
2119	26.65
2120	26.65
2121	26.65
2122	26.65
2123	26.65
2124	26.65
2125	26.65
2126	26.65
2127	26.65
2128	26.65
2129	26.65
2130	26.65
2131	26.65
2132	26.65
2133	26.65
2134	26.65
2135	26.65
2136	26.65
2137	26.65
2138	26.65
2139	26.65
2140	26.65
2141	26.65
2142	26.65
2143	26.65
2144	26.65
2145	26.65
2146	26.65
2147	26.65
2148	26.65
2149	26.65
2150	26.65
2151	26.65
2152	26.65
2153	26.65
2154	26.65
2155	26.65
2156	26.65
2157	26.65
2158	26.65
2159	26.65
2160	26.65
2161	26.65
2162	26.65
2163	26.65
2164	26.65
2165	26.65
2166	26.65
2167	26.65
2168	26.65
2169	26.65
2170	26.65
2171	26.65
2172	26.65
2173	26.65
2174	26.65
2175	26.65
2176	26.65
2177	26.65
2178	26.65
2179	26.65
2180	26.65
2181	26.65
2182	26.65
2183	26.65
2184	26.65
2185	26.65
2186	26.65
2187	26.65
2188	26.65
2189	26.65
2190	26.65
2191	26.65
2192	26.65
2193	26.65
2194	26.65
2195	26.65
2196	26.65
2197	26.65
2198	26.65
2199	26.65
2200	26.65
2201	26.65
2202	26.65
2203	26.65
2204	26.65
2205	26.65
2206	26.65
2207	26.65
2208	26.65
2209	26.65
2210	26.65
2211	26.65
2212	26.65
2213	26.65
2214	26.65
2215	26.65
2216	26.65
2217	26.65
2218	26.65
2219	26.65
2220	26.65
2221	26.65
2222	26.65
2223	26.65
2224	26.65
2225	26.65
2226	26.65
2227	26.65
2228	26.65
2229	26.65
2230	26.65
2231	26.65
2232	26.65
2233	26.65
2234	26.65
2235	26.65
2236	26.65
2237	26.65
2238	26.65
2239	26.65
2240	26.65
2241	26.65
2242	26.65
2243	26.65
2244	26.65
2245	26.65
2246	26.65
2247	26.65
2248	26.65
2249	26.65
2250	26.65
2251	26.65
2252	26.65
2253	26.65
2254	26.65
2255	26.65
2256	26.65
2257	26.65
2258	26.65
2259	26.65
2260	26.65
2261	26.65
2262	26.65
2263	26.65
2264	26.65
2265	26.65
2266	26.65
2267	26.65
2268	26.65
2269	26.65
2270	26.65
2271	26.65
2272	26.65
2273	26.65
2274	26.65
2275	26.65
2276	26.65
2277	26.65
2278	26.65
2279	26.65
2280	26.65
2281	26.65
2282	26.65
2283	26.65
2284	26.65
2285	26.65
2286	26.65
2287	26.65
2288	26.65
2289	26.65
2290	26.65
2291	26.65
2292	26.65
2293	26.65
2294	26.65
2295	26.65
2296	26.65
2297	26.65
2298	26.65
2299	26.65
2300	26.65
2301	26.65
2302	26.65
2303	26.65
2304	26.65
2305	26.65
2306	26.65
2307	26.65
2308	26.65
2309	26.65
2310	26.65
2311	26.65
2312	26.65
2313	26.65
2314	26.65
2315	26.65
2316	26.65
2317	26.65
2318	26.65
2319	26.65
2320	26.65
2321	26.65
2322	26.65
2323	26.65
2324	26.65
2325	26.65
2326	26.65
2327	26.65
2328	26.65
2329	26.65
2330	26.65
2331	26.65
2332	26.65
2333	26.65
2334	26.65
2335	26.65
2336	26.65
2337	26.65
2338	26.65
2339	26.65
2340	26.65
2341	26.65
2342	26.65
2343	26.65
2344	26.65
2345	26.65
2346	26.65
2347	26.65
2348	26.65
2349	26.65
2350	26.65
2351	26.65
2352	26.65
2353	26.65
2354	26.65
2355	26.65
2356	26.65
2357	26.65
2358	26.65
2359	26.65
2360	26.65
2361	26.65
2362	26.65
2363	26.65
2364	26.65
2365	26.65
2366	26.65
2367	26.65
2368	26.65
2369	26.65
2370	26.65
2371	26.65
2372	26.65
2373	26.65
2374	26.65
2375	26.65
2376	26.65
2377	26.65
2378	26.65
2379	26.65
2380	26.65
2381	26.65
2382	26.65
2383	26.65
2384	26.65
2385	26.65
2386	26.65
2387	26.65
2388	26.65
2389	26.65
2390	26.65
2391	26.65
2392	26.65
2393	26.65
2394	26.65
2395	26.65
2396	26.65
2397	26.65
2398	26.65
2399	26.65
2400	26.65
2401	26.65
2402	26.65
2403	26.65
2404	26.65
2405	26.65
2406	26.65
2407	26.65
2408	26.65
2409	26.65
2410	26.65
2411	26.65
2412	26.65
2413	26.65
2414	26.65
2415	26.65
2416	26.65
2417	26.65
2418	26.65
2419	26.65
2420	26.65
2421	26.65
2422	26.65
2423	26.65
2424	26.65
2425	26.65
2426	26.65
2427	26.65
2428	26.65
2429	26.65
2430	26.65
2431	26.65
2432	26.65
2433	26.65
2434	26.65
2435	26.65
2436	26.65
2437	26.65
2438	26.65
2439	26.65
2440	26.65
2441	26.65
2442	26.65
2443	26.65
2444	26.65
2445	26.65
2446	26.65
2447	26.65
2448	26.65
2449	26.65
2450	26.65
2451	26.65
2452	26.65
2453	26.65
2454	26.65
2455	26.65
2456	26.65
2457	26.65
2458	26.65
2459	26.65
2460	26.65
2461	26.65
2462	26.65
2463	26.65
2464	26.65
2465	26.65
2466	26.65
2467	26.65
2468	26.65
2469	26.65
2470	26.65
2471	26.65
2472	26.65
2473	26.65
2474	26.65
2475	26.65
2476	26.65
2477	26.65
2478	26.65
2479	26.65
2480	26.65
2481	26.65
2482	26.65
2483	26.65
2484	26.65
2485	26.65
2486	26.65
2487	26.65
2488	26.65
2489	26.65
2490	26.65
2491	26.65
2492	26.65
2493	26.65
2494	26.65
2495	26.65
2496	26.65
2497	26.65
2498	26.65
2499	26.65
2500	26.65
2501	26.65
2502	26.65
2503	26.65
2504	26.65
2505	26.65
2506	26.65
2507	26.65
2508	26.65
2509	26.65
2510	26.65
2511	26.65
2512	26.65
2513	26.65
2514	26.65
2515	26.65
2516	26.65
2517	26.65
2518	26.65
2519	26.65
2520	26.65
2521	26.65
2522	26.65
2523	26.65
2524	26.65
2525	26.65
2526	26.65
2527	26.65
2528	26.65
2529	26.65
2530	26.65
2531	26.65
2532	26.65
2533	26.65
2534	26.65
2535	26.65
2536	26.65
2537	26.65
2538	26.65
2539	26.65
2540	26.65
2541	26.65
2542	26.65
2543	26.65
2544	26.65
2545	26.65
2546	26.65
2547	26.65
2548	26.65
2549	26.65
2550	26.65
2551	26.65
2552	26.65
2553	26.65
2554	26.65
2555	26.65
2556	26.65
2557	26.65
2558	26.65
2559	26.65
2560	26.65
2561	26.65
2562	26.65
2563	26.65
2564	26.65
2565	26.65
2566	26.65
2567	26.65
2568	26.65
2569	26.65
2570	26.65
2571	26.65
2572	26.65
2573	26.65
2574	26.65
2575	26.65
2576	26.65
2577	26.65
2578	26.65
2579	26.65
2580	26.65
2581	26.65
2582	26.65
2583	26.65
2584	26.65
2585	26.65
2586	26.65
2587	26.65
2588	26.65
2589	26.65
2590	26.65
2591	26.65
2592	26.65
2593	26.65
2594	26.65
2595	26.65
2596	26.65
2597	26.65
2598	26.65
2599	26.65
2600	26.65
2601	26.65
2602	26.65
2603	26.65
2604	26.65
2605	26.65
2606	26.65
2607	26.65
2608	26.65
2609	26.65
2610	26.65
2611	26.65
2612	26.65
2613	26.65
2614	26.65
2615	26.65
2616	26.65
2617	26.65
2618	26.65
2619	26.65
2620	26.65
2621	26.65
2622	26.65
2623	26.65
2624	26.65
2625	26.65
2626	26.65
2627	26.65
2628	26.65
2629	26.65
2630	26.65
2631	26.65
2632	26.65
2633	26.65
2634	26.65
2635	26.65
2636	26.65
2637	26.65
2638	26.65
2639	26.65
2640	26.65
2641	26.65
2642	26.65
2643	26.65
2644	26.65
2645	26.65
2646	26.65
2647	26.65
2648	26.65
2649	26.65
2650	26.65
2651	26.65
2652	26.65
2653	26.65
2654	26.65
2655	26.65
2656	26.65
2657	26.65
2658	26.65
2659	26.65
2660	26.65
2661	26.65
2662	26.65
2663	26.65
2664	26.65
2665	26.65
2666	26.65
2667	26.65
2668	26.65
2669	26.65
2670	26.65
2671	26.65
2672	26.65
2673	26.65
2674	26.65
2675	26.65
2676	26.65
2677	26.65
2678	26.65
2679	26.65
2680	26.65
2681	26.65
2682	26.65
2683	26.65
2684	26.65
2685	26.65
2686	26.65
2687	26.65
2688	26.65
2689	26.65
2690	26.65
2691	26.65
2692	26.65
2693	26.65
2694	26.65
2695	26.65
2696	26.65
2697	26.65
2698	26.65
2699	26.65
2700	26.65
2701	26.65
2702	26.65
2703	26.65
2704	26.65
2705	26.65
2706	26.65
2707	26.65
2708	26.65
2709	26.65
2710	26.65
2711	26.65
2712	26.65
2713	26.65
2714	26.65
2715	26.65
2716	26.65
2717	26.65
2718	26.65
2719	26.65
2720	26.65
2721	26.65
2722	26.65
2723	26.65
2724	26.65
2725	26.65
2726	26.65
2727	26.65
2728	26.65
2729	26.65
2730	26.65
2731	26.65
2732	26.65
2733	26.65
2734	26.65
2735	26.65
2736	26.65
2737	26.65
2738	26.65
2739	26.65
2740	26.65
2741	26.65
2742	26.65
2743	26.65
2744	26.65
2745	26.65
2746	26.65
2747	26.65
2748	26.65
2749	26.65
2750	26.65
2751	26.65
2752	26.65
2753	26.65
2754	26.65
2755	26.65
2756	26.65
2757	26.65
2758	26.65
2759	26.65
2760	26.65
2761	26.65
2762	26.65
2763	26.65
2764	26.65
2765	26.65
2766	26.65
2767	26.65
2768	26.65
2769	26.65
2770	26.65
2771	26.65
2772	26.65
2773	26.65
2774	26.65
2775	26.65
2776	26.65
2777	26.65
2778	26.65
2779	26.65
2780	26.65
2781	26.65
2782	26.65
2783	26.65
2784	26.65
2785	26.65
2786	26.65
2787	26.65
2788	26.65
2789	26.65
2790	26.65
2791	26.65
2792	26.65
2793	26.65
2794	26.65
2795	26.65
2796	26.65
2797	26.65
2798	26.65
2799	26.65
2800	26.65
2801	26.65
2802	26.65
2803	26.65
2804	26.65
2805	26.65
2806	26.65
2807	26.65
2808	26.65
2809	26.65
2810	26.65
2811	26.65
2812	26.65
2813	26.65
2814	26.65
2815	26.65
2816	26.65
2817	26.65
2818	26.65
2819	26.65
2820	26.65
2821	26.65
2822	26.65
2823	26.65
2824	26.65
2825	26.65
2826	26.65
2827	26.65
2828	26.65
2829	26.65
2830	26.65
2831	26.65
2832	26.65
2833	26.65
2834	26.65
2835	26.65
2836	26.65
2837	26.65
2838	26.65
2839	26.65
2840	26.65
2841	26.65
2842	26.65
2843	26.65
2844	26.65
2845	26.65
2846	26.65
2847	26.65
2848	26.65
2849	26.65
2850	26.65
2851	26.65
2852	26.65
2853	26.65
2854	26.65
2855	26.65
2856	26.65
2857	26.65
2858	26.65
2859	26.65
2860	26.65
2861	26.65
2862	26.65
2863	26.65
2864	26.65
2865	26.65
2866	26.65
2867	26.65
2868	26.65
2869	26.65
2870	26.65
2871	26.65
2872	26.65
2873	26.65
2874	26.65
2875	26.65
2876	26.65
2877	26.65
2878	26.65
2879	26.65
2880	26.65
2881	26.65
2882	26.65
2883	26.65
2884	26.65
2885	26.65
2886	26.65
2887	26.65
2888	26.65
2889	26.65
2890	26.65
2891	26.65
2892	26.65
2893	26.65
2894	26.65
2895	26.65
2896	26.65
2897	26.65
2898	26.65
2899	26.65
2900	26.65
2901	26.65
2902	26.65
2903	26.65
2904	26.65
2905	26.65
2906	26.65
2907	26.65
2908	26.65
2909	26.65
2910	26.65
2911	26.65
2912	26.65
2913	26.65
2914	26.65
2915	26.65
2916	26.65
2917	26.65
2918	26.65
2919	26.65
2920	26.65
2921	26.65
2922	26.65
2923	26.65
2924	26.65
2925	26.65
2926	26.65
2927	26.65
2928	26.65
2929	26.65
2930	26.65
2931	26.65
2932	26.65
2933	26.65
2934	26.65
2935	26.65
2936	26.65
2937	26.65
2938	26.65
2939	26.65
2940	26.65
2941	26.65
2942	26.65
2943	26.65
2944	26.65
2945	26.65
2946	26.65
2947	26.65
2948	26.65
2949	26.65
2950	26.65
2951	26.65
2952	26.65
2953	26.65
2954	26.65
2955	26.65
2956	26.65
2957	26.65
2958	26.65
2959	26.65
2960	26.65
2961	26.65
2962	26.65
2963	26.65
2964	26.65
2965	26.65
2966	26.65
2967	26.65
2968	26.65
2969	26.65
2970	26.65
2971	26.65
2972	26.65
2973	26.65
2974	26.65
2975	26.65
2976	26.65
2977	26.65
2978	26.65
2979	26.65
2980	26.65
2981	26.65
2982	26.65
2983	26.65
2984	26.65
2985	26.65
2986	26.65
2987	26.65
2988	26.65
2989	26.65
2990	26.65
2991	26.65
2992	26.65
2993	26.65
2994	26.65
2995	26.65
2996	26.65
2997	26.65
