0	13.34
1	13.34
2	13.34
3	13.34
4	13.34
5	13.34
6	13.34
7	13.34
8	13.34
9	13.34
10	13.34
11	13.34
12	13.34
13	13.34
14	13.34
15	13.34
16	13.34
17	13.34
18	13.34
19	13.34
20	13.34
21	13.34
22	13.34
23	13.34
24	13.34
25	13.34
26	13.34
27	13.34
28	13.34
29	13.34
30	13.34
31	13.34
32	13.34
33	13.34
34	13.34
35	13.34
36	13.34
37	13.34
38	13.34
39	13.34
40	13.34
41	13.34
42	13.34
43	13.34
44	13.34
45	13.34
46	13.34
47	13.34
48	13.34
49	13.34
50	13.34
51	13.34
52	13.34
53	13.34
54	13.34
55	13.34
56	13.34
57	13.34
58	13.34
59	13.34
60	13.34
61	13.34
62	13.34
63	13.34
64	13.34
65	13.34
66	13.34
67	13.34
68	13.34
69	13.34
70	13.34
71	13.34
72	13.34
73	13.34
74	13.34
75	13.34
76	13.34
77	13.34
78	13.34
79	13.34
80	13.34
81	13.34
82	13.34
83	13.34
84	13.34
85	13.34
86	13.34
87	13.34
88	13.34
89	13.34
90	13.34
91	13.34
92	13.34
93	13.34
94	13.34
95	13.34
96	13.34
97	13.34
98	13.34
99	13.34
100	13.34
101	13.34
102	13.34
103	13.34
104	13.34
105	13.34
106	13.34
107	13.34
108	13.34
109	13.34
110	13.34
111	13.34
112	13.34
113	13.34
114	13.34
115	13.34
116	13.34
117	13.34
118	13.34
119	13.34
120	13.34
121	13.34
122	13.34
123	13.34
124	13.34
125	13.34
126	13.34
127	13.34
128	13.34
129	13.34
130	13.34
131	13.34
132	13.34
133	13.34
134	13.34
135	13.34
136	13.34
137	13.34
138	13.34
139	13.34
140	13.34
141	13.34
142	13.34
143	13.34
144	13.34
145	13.34
146	13.34
147	13.34
148	13.34
149	13.34
150	13.34
151	13.34
152	13.34
153	13.34
154	13.34
155	13.34
156	13.34
157	13.34
158	13.34
159	13.34
160	13.34
161	13.34
162	13.34
163	13.34
164	13.34
165	13.34
166	13.34
167	13.34
168	13.34
169	13.34
170	13.34
171	13.34
172	13.34
173	13.34
174	13.34
175	13.34
176	13.34
177	13.34
178	13.34
179	13.34
180	13.34
181	13.34
182	13.34
183	13.34
184	13.34
185	13.34
186	13.34
187	13.34
188	13.34
189	13.34
190	13.34
191	13.34
192	13.34
193	13.34
194	13.34
195	13.34
196	13.34
197	13.34
198	13.34
199	13.34
200	13.34
201	13.34
202	13.34
203	13.34
204	13.34
205	13.34
206	13.34
207	13.34
208	13.34
209	13.34
210	13.34
211	13.34
212	13.34
213	13.34
214	13.34
215	13.34
216	13.34
217	13.34
218	13.34
219	13.34
220	13.34
221	13.34
222	13.34
223	13.34
224	13.34
225	13.34
226	13.34
227	13.34
228	13.34
229	13.34
230	13.34
231	13.34
232	13.34
233	13.34
234	13.34
235	13.34
236	13.34
237	13.34
238	13.34
239	13.34
240	13.34
241	13.34
242	13.34
243	13.34
244	13.34
245	13.34
246	13.34
247	13.34
248	13.34
249	13.34
250	13.34
251	13.34
252	13.34
253	13.34
254	13.34
255	13.34
256	13.34
257	13.34
258	13.34
259	13.34
260	13.34
261	13.34
262	13.34
263	13.34
264	13.34
265	13.34
266	13.34
267	13.34
268	13.34
269	13.34
270	13.34
271	13.34
272	13.34
273	13.34
274	13.34
275	13.34
276	13.34
277	13.34
278	13.34
279	13.34
280	13.34
281	13.34
282	13.34
283	13.34
284	13.34
285	13.34
286	13.34
287	13.34
288	13.34
289	13.34
290	13.34
291	13.34
292	13.34
293	13.34
294	13.34
295	13.34
296	13.34
297	13.34
298	13.34
299	13.34
300	13.34
301	13.34
302	13.34
303	13.34
304	13.34
305	13.34
306	13.34
307	13.34
308	13.34
309	13.34
310	13.34
311	13.34
312	13.34
313	13.34
314	13.34
315	13.34
316	13.34
317	13.34
318	13.34
319	13.34
320	13.34
321	13.34
322	13.34
323	13.34
324	13.34
325	13.34
326	13.34
327	13.34
328	13.34
329	13.34
330	13.34
331	13.34
332	13.34
333	13.34
334	13.34
335	13.34
336	13.34
337	13.34
338	13.34
339	13.34
340	13.34
341	13.34
342	13.34
343	13.34
344	13.34
345	13.34
346	13.34
347	13.34
348	13.34
349	13.34
350	13.34
351	13.34
352	13.34
353	13.34
354	13.34
355	13.34
356	13.34
357	13.34
358	13.34
359	13.34
360	13.34
361	13.34
362	13.34
363	13.34
364	13.34
365	13.34
366	13.34
367	13.34
368	13.34
369	13.34
370	13.34
371	13.34
372	13.34
373	13.34
374	13.34
375	13.34
376	13.34
377	13.34
378	13.34
379	13.34
380	13.34
381	13.34
382	13.34
383	13.34
384	13.34
385	13.34
386	13.34
387	13.34
388	13.34
389	13.34
390	13.34
391	13.34
392	13.34
393	13.34
394	13.34
395	13.34
396	13.34
397	13.34
398	13.34
399	13.34
400	13.34
401	13.34
402	13.34
403	13.34
404	13.34
405	13.34
406	13.34
407	13.34
408	13.34
409	13.34
410	13.34
411	13.34
412	13.34
413	13.34
414	13.34
415	13.34
416	13.34
417	13.34
418	13.34
419	13.34
420	13.34
421	13.34
422	13.34
423	13.34
424	13.34
425	13.34
426	13.34
427	13.34
428	13.34
429	13.34
430	13.34
431	13.34
432	13.34
433	13.34
434	13.34
435	13.34
436	13.34
437	13.34
438	13.34
439	13.34
440	13.34
441	13.34
442	13.34
443	13.34
444	13.34
445	13.34
446	13.34
447	13.34
448	13.34
449	13.34
450	13.34
451	13.34
452	13.34
453	13.34
454	13.34
455	13.34
456	13.34
457	13.34
458	13.34
459	13.34
460	13.34
461	13.34
462	13.34
463	13.34
464	13.34
465	13.34
466	13.34
467	13.34
468	13.34
469	13.34
470	13.34
471	13.34
472	13.34
473	13.34
474	13.34
475	13.34
476	13.34
477	13.34
478	13.34
479	13.34
480	13.34
481	13.34
482	13.34
483	13.34
484	13.34
485	13.34
486	13.34
487	13.34
488	13.34
489	13.34
490	13.34
491	13.34
492	13.34
493	13.34
494	13.34
495	13.34
496	13.34
497	13.34
498	13.34
499	13.34
500	13.34
501	13.34
502	13.34
503	13.34
504	13.34
505	13.34
506	13.34
507	13.34
508	13.34
509	13.34
510	13.34
511	13.34
512	13.34
513	13.34
514	13.34
515	13.34
516	13.34
517	13.34
518	13.34
519	13.34
520	13.34
521	13.34
522	13.34
523	13.34
524	13.34
525	13.34
526	13.34
527	13.34
528	13.34
529	13.34
530	13.34
531	13.34
532	13.34
533	13.34
534	13.34
535	13.34
536	13.34
537	13.34
538	13.34
539	13.34
540	13.34
541	13.34
542	13.34
543	13.34
544	13.34
545	13.34
546	13.34
547	13.34
548	13.34
549	13.34
550	13.34
551	13.34
552	13.34
553	13.34
554	13.34
555	13.34
556	13.34
557	13.34
558	13.34
559	13.34
560	13.34
561	13.34
562	13.34
563	13.34
564	13.34
565	13.34
566	13.34
567	13.34
568	13.34
569	13.34
570	13.34
571	13.34
572	13.34
573	13.34
574	13.34
575	13.34
576	13.34
577	13.34
578	13.34
579	13.34
580	13.34
581	13.34
582	13.34
583	13.34
584	13.34
585	13.34
586	13.34
587	13.34
588	13.34
589	13.34
590	13.34
591	13.34
592	13.34
593	13.34
594	13.34
595	13.34
596	13.34
597	13.34
598	13.34
599	13.34
600	13.34
601	13.34
602	13.34
603	13.34
604	13.34
605	13.34
606	13.34
607	13.34
608	13.34
609	13.34
610	13.34
611	13.34
612	13.34
613	13.34
614	13.34
615	13.34
616	13.34
617	13.34
618	13.34
619	13.34
620	13.34
621	13.34
622	13.34
623	13.34
624	13.34
625	13.34
626	13.34
627	13.34
628	13.34
629	13.34
630	13.34
631	13.34
632	13.34
633	13.34
634	13.34
635	13.34
636	13.34
637	13.34
638	13.34
639	13.34
640	13.34
641	13.34
642	13.34
643	13.34
644	13.34
645	13.34
646	13.34
647	13.34
648	13.34
649	13.34
650	13.34
651	13.34
652	13.34
653	13.34
654	13.34
655	13.34
656	13.34
657	13.34
658	13.34
659	13.34
660	13.34
661	13.34
662	13.34
663	13.34
664	13.34
665	13.34
666	13.34
667	13.34
668	13.34
669	13.34
670	13.34
671	13.34
672	13.34
673	13.34
674	13.34
675	13.34
676	13.34
677	13.34
678	13.34
679	13.34
680	13.34
681	13.34
682	13.34
683	13.34
684	13.34
685	13.34
686	13.34
687	13.34
688	13.34
689	13.34
690	13.34
691	13.34
692	13.34
693	13.34
694	13.34
695	13.34
696	13.34
697	13.34
698	13.34
699	13.34
700	13.34
701	13.34
702	13.34
703	13.34
704	13.34
705	13.34
706	13.34
707	13.34
708	13.34
709	13.34
710	13.34
711	13.34
712	13.34
713	13.34
714	13.34
715	13.34
716	13.34
717	13.34
718	13.34
719	13.34
720	13.34
721	13.34
722	13.34
723	13.34
724	13.34
725	13.34
726	13.34
727	13.34
728	13.34
729	13.34
730	13.34
731	13.34
732	13.34
733	13.34
734	13.34
735	13.34
736	13.34
737	13.34
738	13.34
739	13.34
740	13.34
741	13.34
742	13.34
743	13.34
744	13.34
745	13.34
746	13.34
747	13.34
748	13.34
749	13.34
750	13.34
751	13.34
752	13.34
753	13.34
754	13.34
755	13.34
756	13.34
757	13.34
758	13.34
759	13.34
760	13.34
761	13.34
762	13.34
763	13.34
764	13.34
765	13.34
766	13.34
767	13.34
768	13.34
769	13.34
770	13.34
771	13.34
772	13.34
773	13.34
774	13.34
775	13.34
776	13.34
777	13.34
778	13.34
779	13.34
780	13.34
781	13.34
782	13.34
783	13.34
784	13.34
785	13.34
786	13.34
787	13.34
788	13.34
789	13.34
790	13.34
791	13.34
792	13.34
793	13.34
794	13.34
795	13.34
796	13.34
797	13.34
798	13.34
799	13.34
800	13.34
801	13.34
802	13.34
803	13.34
804	13.34
805	13.34
806	13.34
807	13.34
808	13.34
809	13.34
810	13.34
811	13.34
812	13.34
813	13.34
814	13.34
815	13.34
816	13.34
817	13.34
818	13.34
819	13.34
820	13.34
821	13.34
822	13.34
823	13.34
824	13.34
825	13.34
826	13.34
827	13.34
828	13.34
829	13.34
830	13.34
831	13.34
832	13.34
833	13.34
834	13.34
835	13.34
836	13.34
837	13.34
838	13.34
839	13.34
840	13.34
841	13.34
842	13.34
843	13.34
844	13.34
845	13.34
846	13.34
847	13.34
848	13.34
849	13.34
850	13.34
851	13.34
852	13.34
853	13.34
854	13.34
855	13.34
856	13.34
857	13.34
858	13.34
859	13.34
860	13.34
861	13.34
862	13.34
863	13.34
864	13.34
865	13.34
866	13.34
867	13.34
868	13.34
869	13.34
870	13.34
871	13.34
872	13.34
873	13.34
874	13.34
875	13.34
876	13.34
877	13.34
878	13.34
879	13.34
880	13.34
881	13.34
882	13.34
883	13.34
884	13.34
885	13.34
886	13.34
887	13.34
888	13.34
889	13.34
890	13.34
891	13.34
892	13.34
893	13.34
894	13.34
895	13.34
896	13.34
897	13.34
898	13.34
899	13.34
900	13.34
901	13.34
902	13.34
903	13.34
904	13.34
905	13.34
906	13.34
907	13.34
908	13.34
909	13.34
910	13.34
911	13.34
912	13.34
913	13.34
914	13.34
915	13.34
916	13.34
917	13.34
918	13.34
919	13.34
920	13.34
921	13.34
922	13.34
923	13.34
924	13.34
925	13.34
926	13.34
927	13.34
928	13.34
929	13.34
930	13.34
931	13.34
932	13.34
933	13.34
934	13.34
935	13.34
936	13.34
937	13.34
938	13.34
939	13.34
940	13.34
941	13.34
942	13.34
943	13.34
944	13.34
945	13.34
946	13.34
947	13.34
948	13.34
949	13.34
950	13.34
951	13.34
952	13.34
953	13.34
954	13.34
955	13.34
956	13.34
957	13.34
958	13.34
959	13.34
960	13.34
961	13.34
962	13.34
963	13.34
964	13.34
965	13.34
966	13.34
967	13.34
968	13.34
969	13.34
970	13.34
971	13.34
972	13.34
973	13.34
974	13.34
975	13.34
976	13.34
977	13.34
978	13.34
979	13.34
980	13.34
981	13.34
982	13.34
983	13.34
984	13.34
985	13.34
986	13.34
987	13.34
988	13.34
989	13.34
990	13.34
991	13.34
992	13.34
993	13.34
994	13.34
995	13.34
996	13.34
997	13.34
998	13.34
999	13.34
1000	13.34
1001	13.34
1002	13.34
1003	13.34
1004	13.34
1005	13.34
1006	13.34
1007	13.34
1008	13.34
1009	13.34
1010	13.34
1011	13.34
1012	13.34
1013	13.34
1014	13.34
1015	13.34
1016	13.34
1017	13.34
1018	13.34
1019	13.34
1020	13.34
1021	13.34
1022	13.34
1023	13.34
1024	13.34
1025	13.34
1026	13.34
1027	13.34
1028	13.34
1029	13.34
1030	13.34
1031	13.34
1032	13.34
1033	13.34
1034	13.34
1035	13.34
1036	13.34
1037	13.34
1038	13.34
1039	13.34
1040	13.34
1041	13.34
1042	13.34
1043	13.34
1044	13.34
1045	13.34
1046	13.34
1047	13.34
1048	13.34
1049	13.34
1050	13.34
1051	13.34
1052	13.34
1053	13.34
1054	13.34
1055	13.34
1056	13.34
1057	13.34
1058	13.34
1059	13.34
1060	13.34
1061	13.34
1062	13.34
1063	13.34
1064	13.34
1065	13.34
1066	13.34
1067	13.34
1068	13.34
1069	13.34
1070	13.34
1071	13.34
1072	13.34
1073	13.34
1074	13.34
1075	13.34
1076	13.34
1077	13.34
1078	13.34
1079	13.34
1080	13.34
1081	13.34
1082	13.34
1083	13.34
1084	13.34
1085	13.34
1086	13.34
1087	13.34
1088	13.34
1089	13.34
1090	13.34
1091	13.34
1092	13.34
1093	13.34
1094	13.34
1095	13.34
1096	13.34
1097	13.34
1098	13.34
1099	13.34
1100	13.34
1101	13.34
1102	13.34
1103	13.34
1104	13.34
1105	13.34
1106	13.34
1107	13.34
1108	13.34
1109	13.34
1110	13.34
1111	13.34
1112	13.34
1113	13.34
1114	13.34
1115	13.34
1116	13.34
1117	13.34
1118	13.34
1119	13.34
1120	13.34
1121	13.34
1122	13.34
1123	13.34
1124	13.34
1125	13.34
1126	13.34
1127	13.34
1128	13.34
1129	13.34
1130	13.34
1131	13.34
1132	13.34
1133	13.34
1134	13.34
1135	13.34
1136	13.34
1137	13.34
1138	13.34
1139	13.34
1140	13.34
1141	13.34
1142	13.34
1143	13.34
1144	13.34
1145	13.34
1146	13.34
1147	13.34
1148	13.34
1149	13.34
1150	13.34
1151	13.34
1152	13.34
1153	13.34
1154	13.34
1155	13.34
1156	13.34
1157	13.34
1158	13.34
1159	13.34
1160	13.34
1161	13.34
1162	13.34
1163	13.34
1164	13.34
1165	13.34
1166	13.34
1167	13.34
1168	13.34
1169	13.34
1170	13.34
1171	13.34
1172	13.34
1173	13.34
1174	13.34
1175	13.34
1176	13.34
1177	13.34
1178	13.34
1179	13.34
1180	13.34
1181	13.34
1182	13.34
1183	13.34
1184	13.34
1185	13.34
1186	13.34
1187	13.34
1188	13.34
1189	13.34
1190	13.34
1191	13.34
1192	13.34
1193	13.34
1194	13.34
1195	13.34
1196	13.34
1197	13.34
1198	13.34
1199	13.34
1200	13.34
1201	13.34
1202	13.34
1203	13.34
1204	13.34
1205	13.34
1206	13.34
1207	13.34
1208	13.34
1209	13.34
1210	13.34
1211	13.34
1212	13.34
1213	13.34
1214	13.34
1215	13.34
1216	13.34
1217	13.34
1218	13.34
1219	13.34
1220	13.34
1221	13.34
1222	13.34
1223	13.34
1224	13.34
1225	13.34
1226	13.34
1227	13.34
1228	13.34
1229	13.34
1230	13.34
1231	13.34
1232	13.34
1233	13.34
1234	13.34
1235	13.34
1236	13.34
1237	13.34
1238	13.34
1239	13.34
1240	13.34
1241	13.34
1242	13.34
1243	13.34
1244	13.34
1245	13.34
1246	13.34
1247	13.34
1248	13.34
1249	13.34
1250	13.34
1251	13.34
1252	13.34
1253	13.34
1254	13.34
1255	13.34
1256	13.34
1257	13.34
1258	13.34
1259	13.34
1260	13.34
1261	13.34
1262	13.34
1263	13.34
1264	13.34
1265	13.34
1266	13.34
1267	13.34
1268	13.34
1269	13.34
1270	13.34
1271	13.34
1272	13.34
1273	13.34
1274	13.34
1275	13.34
1276	13.34
1277	13.34
1278	13.34
1279	13.34
1280	13.34
1281	13.34
1282	13.34
1283	13.34
1284	13.34
1285	13.34
1286	13.34
1287	13.34
1288	13.34
1289	13.34
1290	13.34
1291	13.34
1292	13.34
1293	13.34
1294	13.34
1295	13.34
1296	13.34
1297	13.34
1298	13.34
1299	13.34
1300	13.34
1301	13.34
1302	13.34
1303	13.34
1304	13.34
1305	13.34
1306	13.34
1307	13.34
1308	13.34
1309	13.34
1310	13.34
1311	13.34
1312	13.34
1313	13.34
1314	13.34
1315	13.34
1316	13.34
1317	13.34
1318	13.34
1319	13.34
1320	13.34
1321	13.34
1322	13.34
1323	13.34
1324	13.34
1325	13.34
1326	13.34
1327	13.34
1328	13.34
1329	13.34
1330	13.34
1331	13.34
1332	13.34
1333	13.34
1334	13.34
1335	13.34
1336	13.34
1337	13.34
1338	13.34
1339	13.34
1340	13.34
1341	13.34
1342	13.34
1343	13.34
1344	13.34
1345	13.34
1346	13.34
1347	13.34
1348	13.34
1349	13.34
1350	13.34
1351	13.34
1352	13.34
1353	13.34
1354	13.34
1355	13.34
1356	13.34
1357	13.34
1358	13.34
1359	13.34
1360	13.34
1361	13.34
1362	13.34
1363	13.34
1364	13.34
1365	13.34
1366	13.34
1367	13.34
1368	13.34
1369	13.34
1370	13.34
1371	13.34
1372	13.34
1373	13.34
1374	13.34
1375	13.34
1376	13.34
1377	13.34
1378	13.34
1379	13.34
1380	13.34
1381	13.34
1382	13.34
1383	13.34
1384	13.34
1385	13.34
1386	13.34
1387	13.34
1388	13.34
1389	13.34
1390	13.34
1391	13.34
1392	13.34
1393	13.34
1394	13.34
1395	13.34
1396	13.34
1397	13.34
1398	13.34
1399	13.34
1400	13.34
1401	13.34
1402	13.34
1403	13.34
1404	13.34
1405	13.34
1406	13.34
1407	13.34
1408	13.34
1409	13.34
1410	13.34
1411	13.34
1412	13.34
1413	13.34
1414	13.34
1415	13.34
1416	13.34
1417	13.34
1418	13.34
1419	13.34
1420	13.34
1421	13.34
1422	13.34
1423	13.34
1424	13.34
1425	13.34
1426	13.34
1427	13.34
1428	13.34
1429	13.34
1430	13.34
1431	13.34
1432	13.34
1433	13.34
1434	13.34
1435	13.34
1436	13.34
1437	13.34
1438	13.34
1439	13.34
1440	13.34
1441	13.34
1442	13.34
1443	13.34
1444	13.34
1445	13.34
1446	13.34
1447	13.34
1448	13.34
1449	13.34
1450	13.34
1451	13.34
1452	13.34
1453	13.34
1454	13.34
1455	13.34
1456	13.34
1457	13.34
1458	13.34
1459	13.34
1460	13.34
1461	13.34
1462	13.34
1463	13.34
1464	13.34
1465	13.34
1466	13.34
1467	13.34
1468	13.34
1469	13.34
1470	13.34
1471	13.34
1472	13.34
1473	13.34
1474	13.34
1475	13.34
1476	13.34
1477	13.34
1478	13.34
1479	13.34
1480	13.34
1481	13.34
1482	13.34
1483	13.34
1484	13.34
1485	13.34
1486	13.34
1487	13.34
1488	13.34
1489	13.34
1490	13.34
1491	13.34
1492	13.34
1493	13.34
1494	13.34
1495	13.34
1496	13.34
1497	13.34
1498	13.34
1499	13.34
1500	13.34
1501	13.34
1502	13.34
1503	13.34
1504	13.34
1505	13.34
1506	13.34
1507	13.34
1508	13.34
1509	13.34
1510	13.34
1511	13.34
1512	13.34
1513	13.34
1514	13.34
1515	13.34
1516	13.34
1517	13.34
1518	13.34
1519	13.34
1520	13.34
1521	13.34
1522	13.34
1523	13.34
1524	13.34
1525	13.34
1526	13.34
1527	13.34
1528	13.34
1529	13.34
1530	13.34
1531	13.34
1532	13.34
1533	13.34
1534	13.34
1535	13.34
1536	13.34
1537	13.34
1538	13.34
1539	13.34
1540	13.34
1541	13.34
1542	13.34
1543	13.34
1544	13.34
1545	13.34
1546	13.34
1547	13.34
1548	13.34
1549	13.34
1550	13.34
1551	13.34
1552	13.34
1553	13.34
1554	13.34
1555	13.34
1556	13.34
1557	13.34
1558	13.34
1559	13.34
1560	13.34
1561	13.34
1562	13.34
1563	13.34
1564	13.34
1565	13.34
1566	13.34
1567	13.34
1568	13.34
1569	13.34
1570	13.34
1571	13.34
1572	13.34
1573	13.34
1574	13.34
1575	13.34
1576	13.34
1577	13.34
1578	13.34
1579	13.34
1580	13.34
1581	13.34
1582	13.34
1583	13.34
1584	13.34
1585	13.34
1586	13.34
1587	13.34
1588	13.34
1589	13.34
1590	13.34
1591	13.34
1592	13.34
1593	13.34
1594	13.34
1595	13.34
1596	13.34
1597	13.34
1598	13.34
1599	13.34
1600	13.34
1601	13.34
1602	13.34
1603	13.34
1604	13.34
1605	13.34
1606	13.34
1607	13.34
1608	13.34
1609	13.34
1610	13.34
1611	13.34
1612	13.34
1613	13.34
1614	13.34
1615	13.34
1616	13.34
1617	13.34
1618	13.34
1619	13.34
1620	13.34
1621	13.34
1622	13.34
1623	13.34
1624	13.34
1625	13.34
1626	13.34
1627	13.34
1628	13.34
1629	13.34
1630	13.34
1631	13.34
1632	13.34
1633	13.34
1634	13.34
1635	13.34
1636	13.34
1637	13.34
1638	13.34
1639	13.34
1640	13.34
1641	13.34
1642	13.34
1643	13.34
1644	13.34
1645	13.34
1646	13.34
1647	13.34
1648	13.34
1649	13.34
1650	13.34
1651	13.34
1652	13.34
1653	13.34
1654	13.34
1655	13.34
1656	13.34
1657	13.34
1658	13.34
1659	13.34
1660	13.34
1661	13.34
1662	13.34
1663	13.34
1664	13.34
1665	13.34
1666	13.34
1667	13.34
1668	13.34
1669	13.34
1670	13.34
1671	13.34
1672	13.34
1673	13.34
1674	13.34
1675	13.34
1676	13.34
1677	13.34
1678	13.34
1679	13.34
1680	13.34
1681	13.34
1682	13.34
1683	13.34
1684	13.34
1685	13.34
1686	13.34
1687	13.34
1688	13.34
1689	13.34
1690	13.34
1691	13.34
1692	13.34
1693	13.34
1694	13.34
1695	13.34
1696	13.34
1697	13.34
1698	13.34
1699	13.34
1700	13.34
1701	13.34
1702	13.34
1703	13.34
1704	13.34
1705	13.34
1706	13.34
1707	13.34
1708	13.34
1709	13.34
1710	13.34
1711	13.34
1712	13.34
1713	13.34
1714	13.34
1715	13.34
1716	13.34
1717	13.34
1718	13.34
1719	13.34
1720	13.34
1721	13.34
1722	13.34
1723	13.34
1724	13.34
1725	13.34
1726	13.34
1727	13.34
1728	13.34
1729	13.34
1730	13.34
1731	13.34
1732	13.34
1733	13.34
1734	13.34
1735	13.34
1736	13.34
1737	13.34
1738	13.34
1739	13.34
1740	13.34
1741	13.34
1742	13.34
1743	13.34
1744	13.34
1745	13.34
1746	13.34
1747	13.34
1748	13.34
1749	13.34
1750	13.34
1751	13.34
1752	13.34
1753	13.34
1754	13.34
1755	13.34
1756	13.34
1757	13.34
1758	13.34
1759	13.34
1760	13.34
1761	13.34
1762	13.34
1763	13.34
1764	13.34
1765	13.34
1766	13.34
1767	13.34
1768	13.34
1769	13.34
1770	13.34
1771	13.34
1772	13.34
1773	13.34
1774	13.34
1775	13.34
1776	13.34
1777	13.34
1778	13.34
1779	13.34
1780	13.34
1781	13.34
1782	13.34
1783	13.34
1784	13.34
1785	13.34
1786	13.34
1787	13.34
1788	13.34
1789	13.34
1790	13.34
1791	13.34
1792	13.34
1793	13.34
1794	13.34
1795	13.34
1796	13.34
1797	13.34
1798	13.34
1799	13.34
1800	13.34
1801	13.34
1802	13.34
1803	13.34
1804	13.34
1805	13.34
1806	13.34
1807	13.34
1808	13.34
1809	13.34
1810	13.34
1811	13.34
1812	13.34
1813	13.34
1814	13.34
1815	13.34
1816	13.34
1817	13.34
1818	13.34
1819	13.34
1820	13.34
1821	13.34
1822	13.34
1823	13.34
1824	13.34
1825	13.34
1826	13.34
1827	13.34
1828	13.34
1829	13.34
1830	13.34
1831	13.34
1832	13.34
1833	13.34
1834	13.34
1835	13.34
1836	13.34
1837	13.34
1838	13.34
1839	13.34
1840	13.34
1841	13.34
1842	13.34
1843	13.34
1844	13.34
1845	13.34
1846	13.34
1847	13.34
1848	13.34
1849	13.34
1850	13.34
1851	13.34
1852	13.34
1853	13.34
1854	13.34
1855	13.34
1856	13.34
1857	13.34
1858	13.34
1859	13.34
1860	13.34
1861	13.34
1862	13.34
1863	13.34
1864	13.34
1865	13.34
1866	13.34
1867	13.34
1868	13.34
1869	13.34
1870	13.34
1871	13.34
1872	13.34
1873	13.34
1874	13.34
1875	13.34
1876	13.34
1877	13.34
1878	13.34
1879	13.34
1880	13.34
1881	13.34
1882	13.34
1883	13.34
1884	13.34
1885	13.34
1886	13.34
1887	13.34
1888	13.34
1889	13.34
1890	13.34
1891	13.34
1892	13.34
1893	13.34
1894	13.34
1895	13.34
1896	13.34
1897	13.34
1898	13.34
1899	13.34
1900	13.34
1901	13.34
1902	13.34
1903	13.34
1904	13.34
1905	13.34
1906	13.34
1907	13.34
1908	13.34
1909	13.34
1910	13.34
1911	13.34
1912	13.34
1913	13.34
1914	13.34
1915	13.34
1916	13.34
1917	13.34
1918	13.34
1919	13.34
1920	13.34
1921	13.34
1922	13.34
1923	13.34
1924	13.34
1925	13.34
1926	13.34
1927	13.34
1928	13.34
1929	13.34
1930	13.34
1931	13.34
1932	13.34
1933	13.34
1934	13.34
1935	13.34
1936	13.34
1937	13.34
1938	13.34
1939	13.34
1940	13.34
1941	13.34
1942	13.34
1943	13.34
1944	13.34
1945	13.34
1946	13.34
1947	13.34
1948	13.34
1949	13.34
1950	13.34
1951	13.34
1952	13.34
1953	13.34
1954	13.34
1955	13.34
1956	13.34
1957	13.34
1958	13.34
1959	13.34
1960	13.34
1961	13.34
1962	13.34
1963	13.34
1964	13.34
1965	13.34
1966	13.34
1967	13.34
1968	13.34
1969	13.34
1970	13.34
1971	13.34
1972	13.34
1973	13.34
1974	13.34
1975	13.34
1976	13.34
1977	13.34
1978	13.34
1979	13.34
1980	13.34
1981	13.34
1982	13.34
1983	13.34
1984	13.34
1985	13.34
1986	13.34
1987	13.34
1988	13.34
1989	13.34
1990	13.34
1991	13.34
1992	13.34
1993	13.34
1994	13.34
1995	13.34
1996	13.34
1997	13.34
1998	13.34
1999	13.34
2000	13.34
2001	13.34
2002	13.34
2003	13.34
2004	13.34
2005	13.34
2006	13.34
2007	13.34
2008	13.34
2009	13.34
2010	13.34
2011	13.34
2012	13.34
2013	13.34
2014	13.34
2015	13.34
2016	13.34
2017	13.34
2018	13.34
2019	13.34
2020	13.34
2021	13.34
2022	13.34
2023	13.34
2024	13.34
2025	13.34
2026	13.34
2027	13.34
2028	13.34
2029	13.34
2030	13.34
2031	13.34
2032	13.34
2033	13.34
2034	13.34
2035	13.34
2036	13.34
2037	13.34
2038	13.34
2039	13.34
2040	13.34
2041	13.34
2042	13.34
2043	13.34
2044	13.34
2045	13.34
2046	13.34
2047	13.34
2048	13.34
2049	13.34
2050	13.34
2051	13.34
2052	13.34
2053	13.34
2054	13.34
2055	13.34
2056	13.34
2057	13.34
2058	13.34
2059	13.34
2060	13.34
2061	13.34
2062	13.34
2063	13.34
2064	13.34
2065	13.34
2066	13.34
2067	13.34
2068	13.34
2069	13.34
2070	13.34
2071	13.34
2072	13.34
2073	13.34
2074	13.34
2075	13.34
2076	13.34
2077	13.34
2078	13.34
2079	13.34
2080	13.34
2081	13.34
2082	13.34
2083	13.34
2084	13.34
2085	13.34
2086	13.34
2087	13.34
2088	13.34
2089	13.34
2090	13.34
2091	13.34
2092	13.34
2093	13.34
2094	13.34
2095	13.34
2096	13.34
2097	13.34
2098	13.34
2099	13.34
2100	13.34
2101	13.34
2102	13.34
2103	13.34
2104	13.34
2105	13.34
2106	13.34
2107	13.34
2108	13.34
2109	13.34
2110	13.34
2111	13.34
2112	13.34
2113	13.34
2114	13.34
2115	13.34
2116	13.34
2117	13.34
2118	13.34
2119	13.34
2120	13.34
2121	13.34
2122	13.34
2123	13.34
2124	13.34
2125	13.34
2126	13.34
2127	13.34
2128	13.34
2129	13.34
2130	13.34
2131	13.34
2132	13.34
2133	13.34
2134	13.34
2135	13.34
2136	13.34
2137	13.34
2138	13.34
2139	13.34
2140	13.34
2141	13.34
2142	13.34
2143	13.34
2144	13.34
2145	13.34
2146	13.34
2147	13.34
2148	13.34
2149	13.34
2150	13.34
2151	13.34
2152	13.34
2153	13.34
2154	13.34
2155	13.34
2156	13.34
2157	13.34
2158	13.34
2159	13.34
2160	13.34
2161	13.34
2162	13.34
2163	13.34
2164	13.34
2165	13.34
2166	13.34
2167	13.34
2168	13.34
2169	13.34
2170	13.34
2171	13.34
2172	13.34
2173	13.34
2174	13.34
2175	13.34
2176	13.34
2177	13.34
2178	13.34
2179	13.34
2180	13.34
2181	13.34
2182	13.34
2183	13.34
2184	13.34
2185	13.34
2186	13.34
2187	13.34
2188	13.34
2189	13.34
2190	13.34
2191	13.34
2192	13.34
2193	13.34
2194	13.34
2195	13.34
2196	13.34
2197	13.34
2198	13.34
2199	13.34
2200	13.34
2201	13.34
2202	13.34
2203	13.34
2204	13.34
2205	13.34
2206	13.34
2207	13.34
2208	13.34
2209	13.34
2210	13.34
2211	13.34
2212	13.34
2213	13.34
2214	13.34
2215	13.34
2216	13.34
2217	13.34
2218	13.34
2219	13.34
2220	13.34
2221	13.34
2222	13.34
2223	13.34
2224	13.34
2225	13.34
2226	13.34
2227	13.34
2228	13.34
2229	13.34
2230	13.34
2231	13.34
2232	13.34
2233	13.34
2234	13.34
2235	13.34
2236	13.34
2237	13.34
2238	13.34
2239	13.34
2240	13.34
2241	13.34
2242	13.34
2243	13.34
2244	13.34
2245	13.34
2246	13.34
2247	13.34
2248	13.34
2249	13.34
2250	13.34
2251	13.34
2252	13.34
2253	13.34
2254	13.34
2255	13.34
2256	13.34
2257	13.34
2258	13.34
2259	13.34
2260	13.34
2261	13.34
2262	13.34
2263	13.34
2264	13.34
2265	13.34
2266	13.34
2267	13.34
2268	13.34
2269	13.34
2270	13.34
2271	13.34
2272	13.34
2273	13.34
2274	13.34
2275	13.34
2276	13.34
2277	13.34
2278	13.34
2279	13.34
2280	13.34
2281	13.34
2282	13.34
2283	13.34
2284	13.34
2285	13.34
2286	13.34
2287	13.34
2288	13.34
2289	13.34
2290	13.34
2291	13.34
2292	13.34
2293	13.34
2294	13.34
2295	13.34
2296	13.34
2297	13.34
2298	13.34
2299	13.34
2300	13.34
2301	13.34
2302	13.34
2303	13.34
2304	13.34
2305	13.34
2306	13.34
2307	13.34
2308	13.34
2309	13.34
2310	13.34
2311	13.34
2312	13.34
2313	13.34
2314	13.34
2315	13.34
2316	13.34
2317	13.34
2318	13.34
2319	13.34
2320	13.34
2321	13.34
2322	13.34
2323	13.34
2324	13.34
2325	13.34
2326	13.34
2327	13.34
2328	13.34
2329	13.34
2330	13.34
2331	13.34
2332	13.34
2333	13.34
2334	13.34
2335	13.34
2336	13.34
2337	13.34
2338	13.34
2339	13.34
2340	13.34
2341	13.34
2342	13.34
2343	13.34
2344	13.34
2345	13.34
2346	13.34
2347	13.34
2348	13.34
2349	13.34
2350	13.34
2351	13.34
2352	13.34
2353	13.34
2354	13.34
2355	13.34
2356	13.34
2357	13.34
2358	13.34
2359	13.34
2360	13.34
2361	13.34
2362	13.34
2363	13.34
2364	13.34
2365	13.34
2366	13.34
2367	13.34
2368	13.34
2369	13.34
2370	13.34
2371	13.34
2372	13.34
2373	13.34
2374	13.34
2375	13.34
2376	13.34
2377	13.34
2378	13.34
2379	13.34
2380	13.34
2381	13.34
2382	13.34
2383	13.34
2384	13.34
2385	13.34
2386	13.34
2387	13.34
2388	13.34
2389	13.34
2390	13.34
2391	13.34
2392	13.34
2393	13.34
2394	13.34
2395	13.34
2396	13.34
2397	13.34
2398	13.34
2399	13.34
2400	13.34
2401	13.34
2402	13.34
2403	13.34
2404	13.34
2405	13.34
2406	13.34
2407	13.34
2408	13.34
2409	13.34
2410	13.34
2411	13.34
2412	13.34
2413	13.34
2414	13.34
2415	13.34
2416	13.34
2417	13.34
2418	13.34
2419	13.34
2420	13.34
2421	13.34
2422	13.34
2423	13.34
2424	13.34
2425	13.34
2426	13.34
2427	13.34
2428	13.34
2429	13.34
2430	13.34
2431	13.34
2432	13.34
2433	13.34
2434	13.34
2435	13.34
2436	13.34
2437	13.34
2438	13.34
2439	13.34
2440	13.34
2441	13.34
2442	13.34
2443	13.34
2444	13.34
2445	13.34
2446	13.34
2447	13.34
2448	13.34
2449	13.34
2450	13.34
2451	13.34
2452	13.34
2453	13.34
2454	13.34
2455	13.34
2456	13.34
2457	13.34
2458	13.34
2459	13.34
2460	13.34
2461	13.34
2462	13.34
2463	13.34
2464	13.34
2465	13.34
2466	13.34
2467	13.34
2468	13.34
2469	13.34
2470	13.34
2471	13.34
2472	13.34
2473	13.34
2474	13.34
2475	13.34
2476	13.34
2477	13.34
2478	13.34
2479	13.34
2480	13.34
2481	13.34
2482	13.34
2483	13.34
2484	13.34
2485	13.34
2486	13.34
2487	13.34
2488	13.34
2489	13.34
2490	13.34
2491	13.34
2492	13.34
2493	13.34
2494	13.34
2495	13.34
2496	13.34
2497	13.34
2498	13.34
2499	13.34
2500	13.34
2501	13.34
2502	13.34
2503	13.34
2504	13.34
2505	13.34
2506	13.34
2507	13.34
2508	13.34
2509	13.34
2510	13.34
2511	13.34
2512	13.34
2513	13.34
2514	13.34
2515	13.34
2516	13.34
2517	13.34
2518	13.34
2519	13.34
2520	13.34
2521	13.34
2522	13.34
2523	13.34
2524	13.34
2525	13.34
2526	13.34
2527	13.34
2528	13.34
2529	13.34
2530	13.34
2531	13.34
2532	13.34
2533	13.34
2534	13.34
2535	13.34
2536	13.34
2537	13.34
2538	13.34
2539	13.34
2540	13.34
2541	13.34
2542	13.34
2543	13.34
2544	13.34
2545	13.34
2546	13.34
2547	13.34
2548	13.34
2549	13.34
2550	13.34
2551	13.34
2552	13.34
2553	13.34
2554	13.34
2555	13.34
2556	13.34
2557	13.34
2558	13.34
2559	13.34
2560	13.34
2561	13.34
2562	13.34
2563	13.34
2564	13.34
2565	13.34
2566	13.34
2567	13.34
2568	13.34
2569	13.34
2570	13.34
2571	13.34
2572	13.34
2573	13.34
2574	13.34
2575	13.34
2576	13.34
2577	13.34
2578	13.34
2579	13.34
2580	13.34
2581	13.34
2582	13.34
2583	13.34
2584	13.34
2585	13.34
2586	13.34
2587	13.34
2588	13.34
2589	13.34
2590	13.34
2591	13.34
2592	13.34
2593	13.34
2594	13.34
2595	13.34
2596	13.34
2597	13.34
2598	13.34
2599	13.34
2600	13.34
2601	13.34
2602	13.34
2603	13.34
2604	13.34
2605	13.34
2606	13.34
2607	13.34
2608	13.34
2609	13.34
2610	13.34
2611	13.34
2612	13.34
2613	13.34
2614	13.34
2615	13.34
2616	13.34
2617	13.34
2618	13.34
2619	13.34
2620	13.34
2621	13.34
2622	13.34
2623	13.34
2624	13.34
2625	13.34
2626	13.34
2627	13.34
2628	13.34
2629	13.34
2630	13.34
2631	13.34
2632	13.34
2633	13.34
2634	13.34
2635	13.34
2636	13.34
2637	13.34
2638	13.34
2639	13.34
2640	13.34
2641	13.34
2642	13.34
2643	13.34
2644	13.34
2645	13.34
2646	13.34
2647	13.34
2648	13.34
2649	13.34
2650	13.34
2651	13.34
2652	13.34
2653	13.34
2654	13.34
2655	13.34
2656	13.34
2657	13.34
2658	13.34
2659	13.34
2660	13.34
2661	13.34
2662	13.34
2663	13.34
2664	13.34
2665	13.34
2666	13.34
2667	13.34
2668	13.34
2669	13.34
2670	13.34
2671	13.34
2672	13.34
2673	13.34
2674	13.34
2675	13.34
2676	13.34
2677	13.34
2678	13.34
2679	13.34
2680	13.34
2681	13.34
2682	13.34
2683	13.34
2684	13.34
2685	13.34
2686	13.34
2687	13.34
2688	13.34
2689	13.34
2690	13.34
2691	13.34
2692	13.34
2693	13.34
2694	13.34
2695	13.34
2696	13.34
2697	13.34
2698	13.34
2699	13.34
2700	13.34
2701	13.34
2702	13.34
2703	13.34
2704	13.34
2705	13.34
2706	13.34
2707	13.34
2708	13.34
2709	13.34
2710	13.34
2711	13.34
2712	13.34
2713	13.34
2714	13.34
2715	13.34
2716	13.34
2717	13.34
2718	13.34
2719	13.34
2720	13.34
2721	13.34
2722	13.34
2723	13.34
2724	13.34
2725	13.34
2726	13.34
2727	13.34
2728	13.34
2729	13.34
2730	13.34
2731	13.34
2732	13.34
2733	13.34
2734	13.34
2735	13.34
2736	13.34
2737	13.34
2738	13.34
2739	13.34
2740	13.34
2741	13.34
2742	13.34
2743	13.34
2744	13.34
2745	13.34
2746	13.34
2747	13.34
2748	13.34
2749	13.34
2750	13.34
2751	13.34
2752	13.34
2753	13.34
2754	13.34
2755	13.34
2756	13.34
2757	13.34
2758	13.34
2759	13.34
2760	13.34
2761	13.34
2762	13.34
2763	13.34
2764	13.34
2765	13.34
2766	13.34
2767	13.34
2768	13.34
2769	13.34
2770	13.34
2771	13.34
2772	13.34
2773	13.34
2774	13.34
2775	13.34
2776	13.34
2777	13.34
2778	13.34
2779	13.34
2780	13.34
2781	13.34
2782	13.34
2783	13.34
2784	13.34
2785	13.34
2786	13.34
2787	13.34
2788	13.34
2789	13.34
2790	13.34
2791	13.34
2792	13.34
2793	13.34
2794	13.34
2795	13.34
2796	13.34
2797	13.34
2798	13.34
2799	13.34
2800	13.34
2801	13.34
2802	13.34
2803	13.34
2804	13.34
2805	13.34
2806	13.34
2807	13.34
2808	13.34
2809	13.34
2810	13.34
2811	13.34
2812	13.34
2813	13.34
2814	13.34
2815	13.34
2816	13.34
2817	13.34
2818	13.34
2819	13.34
2820	13.34
2821	13.34
2822	13.34
2823	13.34
2824	13.34
2825	13.34
2826	13.34
2827	13.34
2828	13.34
2829	13.34
2830	13.34
2831	13.34
2832	13.34
2833	13.34
2834	13.34
2835	13.34
2836	13.34
2837	13.34
2838	13.34
2839	13.34
2840	13.34
2841	13.34
2842	13.34
2843	13.34
2844	13.34
2845	13.34
2846	13.34
2847	13.34
2848	13.34
2849	13.34
2850	13.34
2851	13.34
2852	13.34
2853	13.34
2854	13.34
2855	13.34
2856	13.34
2857	13.34
2858	13.34
2859	13.34
2860	13.34
2861	13.34
2862	13.34
2863	13.34
2864	13.34
2865	13.34
2866	13.34
2867	13.34
2868	13.34
2869	13.34
2870	13.34
2871	13.34
2872	13.34
2873	13.34
2874	13.34
2875	13.34
2876	13.34
2877	13.34
2878	13.34
2879	13.34
2880	13.34
2881	13.34
2882	13.34
2883	13.34
2884	13.34
2885	13.34
2886	13.34
2887	13.34
2888	13.34
2889	13.34
2890	13.34
2891	13.34
2892	13.34
2893	13.34
2894	13.34
2895	13.34
2896	13.34
2897	13.34
2898	13.34
2899	13.34
2900	13.34
2901	13.34
2902	13.34
2903	13.34
2904	13.34
2905	13.34
2906	13.34
2907	13.34
2908	13.34
2909	13.34
2910	13.34
2911	13.34
2912	13.34
2913	13.34
2914	13.34
2915	13.34
2916	13.34
2917	13.34
2918	13.34
2919	13.34
2920	13.34
2921	13.34
2922	13.34
2923	13.34
2924	13.34
2925	13.34
2926	13.34
2927	13.34
2928	13.34
2929	13.34
2930	13.34
2931	13.34
2932	13.34
2933	13.34
2934	13.34
2935	13.34
2936	13.34
2937	13.34
2938	13.34
2939	13.34
2940	13.34
2941	13.34
2942	13.34
2943	13.34
2944	13.34
2945	13.34
2946	13.34
2947	13.34
2948	13.34
2949	13.34
2950	13.34
2951	13.34
2952	13.34
2953	13.34
2954	13.34
2955	13.34
2956	13.34
2957	13.34
2958	13.34
2959	13.34
2960	13.34
2961	13.34
2962	13.34
2963	13.34
2964	13.34
2965	13.34
2966	13.34
2967	13.34
2968	13.34
2969	13.34
2970	13.34
2971	13.34
2972	13.34
2973	13.34
2974	13.34
2975	13.34
2976	13.34
2977	13.34
2978	13.34
2979	13.34
2980	13.34
2981	13.34
2982	13.34
2983	13.34
2984	13.34
2985	13.34
2986	13.34
2987	13.34
2988	13.34
2989	13.34
2990	13.34
2991	13.34
2992	13.34
2993	13.34
2994	13.34
2995	13.34
2996	13.34
2997	13.34
