0	0.98
1	0.98
2	0.98
3	0.98
4	0.98
5	0.98
6	0.98
7	0.98
8	0.98
9	0.98
10	0.98
11	0.98
12	0.98
13	0.98
14	0.98
15	0.98
16	0.98
17	0.98
18	0.98
19	0.98
20	0.98
21	0.98
22	0.98
23	0.98
24	0.98
25	0.98
26	0.98
27	0.98
28	0.98
29	0.98
30	0.98
31	0.98
32	0.98
33	0.98
34	0.98
35	0.98
36	0.98
37	0.98
38	0.98
39	0.98
40	0.98
41	0.98
42	0.98
43	0.98
44	0.98
45	0.98
46	0.98
47	0.98
48	0.98
49	0.98
50	0.98
51	0.98
52	0.98
53	0.98
54	0.98
55	0.98
56	0.98
57	0.98
58	0.98
59	0.98
60	0.98
61	0.98
62	0.98
63	0.98
64	0.98
65	0.98
66	0.98
67	0.98
68	0.98
69	0.98
70	0.98
71	0.98
72	0.98
73	0.98
74	0.98
75	0.98
76	0.98
77	0.98
78	0.98
79	0.98
80	0.98
81	0.98
82	0.98
83	0.98
84	0.98
85	0.98
86	0.98
87	0.98
88	0.98
89	0.98
90	0.98
91	0.98
92	0.98
93	0.98
94	0.98
95	0.98
96	0.98
97	0.98
98	0.98
99	0.98
100	0.98
101	0.98
102	0.98
103	0.98
104	0.98
105	0.98
106	0.98
107	0.98
108	0.98
109	0.98
110	0.98
111	0.98
112	0.98
113	0.98
114	0.98
115	0.98
116	0.98
117	0.98
118	0.98
119	0.98
120	0.98
121	0.98
122	0.98
123	0.98
124	0.98
125	0.98
126	0.98
127	0.98
128	0.98
129	0.98
130	0.98
131	0.98
132	0.98
133	0.98
134	0.98
135	0.98
136	0.98
137	0.98
138	0.98
139	0.98
140	0.98
141	0.98
142	0.98
143	0.98
144	0.98
145	0.98
146	0.98
147	0.98
148	0.98
149	0.98
150	0.98
151	0.98
152	0.98
153	0.98
154	0.98
155	0.98
156	0.98
157	0.98
158	0.98
159	0.98
160	0.98
161	0.98
162	0.98
163	0.98
164	0.98
165	0.98
166	0.98
167	0.98
168	0.98
169	0.98
170	0.98
171	0.98
172	0.98
173	0.98
174	0.98
175	0.98
176	0.98
177	0.98
178	0.98
179	0.98
180	0.98
181	0.98
182	0.98
183	0.98
184	0.98
185	0.98
186	0.98
187	0.98
188	0.98
189	0.98
190	0.98
191	0.98
192	0.98
193	0.98
194	0.98
195	0.98
196	0.98
197	0.98
198	0.98
199	0.98
200	0.98
201	0.98
202	0.98
203	0.98
204	0.98
205	0.98
206	0.98
207	0.98
208	0.98
209	0.98
210	0.98
211	0.98
212	0.98
213	0.98
214	0.98
215	0.98
216	0.98
217	0.98
218	0.98
219	0.98
220	0.98
221	0.98
222	0.98
223	0.98
224	0.98
225	0.98
226	0.98
227	0.98
228	0.98
229	0.98
230	0.98
231	0.98
232	0.98
233	0.98
234	0.98
235	0.98
236	0.98
237	0.98
238	0.98
239	0.98
240	0.98
241	0.98
242	0.98
243	0.98
244	0.98
245	0.98
246	0.98
247	0.98
248	0.98
249	0.98
250	0.98
251	0.98
252	0.98
253	0.98
254	0.98
255	0.98
256	0.98
257	0.98
258	0.98
259	0.98
260	0.98
261	0.98
262	0.98
263	0.98
264	0.98
265	0.98
266	0.98
267	0.98
268	0.98
269	0.98
270	0.98
271	0.98
272	0.98
273	0.98
274	0.98
275	0.98
276	0.98
277	0.98
278	0.98
279	0.98
280	0.98
281	0.98
282	0.98
283	0.98
284	0.98
285	0.98
286	0.98
287	0.98
288	0.98
289	0.98
290	0.98
291	0.98
292	0.98
293	0.98
294	0.98
295	0.98
296	0.98
297	0.98
298	0.98
299	0.98
300	0.98
301	0.98
302	0.98
303	0.98
304	0.98
305	0.98
306	0.98
307	0.98
308	0.98
309	0.98
310	0.98
311	0.98
312	0.98
313	0.98
314	0.98
315	0.98
316	0.98
317	0.98
318	0.98
319	0.98
320	0.98
321	0.98
322	0.98
323	0.98
324	0.98
325	0.98
326	0.98
327	0.98
328	0.98
329	0.98
330	0.98
331	0.98
332	0.98
333	0.98
334	0.98
335	0.98
336	0.98
337	0.98
338	0.98
339	0.98
340	0.98
341	0.98
342	0.98
343	0.98
344	0.98
345	0.98
346	0.98
347	0.98
348	0.98
349	0.98
350	0.98
351	0.98
352	0.98
353	0.98
354	0.98
355	0.98
356	0.98
357	0.98
358	0.98
359	0.98
360	0.98
361	0.98
362	0.98
363	0.98
364	0.98
365	0.98
366	0.98
367	0.98
368	0.98
369	0.98
370	0.98
371	0.98
372	0.98
373	0.98
374	0.98
375	0.98
376	0.98
377	0.98
378	0.98
379	0.98
380	0.98
381	0.98
382	0.98
383	0.98
384	0.98
385	0.98
386	0.98
387	0.98
388	0.98
389	0.98
390	0.98
391	0.98
392	0.98
393	0.98
394	0.98
395	0.98
396	0.98
397	0.98
398	0.98
399	0.98
400	0.98
401	0.98
402	0.98
403	0.98
404	0.98
405	0.98
406	0.98
407	0.98
408	0.98
409	0.98
410	0.98
411	0.98
412	0.98
413	0.98
414	0.98
415	0.98
416	0.98
417	0.98
418	0.98
419	0.98
420	0.98
421	0.98
422	0.98
423	0.98
424	0.98
425	0.98
426	0.98
427	0.98
428	0.98
429	0.98
430	0.98
431	0.98
432	0.98
433	0.98
434	0.98
435	0.98
436	0.98
437	0.98
438	0.98
439	0.98
440	0.98
441	0.98
442	0.98
443	0.98
444	0.98
445	0.98
446	0.98
447	0.98
448	0.98
449	0.98
450	0.98
451	0.98
452	0.98
453	0.98
454	0.98
455	0.98
456	0.98
457	0.98
458	0.98
459	0.98
460	0.98
461	0.98
462	0.98
463	0.98
464	0.98
465	0.98
466	0.98
467	0.98
468	0.98
469	0.98
470	0.98
471	0.98
472	0.98
473	0.98
474	0.98
475	0.98
476	0.98
477	0.98
478	0.98
479	0.98
480	0.98
481	0.98
482	0.98
483	0.98
484	0.98
485	0.98
486	0.98
487	0.98
488	0.98
489	0.98
490	0.98
491	0.98
492	0.98
493	0.98
494	0.98
495	0.98
496	0.98
497	0.98
498	0.98
499	0.98
500	0.98
501	0.98
502	0.98
503	0.98
504	0.98
505	0.98
506	0.98
507	0.98
508	0.98
509	0.98
510	0.98
511	0.98
512	0.98
513	0.98
514	0.98
515	0.98
516	0.98
517	0.98
518	0.98
519	0.98
520	0.98
521	0.98
522	0.98
523	0.98
524	0.98
525	0.98
526	0.98
527	0.98
528	0.98
529	0.98
530	0.98
531	0.98
532	0.98
533	0.98
534	0.98
535	0.98
536	0.98
537	0.98
538	0.98
539	0.98
540	0.98
541	0.98
542	0.98
543	0.98
544	0.98
545	0.98
546	0.98
547	0.98
548	0.98
549	0.98
550	0.98
551	0.98
552	0.98
553	0.98
554	0.98
555	0.98
556	0.98
557	0.98
558	0.98
559	0.98
560	0.98
561	0.98
562	0.98
563	0.98
564	0.98
565	0.98
566	0.98
567	0.98
568	0.98
569	0.98
570	0.98
571	0.98
572	0.98
573	0.98
574	0.98
575	0.98
576	0.98
577	0.98
578	0.98
579	0.98
580	0.98
581	0.98
582	0.98
583	0.98
584	0.98
585	0.98
586	0.98
587	0.98
588	0.98
589	0.98
590	0.98
591	0.98
592	0.98
593	0.98
594	0.98
595	0.98
596	0.98
597	0.98
598	0.98
599	0.98
600	0.98
601	0.98
602	0.98
603	0.98
604	0.98
605	0.98
606	0.98
607	0.98
608	0.98
609	0.98
610	0.98
611	0.98
612	0.98
613	0.98
614	0.98
615	0.98
616	0.98
617	0.98
618	0.98
619	0.98
620	0.98
621	0.98
622	0.98
623	0.98
624	0.98
625	0.98
626	0.98
627	0.98
628	0.98
629	0.98
630	0.98
631	0.98
632	0.98
633	0.98
634	0.98
635	0.98
636	0.98
637	0.98
638	0.98
639	0.98
640	0.98
641	0.98
642	0.98
643	0.98
644	0.98
645	0.98
646	0.98
647	0.98
648	0.98
649	0.98
650	0.98
651	0.98
652	0.98
653	0.98
654	0.98
655	0.98
656	0.98
657	0.98
658	0.98
659	0.98
660	0.98
661	0.98
662	0.98
663	0.98
664	0.98
665	0.98
666	0.98
667	0.98
668	0.98
669	0.98
670	0.98
671	0.98
672	0.98
673	0.98
674	0.98
675	0.98
676	0.98
677	0.98
678	0.98
679	0.98
680	0.98
681	0.98
682	0.98
683	0.98
684	0.98
685	0.98
686	0.98
687	0.98
688	0.98
689	0.98
690	0.98
691	0.98
692	0.98
693	0.98
694	0.98
695	0.98
696	0.98
697	0.98
698	0.98
699	0.98
700	0.98
701	0.98
702	0.98
703	0.98
704	0.98
705	0.98
706	0.98
707	0.98
708	0.98
709	0.98
710	0.98
711	0.98
712	0.98
713	0.98
714	0.98
715	0.98
716	0.98
717	0.98
718	0.98
719	0.98
720	0.98
721	0.98
722	0.98
723	0.98
724	0.98
725	0.98
726	0.98
727	0.98
728	0.98
729	0.98
730	0.98
731	0.98
732	0.98
733	0.98
734	0.98
735	0.98
736	0.98
737	0.98
738	0.98
739	0.98
740	0.98
741	0.98
742	0.98
743	0.98
744	0.98
745	0.98
746	0.98
747	0.98
748	0.98
749	0.98
750	0.98
751	0.98
752	0.98
753	0.98
754	0.98
755	0.98
756	0.98
757	0.98
758	0.98
759	0.98
760	0.98
761	0.98
762	0.98
763	0.98
764	0.98
765	0.98
766	0.98
767	0.98
768	0.98
769	0.98
770	0.98
771	0.98
772	0.98
773	0.98
774	0.98
775	0.98
776	0.98
777	0.98
778	0.98
779	0.98
780	0.98
781	0.98
782	0.98
783	0.98
784	0.98
785	0.98
786	0.98
787	0.98
788	0.98
789	0.98
790	0.98
791	0.98
792	0.98
793	0.98
794	0.98
795	0.98
796	0.98
797	0.98
798	0.98
799	0.98
800	0.98
801	0.98
802	0.98
803	0.98
804	0.98
805	0.98
806	0.98
807	0.98
808	0.98
809	0.98
810	0.98
811	0.98
812	0.98
813	0.98
814	0.98
815	0.98
816	0.98
817	0.98
818	0.98
819	0.98
820	0.98
821	0.98
822	0.98
823	0.98
824	0.98
825	0.98
826	0.98
827	0.98
828	0.98
829	0.98
830	0.98
831	0.98
832	0.98
833	0.98
834	0.98
835	0.98
836	0.98
837	0.98
838	0.98
839	0.98
840	0.98
841	0.98
842	0.98
843	0.98
844	0.98
845	0.98
846	0.98
847	0.98
848	0.98
849	0.98
850	0.98
851	0.98
852	0.98
853	0.98
854	0.98
855	0.98
856	0.98
857	0.98
858	0.98
859	0.98
860	0.98
861	0.98
862	0.98
863	0.98
864	0.98
865	0.98
866	0.98
867	0.98
868	0.98
869	0.98
870	0.98
871	0.98
872	0.98
873	0.98
874	0.98
875	0.98
876	0.98
877	0.98
878	0.98
879	0.98
880	0.98
881	0.98
882	0.98
883	0.98
884	0.98
885	0.98
886	0.98
887	0.98
888	0.98
889	0.98
890	0.98
891	0.98
892	0.98
893	0.98
894	0.98
895	0.98
896	0.98
897	0.98
898	0.98
899	0.98
900	0.98
901	0.98
902	0.98
903	0.98
904	0.98
905	0.98
906	0.98
907	0.98
908	0.98
909	0.98
910	0.98
911	0.98
912	0.98
913	0.98
914	0.98
915	0.98
916	0.98
917	0.98
918	0.98
919	0.98
920	0.98
921	0.98
922	0.98
923	0.98
924	0.98
925	0.98
926	0.98
927	0.98
928	0.98
929	0.98
930	0.98
931	0.98
932	0.98
933	0.98
934	0.98
935	0.98
936	0.98
937	0.98
938	0.98
939	0.98
940	0.98
941	0.98
942	0.98
943	0.98
944	0.98
945	0.98
946	0.98
947	0.98
948	0.98
949	0.98
950	0.98
951	0.98
952	0.98
953	0.98
954	0.98
955	0.98
956	0.98
957	0.98
958	0.98
959	0.98
960	0.98
961	0.98
962	0.98
963	0.98
964	0.98
965	0.98
966	0.98
967	0.98
968	0.98
969	0.98
970	0.98
971	0.98
972	0.98
973	0.98
974	0.98
975	0.98
976	0.98
977	0.98
978	0.98
979	0.98
980	0.98
981	0.98
982	0.98
983	0.98
984	0.98
985	0.98
986	0.98
987	0.98
988	0.98
989	0.98
990	0.98
991	0.98
992	0.98
993	0.98
994	0.98
995	0.98
996	0.98
997	0.98
998	0.98
999	0.98
