0	61.31
1	61.31
2	61.31
3	61.31
4	61.31
5	61.31
6	61.31
7	61.31
8	61.31
9	61.31
10	61.31
11	61.31
12	61.31
13	61.31
14	61.31
15	61.31
16	61.31
17	61.31
18	61.31
19	61.31
20	61.31
21	61.31
22	61.31
23	61.31
24	61.31
25	61.31
26	61.31
27	61.31
28	61.31
29	61.31
30	61.31
31	61.31
32	61.31
33	61.31
34	61.31
35	61.31
36	61.31
37	61.31
38	61.31
39	61.31
40	61.31
41	61.31
42	61.31
43	61.31
44	61.31
45	61.31
46	61.31
47	61.31
48	61.31
49	61.31
50	61.31
51	61.31
52	61.31
53	61.31
54	61.31
55	61.31
56	61.31
57	61.31
58	61.31
59	61.31
60	61.31
61	61.31
62	61.31
63	61.31
64	61.31
65	61.31
66	61.31
67	61.31
68	61.31
69	61.31
70	61.31
71	61.31
72	61.31
73	61.31
74	61.31
75	61.31
76	61.31
77	61.31
78	61.31
79	61.31
80	61.31
81	61.31
82	61.31
83	61.31
84	61.31
85	61.31
86	61.31
87	61.31
88	61.31
89	61.31
90	61.31
91	61.31
92	61.31
93	61.31
94	61.31
95	61.31
96	61.31
97	61.31
98	61.31
99	61.31
100	61.31
101	61.31
102	61.31
103	61.31
104	61.31
105	61.31
106	61.31
107	61.31
108	61.31
109	61.31
110	61.31
111	61.31
112	61.31
113	61.31
114	61.31
115	61.31
116	61.31
117	61.31
118	61.31
119	61.31
120	61.31
121	61.31
122	61.31
123	61.31
124	61.31
125	61.31
126	61.31
127	61.31
128	61.31
129	61.31
130	61.31
131	61.31
132	61.31
133	61.31
134	61.31
135	61.31
136	61.31
137	61.31
138	61.31
139	61.31
140	61.31
141	61.31
142	61.31
143	61.31
144	61.31
145	61.31
146	61.31
147	61.31
148	61.31
149	61.31
150	61.31
151	61.31
152	61.31
153	61.31
154	61.31
155	61.31
156	61.31
157	61.31
158	61.31
159	61.31
160	61.31
161	61.31
162	61.31
163	61.31
164	61.31
165	61.31
166	61.31
167	61.31
168	61.31
169	61.31
170	61.31
171	61.31
172	61.31
173	61.31
174	61.31
175	61.31
176	61.31
177	61.31
178	61.31
179	61.31
180	61.31
181	61.31
182	61.31
183	61.31
184	61.31
185	61.31
186	61.31
187	61.31
188	61.31
189	61.31
190	61.31
191	61.31
192	61.31
193	61.31
194	61.31
195	61.31
196	61.31
197	61.31
198	61.31
199	61.31
200	61.31
201	61.31
202	61.31
203	61.31
204	61.31
205	61.31
206	61.31
207	61.31
208	61.31
209	61.31
210	61.31
211	61.31
212	61.31
213	61.31
214	61.31
215	61.31
216	61.31
217	61.31
218	61.31
219	61.31
220	61.31
221	61.31
222	61.31
223	61.31
224	61.31
225	61.31
226	61.31
227	61.31
228	61.31
229	61.31
230	61.31
231	61.31
232	61.31
233	61.31
234	61.31
235	61.31
236	61.31
237	61.31
238	61.31
239	61.31
240	61.31
241	61.31
242	61.31
243	61.31
244	61.31
245	61.31
246	61.31
247	61.31
248	61.31
249	61.31
250	61.31
251	61.31
252	61.31
253	61.31
254	61.31
255	61.31
256	61.31
257	61.31
258	61.31
259	61.31
260	61.31
261	61.31
262	61.31
263	61.31
264	61.31
265	61.31
266	61.31
267	61.31
268	61.31
269	61.31
270	61.31
271	61.31
272	61.31
273	61.31
274	61.31
275	61.31
276	61.31
277	61.31
278	61.31
279	61.31
280	61.31
281	61.31
282	61.31
283	61.31
284	61.31
285	61.31
286	61.31
287	61.31
288	61.31
289	61.31
290	61.31
291	61.31
292	61.31
293	61.31
294	61.31
295	61.31
296	61.31
297	61.31
298	61.31
299	61.31
300	61.31
301	61.31
302	61.31
303	61.31
304	61.31
305	61.31
306	61.31
307	61.31
308	61.31
309	61.31
310	61.31
311	61.31
312	61.31
313	61.31
314	61.31
315	61.31
316	61.31
317	61.31
318	61.31
319	61.31
320	61.31
321	61.31
322	61.31
323	61.31
324	61.31
325	61.31
326	61.31
327	61.31
328	61.31
329	61.31
330	61.31
331	61.31
332	61.31
333	61.31
334	61.31
335	61.31
336	61.31
337	61.31
338	61.31
339	61.31
340	61.31
341	61.31
342	61.31
343	61.31
344	61.31
345	61.31
346	61.31
347	61.31
348	61.31
349	61.31
350	61.31
351	61.31
352	61.31
353	61.31
354	61.31
355	61.31
356	61.31
357	61.31
358	61.31
359	61.31
360	61.31
361	61.31
362	61.31
363	61.31
364	61.31
365	61.31
366	61.31
367	61.31
368	61.31
369	61.31
370	61.31
371	61.31
372	61.31
373	61.31
374	61.31
375	61.31
376	61.31
377	61.31
378	61.31
379	61.31
380	61.31
381	61.31
382	61.31
383	61.31
384	61.31
385	61.31
386	61.31
387	61.31
388	61.31
389	61.31
390	61.31
391	61.31
392	61.31
393	61.31
394	61.31
395	61.31
396	61.31
397	61.31
398	61.31
399	61.31
400	61.31
401	61.31
402	61.31
403	61.31
404	61.31
405	61.31
406	61.31
407	61.31
408	61.31
409	61.31
410	61.31
411	61.31
412	61.31
413	61.31
414	61.31
415	61.31
416	61.31
417	61.31
418	61.31
419	61.31
420	61.31
421	61.31
422	61.31
423	61.31
424	61.31
425	61.31
426	61.31
427	61.31
428	61.31
429	61.31
430	61.31
431	61.31
432	61.31
433	61.31
434	61.31
435	61.31
436	61.31
437	61.31
438	61.31
439	61.31
440	61.31
441	61.31
442	61.31
443	61.31
444	61.31
445	61.31
446	61.31
447	61.31
448	61.31
449	61.31
450	61.31
451	61.31
452	61.31
453	61.31
454	61.31
455	61.31
456	61.31
457	61.31
458	61.31
459	61.31
460	61.31
461	61.31
462	61.31
463	61.31
464	61.31
465	61.31
466	61.31
467	61.31
468	61.31
469	61.31
470	61.31
471	61.31
472	61.31
473	61.31
474	61.31
475	61.31
476	61.31
477	61.31
478	61.31
479	61.31
480	61.31
481	61.31
482	61.31
483	61.31
484	61.31
485	61.31
486	61.31
487	61.31
488	61.31
489	61.31
490	61.31
491	61.31
492	61.31
493	61.31
494	61.31
495	61.31
496	61.31
497	61.31
498	61.31
499	61.31
500	61.31
501	61.31
502	61.31
503	61.31
504	61.31
505	61.31
506	61.31
507	61.31
508	61.31
509	61.31
510	61.31
511	61.31
512	61.31
513	61.31
514	61.31
515	61.31
516	61.31
517	61.31
518	61.31
519	61.31
520	61.31
521	61.31
522	61.31
523	61.31
524	61.31
525	61.31
526	61.31
527	61.31
528	61.31
529	61.31
530	61.31
531	61.31
532	61.31
533	61.31
534	61.31
535	61.31
536	61.31
537	61.31
538	61.31
539	61.31
540	61.31
541	61.31
542	61.31
543	61.31
544	61.31
545	61.31
546	61.31
547	61.31
548	61.31
549	61.31
550	61.31
551	61.31
552	61.31
553	61.31
554	61.31
555	61.31
556	61.31
557	61.31
558	61.31
559	61.31
560	61.31
561	61.31
562	61.31
563	61.31
564	61.31
565	61.31
566	61.31
567	61.31
568	61.31
569	61.31
570	61.31
571	61.31
572	61.31
573	61.31
574	61.31
575	61.31
576	61.31
577	61.31
578	61.31
579	61.31
580	61.31
581	61.31
582	61.31
583	61.31
584	61.31
585	61.31
586	61.31
587	61.31
588	61.31
589	61.31
590	61.31
591	61.31
592	61.31
593	61.31
594	61.31
595	61.31
596	61.31
597	61.31
598	61.31
599	61.31
600	61.31
601	61.31
602	61.31
603	61.31
604	61.31
605	61.31
606	61.31
607	61.31
608	61.31
609	61.31
610	61.31
611	61.31
612	61.31
613	61.31
614	61.31
615	61.31
616	61.31
617	61.31
618	61.31
619	61.31
620	61.31
621	61.31
622	61.31
623	61.31
624	61.31
625	61.31
626	61.31
627	61.31
628	61.31
629	61.31
630	61.31
631	61.31
632	61.31
633	61.31
634	61.31
635	61.31
636	61.31
637	61.31
638	61.31
639	61.31
640	61.31
641	61.31
642	61.31
643	61.31
644	61.31
645	61.31
646	61.31
647	61.31
648	61.31
649	61.31
650	61.31
651	61.31
652	61.31
653	61.31
654	61.31
655	61.31
656	61.31
657	61.31
658	61.31
659	61.31
660	61.31
661	61.31
662	61.31
663	61.31
664	61.31
665	61.31
666	61.31
667	61.31
668	61.31
669	61.31
670	61.31
671	61.31
672	61.31
673	61.31
674	61.31
675	61.31
676	61.31
677	61.31
678	61.31
679	61.31
680	61.31
681	61.31
682	61.31
683	61.31
684	61.31
685	61.31
686	61.31
687	61.31
688	61.31
689	61.31
690	61.31
691	61.31
692	61.31
693	61.31
694	61.31
695	61.31
696	61.31
697	61.31
698	61.31
699	61.31
700	61.31
701	61.31
702	61.31
703	61.31
704	61.31
705	61.31
706	61.31
707	61.31
708	61.31
709	61.31
710	61.31
711	61.31
712	61.31
713	61.31
714	61.31
715	61.31
716	61.31
717	61.31
718	61.31
719	61.31
720	61.31
721	61.31
722	61.31
723	61.31
724	61.31
725	61.31
726	61.31
727	61.31
728	61.31
729	61.31
730	61.31
731	61.31
732	61.31
733	61.31
734	61.31
735	61.31
736	61.31
737	61.31
738	61.31
739	61.31
740	61.31
741	61.31
742	61.31
743	61.31
744	61.31
745	61.31
746	61.31
747	61.31
748	61.31
749	61.31
750	61.31
751	61.31
752	61.31
753	61.31
754	61.31
755	61.31
756	61.31
757	61.31
758	61.31
759	61.31
760	61.31
761	61.31
762	61.31
763	61.31
764	61.31
765	61.31
766	61.31
767	61.31
768	61.31
769	61.31
770	61.31
771	61.31
772	61.31
773	61.31
774	61.31
775	61.31
776	61.31
777	61.31
778	61.31
779	61.31
780	61.31
781	61.31
782	61.31
783	61.31
784	61.31
785	61.31
786	61.31
787	61.31
788	61.31
789	61.31
790	61.31
791	61.31
792	61.31
793	61.31
794	61.31
795	61.31
796	61.31
797	61.31
798	61.31
799	61.31
800	61.31
801	61.31
802	61.31
803	61.31
804	61.31
805	61.31
806	61.31
807	61.31
808	61.31
809	61.31
810	61.31
811	61.31
812	61.31
813	61.31
814	61.31
815	61.31
816	61.31
817	61.31
818	61.31
819	61.31
820	61.31
821	61.31
822	61.31
823	61.31
824	61.31
825	61.31
826	61.31
827	61.31
828	61.31
829	61.31
830	61.31
831	61.31
832	61.31
833	61.31
834	61.31
835	61.31
836	61.31
837	61.31
838	61.31
839	61.31
840	61.31
841	61.31
842	61.31
843	61.31
844	61.31
845	61.31
846	61.31
847	61.31
848	61.31
849	61.31
850	61.31
851	61.31
852	61.31
853	61.31
854	61.31
855	61.31
856	61.31
857	61.31
858	61.31
859	61.31
860	61.31
861	61.31
862	61.31
863	61.31
864	61.31
865	61.31
866	61.31
867	61.31
868	61.31
869	61.31
870	61.31
871	61.31
872	61.31
873	61.31
874	61.31
875	61.31
876	61.31
877	61.31
878	61.31
879	61.31
880	61.31
881	61.31
882	61.31
883	61.31
884	61.31
885	61.31
886	61.31
887	61.31
888	61.31
889	61.31
890	61.31
891	61.31
892	61.31
893	61.31
894	61.31
895	61.31
896	61.31
897	61.31
898	61.31
899	61.31
900	61.31
901	61.31
902	61.31
903	61.31
904	61.31
905	61.31
906	61.31
907	61.31
908	61.31
909	61.31
910	61.31
911	61.31
912	61.31
913	61.31
914	61.31
915	61.31
916	61.31
917	61.31
918	61.31
919	61.31
920	61.31
921	61.31
922	61.31
923	61.31
924	61.31
925	61.31
926	61.31
927	61.31
928	61.31
929	61.31
930	61.31
931	61.31
932	61.31
933	61.31
934	61.31
935	61.31
936	61.31
937	61.31
938	61.31
939	61.31
940	61.31
941	61.31
942	61.31
943	61.31
944	61.31
945	61.31
946	61.31
947	61.31
948	61.31
949	61.31
950	61.31
951	61.31
952	61.31
953	61.31
954	61.31
955	61.31
956	61.31
957	61.31
958	61.31
959	61.31
960	61.31
961	61.31
962	61.31
963	61.31
964	61.31
965	61.31
966	61.31
967	61.31
968	61.31
969	61.31
970	61.31
971	61.31
972	61.31
973	61.31
974	61.31
975	61.31
976	61.31
977	61.31
978	61.31
979	61.31
980	61.31
981	61.31
982	61.31
983	61.31
984	61.31
985	61.31
986	61.31
987	61.31
988	61.31
989	61.31
990	61.31
991	61.31
992	61.31
993	61.31
994	61.31
995	61.31
996	61.31
997	61.31
998	61.31
999	61.31
1000	61.31
1001	61.31
1002	61.31
1003	61.31
1004	61.31
1005	61.31
1006	61.31
1007	61.31
1008	61.31
1009	61.31
1010	61.31
1011	61.31
1012	61.31
1013	61.31
1014	61.31
1015	61.31
1016	61.31
1017	61.31
1018	61.31
1019	61.31
1020	61.31
1021	61.31
1022	61.31
1023	61.31
1024	61.31
1025	61.31
1026	61.31
1027	61.31
1028	61.31
1029	61.31
1030	61.31
1031	61.31
1032	61.31
1033	61.31
1034	61.31
1035	61.31
1036	61.31
1037	61.31
1038	61.31
1039	61.31
1040	61.31
1041	61.31
1042	61.31
1043	61.31
1044	61.31
1045	61.31
1046	61.31
1047	61.31
1048	61.31
1049	61.31
1050	61.31
1051	61.31
1052	61.31
1053	61.31
1054	61.31
1055	61.31
1056	61.31
1057	61.31
1058	61.31
1059	61.31
1060	61.31
1061	61.31
1062	61.31
1063	61.31
1064	61.31
1065	61.31
1066	61.31
1067	61.31
1068	61.31
1069	61.31
1070	61.31
1071	61.31
1072	61.31
1073	61.31
1074	61.31
1075	61.31
1076	61.31
1077	61.31
1078	61.31
1079	61.31
1080	61.31
1081	61.31
1082	61.31
1083	61.31
1084	61.31
1085	61.31
1086	61.31
1087	61.31
1088	61.31
1089	61.31
1090	61.31
1091	61.31
1092	61.31
1093	61.31
1094	61.31
1095	61.31
1096	61.31
1097	61.31
1098	61.31
1099	61.31
1100	61.31
1101	61.31
1102	61.31
1103	61.31
1104	61.31
1105	61.31
1106	61.31
1107	61.31
1108	61.31
1109	61.31
1110	61.31
1111	61.31
1112	61.31
1113	61.31
1114	61.31
1115	61.31
1116	61.31
1117	61.31
1118	61.31
1119	61.31
1120	61.31
1121	61.31
1122	61.31
1123	61.31
1124	61.31
1125	61.31
1126	61.31
1127	61.31
1128	61.31
1129	61.31
1130	61.31
1131	61.31
1132	61.31
1133	61.31
1134	61.31
1135	61.31
1136	61.31
1137	61.31
1138	61.31
1139	61.31
1140	61.31
1141	61.31
1142	61.31
1143	61.31
1144	61.31
1145	61.31
1146	61.31
1147	61.31
1148	61.31
1149	61.31
1150	61.31
1151	61.31
1152	61.31
1153	61.31
1154	61.31
1155	61.31
1156	61.31
1157	61.31
1158	61.31
1159	61.31
1160	61.31
1161	61.31
1162	61.31
1163	61.31
1164	61.31
1165	61.31
1166	61.31
1167	61.31
1168	61.31
1169	61.31
1170	61.31
1171	61.31
1172	61.31
1173	61.31
1174	61.31
1175	61.31
1176	61.31
1177	61.31
1178	61.31
1179	61.31
1180	61.31
1181	61.31
1182	61.31
1183	61.31
1184	61.31
1185	61.31
1186	61.31
1187	61.31
1188	61.31
1189	61.31
1190	61.31
1191	61.31
1192	61.31
1193	61.31
1194	61.31
1195	61.31
1196	61.31
1197	61.31
1198	61.31
1199	61.31
1200	61.31
1201	61.31
1202	61.31
1203	61.31
1204	61.31
1205	61.31
1206	61.31
1207	61.31
1208	61.31
1209	61.31
1210	61.31
1211	61.31
1212	61.31
1213	61.31
1214	61.31
1215	61.31
1216	61.31
1217	61.31
1218	61.31
1219	61.31
1220	61.31
1221	61.31
1222	61.31
1223	61.31
1224	61.31
1225	61.31
1226	61.31
1227	61.31
1228	61.31
1229	61.31
1230	61.31
1231	61.31
1232	61.31
1233	61.31
1234	61.31
1235	61.31
1236	61.31
1237	61.31
1238	61.31
1239	61.31
1240	61.31
1241	61.31
1242	61.31
1243	61.31
1244	61.31
1245	61.31
1246	61.31
1247	61.31
1248	61.31
1249	61.31
1250	61.31
1251	61.31
1252	61.31
1253	61.31
1254	61.31
1255	61.31
1256	61.31
1257	61.31
1258	61.31
1259	61.31
1260	61.31
1261	61.31
1262	61.31
1263	61.31
1264	61.31
1265	61.31
1266	61.31
1267	61.31
1268	61.31
1269	61.31
1270	61.31
1271	61.31
1272	61.31
1273	61.31
1274	61.31
1275	61.31
1276	61.31
1277	61.31
1278	61.31
1279	61.31
1280	61.31
1281	61.31
1282	61.31
1283	61.31
1284	61.31
1285	61.31
1286	61.31
1287	61.31
1288	61.31
1289	61.31
1290	61.31
1291	61.31
1292	61.31
1293	61.31
1294	61.31
1295	61.31
1296	61.31
1297	61.31
1298	61.31
1299	61.31
1300	61.31
1301	61.31
1302	61.31
1303	61.31
1304	61.31
1305	61.31
1306	61.31
1307	61.31
1308	61.31
1309	61.31
1310	61.31
1311	61.31
1312	61.31
1313	61.31
1314	61.31
1315	61.31
1316	61.31
1317	61.31
1318	61.31
1319	61.31
1320	61.31
1321	61.31
1322	61.31
1323	61.31
1324	61.31
1325	61.31
1326	61.31
1327	61.31
1328	61.31
1329	61.31
1330	61.31
1331	61.31
1332	61.31
1333	61.31
1334	61.31
1335	61.31
1336	61.31
1337	61.31
1338	61.31
1339	61.31
1340	61.31
1341	61.31
1342	61.31
1343	61.31
1344	61.31
1345	61.31
1346	61.31
1347	61.31
1348	61.31
1349	61.31
1350	61.31
1351	61.31
1352	61.31
1353	61.31
1354	61.31
1355	61.31
1356	61.31
1357	61.31
1358	61.31
1359	61.31
1360	61.31
1361	61.31
1362	61.31
1363	61.31
1364	61.31
1365	61.31
1366	61.31
1367	61.31
1368	61.31
1369	61.31
1370	61.31
1371	61.31
1372	61.31
1373	61.31
1374	61.31
1375	61.31
1376	61.31
1377	61.31
1378	61.31
1379	61.31
1380	61.31
1381	61.31
1382	61.31
1383	61.31
1384	61.31
1385	61.31
1386	61.31
1387	61.31
1388	61.31
1389	61.31
1390	61.31
1391	61.31
1392	61.31
1393	61.31
1394	61.31
1395	61.31
1396	61.31
1397	61.31
1398	61.31
1399	61.31
1400	61.31
1401	61.31
1402	61.31
1403	61.31
1404	61.31
1405	61.31
1406	61.31
1407	61.31
1408	61.31
1409	61.31
1410	61.31
1411	61.31
1412	61.31
1413	61.31
1414	61.31
1415	61.31
1416	61.31
1417	61.31
1418	61.31
1419	61.31
1420	61.31
1421	61.31
1422	61.31
1423	61.31
1424	61.31
1425	61.31
1426	61.31
1427	61.31
1428	61.31
1429	61.31
1430	61.31
1431	61.31
1432	61.31
1433	61.31
1434	61.31
1435	61.31
1436	61.31
1437	61.31
1438	61.31
1439	61.31
1440	61.31
1441	61.31
1442	61.31
1443	61.31
1444	61.31
1445	61.31
1446	61.31
1447	61.31
1448	61.31
1449	61.31
1450	61.31
1451	61.31
1452	61.31
1453	61.31
1454	61.31
1455	61.31
1456	61.31
1457	61.31
1458	61.31
1459	61.31
1460	61.31
1461	61.31
1462	61.31
1463	61.31
1464	61.31
1465	61.31
1466	61.31
1467	61.31
1468	61.31
1469	61.31
1470	61.31
1471	61.31
1472	61.31
1473	61.31
1474	61.31
1475	61.31
1476	61.31
1477	61.31
1478	61.31
1479	61.31
1480	61.31
1481	61.31
1482	61.31
1483	61.31
1484	61.31
1485	61.31
1486	61.31
1487	61.31
1488	61.31
1489	61.31
1490	61.31
1491	61.31
1492	61.31
1493	61.31
1494	61.31
1495	61.31
1496	61.31
1497	61.31
1498	61.31
1499	61.31
1500	61.31
1501	61.31
1502	61.31
1503	61.31
1504	61.31
1505	61.31
1506	61.31
1507	61.31
1508	61.31
1509	61.31
1510	61.31
1511	61.31
1512	61.31
1513	61.31
1514	61.31
1515	61.31
1516	61.31
1517	61.31
1518	61.31
1519	61.31
1520	61.31
1521	61.31
1522	61.31
1523	61.31
1524	61.31
1525	61.31
1526	61.31
1527	61.31
1528	61.31
1529	61.31
1530	61.31
1531	61.31
1532	61.31
1533	61.31
1534	61.31
1535	61.31
1536	61.31
1537	61.31
1538	61.31
1539	61.31
1540	61.31
1541	61.31
1542	61.31
1543	61.31
1544	61.31
1545	61.31
1546	61.31
1547	61.31
1548	61.31
1549	61.31
1550	61.31
1551	61.31
1552	61.31
1553	61.31
1554	61.31
1555	61.31
1556	61.31
1557	61.31
1558	61.31
1559	61.31
1560	61.31
1561	61.31
1562	61.31
1563	61.31
1564	61.31
1565	61.31
1566	61.31
1567	61.31
1568	61.31
1569	61.31
1570	61.31
1571	61.31
1572	61.31
1573	61.31
1574	61.31
1575	61.31
1576	61.31
1577	61.31
1578	61.31
1579	61.31
1580	61.31
1581	61.31
1582	61.31
1583	61.31
1584	61.31
1585	61.31
1586	61.31
1587	61.31
1588	61.31
1589	61.31
1590	61.31
1591	61.31
1592	61.31
1593	61.31
1594	61.31
1595	61.31
1596	61.31
1597	61.31
1598	61.31
1599	61.31
1600	61.31
1601	61.31
1602	61.31
1603	61.31
1604	61.31
1605	61.31
1606	61.31
1607	61.31
1608	61.31
1609	61.31
1610	61.31
1611	61.31
1612	61.31
1613	61.31
1614	61.31
1615	61.31
1616	61.31
1617	61.31
1618	61.31
1619	61.31
1620	61.31
1621	61.31
1622	61.31
1623	61.31
1624	61.31
1625	61.31
1626	61.31
1627	61.31
1628	61.31
1629	61.31
1630	61.31
1631	61.31
1632	61.31
1633	61.31
1634	61.31
1635	61.31
1636	61.31
1637	61.31
1638	61.31
1639	61.31
1640	61.31
1641	61.31
1642	61.31
1643	61.31
1644	61.31
1645	61.31
1646	61.31
1647	61.31
1648	61.31
1649	61.31
1650	61.31
1651	61.31
1652	61.31
1653	61.31
1654	61.31
1655	61.31
1656	61.31
1657	61.31
1658	61.31
1659	61.31
1660	61.31
1661	61.31
1662	61.31
1663	61.31
1664	61.31
1665	61.31
1666	61.31
1667	61.31
1668	61.31
1669	61.31
1670	61.31
1671	61.31
1672	61.31
1673	61.31
1674	61.31
1675	61.31
1676	61.31
1677	61.31
1678	61.31
1679	61.31
1680	61.31
1681	61.31
1682	61.31
1683	61.31
1684	61.31
1685	61.31
1686	61.31
1687	61.31
1688	61.31
1689	61.31
1690	61.31
1691	61.31
1692	61.31
1693	61.31
1694	61.31
1695	61.31
1696	61.31
1697	61.31
1698	61.31
1699	61.31
1700	61.31
1701	61.31
1702	61.31
1703	61.31
1704	61.31
1705	61.31
1706	61.31
1707	61.31
1708	61.31
1709	61.31
1710	61.31
1711	61.31
1712	61.31
1713	61.31
1714	61.31
1715	61.31
1716	61.31
1717	61.31
1718	61.31
1719	61.31
1720	61.31
1721	61.31
1722	61.31
1723	61.31
1724	61.31
1725	61.31
1726	61.31
1727	61.31
1728	61.31
1729	61.31
1730	61.31
1731	61.31
1732	61.31
1733	61.31
1734	61.31
1735	61.31
1736	61.31
1737	61.31
1738	61.31
1739	61.31
1740	61.31
1741	61.31
1742	61.31
1743	61.31
1744	61.31
1745	61.31
1746	61.31
1747	61.31
1748	61.31
1749	61.31
1750	61.31
1751	61.31
1752	61.31
1753	61.31
1754	61.31
1755	61.31
1756	61.31
1757	61.31
1758	61.31
1759	61.31
1760	61.31
1761	61.31
1762	61.31
1763	61.31
1764	61.31
1765	61.31
1766	61.31
1767	61.31
1768	61.31
1769	61.31
1770	61.31
1771	61.31
1772	61.31
1773	61.31
1774	61.31
1775	61.31
1776	61.31
1777	61.31
1778	61.31
1779	61.31
1780	61.31
1781	61.31
1782	61.31
1783	61.31
1784	61.31
1785	61.31
1786	61.31
1787	61.31
1788	61.31
1789	61.31
1790	61.31
1791	61.31
1792	61.31
1793	61.31
1794	61.31
1795	61.31
1796	61.31
1797	61.31
1798	61.31
1799	61.31
1800	61.31
1801	61.31
1802	61.31
1803	61.31
1804	61.31
1805	61.31
1806	61.31
1807	61.31
1808	61.31
1809	61.31
1810	61.31
1811	61.31
1812	61.31
1813	61.31
1814	61.31
1815	61.31
1816	61.31
1817	61.31
1818	61.31
1819	61.31
1820	61.31
1821	61.31
1822	61.31
1823	61.31
1824	61.31
1825	61.31
1826	61.31
1827	61.31
1828	61.31
1829	61.31
1830	61.31
1831	61.31
1832	61.31
1833	61.31
1834	61.31
1835	61.31
1836	61.31
1837	61.31
1838	61.31
1839	61.31
1840	61.31
1841	61.31
1842	61.31
1843	61.31
1844	61.31
1845	61.31
1846	61.31
1847	61.31
1848	61.31
1849	61.31
1850	61.31
1851	61.31
1852	61.31
1853	61.31
1854	61.31
1855	61.31
1856	61.31
1857	61.31
1858	61.31
1859	61.31
1860	61.31
1861	61.31
1862	61.31
1863	61.31
1864	61.31
1865	61.31
1866	61.31
1867	61.31
1868	61.31
1869	61.31
1870	61.31
1871	61.31
1872	61.31
1873	61.31
1874	61.31
1875	61.31
1876	61.31
1877	61.31
1878	61.31
1879	61.31
1880	61.31
1881	61.31
1882	61.31
1883	61.31
1884	61.31
1885	61.31
1886	61.31
1887	61.31
1888	61.31
1889	61.31
1890	61.31
1891	61.31
1892	61.31
1893	61.31
1894	61.31
1895	61.31
1896	61.31
1897	61.31
1898	61.31
1899	61.31
1900	61.31
1901	61.31
1902	61.31
1903	61.31
1904	61.31
1905	61.31
1906	61.31
1907	61.31
1908	61.31
1909	61.31
1910	61.31
1911	61.31
1912	61.31
1913	61.31
1914	61.31
1915	61.31
1916	61.31
1917	61.31
1918	61.31
1919	61.31
1920	61.31
1921	61.31
1922	61.31
1923	61.31
1924	61.31
1925	61.31
1926	61.31
1927	61.31
1928	61.31
1929	61.31
1930	61.31
1931	61.31
1932	61.31
1933	61.31
1934	61.31
1935	61.31
1936	61.31
1937	61.31
1938	61.31
1939	61.31
1940	61.31
1941	61.31
1942	61.31
1943	61.31
1944	61.31
1945	61.31
1946	61.31
1947	61.31
1948	61.31
1949	61.31
1950	61.31
1951	61.31
1952	61.31
1953	61.31
1954	61.31
1955	61.31
1956	61.31
1957	61.31
1958	61.31
1959	61.31
1960	61.31
1961	61.31
1962	61.31
1963	61.31
1964	61.31
1965	61.31
1966	61.31
1967	61.31
1968	61.31
1969	61.31
1970	61.31
1971	61.31
1972	61.31
1973	61.31
1974	61.31
1975	61.31
1976	61.31
1977	61.31
1978	61.31
1979	61.31
1980	61.31
1981	61.31
1982	61.31
1983	61.31
1984	61.31
1985	61.31
1986	61.31
1987	61.31
1988	61.31
1989	61.31
1990	61.31
1991	61.31
1992	61.31
1993	61.31
1994	61.31
1995	61.31
1996	61.31
1997	61.31
1998	61.31
1999	61.31
2000	61.31
2001	61.31
2002	61.31
2003	61.31
2004	61.31
2005	61.31
2006	61.31
2007	61.31
2008	61.31
2009	61.31
2010	61.31
2011	61.31
2012	61.31
2013	61.31
2014	61.31
2015	61.31
2016	61.31
2017	61.31
2018	61.31
2019	61.31
2020	61.31
2021	61.31
2022	61.31
2023	61.31
2024	61.31
2025	61.31
2026	61.31
2027	61.31
2028	61.31
2029	61.31
2030	61.31
2031	61.31
2032	61.31
2033	61.31
2034	61.31
2035	61.31
2036	61.31
2037	61.31
2038	61.31
2039	61.31
2040	61.31
2041	61.31
2042	61.31
2043	61.31
2044	61.31
2045	61.31
2046	61.31
2047	61.31
2048	61.31
2049	61.31
2050	61.31
2051	61.31
2052	61.31
2053	61.31
2054	61.31
2055	61.31
2056	61.31
2057	61.31
2058	61.31
2059	61.31
2060	61.31
2061	61.31
2062	61.31
2063	61.31
2064	61.31
2065	61.31
2066	61.31
2067	61.31
2068	61.31
2069	61.31
2070	61.31
2071	61.31
2072	61.31
2073	61.31
2074	61.31
2075	61.31
2076	61.31
2077	61.31
2078	61.31
2079	61.31
2080	61.31
2081	61.31
2082	61.31
2083	61.31
2084	61.31
2085	61.31
2086	61.31
2087	61.31
2088	61.31
2089	61.31
2090	61.31
2091	61.31
2092	61.31
2093	61.31
2094	61.31
2095	61.31
2096	61.31
2097	61.31
2098	61.31
2099	61.31
2100	61.31
2101	61.31
2102	61.31
2103	61.31
2104	61.31
2105	61.31
2106	61.31
2107	61.31
2108	61.31
2109	61.31
2110	61.31
2111	61.31
2112	61.31
2113	61.31
2114	61.31
2115	61.31
2116	61.31
2117	61.31
2118	61.31
2119	61.31
2120	61.31
2121	61.31
2122	61.31
2123	61.31
2124	61.31
2125	61.31
2126	61.31
2127	61.31
2128	61.31
2129	61.31
2130	61.31
2131	61.31
2132	61.31
2133	61.31
2134	61.31
2135	61.31
2136	61.31
2137	61.31
2138	61.31
2139	61.31
2140	61.31
2141	61.31
2142	61.31
2143	61.31
2144	61.31
2145	61.31
2146	61.31
2147	61.31
2148	61.31
2149	61.31
2150	61.31
2151	61.31
2152	61.31
2153	61.31
2154	61.31
2155	61.31
2156	61.31
2157	61.31
2158	61.31
2159	61.31
2160	61.31
2161	61.31
2162	61.31
2163	61.31
2164	61.31
2165	61.31
2166	61.31
2167	61.31
2168	61.31
2169	61.31
2170	61.31
2171	61.31
2172	61.31
2173	61.31
2174	61.31
2175	61.31
2176	61.31
2177	61.31
2178	61.31
2179	61.31
2180	61.31
2181	61.31
2182	61.31
2183	61.31
2184	61.31
2185	61.31
2186	61.31
2187	61.31
2188	61.31
2189	61.31
2190	61.31
2191	61.31
2192	61.31
2193	61.31
2194	61.31
2195	61.31
2196	61.31
2197	61.31
2198	61.31
2199	61.31
2200	61.31
2201	61.31
2202	61.31
2203	61.31
2204	61.31
2205	61.31
2206	61.31
2207	61.31
2208	61.31
2209	61.31
2210	61.31
2211	61.31
2212	61.31
2213	61.31
2214	61.31
2215	61.31
2216	61.31
2217	61.31
2218	61.31
2219	61.31
2220	61.31
2221	61.31
2222	61.31
2223	61.31
2224	61.31
2225	61.31
2226	61.31
2227	61.31
2228	61.31
2229	61.31
2230	61.31
2231	61.31
2232	61.31
2233	61.31
2234	61.31
2235	61.31
2236	61.31
2237	61.31
2238	61.31
2239	61.31
2240	61.31
2241	61.31
2242	61.31
2243	61.31
2244	61.31
2245	61.31
2246	61.31
2247	61.31
2248	61.31
2249	61.31
2250	61.31
2251	61.31
2252	61.31
2253	61.31
2254	61.31
2255	61.31
2256	61.31
2257	61.31
2258	61.31
2259	61.31
2260	61.31
2261	61.31
2262	61.31
2263	61.31
2264	61.31
2265	61.31
2266	61.31
2267	61.31
2268	61.31
2269	61.31
2270	61.31
2271	61.31
2272	61.31
2273	61.31
2274	61.31
2275	61.31
2276	61.31
2277	61.31
2278	61.31
2279	61.31
2280	61.31
2281	61.31
2282	61.31
2283	61.31
2284	61.31
2285	61.31
2286	61.31
2287	61.31
2288	61.31
2289	61.31
2290	61.31
2291	61.31
2292	61.31
2293	61.31
2294	61.31
2295	61.31
2296	61.31
2297	61.31
2298	61.31
2299	61.31
2300	61.31
2301	61.31
2302	61.31
2303	61.31
2304	61.31
2305	61.31
2306	61.31
2307	61.31
2308	61.31
2309	61.31
2310	61.31
2311	61.31
2312	61.31
2313	61.31
2314	61.31
2315	61.31
2316	61.31
2317	61.31
2318	61.31
2319	61.31
2320	61.31
2321	61.31
2322	61.31
2323	61.31
2324	61.31
2325	61.31
2326	61.31
2327	61.31
2328	61.31
2329	61.31
2330	61.31
2331	61.31
2332	61.31
2333	61.31
2334	61.31
2335	61.31
2336	61.31
2337	61.31
2338	61.31
2339	61.31
2340	61.31
2341	61.31
2342	61.31
2343	61.31
2344	61.31
2345	61.31
2346	61.31
2347	61.31
2348	61.31
2349	61.31
2350	61.31
2351	61.31
2352	61.31
2353	61.31
2354	61.31
2355	61.31
2356	61.31
2357	61.31
2358	61.31
2359	61.31
2360	61.31
2361	61.31
2362	61.31
2363	61.31
2364	61.31
2365	61.31
2366	61.31
2367	61.31
2368	61.31
2369	61.31
2370	61.31
2371	61.31
2372	61.31
2373	61.31
2374	61.31
2375	61.31
2376	61.31
2377	61.31
2378	61.31
2379	61.31
2380	61.31
2381	61.31
2382	61.31
2383	61.31
2384	61.31
2385	61.31
2386	61.31
2387	61.31
2388	61.31
2389	61.31
2390	61.31
2391	61.31
2392	61.31
2393	61.31
2394	61.31
2395	61.31
2396	61.31
2397	61.31
2398	61.31
2399	61.31
2400	61.31
2401	61.31
2402	61.31
2403	61.31
2404	61.31
2405	61.31
2406	61.31
2407	61.31
2408	61.31
2409	61.31
2410	61.31
2411	61.31
2412	61.31
2413	61.31
2414	61.31
2415	61.31
2416	61.31
2417	61.31
2418	61.31
2419	61.31
2420	61.31
2421	61.31
2422	61.31
2423	61.31
2424	61.31
2425	61.31
2426	61.31
2427	61.31
2428	61.31
2429	61.31
2430	61.31
2431	61.31
2432	61.31
2433	61.31
2434	61.31
2435	61.31
2436	61.31
2437	61.31
2438	61.31
2439	61.31
2440	61.31
2441	61.31
2442	61.31
2443	61.31
2444	61.31
2445	61.31
2446	61.31
2447	61.31
2448	61.31
2449	61.31
2450	61.31
2451	61.31
2452	61.31
2453	61.31
2454	61.31
2455	61.31
2456	61.31
2457	61.31
2458	61.31
2459	61.31
2460	61.31
2461	61.31
2462	61.31
2463	61.31
2464	61.31
2465	61.31
2466	61.31
2467	61.31
2468	61.31
2469	61.31
2470	61.31
2471	61.31
2472	61.31
2473	61.31
2474	61.31
2475	61.31
2476	61.31
2477	61.31
2478	61.31
2479	61.31
2480	61.31
2481	61.31
2482	61.31
2483	61.31
2484	61.31
2485	61.31
2486	61.31
2487	61.31
2488	61.31
2489	61.31
2490	61.31
2491	61.31
2492	61.31
2493	61.31
2494	61.31
2495	61.31
2496	61.31
2497	61.31
2498	61.31
2499	61.31
2500	61.31
2501	61.31
2502	61.31
2503	61.31
2504	61.31
2505	61.31
2506	61.31
2507	61.31
2508	61.31
2509	61.31
2510	61.31
2511	61.31
2512	61.31
2513	61.31
2514	61.31
2515	61.31
2516	61.31
2517	61.31
2518	61.31
2519	61.31
2520	61.31
2521	61.31
2522	61.31
2523	61.31
2524	61.31
2525	61.31
2526	61.31
2527	61.31
2528	61.31
2529	61.31
2530	61.31
2531	61.31
2532	61.31
2533	61.31
2534	61.31
2535	61.31
2536	61.31
2537	61.31
2538	61.31
2539	61.31
2540	61.31
2541	61.31
2542	61.31
2543	61.31
2544	61.31
2545	61.31
2546	61.31
2547	61.31
2548	61.31
2549	61.31
2550	61.31
2551	61.31
2552	61.31
2553	61.31
2554	61.31
2555	61.31
2556	61.31
2557	61.31
2558	61.31
2559	61.31
2560	61.31
2561	61.31
2562	61.31
2563	61.31
2564	61.31
2565	61.31
2566	61.31
2567	61.31
2568	61.31
2569	61.31
2570	61.31
2571	61.31
2572	61.31
2573	61.31
2574	61.31
2575	61.31
2576	61.31
2577	61.31
2578	61.31
2579	61.31
2580	61.31
2581	61.31
2582	61.31
2583	61.31
2584	61.31
2585	61.31
2586	61.31
2587	61.31
2588	61.31
2589	61.31
2590	61.31
2591	61.31
2592	61.31
2593	61.31
2594	61.31
2595	61.31
2596	61.31
2597	61.31
2598	61.31
2599	61.31
2600	61.31
2601	61.31
2602	61.31
2603	61.31
2604	61.31
2605	61.31
2606	61.31
2607	61.31
2608	61.31
2609	61.31
2610	61.31
2611	61.31
2612	61.31
2613	61.31
2614	61.31
2615	61.31
2616	61.31
2617	61.31
2618	61.31
2619	61.31
2620	61.31
2621	61.31
2622	61.31
2623	61.31
2624	61.31
2625	61.31
2626	61.31
2627	61.31
2628	61.31
2629	61.31
2630	61.31
2631	61.31
2632	61.31
2633	61.31
2634	61.31
2635	61.31
2636	61.31
2637	61.31
2638	61.31
2639	61.31
2640	61.31
2641	61.31
2642	61.31
2643	61.31
2644	61.31
2645	61.31
2646	61.31
2647	61.31
2648	61.31
2649	61.31
2650	61.31
2651	61.31
2652	61.31
2653	61.31
2654	61.31
2655	61.31
2656	61.31
2657	61.31
2658	61.31
2659	61.31
2660	61.31
2661	61.31
2662	61.31
2663	61.31
2664	61.31
2665	61.31
2666	61.31
2667	61.31
2668	61.31
2669	61.31
2670	61.31
2671	61.31
2672	61.31
2673	61.31
2674	61.31
2675	61.31
2676	61.31
2677	61.31
2678	61.31
2679	61.31
2680	61.31
2681	61.31
2682	61.31
2683	61.31
2684	61.31
2685	61.31
2686	61.31
2687	61.31
2688	61.31
2689	61.31
2690	61.31
2691	61.31
2692	61.31
2693	61.31
2694	61.31
2695	61.31
2696	61.31
2697	61.31
2698	61.31
2699	61.31
2700	61.31
2701	61.31
2702	61.31
2703	61.31
2704	61.31
2705	61.31
2706	61.31
2707	61.31
2708	61.31
2709	61.31
2710	61.31
2711	61.31
2712	61.31
2713	61.31
2714	61.31
2715	61.31
2716	61.31
2717	61.31
2718	61.31
2719	61.31
2720	61.31
2721	61.31
2722	61.31
2723	61.31
2724	61.31
2725	61.31
2726	61.31
2727	61.31
2728	61.31
2729	61.31
2730	61.31
2731	61.31
2732	61.31
2733	61.31
2734	61.31
2735	61.31
2736	61.31
2737	61.31
2738	61.31
2739	61.31
2740	61.31
2741	61.31
2742	61.31
2743	61.31
2744	61.31
2745	61.31
2746	61.31
2747	61.31
2748	61.31
2749	61.31
2750	61.31
2751	61.31
2752	61.31
2753	61.31
2754	61.31
2755	61.31
2756	61.31
2757	61.31
2758	61.31
2759	61.31
2760	61.31
2761	61.31
2762	61.31
2763	61.31
2764	61.31
2765	61.31
2766	61.31
2767	61.31
2768	61.31
2769	61.31
2770	61.31
2771	61.31
2772	61.31
2773	61.31
2774	61.31
2775	61.31
2776	61.31
2777	61.31
2778	61.31
2779	61.31
2780	61.31
2781	61.31
2782	61.31
2783	61.31
2784	61.31
2785	61.31
2786	61.31
2787	61.31
2788	61.31
2789	61.31
2790	61.31
2791	61.31
2792	61.31
2793	61.31
2794	61.31
2795	61.31
2796	61.31
2797	61.31
2798	61.31
2799	61.31
2800	61.31
2801	61.31
2802	61.31
2803	61.31
2804	61.31
2805	61.31
2806	61.31
2807	61.31
2808	61.31
2809	61.31
2810	61.31
2811	61.31
2812	61.31
2813	61.31
2814	61.31
2815	61.31
2816	61.31
2817	61.31
2818	61.31
2819	61.31
2820	61.31
2821	61.31
2822	61.31
2823	61.31
2824	61.31
2825	61.31
2826	61.31
2827	61.31
2828	61.31
2829	61.31
2830	61.31
2831	61.31
2832	61.31
2833	61.31
2834	61.31
2835	61.31
2836	61.31
2837	61.31
2838	61.31
2839	61.31
2840	61.31
2841	61.31
2842	61.31
2843	61.31
2844	61.31
2845	61.31
2846	61.31
2847	61.31
2848	61.31
2849	61.31
2850	61.31
2851	61.31
2852	61.31
2853	61.31
2854	61.31
2855	61.31
2856	61.31
2857	61.31
2858	61.31
2859	61.31
2860	61.31
2861	61.31
2862	61.31
2863	61.31
2864	61.31
2865	61.31
2866	61.31
2867	61.31
2868	61.31
2869	61.31
2870	61.31
2871	61.31
2872	61.31
2873	61.31
2874	61.31
2875	61.31
2876	61.31
2877	61.31
2878	61.31
2879	61.31
2880	61.31
2881	61.31
2882	61.31
2883	61.31
2884	61.31
2885	61.31
2886	61.31
2887	61.31
2888	61.31
2889	61.31
2890	61.31
2891	61.31
2892	61.31
2893	61.31
2894	61.31
2895	61.31
2896	61.31
2897	61.31
2898	61.31
2899	61.31
2900	61.31
2901	61.31
2902	61.31
2903	61.31
2904	61.31
2905	61.31
2906	61.31
2907	61.31
2908	61.31
2909	61.31
2910	61.31
2911	61.31
2912	61.31
2913	61.31
2914	61.31
2915	61.31
2916	61.31
2917	61.31
2918	61.31
2919	61.31
2920	61.31
2921	61.31
2922	61.31
2923	61.31
2924	61.31
2925	61.31
2926	61.31
2927	61.31
2928	61.31
2929	61.31
2930	61.31
2931	61.31
2932	61.31
2933	61.31
2934	61.31
2935	61.31
2936	61.31
2937	61.31
2938	61.31
2939	61.31
2940	61.31
2941	61.31
2942	61.31
2943	61.31
2944	61.31
2945	61.31
2946	61.31
2947	61.31
2948	61.31
2949	61.31
2950	61.31
2951	61.31
2952	61.31
2953	61.31
2954	61.31
2955	61.31
2956	61.31
2957	61.31
2958	61.31
2959	61.31
2960	61.31
2961	61.31
2962	61.31
2963	61.31
2964	61.31
2965	61.31
2966	61.31
2967	61.31
2968	61.31
2969	61.31
2970	61.31
2971	61.31
2972	61.31
2973	61.31
2974	61.31
2975	61.31
2976	61.31
2977	61.31
2978	61.31
2979	61.31
2980	61.31
2981	61.31
2982	61.31
2983	61.31
2984	61.31
2985	61.31
2986	61.31
2987	61.31
2988	61.31
2989	61.31
2990	61.31
2991	61.31
2992	61.31
2993	61.31
2994	61.31
2995	61.31
2996	61.31
2997	61.31
