0	32.45
1	32.45
2	32.45
3	32.45
4	32.45
5	32.45
6	32.45
7	32.45
8	32.45
9	32.45
10	32.45
11	32.45
12	32.45
13	32.45
14	32.45
15	32.45
16	32.45
17	32.45
18	32.45
19	32.45
20	32.45
21	32.45
22	32.45
23	32.45
24	32.45
25	32.45
26	32.45
27	32.45
28	32.45
29	32.45
30	32.45
31	32.45
32	32.45
33	32.45
34	32.45
35	32.45
36	32.45
37	32.45
38	32.45
39	32.45
40	32.45
41	32.45
42	32.45
43	32.45
44	32.45
45	32.45
46	32.45
47	32.45
48	32.45
49	32.45
50	32.45
51	32.45
52	32.45
53	32.45
54	32.45
55	32.45
56	32.45
57	32.45
58	32.45
59	32.45
60	32.45
61	32.45
62	32.45
63	32.45
64	32.45
65	32.45
66	32.45
67	32.45
68	32.45
69	32.45
70	32.45
71	32.45
72	32.45
73	32.45
74	32.45
75	32.45
76	32.45
77	32.45
78	32.45
79	32.45
80	32.45
81	32.45
82	32.45
83	32.45
84	32.45
85	32.45
86	32.45
87	32.45
88	32.45
89	32.45
90	32.45
91	32.45
92	32.45
93	32.45
94	32.45
95	32.45
96	32.45
97	32.45
98	32.45
99	32.45
100	32.45
101	32.45
102	32.45
103	32.45
104	32.45
105	32.45
106	32.45
107	32.45
108	32.45
109	32.45
110	32.45
111	32.45
112	32.45
113	32.45
114	32.45
115	32.45
116	32.45
117	32.45
118	32.45
119	32.45
120	32.45
121	32.45
122	32.45
123	32.45
124	32.45
125	32.45
126	32.45
127	32.45
128	32.45
129	32.45
130	32.45
131	32.45
132	32.45
133	32.45
134	32.45
135	32.45
136	32.45
137	32.45
138	32.45
139	32.45
140	32.45
141	32.45
142	32.45
143	32.45
144	32.45
145	32.45
146	32.45
147	32.45
148	32.45
149	32.45
150	32.45
151	32.45
152	32.45
153	32.45
154	32.45
155	32.45
156	32.45
157	32.45
158	32.45
159	32.45
160	32.45
161	32.45
162	32.45
163	32.45
164	32.45
165	32.45
166	32.45
167	32.45
168	32.45
169	32.45
170	32.45
171	32.45
172	32.45
173	32.45
174	32.45
175	32.45
176	32.45
177	32.45
178	32.45
179	32.45
180	32.45
181	32.45
182	32.45
183	32.45
184	32.45
185	32.45
186	32.45
187	32.45
188	32.45
189	32.45
190	32.45
191	32.45
192	32.45
193	32.45
194	32.45
195	32.45
196	32.45
197	32.45
198	32.45
199	32.45
200	32.45
201	32.45
202	32.45
203	32.45
204	32.45
205	32.45
206	32.45
207	32.45
208	32.45
209	32.45
210	32.45
211	32.45
212	32.45
213	32.45
214	32.45
215	32.45
216	32.45
217	32.45
218	32.45
219	32.45
220	32.45
221	32.45
222	32.45
223	32.45
224	32.45
225	32.45
226	32.45
227	32.45
228	32.45
229	32.45
230	32.45
231	32.45
232	32.45
233	32.45
234	32.45
235	32.45
236	32.45
237	32.45
238	32.45
239	32.45
240	32.45
241	32.45
242	32.45
243	32.45
244	32.45
245	32.45
246	32.45
247	32.45
248	32.45
249	32.45
250	32.45
251	32.45
252	32.45
253	32.45
254	32.45
255	32.45
256	32.45
257	32.45
258	32.45
259	32.45
260	32.45
261	32.45
262	32.45
263	32.45
264	32.45
265	32.45
266	32.45
267	32.45
268	32.45
269	32.45
270	32.45
271	32.45
272	32.45
273	32.45
274	32.45
275	32.45
276	32.45
277	32.45
278	32.45
279	32.45
280	32.45
281	32.45
282	32.45
283	32.45
284	32.45
285	32.45
286	32.45
287	32.45
288	32.45
289	32.45
290	32.45
291	32.45
292	32.45
293	32.45
294	32.45
295	32.45
296	32.45
297	32.45
298	32.45
299	32.45
300	32.45
301	32.45
302	32.45
303	32.45
304	32.45
305	32.45
306	32.45
307	32.45
308	32.45
309	32.45
310	32.45
311	32.45
312	32.45
313	32.45
314	32.45
315	32.45
316	32.45
317	32.45
318	32.45
319	32.45
320	32.45
321	32.45
322	32.45
323	32.45
324	32.45
325	32.45
326	32.45
327	32.45
328	32.45
329	32.45
330	32.45
331	32.45
332	32.45
333	32.45
334	32.45
335	32.45
336	32.45
337	32.45
338	32.45
339	32.45
340	32.45
341	32.45
342	32.45
343	32.45
344	32.45
345	32.45
346	32.45
347	32.45
348	32.45
349	32.45
350	32.45
351	32.45
352	32.45
353	32.45
354	32.45
355	32.45
356	32.45
357	32.45
358	32.45
359	32.45
360	32.45
361	32.45
362	32.45
363	32.45
364	32.45
365	32.45
366	32.45
367	32.45
368	32.45
369	32.45
370	32.45
371	32.45
372	32.45
373	32.45
374	32.45
375	32.45
376	32.45
377	32.45
378	32.45
379	32.45
380	32.45
381	32.45
382	32.45
383	32.45
384	32.45
385	32.45
386	32.45
387	32.45
388	32.45
389	32.45
390	32.45
391	32.45
392	32.45
393	32.45
394	32.45
395	32.45
396	32.45
397	32.45
398	32.45
399	32.45
400	32.45
401	32.45
402	32.45
403	32.45
404	32.45
405	32.45
406	32.45
407	32.45
408	32.45
409	32.45
410	32.45
411	32.45
412	32.45
413	32.45
414	32.45
415	32.45
416	32.45
417	32.45
418	32.45
419	32.45
420	32.45
421	32.45
422	32.45
423	32.45
424	32.45
425	32.45
426	32.45
427	32.45
428	32.45
429	32.45
430	32.45
431	32.45
432	32.45
433	32.45
434	32.45
435	32.45
436	32.45
437	32.45
438	32.45
439	32.45
440	32.45
441	32.45
442	32.45
443	32.45
444	32.45
445	32.45
446	32.45
447	32.45
448	32.45
449	32.45
450	32.45
451	32.45
452	32.45
453	32.45
454	32.45
455	32.45
456	32.45
457	32.45
458	32.45
459	32.45
460	32.45
461	32.45
462	32.45
463	32.45
464	32.45
465	32.45
466	32.45
467	32.45
468	32.45
469	32.45
470	32.45
471	32.45
472	32.45
473	32.45
474	32.45
475	32.45
476	32.45
477	32.45
478	32.45
479	32.45
480	32.45
481	32.45
482	32.45
483	32.45
484	32.45
485	32.45
486	32.45
487	32.45
488	32.45
489	32.45
490	32.45
491	32.45
492	32.45
493	32.45
494	32.45
495	32.45
496	32.45
497	32.45
498	32.45
499	32.45
500	32.45
501	32.45
502	32.45
503	32.45
504	32.45
505	32.45
506	32.45
507	32.45
508	32.45
509	32.45
510	32.45
511	32.45
512	32.45
513	32.45
514	32.45
515	32.45
516	32.45
517	32.45
518	32.45
519	32.45
520	32.45
521	32.45
522	32.45
523	32.45
524	32.45
525	32.45
526	32.45
527	32.45
528	32.45
529	32.45
530	32.45
531	32.45
532	32.45
533	32.45
534	32.45
535	32.45
536	32.45
537	32.45
538	32.45
539	32.45
540	32.45
541	32.45
542	32.45
543	32.45
544	32.45
545	32.45
546	32.45
547	32.45
548	32.45
549	32.45
550	32.45
551	32.45
552	32.45
553	32.45
554	32.45
555	32.45
556	32.45
557	32.45
558	32.45
559	32.45
560	32.45
561	32.45
562	32.45
563	32.45
564	32.45
565	32.45
566	32.45
567	32.45
568	32.45
569	32.45
570	32.45
571	32.45
572	32.45
573	32.45
574	32.45
575	32.45
576	32.45
577	32.45
578	32.45
579	32.45
580	32.45
581	32.45
582	32.45
583	32.45
584	32.45
585	32.45
586	32.45
587	32.45
588	32.45
589	32.45
590	32.45
591	32.45
592	32.45
593	32.45
594	32.45
595	32.45
596	32.45
597	32.45
598	32.45
599	32.45
600	32.45
601	32.45
602	32.45
603	32.45
604	32.45
605	32.45
606	32.45
607	32.45
608	32.45
609	32.45
610	32.45
611	32.45
612	32.45
613	32.45
614	32.45
615	32.45
616	32.45
617	32.45
618	32.45
619	32.45
620	32.45
621	32.45
622	32.45
623	32.45
624	32.45
625	32.45
626	32.45
627	32.45
628	32.45
629	32.45
630	32.45
631	32.45
632	32.45
633	32.45
634	32.45
635	32.45
636	32.45
637	32.45
638	32.45
639	32.45
640	32.45
641	32.45
642	32.45
643	32.45
644	32.45
645	32.45
646	32.45
647	32.45
648	32.45
649	32.45
650	32.45
651	32.45
652	32.45
653	32.45
654	32.45
655	32.45
656	32.45
657	32.45
658	32.45
659	32.45
660	32.45
661	32.45
662	32.45
663	32.45
664	32.45
665	32.45
666	32.45
667	32.45
668	32.45
669	32.45
670	32.45
671	32.45
672	32.45
673	32.45
674	32.45
675	32.45
676	32.45
677	32.45
678	32.45
679	32.45
680	32.45
681	32.45
682	32.45
683	32.45
684	32.45
685	32.45
686	32.45
687	32.45
688	32.45
689	32.45
690	32.45
691	32.45
692	32.45
693	32.45
694	32.45
695	32.45
696	32.45
697	32.45
698	32.45
699	32.45
700	32.45
701	32.45
702	32.45
703	32.45
704	32.45
705	32.45
706	32.45
707	32.45
708	32.45
709	32.45
710	32.45
711	32.45
712	32.45
713	32.45
714	32.45
715	32.45
716	32.45
717	32.45
718	32.45
719	32.45
720	32.45
721	32.45
722	32.45
723	32.45
724	32.45
725	32.45
726	32.45
727	32.45
728	32.45
729	32.45
730	32.45
731	32.45
732	32.45
733	32.45
734	32.45
735	32.45
736	32.45
737	32.45
738	32.45
739	32.45
740	32.45
741	32.45
742	32.45
743	32.45
744	32.45
745	32.45
746	32.45
747	32.45
748	32.45
749	32.45
750	32.45
751	32.45
752	32.45
753	32.45
754	32.45
755	32.45
756	32.45
757	32.45
758	32.45
759	32.45
760	32.45
761	32.45
762	32.45
763	32.45
764	32.45
765	32.45
766	32.45
767	32.45
768	32.45
769	32.45
770	32.45
771	32.45
772	32.45
773	32.45
774	32.45
775	32.45
776	32.45
777	32.45
778	32.45
779	32.45
780	32.45
781	32.45
782	32.45
783	32.45
784	32.45
785	32.45
786	32.45
787	32.45
788	32.45
789	32.45
790	32.45
791	32.45
792	32.45
793	32.45
794	32.45
795	32.45
796	32.45
797	32.45
798	32.45
799	32.45
800	32.45
801	32.45
802	32.45
803	32.45
804	32.45
805	32.45
806	32.45
807	32.45
808	32.45
809	32.45
810	32.45
811	32.45
812	32.45
813	32.45
814	32.45
815	32.45
816	32.45
817	32.45
818	32.45
819	32.45
820	32.45
821	32.45
822	32.45
823	32.45
824	32.45
825	32.45
826	32.45
827	32.45
828	32.45
829	32.45
830	32.45
831	32.45
832	32.45
833	32.45
834	32.45
835	32.45
836	32.45
837	32.45
838	32.45
839	32.45
840	32.45
841	32.45
842	32.45
843	32.45
844	32.45
845	32.45
846	32.45
847	32.45
848	32.45
849	32.45
850	32.45
851	32.45
852	32.45
853	32.45
854	32.45
855	32.45
856	32.45
857	32.45
858	32.45
859	32.45
860	32.45
861	32.45
862	32.45
863	32.45
864	32.45
865	32.45
866	32.45
867	32.45
868	32.45
869	32.45
870	32.45
871	32.45
872	32.45
873	32.45
874	32.45
875	32.45
876	32.45
877	32.45
878	32.45
879	32.45
880	32.45
881	32.45
882	32.45
883	32.45
884	32.45
885	32.45
886	32.45
887	32.45
888	32.45
889	32.45
890	32.45
891	32.45
892	32.45
893	32.45
894	32.45
895	32.45
896	32.45
897	32.45
898	32.45
899	32.45
900	32.45
901	32.45
902	32.45
903	32.45
904	32.45
905	32.45
906	32.45
907	32.45
908	32.45
909	32.45
910	32.45
911	32.45
912	32.45
913	32.45
914	32.45
915	32.45
916	32.45
917	32.45
918	32.45
919	32.45
920	32.45
921	32.45
922	32.45
923	32.45
924	32.45
925	32.45
926	32.45
927	32.45
928	32.45
929	32.45
930	32.45
931	32.45
932	32.45
933	32.45
934	32.45
935	32.45
936	32.45
937	32.45
938	32.45
939	32.45
940	32.45
941	32.45
942	32.45
943	32.45
944	32.45
945	32.45
946	32.45
947	32.45
948	32.45
949	32.45
950	32.45
951	32.45
952	32.45
953	32.45
954	32.45
955	32.45
956	32.45
957	32.45
958	32.45
959	32.45
960	32.45
961	32.45
962	32.45
963	32.45
964	32.45
965	32.45
966	32.45
967	32.45
968	32.45
969	32.45
970	32.45
971	32.45
972	32.45
973	32.45
974	32.45
975	32.45
976	32.45
977	32.45
978	32.45
979	32.45
980	32.45
981	32.45
982	32.45
983	32.45
984	32.45
985	32.45
986	32.45
987	32.45
988	32.45
989	32.45
990	32.45
991	32.45
992	32.45
993	32.45
994	32.45
995	32.45
996	32.45
997	32.45
998	32.45
999	32.45
1000	32.45
1001	32.45
1002	32.45
1003	32.45
1004	32.45
1005	32.45
1006	32.45
1007	32.45
1008	32.45
1009	32.45
1010	32.45
1011	32.45
1012	32.45
1013	32.45
1014	32.45
1015	32.45
1016	32.45
1017	32.45
1018	32.45
1019	32.45
1020	32.45
1021	32.45
1022	32.45
1023	32.45
1024	32.45
1025	32.45
1026	32.45
1027	32.45
1028	32.45
1029	32.45
1030	32.45
1031	32.45
1032	32.45
1033	32.45
1034	32.45
1035	32.45
1036	32.45
1037	32.45
1038	32.45
1039	32.45
1040	32.45
1041	32.45
1042	32.45
1043	32.45
1044	32.45
1045	32.45
1046	32.45
1047	32.45
1048	32.45
1049	32.45
1050	32.45
1051	32.45
1052	32.45
1053	32.45
1054	32.45
1055	32.45
1056	32.45
1057	32.45
1058	32.45
1059	32.45
1060	32.45
1061	32.45
1062	32.45
1063	32.45
1064	32.45
1065	32.45
1066	32.45
1067	32.45
1068	32.45
1069	32.45
1070	32.45
1071	32.45
1072	32.45
1073	32.45
1074	32.45
1075	32.45
1076	32.45
1077	32.45
1078	32.45
1079	32.45
1080	32.45
1081	32.45
1082	32.45
1083	32.45
1084	32.45
1085	32.45
1086	32.45
1087	32.45
1088	32.45
1089	32.45
1090	32.45
1091	32.45
1092	32.45
1093	32.45
1094	32.45
1095	32.45
1096	32.45
1097	32.45
1098	32.45
1099	32.45
1100	32.45
1101	32.45
1102	32.45
1103	32.45
1104	32.45
1105	32.45
1106	32.45
1107	32.45
1108	32.45
1109	32.45
1110	32.45
1111	32.45
1112	32.45
1113	32.45
1114	32.45
1115	32.45
1116	32.45
1117	32.45
1118	32.45
1119	32.45
1120	32.45
1121	32.45
1122	32.45
1123	32.45
1124	32.45
1125	32.45
1126	32.45
1127	32.45
1128	32.45
1129	32.45
1130	32.45
1131	32.45
1132	32.45
1133	32.45
1134	32.45
1135	32.45
1136	32.45
1137	32.45
1138	32.45
1139	32.45
1140	32.45
1141	32.45
1142	32.45
1143	32.45
1144	32.45
1145	32.45
1146	32.45
1147	32.45
1148	32.45
1149	32.45
1150	32.45
1151	32.45
1152	32.45
1153	32.45
1154	32.45
1155	32.45
1156	32.45
1157	32.45
1158	32.45
1159	32.45
1160	32.45
1161	32.45
1162	32.45
1163	32.45
1164	32.45
1165	32.45
1166	32.45
1167	32.45
1168	32.45
1169	32.45
1170	32.45
1171	32.45
1172	32.45
1173	32.45
1174	32.45
1175	32.45
1176	32.45
1177	32.45
1178	32.45
1179	32.45
1180	32.45
1181	32.45
1182	32.45
1183	32.45
1184	32.45
1185	32.45
1186	32.45
1187	32.45
1188	32.45
1189	32.45
1190	32.45
1191	32.45
1192	32.45
1193	32.45
1194	32.45
1195	32.45
1196	32.45
1197	32.45
1198	32.45
1199	32.45
1200	32.45
1201	32.45
1202	32.45
1203	32.45
1204	32.45
1205	32.45
1206	32.45
1207	32.45
1208	32.45
1209	32.45
1210	32.45
1211	32.45
1212	32.45
1213	32.45
1214	32.45
1215	32.45
1216	32.45
1217	32.45
1218	32.45
1219	32.45
1220	32.45
1221	32.45
1222	32.45
1223	32.45
1224	32.45
1225	32.45
1226	32.45
1227	32.45
1228	32.45
1229	32.45
1230	32.45
1231	32.45
1232	32.45
1233	32.45
1234	32.45
1235	32.45
1236	32.45
1237	32.45
1238	32.45
1239	32.45
1240	32.45
1241	32.45
1242	32.45
1243	32.45
1244	32.45
1245	32.45
1246	32.45
1247	32.45
1248	32.45
1249	32.45
1250	32.45
1251	32.45
1252	32.45
1253	32.45
1254	32.45
1255	32.45
1256	32.45
1257	32.45
1258	32.45
1259	32.45
1260	32.45
1261	32.45
1262	32.45
1263	32.45
1264	32.45
1265	32.45
1266	32.45
1267	32.45
1268	32.45
1269	32.45
1270	32.45
1271	32.45
1272	32.45
1273	32.45
1274	32.45
1275	32.45
1276	32.45
1277	32.45
1278	32.45
1279	32.45
1280	32.45
1281	32.45
1282	32.45
1283	32.45
1284	32.45
1285	32.45
1286	32.45
1287	32.45
1288	32.45
1289	32.45
1290	32.45
1291	32.45
1292	32.45
1293	32.45
1294	32.45
1295	32.45
1296	32.45
1297	32.45
1298	32.45
1299	32.45
1300	32.45
1301	32.45
1302	32.45
1303	32.45
1304	32.45
1305	32.45
1306	32.45
1307	32.45
1308	32.45
1309	32.45
1310	32.45
1311	32.45
1312	32.45
1313	32.45
1314	32.45
1315	32.45
1316	32.45
1317	32.45
1318	32.45
1319	32.45
1320	32.45
1321	32.45
1322	32.45
1323	32.45
1324	32.45
1325	32.45
1326	32.45
1327	32.45
1328	32.45
1329	32.45
1330	32.45
1331	32.45
1332	32.45
1333	32.45
1334	32.45
1335	32.45
1336	32.45
1337	32.45
1338	32.45
1339	32.45
1340	32.45
1341	32.45
1342	32.45
1343	32.45
1344	32.45
1345	32.45
1346	32.45
1347	32.45
1348	32.45
1349	32.45
1350	32.45
1351	32.45
1352	32.45
1353	32.45
1354	32.45
1355	32.45
1356	32.45
1357	32.45
1358	32.45
1359	32.45
1360	32.45
1361	32.45
1362	32.45
1363	32.45
1364	32.45
1365	32.45
1366	32.45
1367	32.45
1368	32.45
1369	32.45
1370	32.45
1371	32.45
1372	32.45
1373	32.45
1374	32.45
1375	32.45
1376	32.45
1377	32.45
1378	32.45
1379	32.45
1380	32.45
1381	32.45
1382	32.45
1383	32.45
1384	32.45
1385	32.45
1386	32.45
1387	32.45
1388	32.45
1389	32.45
1390	32.45
1391	32.45
1392	32.45
1393	32.45
1394	32.45
1395	32.45
1396	32.45
1397	32.45
1398	32.45
1399	32.45
1400	32.45
1401	32.45
1402	32.45
1403	32.45
1404	32.45
1405	32.45
1406	32.45
1407	32.45
1408	32.45
1409	32.45
1410	32.45
1411	32.45
1412	32.45
1413	32.45
1414	32.45
1415	32.45
1416	32.45
1417	32.45
1418	32.45
1419	32.45
1420	32.45
1421	32.45
1422	32.45
1423	32.45
1424	32.45
1425	32.45
1426	32.45
1427	32.45
1428	32.45
1429	32.45
1430	32.45
1431	32.45
1432	32.45
1433	32.45
1434	32.45
1435	32.45
1436	32.45
1437	32.45
1438	32.45
1439	32.45
1440	32.45
1441	32.45
1442	32.45
1443	32.45
1444	32.45
1445	32.45
1446	32.45
1447	32.45
1448	32.45
1449	32.45
1450	32.45
1451	32.45
1452	32.45
1453	32.45
1454	32.45
1455	32.45
1456	32.45
1457	32.45
1458	32.45
1459	32.45
1460	32.45
1461	32.45
1462	32.45
1463	32.45
1464	32.45
1465	32.45
1466	32.45
1467	32.45
1468	32.45
1469	32.45
1470	32.45
1471	32.45
1472	32.45
1473	32.45
1474	32.45
1475	32.45
1476	32.45
1477	32.45
1478	32.45
1479	32.45
1480	32.45
1481	32.45
1482	32.45
1483	32.45
1484	32.45
1485	32.45
1486	32.45
1487	32.45
1488	32.45
1489	32.45
1490	32.45
1491	32.45
1492	32.45
1493	32.45
1494	32.45
1495	32.45
1496	32.45
1497	32.45
1498	32.45
1499	32.45
1500	32.45
1501	32.45
1502	32.45
1503	32.45
1504	32.45
1505	32.45
1506	32.45
1507	32.45
1508	32.45
1509	32.45
1510	32.45
1511	32.45
1512	32.45
1513	32.45
1514	32.45
1515	32.45
1516	32.45
1517	32.45
1518	32.45
1519	32.45
1520	32.45
1521	32.45
1522	32.45
1523	32.45
1524	32.45
1525	32.45
1526	32.45
1527	32.45
1528	32.45
1529	32.45
1530	32.45
1531	32.45
1532	32.45
1533	32.45
1534	32.45
1535	32.45
1536	32.45
1537	32.45
1538	32.45
1539	32.45
1540	32.45
1541	32.45
1542	32.45
1543	32.45
1544	32.45
1545	32.45
1546	32.45
1547	32.45
1548	32.45
1549	32.45
1550	32.45
1551	32.45
1552	32.45
1553	32.45
1554	32.45
1555	32.45
1556	32.45
1557	32.45
1558	32.45
1559	32.45
1560	32.45
1561	32.45
1562	32.45
1563	32.45
1564	32.45
1565	32.45
1566	32.45
1567	32.45
1568	32.45
1569	32.45
1570	32.45
1571	32.45
1572	32.45
1573	32.45
1574	32.45
1575	32.45
1576	32.45
1577	32.45
1578	32.45
1579	32.45
1580	32.45
1581	32.45
1582	32.45
1583	32.45
1584	32.45
1585	32.45
1586	32.45
1587	32.45
1588	32.45
1589	32.45
1590	32.45
1591	32.45
1592	32.45
1593	32.45
1594	32.45
1595	32.45
1596	32.45
1597	32.45
1598	32.45
1599	32.45
1600	32.45
1601	32.45
1602	32.45
1603	32.45
1604	32.45
1605	32.45
1606	32.45
1607	32.45
1608	32.45
1609	32.45
1610	32.45
1611	32.45
1612	32.45
1613	32.45
1614	32.45
1615	32.45
1616	32.45
1617	32.45
1618	32.45
1619	32.45
1620	32.45
1621	32.45
1622	32.45
1623	32.45
1624	32.45
1625	32.45
1626	32.45
1627	32.45
1628	32.45
1629	32.45
1630	32.45
1631	32.45
1632	32.45
1633	32.45
1634	32.45
1635	32.45
1636	32.45
1637	32.45
1638	32.45
1639	32.45
1640	32.45
1641	32.45
1642	32.45
1643	32.45
1644	32.45
1645	32.45
1646	32.45
1647	32.45
1648	32.45
1649	32.45
1650	32.45
1651	32.45
1652	32.45
1653	32.45
1654	32.45
1655	32.45
1656	32.45
1657	32.45
1658	32.45
1659	32.45
1660	32.45
1661	32.45
1662	32.45
1663	32.45
1664	32.45
1665	32.45
1666	32.45
1667	32.45
1668	32.45
1669	32.45
1670	32.45
1671	32.45
1672	32.45
1673	32.45
1674	32.45
1675	32.45
1676	32.45
1677	32.45
1678	32.45
1679	32.45
1680	32.45
1681	32.45
1682	32.45
1683	32.45
1684	32.45
1685	32.45
1686	32.45
1687	32.45
1688	32.45
1689	32.45
1690	32.45
1691	32.45
1692	32.45
1693	32.45
1694	32.45
1695	32.45
1696	32.45
1697	32.45
1698	32.45
1699	32.45
1700	32.45
1701	32.45
1702	32.45
1703	32.45
1704	32.45
1705	32.45
1706	32.45
1707	32.45
1708	32.45
1709	32.45
1710	32.45
1711	32.45
1712	32.45
1713	32.45
1714	32.45
1715	32.45
1716	32.45
1717	32.45
1718	32.45
1719	32.45
1720	32.45
1721	32.45
1722	32.45
1723	32.45
1724	32.45
1725	32.45
1726	32.45
1727	32.45
1728	32.45
1729	32.45
1730	32.45
1731	32.45
1732	32.45
1733	32.45
1734	32.45
1735	32.45
1736	32.45
1737	32.45
1738	32.45
1739	32.45
1740	32.45
1741	32.45
1742	32.45
1743	32.45
1744	32.45
1745	32.45
1746	32.45
1747	32.45
1748	32.45
1749	32.45
1750	32.45
1751	32.45
1752	32.45
1753	32.45
1754	32.45
1755	32.45
1756	32.45
1757	32.45
1758	32.45
1759	32.45
1760	32.45
1761	32.45
1762	32.45
1763	32.45
1764	32.45
1765	32.45
1766	32.45
1767	32.45
1768	32.45
1769	32.45
1770	32.45
1771	32.45
1772	32.45
1773	32.45
1774	32.45
1775	32.45
1776	32.45
1777	32.45
1778	32.45
1779	32.45
1780	32.45
1781	32.45
1782	32.45
1783	32.45
1784	32.45
1785	32.45
1786	32.45
1787	32.45
1788	32.45
1789	32.45
1790	32.45
1791	32.45
1792	32.45
1793	32.45
1794	32.45
1795	32.45
1796	32.45
1797	32.45
1798	32.45
1799	32.45
1800	32.45
1801	32.45
1802	32.45
1803	32.45
1804	32.45
1805	32.45
1806	32.45
1807	32.45
1808	32.45
1809	32.45
1810	32.45
1811	32.45
1812	32.45
1813	32.45
1814	32.45
1815	32.45
1816	32.45
1817	32.45
1818	32.45
1819	32.45
1820	32.45
1821	32.45
1822	32.45
1823	32.45
1824	32.45
1825	32.45
1826	32.45
1827	32.45
1828	32.45
1829	32.45
1830	32.45
1831	32.45
1832	32.45
1833	32.45
1834	32.45
1835	32.45
1836	32.45
1837	32.45
1838	32.45
1839	32.45
1840	32.45
1841	32.45
1842	32.45
1843	32.45
1844	32.45
1845	32.45
1846	32.45
1847	32.45
1848	32.45
1849	32.45
1850	32.45
1851	32.45
1852	32.45
1853	32.45
1854	32.45
1855	32.45
1856	32.45
1857	32.45
1858	32.45
1859	32.45
1860	32.45
1861	32.45
1862	32.45
1863	32.45
1864	32.45
1865	32.45
1866	32.45
1867	32.45
1868	32.45
1869	32.45
1870	32.45
1871	32.45
1872	32.45
1873	32.45
1874	32.45
1875	32.45
1876	32.45
1877	32.45
1878	32.45
1879	32.45
1880	32.45
1881	32.45
1882	32.45
1883	32.45
1884	32.45
1885	32.45
1886	32.45
1887	32.45
1888	32.45
1889	32.45
1890	32.45
1891	32.45
1892	32.45
1893	32.45
1894	32.45
1895	32.45
1896	32.45
1897	32.45
1898	32.45
1899	32.45
1900	32.45
1901	32.45
1902	32.45
1903	32.45
1904	32.45
1905	32.45
1906	32.45
1907	32.45
1908	32.45
1909	32.45
1910	32.45
1911	32.45
1912	32.45
1913	32.45
1914	32.45
1915	32.45
1916	32.45
1917	32.45
1918	32.45
1919	32.45
1920	32.45
1921	32.45
1922	32.45
1923	32.45
1924	32.45
1925	32.45
1926	32.45
1927	32.45
1928	32.45
1929	32.45
1930	32.45
1931	32.45
1932	32.45
1933	32.45
1934	32.45
1935	32.45
1936	32.45
1937	32.45
1938	32.45
1939	32.45
1940	32.45
1941	32.45
1942	32.45
1943	32.45
1944	32.45
1945	32.45
1946	32.45
1947	32.45
1948	32.45
1949	32.45
1950	32.45
1951	32.45
1952	32.45
1953	32.45
1954	32.45
1955	32.45
1956	32.45
1957	32.45
1958	32.45
1959	32.45
1960	32.45
1961	32.45
1962	32.45
1963	32.45
1964	32.45
1965	32.45
1966	32.45
1967	32.45
1968	32.45
1969	32.45
1970	32.45
1971	32.45
1972	32.45
1973	32.45
1974	32.45
1975	32.45
1976	32.45
1977	32.45
1978	32.45
1979	32.45
1980	32.45
1981	32.45
1982	32.45
1983	32.45
1984	32.45
1985	32.45
1986	32.45
1987	32.45
1988	32.45
1989	32.45
1990	32.45
1991	32.45
1992	32.45
1993	32.45
1994	32.45
1995	32.45
1996	32.45
1997	32.45
1998	32.45
1999	32.45
