0	30.08
1	30.08
2	30.08
3	30.08
4	30.08
5	30.08
6	30.08
7	30.08
8	30.08
9	30.08
10	30.08
11	30.08
12	30.08
13	30.08
14	30.08
15	30.08
16	30.08
17	30.08
18	30.08
19	30.08
20	30.08
21	30.08
22	30.08
23	30.08
24	30.08
25	30.08
26	30.08
27	30.08
28	30.08
29	30.08
30	30.08
31	30.08
32	30.08
33	30.08
34	30.08
35	30.08
36	30.08
37	30.08
38	30.08
39	30.08
40	30.08
41	30.08
42	30.08
43	30.08
44	30.08
45	30.08
46	30.08
47	30.08
48	30.08
49	30.08
50	30.08
51	30.08
52	30.08
53	30.08
54	30.08
55	30.08
56	30.08
57	30.08
58	30.08
59	30.08
60	30.08
61	30.08
62	30.08
63	30.08
64	30.08
65	30.08
66	30.08
67	30.08
68	30.08
69	30.08
70	30.08
71	30.08
72	30.08
73	30.08
74	30.08
75	30.08
76	30.08
77	30.08
78	30.08
79	30.08
80	30.08
81	30.08
82	30.08
83	30.08
84	30.08
85	30.08
86	30.08
87	30.08
88	30.08
89	30.08
90	30.08
91	30.08
92	30.08
93	30.08
94	30.08
95	30.08
96	30.08
97	30.08
98	30.08
99	30.08
100	30.08
101	30.08
102	30.08
103	30.08
104	30.08
105	30.08
106	30.08
107	30.08
108	30.08
109	30.08
110	30.08
111	30.08
112	30.08
113	30.08
114	30.08
115	30.08
116	30.08
117	30.08
118	30.08
119	30.08
120	30.08
121	30.08
122	30.08
123	30.08
124	30.08
125	30.08
126	30.08
127	30.08
128	30.08
129	30.08
130	30.08
131	30.08
132	30.08
133	30.08
134	30.08
135	30.08
136	30.08
137	30.08
138	30.08
139	30.08
140	30.08
141	30.08
142	30.08
143	30.08
144	30.08
145	30.08
146	30.08
147	30.08
148	30.08
149	30.08
150	30.08
151	30.08
152	30.08
153	30.08
154	30.08
155	30.08
156	30.08
157	30.08
158	30.08
159	30.08
160	30.08
161	30.08
162	30.08
163	30.08
164	30.08
165	30.08
166	30.08
167	30.08
168	30.08
169	30.08
170	30.08
171	30.08
172	30.08
173	30.08
174	30.08
175	30.08
176	30.08
177	30.08
178	30.08
179	30.08
180	30.08
181	30.08
182	30.08
183	30.08
184	30.08
185	30.08
186	30.08
187	30.08
188	30.08
189	30.08
190	30.08
191	30.08
192	30.08
193	30.08
194	30.08
195	30.08
196	30.08
197	30.08
198	30.08
199	30.08
200	30.08
201	30.08
202	30.08
203	30.08
204	30.08
205	30.08
206	30.08
207	30.08
208	30.08
209	30.08
210	30.08
211	30.08
212	30.08
213	30.08
214	30.08
215	30.08
216	30.08
217	30.08
218	30.08
219	30.08
220	30.08
221	30.08
222	30.08
223	30.08
224	30.08
225	30.08
226	30.08
227	30.08
228	30.08
229	30.08
230	30.08
231	30.08
232	30.08
233	30.08
234	30.08
235	30.08
236	30.08
237	30.08
238	30.08
239	30.08
240	30.08
241	30.08
242	30.08
243	30.08
244	30.08
245	30.08
246	30.08
247	30.08
248	30.08
249	30.08
250	30.08
251	30.08
252	30.08
253	30.08
254	30.08
255	30.08
256	30.08
257	30.08
258	30.08
259	30.08
260	30.08
261	30.08
262	30.08
263	30.08
264	30.08
265	30.08
266	30.08
267	30.08
268	30.08
269	30.08
270	30.08
271	30.08
272	30.08
273	30.08
274	30.08
275	30.08
276	30.08
277	30.08
278	30.08
279	30.08
280	30.08
281	30.08
282	30.08
283	30.08
284	30.08
285	30.08
286	30.08
287	30.08
288	30.08
289	30.08
290	30.08
291	30.08
292	30.08
293	30.08
294	30.08
295	30.08
296	30.08
297	30.08
298	30.08
299	30.08
300	30.08
301	30.08
302	30.08
303	30.08
304	30.08
305	30.08
306	30.08
307	30.08
308	30.08
309	30.08
310	30.08
311	30.08
312	30.08
313	30.08
314	30.08
315	30.08
316	30.08
317	30.08
318	30.08
319	30.08
320	30.08
321	30.08
322	30.08
323	30.08
324	30.08
325	30.08
326	30.08
327	30.08
328	30.08
329	30.08
330	30.08
331	30.08
332	30.08
333	30.08
334	30.08
335	30.08
336	30.08
337	30.08
338	30.08
339	30.08
340	30.08
341	30.08
342	30.08
343	30.08
344	30.08
345	30.08
346	30.08
347	30.08
348	30.08
349	30.08
350	30.08
351	30.08
352	30.08
353	30.08
354	30.08
355	30.08
356	30.08
357	30.08
358	30.08
359	30.08
360	30.08
361	30.08
362	30.08
363	30.08
364	30.08
365	30.08
366	30.08
367	30.08
368	30.08
369	30.08
370	30.08
371	30.08
372	30.08
373	30.08
374	30.08
375	30.08
376	30.08
377	30.08
378	30.08
379	30.08
380	30.08
381	30.08
382	30.08
383	30.08
384	30.08
385	30.08
386	30.08
387	30.08
388	30.08
389	30.08
390	30.08
391	30.08
392	30.08
393	30.08
394	30.08
395	30.08
396	30.08
397	30.08
398	30.08
399	30.08
400	30.08
401	30.08
402	30.08
403	30.08
404	30.08
405	30.08
406	30.08
407	30.08
408	30.08
409	30.08
410	30.08
411	30.08
412	30.08
413	30.08
414	30.08
415	30.08
416	30.08
417	30.08
418	30.08
419	30.08
420	30.08
421	30.08
422	30.08
423	30.08
424	30.08
425	30.08
426	30.08
427	30.08
428	30.08
429	30.08
430	30.08
431	30.08
432	30.08
433	30.08
434	30.08
435	30.08
436	30.08
437	30.08
438	30.08
439	30.08
440	30.08
441	30.08
442	30.08
443	30.08
444	30.08
445	30.08
446	30.08
447	30.08
448	30.08
449	30.08
450	30.08
451	30.08
452	30.08
453	30.08
454	30.08
455	30.08
456	30.08
457	30.08
458	30.08
459	30.08
460	30.08
461	30.08
462	30.08
463	30.08
464	30.08
465	30.08
466	30.08
467	30.08
468	30.08
469	30.08
470	30.08
471	30.08
472	30.08
473	30.08
474	30.08
475	30.08
476	30.08
477	30.08
478	30.08
479	30.08
480	30.08
481	30.08
482	30.08
483	30.08
484	30.08
485	30.08
486	30.08
487	30.08
488	30.08
489	30.08
490	30.08
491	30.08
492	30.08
493	30.08
494	30.08
495	30.08
496	30.08
497	30.08
498	30.08
499	30.08
500	30.08
501	30.08
502	30.08
503	30.08
504	30.08
505	30.08
506	30.08
507	30.08
508	30.08
509	30.08
510	30.08
511	30.08
512	30.08
513	30.08
514	30.08
515	30.08
516	30.08
517	30.08
518	30.08
519	30.08
520	30.08
521	30.08
522	30.08
523	30.08
524	30.08
525	30.08
526	30.08
527	30.08
528	30.08
529	30.08
530	30.08
531	30.08
532	30.08
533	30.08
534	30.08
535	30.08
536	30.08
537	30.08
538	30.08
539	30.08
540	30.08
541	30.08
542	30.08
543	30.08
544	30.08
545	30.08
546	30.08
547	30.08
548	30.08
549	30.08
550	30.08
551	30.08
552	30.08
553	30.08
554	30.08
555	30.08
556	30.08
557	30.08
558	30.08
559	30.08
560	30.08
561	30.08
562	30.08
563	30.08
564	30.08
565	30.08
566	30.08
567	30.08
568	30.08
569	30.08
570	30.08
571	30.08
572	30.08
573	30.08
574	30.08
575	30.08
576	30.08
577	30.08
578	30.08
579	30.08
580	30.08
581	30.08
582	30.08
583	30.08
584	30.08
585	30.08
586	30.08
587	30.08
588	30.08
589	30.08
590	30.08
591	30.08
592	30.08
593	30.08
594	30.08
595	30.08
596	30.08
597	30.08
598	30.08
599	30.08
600	30.08
601	30.08
602	30.08
603	30.08
604	30.08
605	30.08
606	30.08
607	30.08
608	30.08
609	30.08
610	30.08
611	30.08
612	30.08
613	30.08
614	30.08
615	30.08
616	30.08
617	30.08
618	30.08
619	30.08
620	30.08
621	30.08
622	30.08
623	30.08
624	30.08
625	30.08
626	30.08
627	30.08
628	30.08
629	30.08
630	30.08
631	30.08
632	30.08
633	30.08
634	30.08
635	30.08
636	30.08
637	30.08
638	30.08
639	30.08
640	30.08
641	30.08
642	30.08
643	30.08
644	30.08
645	30.08
646	30.08
647	30.08
648	30.08
649	30.08
650	30.08
651	30.08
652	30.08
653	30.08
654	30.08
655	30.08
656	30.08
657	30.08
658	30.08
659	30.08
660	30.08
661	30.08
662	30.08
663	30.08
664	30.08
665	30.08
666	30.08
667	30.08
668	30.08
669	30.08
670	30.08
671	30.08
672	30.08
673	30.08
674	30.08
675	30.08
676	30.08
677	30.08
678	30.08
679	30.08
680	30.08
681	30.08
682	30.08
683	30.08
684	30.08
685	30.08
686	30.08
687	30.08
688	30.08
689	30.08
690	30.08
691	30.08
692	30.08
693	30.08
694	30.08
695	30.08
696	30.08
697	30.08
698	30.08
699	30.08
700	30.08
701	30.08
702	30.08
703	30.08
704	30.08
705	30.08
706	30.08
707	30.08
708	30.08
709	30.08
710	30.08
711	30.08
712	30.08
713	30.08
714	30.08
715	30.08
716	30.08
717	30.08
718	30.08
719	30.08
720	30.08
721	30.08
722	30.08
723	30.08
724	30.08
725	30.08
726	30.08
727	30.08
728	30.08
729	30.08
730	30.08
731	30.08
732	30.08
733	30.08
734	30.08
735	30.08
736	30.08
737	30.08
738	30.08
739	30.08
740	30.08
741	30.08
742	30.08
743	30.08
744	30.08
745	30.08
746	30.08
747	30.08
748	30.08
749	30.08
750	30.08
751	30.08
752	30.08
753	30.08
754	30.08
755	30.08
756	30.08
757	30.08
758	30.08
759	30.08
760	30.08
761	30.08
762	30.08
763	30.08
764	30.08
765	30.08
766	30.08
767	30.08
768	30.08
769	30.08
770	30.08
771	30.08
772	30.08
773	30.08
774	30.08
775	30.08
776	30.08
777	30.08
778	30.08
779	30.08
780	30.08
781	30.08
782	30.08
783	30.08
784	30.08
785	30.08
786	30.08
787	30.08
788	30.08
789	30.08
790	30.08
791	30.08
792	30.08
793	30.08
794	30.08
795	30.08
796	30.08
797	30.08
798	30.08
799	30.08
800	30.08
801	30.08
802	30.08
803	30.08
804	30.08
805	30.08
806	30.08
807	30.08
808	30.08
809	30.08
810	30.08
811	30.08
812	30.08
813	30.08
814	30.08
815	30.08
816	30.08
817	30.08
818	30.08
819	30.08
820	30.08
821	30.08
822	30.08
823	30.08
824	30.08
825	30.08
826	30.08
827	30.08
828	30.08
829	30.08
830	30.08
831	30.08
832	30.08
833	30.08
834	30.08
835	30.08
836	30.08
837	30.08
838	30.08
839	30.08
840	30.08
841	30.08
842	30.08
843	30.08
844	30.08
845	30.08
846	30.08
847	30.08
848	30.08
849	30.08
850	30.08
851	30.08
852	30.08
853	30.08
854	30.08
855	30.08
856	30.08
857	30.08
858	30.08
859	30.08
860	30.08
861	30.08
862	30.08
863	30.08
864	30.08
865	30.08
866	30.08
867	30.08
868	30.08
869	30.08
870	30.08
871	30.08
872	30.08
873	30.08
874	30.08
875	30.08
876	30.08
877	30.08
878	30.08
879	30.08
880	30.08
881	30.08
882	30.08
883	30.08
884	30.08
885	30.08
886	30.08
887	30.08
888	30.08
889	30.08
890	30.08
891	30.08
892	30.08
893	30.08
894	30.08
895	30.08
896	30.08
897	30.08
898	30.08
899	30.08
900	30.08
901	30.08
902	30.08
903	30.08
904	30.08
905	30.08
906	30.08
907	30.08
908	30.08
909	30.08
910	30.08
911	30.08
912	30.08
913	30.08
914	30.08
915	30.08
916	30.08
917	30.08
918	30.08
919	30.08
920	30.08
921	30.08
922	30.08
923	30.08
924	30.08
925	30.08
926	30.08
927	30.08
928	30.08
929	30.08
930	30.08
931	30.08
932	30.08
933	30.08
934	30.08
935	30.08
936	30.08
937	30.08
938	30.08
939	30.08
940	30.08
941	30.08
942	30.08
943	30.08
944	30.08
945	30.08
946	30.08
947	30.08
948	30.08
949	30.08
950	30.08
951	30.08
952	30.08
953	30.08
954	30.08
955	30.08
956	30.08
957	30.08
958	30.08
959	30.08
960	30.08
961	30.08
962	30.08
963	30.08
964	30.08
965	30.08
966	30.08
967	30.08
968	30.08
969	30.08
970	30.08
971	30.08
972	30.08
973	30.08
974	30.08
975	30.08
976	30.08
977	30.08
978	30.08
979	30.08
980	30.08
981	30.08
982	30.08
983	30.08
984	30.08
985	30.08
986	30.08
987	30.08
988	30.08
989	30.08
990	30.08
991	30.08
992	30.08
993	30.08
994	30.08
995	30.08
996	30.08
997	30.08
998	30.08
999	30.08
1000	30.08
1001	30.08
1002	30.08
1003	30.08
1004	30.08
1005	30.08
1006	30.08
1007	30.08
1008	30.08
1009	30.08
1010	30.08
1011	30.08
1012	30.08
1013	30.08
1014	30.08
1015	30.08
1016	30.08
1017	30.08
1018	30.08
1019	30.08
1020	30.08
1021	30.08
1022	30.08
1023	30.08
1024	30.08
1025	30.08
1026	30.08
1027	30.08
1028	30.08
1029	30.08
1030	30.08
1031	30.08
1032	30.08
1033	30.08
1034	30.08
1035	30.08
1036	30.08
1037	30.08
1038	30.08
1039	30.08
1040	30.08
1041	30.08
1042	30.08
1043	30.08
1044	30.08
1045	30.08
1046	30.08
1047	30.08
1048	30.08
1049	30.08
1050	30.08
1051	30.08
1052	30.08
1053	30.08
1054	30.08
1055	30.08
1056	30.08
1057	30.08
1058	30.08
1059	30.08
1060	30.08
1061	30.08
1062	30.08
1063	30.08
1064	30.08
1065	30.08
1066	30.08
1067	30.08
1068	30.08
1069	30.08
1070	30.08
1071	30.08
1072	30.08
1073	30.08
1074	30.08
1075	30.08
1076	30.08
1077	30.08
1078	30.08
1079	30.08
1080	30.08
1081	30.08
1082	30.08
1083	30.08
1084	30.08
1085	30.08
1086	30.08
1087	30.08
1088	30.08
1089	30.08
1090	30.08
1091	30.08
1092	30.08
1093	30.08
1094	30.08
1095	30.08
1096	30.08
1097	30.08
1098	30.08
1099	30.08
1100	30.08
1101	30.08
1102	30.08
1103	30.08
1104	30.08
1105	30.08
1106	30.08
1107	30.08
1108	30.08
1109	30.08
1110	30.08
1111	30.08
1112	30.08
1113	30.08
1114	30.08
1115	30.08
1116	30.08
1117	30.08
1118	30.08
1119	30.08
1120	30.08
1121	30.08
1122	30.08
1123	30.08
1124	30.08
1125	30.08
1126	30.08
1127	30.08
1128	30.08
1129	30.08
1130	30.08
1131	30.08
1132	30.08
1133	30.08
1134	30.08
1135	30.08
1136	30.08
1137	30.08
1138	30.08
1139	30.08
1140	30.08
1141	30.08
1142	30.08
1143	30.08
1144	30.08
1145	30.08
1146	30.08
1147	30.08
1148	30.08
1149	30.08
1150	30.08
1151	30.08
1152	30.08
1153	30.08
1154	30.08
1155	30.08
1156	30.08
1157	30.08
1158	30.08
1159	30.08
1160	30.08
1161	30.08
1162	30.08
1163	30.08
1164	30.08
1165	30.08
1166	30.08
1167	30.08
1168	30.08
1169	30.08
1170	30.08
1171	30.08
1172	30.08
1173	30.08
1174	30.08
1175	30.08
1176	30.08
1177	30.08
1178	30.08
1179	30.08
1180	30.08
1181	30.08
1182	30.08
1183	30.08
1184	30.08
1185	30.08
1186	30.08
1187	30.08
1188	30.08
1189	30.08
1190	30.08
1191	30.08
1192	30.08
1193	30.08
1194	30.08
1195	30.08
1196	30.08
1197	30.08
1198	30.08
1199	30.08
1200	30.08
1201	30.08
1202	30.08
1203	30.08
1204	30.08
1205	30.08
1206	30.08
1207	30.08
1208	30.08
1209	30.08
1210	30.08
1211	30.08
1212	30.08
1213	30.08
1214	30.08
1215	30.08
1216	30.08
1217	30.08
1218	30.08
1219	30.08
1220	30.08
1221	30.08
1222	30.08
1223	30.08
1224	30.08
1225	30.08
1226	30.08
1227	30.08
1228	30.08
1229	30.08
1230	30.08
1231	30.08
1232	30.08
1233	30.08
1234	30.08
1235	30.08
1236	30.08
1237	30.08
1238	30.08
1239	30.08
1240	30.08
1241	30.08
1242	30.08
1243	30.08
1244	30.08
1245	30.08
1246	30.08
1247	30.08
1248	30.08
1249	30.08
1250	30.08
1251	30.08
1252	30.08
1253	30.08
1254	30.08
1255	30.08
1256	30.08
1257	30.08
1258	30.08
1259	30.08
1260	30.08
1261	30.08
1262	30.08
1263	30.08
1264	30.08
1265	30.08
1266	30.08
1267	30.08
1268	30.08
1269	30.08
1270	30.08
1271	30.08
1272	30.08
1273	30.08
1274	30.08
1275	30.08
1276	30.08
1277	30.08
1278	30.08
1279	30.08
1280	30.08
1281	30.08
1282	30.08
1283	30.08
1284	30.08
1285	30.08
1286	30.08
1287	30.08
1288	30.08
1289	30.08
1290	30.08
1291	30.08
1292	30.08
1293	30.08
1294	30.08
1295	30.08
1296	30.08
1297	30.08
1298	30.08
1299	30.08
1300	30.08
1301	30.08
1302	30.08
1303	30.08
1304	30.08
1305	30.08
1306	30.08
1307	30.08
1308	30.08
1309	30.08
1310	30.08
1311	30.08
1312	30.08
1313	30.08
1314	30.08
1315	30.08
1316	30.08
1317	30.08
1318	30.08
1319	30.08
1320	30.08
1321	30.08
1322	30.08
1323	30.08
1324	30.08
1325	30.08
1326	30.08
1327	30.08
1328	30.08
1329	30.08
1330	30.08
1331	30.08
1332	30.08
1333	30.08
1334	30.08
1335	30.08
1336	30.08
1337	30.08
1338	30.08
1339	30.08
1340	30.08
1341	30.08
1342	30.08
1343	30.08
1344	30.08
1345	30.08
1346	30.08
1347	30.08
1348	30.08
1349	30.08
1350	30.08
1351	30.08
1352	30.08
1353	30.08
1354	30.08
1355	30.08
1356	30.08
1357	30.08
1358	30.08
1359	30.08
1360	30.08
1361	30.08
1362	30.08
1363	30.08
1364	30.08
1365	30.08
1366	30.08
1367	30.08
1368	30.08
1369	30.08
1370	30.08
1371	30.08
1372	30.08
1373	30.08
1374	30.08
1375	30.08
1376	30.08
1377	30.08
1378	30.08
1379	30.08
1380	30.08
1381	30.08
1382	30.08
1383	30.08
1384	30.08
1385	30.08
1386	30.08
1387	30.08
1388	30.08
1389	30.08
1390	30.08
1391	30.08
1392	30.08
1393	30.08
1394	30.08
1395	30.08
1396	30.08
1397	30.08
1398	30.08
1399	30.08
1400	30.08
1401	30.08
1402	30.08
1403	30.08
1404	30.08
1405	30.08
1406	30.08
1407	30.08
1408	30.08
1409	30.08
1410	30.08
1411	30.08
1412	30.08
1413	30.08
1414	30.08
1415	30.08
1416	30.08
1417	30.08
1418	30.08
1419	30.08
1420	30.08
1421	30.08
1422	30.08
1423	30.08
1424	30.08
1425	30.08
1426	30.08
1427	30.08
1428	30.08
1429	30.08
1430	30.08
1431	30.08
1432	30.08
1433	30.08
1434	30.08
1435	30.08
1436	30.08
1437	30.08
1438	30.08
1439	30.08
1440	30.08
1441	30.08
1442	30.08
1443	30.08
1444	30.08
1445	30.08
1446	30.08
1447	30.08
1448	30.08
1449	30.08
1450	30.08
1451	30.08
1452	30.08
1453	30.08
1454	30.08
1455	30.08
1456	30.08
1457	30.08
1458	30.08
1459	30.08
1460	30.08
1461	30.08
1462	30.08
1463	30.08
1464	30.08
1465	30.08
1466	30.08
1467	30.08
1468	30.08
1469	30.08
1470	30.08
1471	30.08
1472	30.08
1473	30.08
1474	30.08
1475	30.08
1476	30.08
1477	30.08
1478	30.08
1479	30.08
1480	30.08
1481	30.08
1482	30.08
1483	30.08
1484	30.08
1485	30.08
1486	30.08
1487	30.08
1488	30.08
1489	30.08
1490	30.08
1491	30.08
1492	30.08
1493	30.08
1494	30.08
1495	30.08
1496	30.08
1497	30.08
1498	30.08
1499	30.08
1500	30.08
1501	30.08
1502	30.08
1503	30.08
1504	30.08
1505	30.08
1506	30.08
1507	30.08
1508	30.08
1509	30.08
1510	30.08
1511	30.08
1512	30.08
1513	30.08
1514	30.08
1515	30.08
1516	30.08
1517	30.08
1518	30.08
1519	30.08
1520	30.08
1521	30.08
1522	30.08
1523	30.08
1524	30.08
1525	30.08
1526	30.08
1527	30.08
1528	30.08
1529	30.08
1530	30.08
1531	30.08
1532	30.08
1533	30.08
1534	30.08
1535	30.08
1536	30.08
1537	30.08
1538	30.08
1539	30.08
1540	30.08
1541	30.08
1542	30.08
1543	30.08
1544	30.08
1545	30.08
1546	30.08
1547	30.08
1548	30.08
1549	30.08
1550	30.08
1551	30.08
1552	30.08
1553	30.08
1554	30.08
1555	30.08
1556	30.08
1557	30.08
1558	30.08
1559	30.08
1560	30.08
1561	30.08
1562	30.08
1563	30.08
1564	30.08
1565	30.08
1566	30.08
1567	30.08
1568	30.08
1569	30.08
1570	30.08
1571	30.08
1572	30.08
1573	30.08
1574	30.08
1575	30.08
1576	30.08
1577	30.08
1578	30.08
1579	30.08
1580	30.08
1581	30.08
1582	30.08
1583	30.08
1584	30.08
1585	30.08
1586	30.08
1587	30.08
1588	30.08
1589	30.08
1590	30.08
1591	30.08
1592	30.08
1593	30.08
1594	30.08
1595	30.08
1596	30.08
1597	30.08
1598	30.08
1599	30.08
1600	30.08
1601	30.08
1602	30.08
1603	30.08
1604	30.08
1605	30.08
1606	30.08
1607	30.08
1608	30.08
1609	30.08
1610	30.08
1611	30.08
1612	30.08
1613	30.08
1614	30.08
1615	30.08
1616	30.08
1617	30.08
1618	30.08
1619	30.08
1620	30.08
1621	30.08
1622	30.08
1623	30.08
1624	30.08
1625	30.08
1626	30.08
1627	30.08
1628	30.08
1629	30.08
1630	30.08
1631	30.08
1632	30.08
1633	30.08
1634	30.08
1635	30.08
1636	30.08
1637	30.08
1638	30.08
1639	30.08
1640	30.08
1641	30.08
1642	30.08
1643	30.08
1644	30.08
1645	30.08
1646	30.08
1647	30.08
1648	30.08
1649	30.08
1650	30.08
1651	30.08
1652	30.08
1653	30.08
1654	30.08
1655	30.08
1656	30.08
1657	30.08
1658	30.08
1659	30.08
1660	30.08
1661	30.08
1662	30.08
1663	30.08
1664	30.08
1665	30.08
1666	30.08
1667	30.08
1668	30.08
1669	30.08
1670	30.08
1671	30.08
1672	30.08
1673	30.08
1674	30.08
1675	30.08
1676	30.08
1677	30.08
1678	30.08
1679	30.08
1680	30.08
1681	30.08
1682	30.08
1683	30.08
1684	30.08
1685	30.08
1686	30.08
1687	30.08
1688	30.08
1689	30.08
1690	30.08
1691	30.08
1692	30.08
1693	30.08
1694	30.08
1695	30.08
1696	30.08
1697	30.08
1698	30.08
1699	30.08
1700	30.08
1701	30.08
1702	30.08
1703	30.08
1704	30.08
1705	30.08
1706	30.08
1707	30.08
1708	30.08
1709	30.08
1710	30.08
1711	30.08
1712	30.08
1713	30.08
1714	30.08
1715	30.08
1716	30.08
1717	30.08
1718	30.08
1719	30.08
1720	30.08
1721	30.08
1722	30.08
1723	30.08
1724	30.08
1725	30.08
1726	30.08
1727	30.08
1728	30.08
1729	30.08
1730	30.08
1731	30.08
1732	30.08
1733	30.08
1734	30.08
1735	30.08
1736	30.08
1737	30.08
1738	30.08
1739	30.08
1740	30.08
1741	30.08
1742	30.08
1743	30.08
1744	30.08
1745	30.08
1746	30.08
1747	30.08
1748	30.08
1749	30.08
1750	30.08
1751	30.08
1752	30.08
1753	30.08
1754	30.08
1755	30.08
1756	30.08
1757	30.08
1758	30.08
1759	30.08
1760	30.08
1761	30.08
1762	30.08
1763	30.08
1764	30.08
1765	30.08
1766	30.08
1767	30.08
1768	30.08
1769	30.08
1770	30.08
1771	30.08
1772	30.08
1773	30.08
1774	30.08
1775	30.08
1776	30.08
1777	30.08
1778	30.08
1779	30.08
1780	30.08
1781	30.08
1782	30.08
1783	30.08
1784	30.08
1785	30.08
1786	30.08
1787	30.08
1788	30.08
1789	30.08
1790	30.08
1791	30.08
1792	30.08
1793	30.08
1794	30.08
1795	30.08
1796	30.08
1797	30.08
1798	30.08
1799	30.08
1800	30.08
1801	30.08
1802	30.08
1803	30.08
1804	30.08
1805	30.08
1806	30.08
1807	30.08
1808	30.08
1809	30.08
1810	30.08
1811	30.08
1812	30.08
1813	30.08
1814	30.08
1815	30.08
1816	30.08
1817	30.08
1818	30.08
1819	30.08
1820	30.08
1821	30.08
1822	30.08
1823	30.08
1824	30.08
1825	30.08
1826	30.08
1827	30.08
1828	30.08
1829	30.08
1830	30.08
1831	30.08
1832	30.08
1833	30.08
1834	30.08
1835	30.08
1836	30.08
1837	30.08
1838	30.08
1839	30.08
1840	30.08
1841	30.08
1842	30.08
1843	30.08
1844	30.08
1845	30.08
1846	30.08
1847	30.08
1848	30.08
1849	30.08
1850	30.08
1851	30.08
1852	30.08
1853	30.08
1854	30.08
1855	30.08
1856	30.08
1857	30.08
1858	30.08
1859	30.08
1860	30.08
1861	30.08
1862	30.08
1863	30.08
1864	30.08
1865	30.08
1866	30.08
1867	30.08
1868	30.08
1869	30.08
1870	30.08
1871	30.08
1872	30.08
1873	30.08
1874	30.08
1875	30.08
1876	30.08
1877	30.08
1878	30.08
1879	30.08
1880	30.08
1881	30.08
1882	30.08
1883	30.08
1884	30.08
1885	30.08
1886	30.08
1887	30.08
1888	30.08
1889	30.08
1890	30.08
1891	30.08
1892	30.08
1893	30.08
1894	30.08
1895	30.08
1896	30.08
1897	30.08
1898	30.08
1899	30.08
1900	30.08
1901	30.08
1902	30.08
1903	30.08
1904	30.08
1905	30.08
1906	30.08
1907	30.08
1908	30.08
1909	30.08
1910	30.08
1911	30.08
1912	30.08
1913	30.08
1914	30.08
1915	30.08
1916	30.08
1917	30.08
1918	30.08
1919	30.08
1920	30.08
1921	30.08
1922	30.08
1923	30.08
1924	30.08
1925	30.08
1926	30.08
1927	30.08
1928	30.08
1929	30.08
1930	30.08
1931	30.08
1932	30.08
1933	30.08
1934	30.08
1935	30.08
1936	30.08
1937	30.08
1938	30.08
1939	30.08
1940	30.08
1941	30.08
1942	30.08
1943	30.08
1944	30.08
1945	30.08
1946	30.08
1947	30.08
1948	30.08
1949	30.08
1950	30.08
1951	30.08
1952	30.08
1953	30.08
1954	30.08
1955	30.08
1956	30.08
1957	30.08
1958	30.08
1959	30.08
1960	30.08
1961	30.08
1962	30.08
1963	30.08
1964	30.08
1965	30.08
1966	30.08
1967	30.08
1968	30.08
1969	30.08
1970	30.08
1971	30.08
1972	30.08
1973	30.08
1974	30.08
1975	30.08
1976	30.08
1977	30.08
1978	30.08
1979	30.08
1980	30.08
1981	30.08
1982	30.08
1983	30.08
1984	30.08
1985	30.08
1986	30.08
1987	30.08
1988	30.08
1989	30.08
1990	30.08
1991	30.08
1992	30.08
1993	30.08
1994	30.08
1995	30.08
1996	30.08
1997	30.08
