0	0.69
1	0.69
2	0.69
3	0.69
4	0.69
5	0.69
6	0.69
7	0.69
8	0.69
9	0.69
10	0.69
11	0.69
12	0.69
13	0.69
14	0.69
15	0.69
16	0.69
17	0.69
18	0.69
19	0.69
20	0.69
21	0.69
22	0.69
23	0.69
24	0.69
25	0.69
26	0.69
27	0.69
28	0.69
29	0.69
30	0.69
31	0.69
32	0.69
33	0.69
34	0.69
35	0.69
36	0.69
37	0.69
38	0.69
39	0.69
40	0.69
41	0.69
42	0.69
43	0.69
44	0.69
45	0.69
46	0.69
47	0.69
48	0.69
49	0.69
50	0.69
51	0.69
52	0.69
53	0.69
54	0.69
55	0.69
56	0.69
57	0.69
58	0.69
59	0.69
60	0.69
61	0.69
62	0.69
63	0.69
64	0.69
65	0.69
66	0.69
67	0.69
68	0.69
69	0.69
70	0.69
71	0.69
72	0.69
73	0.69
74	0.69
75	0.69
76	0.69
77	0.69
78	0.69
79	0.69
80	0.69
81	0.69
82	0.69
83	0.69
84	0.69
85	0.69
86	0.69
87	0.69
88	0.69
89	0.69
90	0.69
91	0.69
92	0.69
93	0.69
94	0.69
95	0.69
96	0.69
97	0.69
98	0.69
99	0.69
100	0.69
101	0.69
102	0.69
103	0.69
104	0.69
105	0.69
106	0.69
107	0.69
108	0.69
109	0.69
110	0.69
111	0.69
112	0.69
113	0.69
114	0.69
115	0.69
116	0.69
117	0.69
118	0.69
119	0.69
120	0.69
121	0.69
122	0.69
123	0.69
124	0.69
125	0.69
126	0.69
127	0.69
128	0.69
129	0.69
130	0.69
131	0.69
132	0.69
133	0.69
134	0.69
135	0.69
136	0.69
137	0.69
138	0.69
139	0.69
140	0.69
141	0.69
142	0.69
143	0.69
144	0.69
145	0.69
146	0.69
147	0.69
148	0.69
149	0.69
150	0.69
151	0.69
152	0.69
153	0.69
154	0.69
155	0.69
156	0.69
157	0.69
158	0.69
159	0.69
160	0.69
161	0.69
162	0.69
163	0.69
164	0.69
165	0.69
166	0.69
167	0.69
168	0.69
169	0.69
170	0.69
171	0.69
172	0.69
173	0.69
174	0.69
175	0.69
176	0.69
177	0.69
178	0.69
179	0.69
180	0.69
181	0.69
182	0.69
183	0.69
184	0.69
185	0.69
186	0.69
187	0.69
188	0.69
189	0.69
190	0.69
191	0.69
192	0.69
193	0.69
194	0.69
195	0.69
196	0.69
197	0.69
198	0.69
199	0.69
200	0.69
201	0.69
202	0.69
203	0.69
204	0.69
205	0.69
206	0.69
207	0.69
208	0.69
209	0.69
210	0.69
211	0.69
212	0.69
213	0.69
214	0.69
215	0.69
216	0.69
217	0.69
218	0.69
219	0.69
220	0.69
221	0.69
222	0.69
223	0.69
224	0.69
225	0.69
226	0.69
227	0.69
228	0.69
229	0.69
230	0.69
231	0.69
232	0.69
233	0.69
234	0.69
235	0.69
236	0.69
237	0.69
238	0.69
239	0.69
240	0.69
241	0.69
242	0.69
243	0.69
244	0.69
245	0.69
246	0.69
247	0.69
248	0.69
249	0.69
250	0.69
251	0.69
252	0.69
253	0.69
254	0.69
255	0.69
256	0.69
257	0.69
258	0.69
259	0.69
260	0.69
261	0.69
262	0.69
263	0.69
264	0.69
265	0.69
266	0.69
267	0.69
268	0.69
269	0.69
270	0.69
271	0.69
272	0.69
273	0.69
274	0.69
275	0.69
276	0.69
277	0.69
278	0.69
279	0.69
280	0.69
281	0.69
282	0.69
283	0.69
284	0.69
285	0.69
286	0.69
287	0.69
288	0.69
289	0.69
290	0.69
291	0.69
292	0.69
293	0.69
294	0.69
295	0.69
296	0.69
297	0.69
298	0.69
299	0.69
300	0.69
301	0.69
302	0.69
303	0.69
304	0.69
305	0.69
306	0.69
307	0.69
308	0.69
309	0.69
310	0.69
311	0.69
312	0.69
313	0.69
314	0.69
315	0.69
316	0.69
317	0.69
318	0.69
319	0.69
320	0.69
321	0.69
322	0.69
323	0.69
324	0.69
325	0.69
326	0.69
327	0.69
328	0.69
329	0.69
330	0.69
331	0.69
332	0.69
333	0.69
334	0.69
335	0.69
336	0.69
337	0.69
338	0.69
339	0.69
340	0.69
341	0.69
342	0.69
343	0.69
344	0.69
345	0.69
346	0.69
347	0.69
348	0.69
349	0.69
350	0.69
351	0.69
352	0.69
353	0.69
354	0.69
355	0.69
356	0.69
357	0.69
358	0.69
359	0.69
360	0.69
361	0.69
362	0.69
363	0.69
364	0.69
365	0.69
366	0.69
367	0.69
368	0.69
369	0.69
370	0.69
371	0.69
372	0.69
373	0.69
374	0.69
375	0.69
376	0.69
377	0.69
378	0.69
379	0.69
380	0.69
381	0.69
382	0.69
383	0.69
384	0.69
385	0.69
386	0.69
387	0.69
388	0.69
389	0.69
390	0.69
391	0.69
392	0.69
393	0.69
394	0.69
395	0.69
396	0.69
397	0.69
398	0.69
399	0.69
400	0.69
401	0.69
402	0.69
403	0.69
404	0.69
405	0.69
406	0.69
407	0.69
408	0.69
409	0.69
410	0.69
411	0.69
412	0.69
413	0.69
414	0.69
415	0.69
416	0.69
417	0.69
418	0.69
419	0.69
420	0.69
421	0.69
422	0.69
423	0.69
424	0.69
425	0.69
426	0.69
427	0.69
428	0.69
429	0.69
430	0.69
431	0.69
432	0.69
433	0.69
434	0.69
435	0.69
436	0.69
437	0.69
438	0.69
439	0.69
440	0.69
441	0.69
442	0.69
443	0.69
444	0.69
445	0.69
446	0.69
447	0.69
448	0.69
449	0.69
450	0.69
451	0.69
452	0.69
453	0.69
454	0.69
455	0.69
456	0.69
457	0.69
458	0.69
459	0.69
460	0.69
461	0.69
462	0.69
463	0.69
464	0.69
465	0.69
466	0.69
467	0.69
468	0.69
469	0.69
470	0.69
471	0.69
472	0.69
473	0.69
474	0.69
475	0.69
476	0.69
477	0.69
478	0.69
479	0.69
480	0.69
481	0.69
482	0.69
483	0.69
484	0.69
485	0.69
486	0.69
487	0.69
488	0.69
489	0.69
490	0.69
491	0.69
492	0.69
493	0.69
494	0.69
495	0.69
496	0.69
497	0.69
498	0.69
499	0.69
500	0.69
501	0.69
502	0.69
503	0.69
504	0.69
505	0.69
506	0.69
507	0.69
508	0.69
509	0.69
510	0.69
511	0.69
512	0.69
513	0.69
514	0.69
515	0.69
516	0.69
517	0.69
518	0.69
519	0.69
520	0.69
521	0.69
522	0.69
523	0.69
524	0.69
525	0.69
526	0.69
527	0.69
528	0.69
529	0.69
530	0.69
531	0.69
532	0.69
533	0.69
534	0.69
535	0.69
536	0.69
537	0.69
538	0.69
539	0.69
540	0.69
541	0.69
542	0.69
543	0.69
544	0.69
545	0.69
546	0.69
547	0.69
548	0.69
549	0.69
550	0.69
551	0.69
552	0.69
553	0.69
554	0.69
555	0.69
556	0.69
557	0.69
558	0.69
559	0.69
560	0.69
561	0.69
562	0.69
563	0.69
564	0.69
565	0.69
566	0.69
567	0.69
568	0.69
569	0.69
570	0.69
571	0.69
572	0.69
573	0.69
574	0.69
575	0.69
576	0.69
577	0.69
578	0.69
579	0.69
580	0.69
581	0.69
582	0.69
583	0.69
584	0.69
585	0.69
586	0.69
587	0.69
588	0.69
589	0.69
590	0.69
591	0.69
592	0.69
593	0.69
594	0.69
595	0.69
596	0.69
597	0.69
598	0.69
599	0.69
600	0.69
601	0.69
602	0.69
603	0.69
604	0.69
605	0.69
606	0.69
607	0.69
608	0.69
609	0.69
610	0.69
611	0.69
612	0.69
613	0.69
614	0.69
615	0.69
616	0.69
617	0.69
618	0.69
619	0.69
620	0.69
621	0.69
622	0.69
623	0.69
624	0.69
625	0.69
626	0.69
627	0.69
628	0.69
629	0.69
630	0.69
631	0.69
632	0.69
633	0.69
634	0.69
635	0.69
636	0.69
637	0.69
638	0.69
639	0.69
640	0.69
641	0.69
642	0.69
643	0.69
644	0.69
645	0.69
646	0.69
647	0.69
648	0.69
649	0.69
650	0.69
651	0.69
652	0.69
653	0.69
654	0.69
655	0.69
656	0.69
657	0.69
658	0.69
659	0.69
660	0.69
661	0.69
662	0.69
663	0.69
664	0.69
665	0.69
666	0.69
667	0.69
668	0.69
669	0.69
670	0.69
671	0.69
672	0.69
673	0.69
674	0.69
675	0.69
676	0.69
677	0.69
678	0.69
679	0.69
680	0.69
681	0.69
682	0.69
683	0.69
684	0.69
685	0.69
686	0.69
687	0.69
688	0.69
689	0.69
690	0.69
691	0.69
692	0.69
693	0.69
694	0.69
695	0.69
696	0.69
697	0.69
698	0.69
699	0.69
700	0.69
701	0.69
702	0.69
703	0.69
704	0.69
705	0.69
706	0.69
707	0.69
708	0.69
709	0.69
710	0.69
711	0.69
712	0.69
713	0.69
714	0.69
715	0.69
716	0.69
717	0.69
718	0.69
719	0.69
720	0.69
721	0.69
722	0.69
723	0.69
724	0.69
725	0.69
726	0.69
727	0.69
728	0.69
729	0.69
730	0.69
731	0.69
732	0.69
733	0.69
734	0.69
735	0.69
736	0.69
737	0.69
738	0.69
739	0.69
740	0.69
741	0.69
742	0.69
743	0.69
744	0.69
745	0.69
746	0.69
747	0.69
748	0.69
749	0.69
750	0.69
751	0.69
752	0.69
753	0.69
754	0.69
755	0.69
756	0.69
757	0.69
758	0.69
759	0.69
760	0.69
761	0.69
762	0.69
763	0.69
764	0.69
765	0.69
766	0.69
767	0.69
768	0.69
769	0.69
770	0.69
771	0.69
772	0.69
773	0.69
774	0.69
775	0.69
776	0.69
777	0.69
778	0.69
779	0.69
780	0.69
781	0.69
782	0.69
783	0.69
784	0.69
785	0.69
786	0.69
787	0.69
788	0.69
789	0.69
790	0.69
791	0.69
792	0.69
793	0.69
794	0.69
795	0.69
796	0.69
797	0.69
798	0.69
799	0.69
800	0.69
801	0.69
802	0.69
803	0.69
804	0.69
805	0.69
806	0.69
807	0.69
808	0.69
809	0.69
810	0.69
811	0.69
812	0.69
813	0.69
814	0.69
815	0.69
816	0.69
817	0.69
818	0.69
819	0.69
820	0.69
821	0.69
822	0.69
823	0.69
824	0.69
825	0.69
826	0.69
827	0.69
828	0.69
829	0.69
830	0.69
831	0.69
832	0.69
833	0.69
834	0.69
835	0.69
836	0.69
837	0.69
838	0.69
839	0.69
840	0.69
841	0.69
842	0.69
843	0.69
844	0.69
845	0.69
846	0.69
847	0.69
848	0.69
849	0.69
850	0.69
851	0.69
852	0.69
853	0.69
854	0.69
855	0.69
856	0.69
857	0.69
858	0.69
859	0.69
860	0.69
861	0.69
862	0.69
863	0.69
864	0.69
865	0.69
866	0.69
867	0.69
868	0.69
869	0.69
870	0.69
871	0.69
872	0.69
873	0.69
874	0.69
875	0.69
876	0.69
877	0.69
878	0.69
879	0.69
880	0.69
881	0.69
882	0.69
883	0.69
884	0.69
885	0.69
886	0.69
887	0.69
888	0.69
889	0.69
890	0.69
891	0.69
892	0.69
893	0.69
894	0.69
895	0.69
896	0.69
897	0.69
898	0.69
899	0.69
900	0.69
901	0.69
902	0.69
903	0.69
904	0.69
905	0.69
906	0.69
907	0.69
908	0.69
909	0.69
910	0.69
911	0.69
912	0.69
913	0.69
914	0.69
915	0.69
916	0.69
917	0.69
918	0.69
919	0.69
920	0.69
921	0.69
922	0.69
923	0.69
924	0.69
925	0.69
926	0.69
927	0.69
928	0.69
929	0.69
930	0.69
931	0.69
932	0.69
933	0.69
934	0.69
935	0.69
936	0.69
937	0.69
938	0.69
939	0.69
940	0.69
941	0.69
942	0.69
943	0.69
944	0.69
945	0.69
946	0.69
947	0.69
948	0.69
949	0.69
950	0.69
951	0.69
952	0.69
953	0.69
954	0.69
955	0.69
956	0.69
957	0.69
958	0.69
959	0.69
960	0.69
961	0.69
962	0.69
963	0.69
964	0.69
965	0.69
966	0.69
967	0.69
968	0.69
969	0.69
970	0.69
971	0.69
972	0.69
973	0.69
974	0.69
975	0.69
976	0.69
977	0.69
978	0.69
979	0.69
980	0.69
981	0.69
982	0.69
983	0.69
984	0.69
985	0.69
986	0.69
987	0.69
988	0.69
989	0.69
990	0.69
991	0.69
992	0.69
993	0.69
994	0.69
995	0.69
996	0.69
997	0.69
998	0.69
999	0.69
