0	46.55
1	46.55
2	46.55
3	46.55
4	46.55
5	46.55
6	46.55
7	46.55
8	46.55
9	46.55
10	46.55
11	46.55
12	46.55
13	46.55
14	46.55
15	46.55
16	46.55
17	46.55
18	46.55
19	46.55
20	46.55
21	46.55
22	46.55
23	46.55
24	46.55
25	46.55
26	46.55
27	46.55
28	46.55
29	46.55
30	46.55
31	46.55
32	46.55
33	46.55
34	46.55
35	46.55
36	46.55
37	46.55
38	46.55
39	46.55
40	46.55
41	46.55
42	46.55
43	46.55
44	46.55
45	46.55
46	46.55
47	46.55
48	46.55
49	46.55
50	46.55
51	46.55
52	46.55
53	46.55
54	46.55
55	46.55
56	46.55
57	46.55
58	46.55
59	46.55
60	46.55
61	46.55
62	46.55
63	46.55
64	46.55
65	46.55
66	46.55
67	46.55
68	46.55
69	46.55
70	46.55
71	46.55
72	46.55
73	46.55
74	46.55
75	46.55
76	46.55
77	46.55
78	46.55
79	46.55
80	46.55
81	46.55
82	46.55
83	46.55
84	46.55
85	46.55
86	46.55
87	46.55
88	46.55
89	46.55
90	46.55
91	46.55
92	46.55
93	46.55
94	46.55
95	46.55
96	46.55
97	46.55
98	46.55
99	46.55
100	46.55
101	46.55
102	46.55
103	46.55
104	46.55
105	46.55
106	46.55
107	46.55
108	46.55
109	46.55
110	46.55
111	46.55
112	46.55
113	46.55
114	46.55
115	46.55
116	46.55
117	46.55
118	46.55
119	46.55
120	46.55
121	46.55
122	46.55
123	46.55
124	46.55
125	46.55
126	46.55
127	46.55
128	46.55
129	46.55
130	46.55
131	46.55
132	46.55
133	46.55
134	46.55
135	46.55
136	46.55
137	46.55
138	46.55
139	46.55
140	46.55
141	46.55
142	46.55
143	46.55
144	46.55
145	46.55
146	46.55
147	46.55
148	46.55
149	46.55
150	46.55
151	46.55
152	46.55
153	46.55
154	46.55
155	46.55
156	46.55
157	46.55
158	46.55
159	46.55
160	46.55
161	46.55
162	46.55
163	46.55
164	46.55
165	46.55
166	46.55
167	46.55
168	46.55
169	46.55
170	46.55
171	46.55
172	46.55
173	46.55
174	46.55
175	46.55
176	46.55
177	46.55
178	46.55
179	46.55
180	46.55
181	46.55
182	46.55
183	46.55
184	46.55
185	46.55
186	46.55
187	46.55
188	46.55
189	46.55
190	46.55
191	46.55
192	46.55
193	46.55
194	46.55
195	46.55
196	46.55
197	46.55
198	46.55
199	46.55
200	46.55
201	46.55
202	46.55
203	46.55
204	46.55
205	46.55
206	46.55
207	46.55
208	46.55
209	46.55
210	46.55
211	46.55
212	46.55
213	46.55
214	46.55
215	46.55
216	46.55
217	46.55
218	46.55
219	46.55
220	46.55
221	46.55
222	46.55
223	46.55
224	46.55
225	46.55
226	46.55
227	46.55
228	46.55
229	46.55
230	46.55
231	46.55
232	46.55
233	46.55
234	46.55
235	46.55
236	46.55
237	46.55
238	46.55
239	46.55
240	46.55
241	46.55
242	46.55
243	46.55
244	46.55
245	46.55
246	46.55
247	46.55
248	46.55
249	46.55
250	46.55
251	46.55
252	46.55
253	46.55
254	46.55
255	46.55
256	46.55
257	46.55
258	46.55
259	46.55
260	46.55
261	46.55
262	46.55
263	46.55
264	46.55
265	46.55
266	46.55
267	46.55
268	46.55
269	46.55
270	46.55
271	46.55
272	46.55
273	46.55
274	46.55
275	46.55
276	46.55
277	46.55
278	46.55
279	46.55
280	46.55
281	46.55
282	46.55
283	46.55
284	46.55
285	46.55
286	46.55
287	46.55
288	46.55
289	46.55
290	46.55
291	46.55
292	46.55
293	46.55
294	46.55
295	46.55
296	46.55
297	46.55
298	46.55
299	46.55
300	46.55
301	46.55
302	46.55
303	46.55
304	46.55
305	46.55
306	46.55
307	46.55
308	46.55
309	46.55
310	46.55
311	46.55
312	46.55
313	46.55
314	46.55
315	46.55
316	46.55
317	46.55
318	46.55
319	46.55
320	46.55
321	46.55
322	46.55
323	46.55
324	46.55
325	46.55
326	46.55
327	46.55
328	46.55
329	46.55
330	46.55
331	46.55
332	46.55
333	46.55
334	46.55
335	46.55
336	46.55
337	46.55
338	46.55
339	46.55
340	46.55
341	46.55
342	46.55
343	46.55
344	46.55
345	46.55
346	46.55
347	46.55
348	46.55
349	46.55
350	46.55
351	46.55
352	46.55
353	46.55
354	46.55
355	46.55
356	46.55
357	46.55
358	46.55
359	46.55
360	46.55
361	46.55
362	46.55
363	46.55
364	46.55
365	46.55
366	46.55
367	46.55
368	46.55
369	46.55
370	46.55
371	46.55
372	46.55
373	46.55
374	46.55
375	46.55
376	46.55
377	46.55
378	46.55
379	46.55
380	46.55
381	46.55
382	46.55
383	46.55
384	46.55
385	46.55
386	46.55
387	46.55
388	46.55
389	46.55
390	46.55
391	46.55
392	46.55
393	46.55
394	46.55
395	46.55
396	46.55
397	46.55
398	46.55
399	46.55
400	46.55
401	46.55
402	46.55
403	46.55
404	46.55
405	46.55
406	46.55
407	46.55
408	46.55
409	46.55
410	46.55
411	46.55
412	46.55
413	46.55
414	46.55
415	46.55
416	46.55
417	46.55
418	46.55
419	46.55
420	46.55
421	46.55
422	46.55
423	46.55
424	46.55
425	46.55
426	46.55
427	46.55
428	46.55
429	46.55
430	46.55
431	46.55
432	46.55
433	46.55
434	46.55
435	46.55
436	46.55
437	46.55
438	46.55
439	46.55
440	46.55
441	46.55
442	46.55
443	46.55
444	46.55
445	46.55
446	46.55
447	46.55
448	46.55
449	46.55
450	46.55
451	46.55
452	46.55
453	46.55
454	46.55
455	46.55
456	46.55
457	46.55
458	46.55
459	46.55
460	46.55
461	46.55
462	46.55
463	46.55
464	46.55
465	46.55
466	46.55
467	46.55
468	46.55
469	46.55
470	46.55
471	46.55
472	46.55
473	46.55
474	46.55
475	46.55
476	46.55
477	46.55
478	46.55
479	46.55
480	46.55
481	46.55
482	46.55
483	46.55
484	46.55
485	46.55
486	46.55
487	46.55
488	46.55
489	46.55
490	46.55
491	46.55
492	46.55
493	46.55
494	46.55
495	46.55
496	46.55
497	46.55
498	46.55
499	46.55
500	46.55
501	46.55
502	46.55
503	46.55
504	46.55
505	46.55
506	46.55
507	46.55
508	46.55
509	46.55
510	46.55
511	46.55
512	46.55
513	46.55
514	46.55
515	46.55
516	46.55
517	46.55
518	46.55
519	46.55
520	46.55
521	46.55
522	46.55
523	46.55
524	46.55
525	46.55
526	46.55
527	46.55
528	46.55
529	46.55
530	46.55
531	46.55
532	46.55
533	46.55
534	46.55
535	46.55
536	46.55
537	46.55
538	46.55
539	46.55
540	46.55
541	46.55
542	46.55
543	46.55
544	46.55
545	46.55
546	46.55
547	46.55
548	46.55
549	46.55
550	46.55
551	46.55
552	46.55
553	46.55
554	46.55
555	46.55
556	46.55
557	46.55
558	46.55
559	46.55
560	46.55
561	46.55
562	46.55
563	46.55
564	46.55
565	46.55
566	46.55
567	46.55
568	46.55
569	46.55
570	46.55
571	46.55
572	46.55
573	46.55
574	46.55
575	46.55
576	46.55
577	46.55
578	46.55
579	46.55
580	46.55
581	46.55
582	46.55
583	46.55
584	46.55
585	46.55
586	46.55
587	46.55
588	46.55
589	46.55
590	46.55
591	46.55
592	46.55
593	46.55
594	46.55
595	46.55
596	46.55
597	46.55
598	46.55
599	46.55
600	46.55
601	46.55
602	46.55
603	46.55
604	46.55
605	46.55
606	46.55
607	46.55
608	46.55
609	46.55
610	46.55
611	46.55
612	46.55
613	46.55
614	46.55
615	46.55
616	46.55
617	46.55
618	46.55
619	46.55
620	46.55
621	46.55
622	46.55
623	46.55
624	46.55
625	46.55
626	46.55
627	46.55
628	46.55
629	46.55
630	46.55
631	46.55
632	46.55
633	46.55
634	46.55
635	46.55
636	46.55
637	46.55
638	46.55
639	46.55
640	46.55
641	46.55
642	46.55
643	46.55
644	46.55
645	46.55
646	46.55
647	46.55
648	46.55
649	46.55
650	46.55
651	46.55
652	46.55
653	46.55
654	46.55
655	46.55
656	46.55
657	46.55
658	46.55
659	46.55
660	46.55
661	46.55
662	46.55
663	46.55
664	46.55
665	46.55
666	46.55
667	46.55
668	46.55
669	46.55
670	46.55
671	46.55
672	46.55
673	46.55
674	46.55
675	46.55
676	46.55
677	46.55
678	46.55
679	46.55
680	46.55
681	46.55
682	46.55
683	46.55
684	46.55
685	46.55
686	46.55
687	46.55
688	46.55
689	46.55
690	46.55
691	46.55
692	46.55
693	46.55
694	46.55
695	46.55
696	46.55
697	46.55
698	46.55
699	46.55
700	46.55
701	46.55
702	46.55
703	46.55
704	46.55
705	46.55
706	46.55
707	46.55
708	46.55
709	46.55
710	46.55
711	46.55
712	46.55
713	46.55
714	46.55
715	46.55
716	46.55
717	46.55
718	46.55
719	46.55
720	46.55
721	46.55
722	46.55
723	46.55
724	46.55
725	46.55
726	46.55
727	46.55
728	46.55
729	46.55
730	46.55
731	46.55
732	46.55
733	46.55
734	46.55
735	46.55
736	46.55
737	46.55
738	46.55
739	46.55
740	46.55
741	46.55
742	46.55
743	46.55
744	46.55
745	46.55
746	46.55
747	46.55
748	46.55
749	46.55
750	46.55
751	46.55
752	46.55
753	46.55
754	46.55
755	46.55
756	46.55
757	46.55
758	46.55
759	46.55
760	46.55
761	46.55
762	46.55
763	46.55
764	46.55
765	46.55
766	46.55
767	46.55
768	46.55
769	46.55
770	46.55
771	46.55
772	46.55
773	46.55
774	46.55
775	46.55
776	46.55
777	46.55
778	46.55
779	46.55
780	46.55
781	46.55
782	46.55
783	46.55
784	46.55
785	46.55
786	46.55
787	46.55
788	46.55
789	46.55
790	46.55
791	46.55
792	46.55
793	46.55
794	46.55
795	46.55
796	46.55
797	46.55
798	46.55
799	46.55
800	46.55
801	46.55
802	46.55
803	46.55
804	46.55
805	46.55
806	46.55
807	46.55
808	46.55
809	46.55
810	46.55
811	46.55
812	46.55
813	46.55
814	46.55
815	46.55
816	46.55
817	46.55
818	46.55
819	46.55
820	46.55
821	46.55
822	46.55
823	46.55
824	46.55
825	46.55
826	46.55
827	46.55
828	46.55
829	46.55
830	46.55
831	46.55
832	46.55
833	46.55
834	46.55
835	46.55
836	46.55
837	46.55
838	46.55
839	46.55
840	46.55
841	46.55
842	46.55
843	46.55
844	46.55
845	46.55
846	46.55
847	46.55
848	46.55
849	46.55
850	46.55
851	46.55
852	46.55
853	46.55
854	46.55
855	46.55
856	46.55
857	46.55
858	46.55
859	46.55
860	46.55
861	46.55
862	46.55
863	46.55
864	46.55
865	46.55
866	46.55
867	46.55
868	46.55
869	46.55
870	46.55
871	46.55
872	46.55
873	46.55
874	46.55
875	46.55
876	46.55
877	46.55
878	46.55
879	46.55
880	46.55
881	46.55
882	46.55
883	46.55
884	46.55
885	46.55
886	46.55
887	46.55
888	46.55
889	46.55
890	46.55
891	46.55
892	46.55
893	46.55
894	46.55
895	46.55
896	46.55
897	46.55
898	46.55
899	46.55
900	46.55
901	46.55
902	46.55
903	46.55
904	46.55
905	46.55
906	46.55
907	46.55
908	46.55
909	46.55
910	46.55
911	46.55
912	46.55
913	46.55
914	46.55
915	46.55
916	46.55
917	46.55
918	46.55
919	46.55
920	46.55
921	46.55
922	46.55
923	46.55
924	46.55
925	46.55
926	46.55
927	46.55
928	46.55
929	46.55
930	46.55
931	46.55
932	46.55
933	46.55
934	46.55
935	46.55
936	46.55
937	46.55
938	46.55
939	46.55
940	46.55
941	46.55
942	46.55
943	46.55
944	46.55
945	46.55
946	46.55
947	46.55
948	46.55
949	46.55
950	46.55
951	46.55
952	46.55
953	46.55
954	46.55
955	46.55
956	46.55
957	46.55
958	46.55
959	46.55
960	46.55
961	46.55
962	46.55
963	46.55
964	46.55
965	46.55
966	46.55
967	46.55
968	46.55
969	46.55
970	46.55
971	46.55
972	46.55
973	46.55
974	46.55
975	46.55
976	46.55
977	46.55
978	46.55
979	46.55
980	46.55
981	46.55
982	46.55
983	46.55
984	46.55
985	46.55
986	46.55
987	46.55
988	46.55
989	46.55
990	46.55
991	46.55
992	46.55
993	46.55
994	46.55
995	46.55
996	46.55
997	46.55
998	46.55
999	46.55
1000	46.55
1001	46.55
1002	46.55
1003	46.55
1004	46.55
1005	46.55
1006	46.55
1007	46.55
1008	46.55
1009	46.55
1010	46.55
1011	46.55
1012	46.55
1013	46.55
1014	46.55
1015	46.55
1016	46.55
1017	46.55
1018	46.55
1019	46.55
1020	46.55
1021	46.55
1022	46.55
1023	46.55
1024	46.55
1025	46.55
1026	46.55
1027	46.55
1028	46.55
1029	46.55
1030	46.55
1031	46.55
1032	46.55
1033	46.55
1034	46.55
1035	46.55
1036	46.55
1037	46.55
1038	46.55
1039	46.55
1040	46.55
1041	46.55
1042	46.55
1043	46.55
1044	46.55
1045	46.55
1046	46.55
1047	46.55
1048	46.55
1049	46.55
1050	46.55
1051	46.55
1052	46.55
1053	46.55
1054	46.55
1055	46.55
1056	46.55
1057	46.55
1058	46.55
1059	46.55
1060	46.55
1061	46.55
1062	46.55
1063	46.55
1064	46.55
1065	46.55
1066	46.55
1067	46.55
1068	46.55
1069	46.55
1070	46.55
1071	46.55
1072	46.55
1073	46.55
1074	46.55
1075	46.55
1076	46.55
1077	46.55
1078	46.55
1079	46.55
1080	46.55
1081	46.55
1082	46.55
1083	46.55
1084	46.55
1085	46.55
1086	46.55
1087	46.55
1088	46.55
1089	46.55
1090	46.55
1091	46.55
1092	46.55
1093	46.55
1094	46.55
1095	46.55
1096	46.55
1097	46.55
1098	46.55
1099	46.55
1100	46.55
1101	46.55
1102	46.55
1103	46.55
1104	46.55
1105	46.55
1106	46.55
1107	46.55
1108	46.55
1109	46.55
1110	46.55
1111	46.55
1112	46.55
1113	46.55
1114	46.55
1115	46.55
1116	46.55
1117	46.55
1118	46.55
1119	46.55
1120	46.55
1121	46.55
1122	46.55
1123	46.55
1124	46.55
1125	46.55
1126	46.55
1127	46.55
1128	46.55
1129	46.55
1130	46.55
1131	46.55
1132	46.55
1133	46.55
1134	46.55
1135	46.55
1136	46.55
1137	46.55
1138	46.55
1139	46.55
1140	46.55
1141	46.55
1142	46.55
1143	46.55
1144	46.55
1145	46.55
1146	46.55
1147	46.55
1148	46.55
1149	46.55
1150	46.55
1151	46.55
1152	46.55
1153	46.55
1154	46.55
1155	46.55
1156	46.55
1157	46.55
1158	46.55
1159	46.55
1160	46.55
1161	46.55
1162	46.55
1163	46.55
1164	46.55
1165	46.55
1166	46.55
1167	46.55
1168	46.55
1169	46.55
1170	46.55
1171	46.55
1172	46.55
1173	46.55
1174	46.55
1175	46.55
1176	46.55
1177	46.55
1178	46.55
1179	46.55
1180	46.55
1181	46.55
1182	46.55
1183	46.55
1184	46.55
1185	46.55
1186	46.55
1187	46.55
1188	46.55
1189	46.55
1190	46.55
1191	46.55
1192	46.55
1193	46.55
1194	46.55
1195	46.55
1196	46.55
1197	46.55
1198	46.55
1199	46.55
1200	46.55
1201	46.55
1202	46.55
1203	46.55
1204	46.55
1205	46.55
1206	46.55
1207	46.55
1208	46.55
1209	46.55
1210	46.55
1211	46.55
1212	46.55
1213	46.55
1214	46.55
1215	46.55
1216	46.55
1217	46.55
1218	46.55
1219	46.55
1220	46.55
1221	46.55
1222	46.55
1223	46.55
1224	46.55
1225	46.55
1226	46.55
1227	46.55
1228	46.55
1229	46.55
1230	46.55
1231	46.55
1232	46.55
1233	46.55
1234	46.55
1235	46.55
1236	46.55
1237	46.55
1238	46.55
1239	46.55
1240	46.55
1241	46.55
1242	46.55
1243	46.55
1244	46.55
1245	46.55
1246	46.55
1247	46.55
1248	46.55
1249	46.55
1250	46.55
1251	46.55
1252	46.55
1253	46.55
1254	46.55
1255	46.55
1256	46.55
1257	46.55
1258	46.55
1259	46.55
1260	46.55
1261	46.55
1262	46.55
1263	46.55
1264	46.55
1265	46.55
1266	46.55
1267	46.55
1268	46.55
1269	46.55
1270	46.55
1271	46.55
1272	46.55
1273	46.55
1274	46.55
1275	46.55
1276	46.55
1277	46.55
1278	46.55
1279	46.55
1280	46.55
1281	46.55
1282	46.55
1283	46.55
1284	46.55
1285	46.55
1286	46.55
1287	46.55
1288	46.55
1289	46.55
1290	46.55
1291	46.55
1292	46.55
1293	46.55
1294	46.55
1295	46.55
1296	46.55
1297	46.55
1298	46.55
1299	46.55
1300	46.55
1301	46.55
1302	46.55
1303	46.55
1304	46.55
1305	46.55
1306	46.55
1307	46.55
1308	46.55
1309	46.55
1310	46.55
1311	46.55
1312	46.55
1313	46.55
1314	46.55
1315	46.55
1316	46.55
1317	46.55
1318	46.55
1319	46.55
1320	46.55
1321	46.55
1322	46.55
1323	46.55
1324	46.55
1325	46.55
1326	46.55
1327	46.55
1328	46.55
1329	46.55
1330	46.55
1331	46.55
1332	46.55
1333	46.55
1334	46.55
1335	46.55
1336	46.55
1337	46.55
1338	46.55
1339	46.55
1340	46.55
1341	46.55
1342	46.55
1343	46.55
1344	46.55
1345	46.55
1346	46.55
1347	46.55
1348	46.55
1349	46.55
1350	46.55
1351	46.55
1352	46.55
1353	46.55
1354	46.55
1355	46.55
1356	46.55
1357	46.55
1358	46.55
1359	46.55
1360	46.55
1361	46.55
1362	46.55
1363	46.55
1364	46.55
1365	46.55
1366	46.55
1367	46.55
1368	46.55
1369	46.55
1370	46.55
1371	46.55
1372	46.55
1373	46.55
1374	46.55
1375	46.55
1376	46.55
1377	46.55
1378	46.55
1379	46.55
1380	46.55
1381	46.55
1382	46.55
1383	46.55
1384	46.55
1385	46.55
1386	46.55
1387	46.55
1388	46.55
1389	46.55
1390	46.55
1391	46.55
1392	46.55
1393	46.55
1394	46.55
1395	46.55
1396	46.55
1397	46.55
1398	46.55
1399	46.55
1400	46.55
1401	46.55
1402	46.55
1403	46.55
1404	46.55
1405	46.55
1406	46.55
1407	46.55
1408	46.55
1409	46.55
1410	46.55
1411	46.55
1412	46.55
1413	46.55
1414	46.55
1415	46.55
1416	46.55
1417	46.55
1418	46.55
1419	46.55
1420	46.55
1421	46.55
1422	46.55
1423	46.55
1424	46.55
1425	46.55
1426	46.55
1427	46.55
1428	46.55
1429	46.55
1430	46.55
1431	46.55
1432	46.55
1433	46.55
1434	46.55
1435	46.55
1436	46.55
1437	46.55
1438	46.55
1439	46.55
1440	46.55
1441	46.55
1442	46.55
1443	46.55
1444	46.55
1445	46.55
1446	46.55
1447	46.55
1448	46.55
1449	46.55
1450	46.55
1451	46.55
1452	46.55
1453	46.55
1454	46.55
1455	46.55
1456	46.55
1457	46.55
1458	46.55
1459	46.55
1460	46.55
1461	46.55
1462	46.55
1463	46.55
1464	46.55
1465	46.55
1466	46.55
1467	46.55
1468	46.55
1469	46.55
1470	46.55
1471	46.55
1472	46.55
1473	46.55
1474	46.55
1475	46.55
1476	46.55
1477	46.55
1478	46.55
1479	46.55
1480	46.55
1481	46.55
1482	46.55
1483	46.55
1484	46.55
1485	46.55
1486	46.55
1487	46.55
1488	46.55
1489	46.55
1490	46.55
1491	46.55
1492	46.55
1493	46.55
1494	46.55
1495	46.55
1496	46.55
1497	46.55
1498	46.55
1499	46.55
1500	46.55
1501	46.55
1502	46.55
1503	46.55
1504	46.55
1505	46.55
1506	46.55
1507	46.55
1508	46.55
1509	46.55
1510	46.55
1511	46.55
1512	46.55
1513	46.55
1514	46.55
1515	46.55
1516	46.55
1517	46.55
1518	46.55
1519	46.55
1520	46.55
1521	46.55
1522	46.55
1523	46.55
1524	46.55
1525	46.55
1526	46.55
1527	46.55
1528	46.55
1529	46.55
1530	46.55
1531	46.55
1532	46.55
1533	46.55
1534	46.55
1535	46.55
1536	46.55
1537	46.55
1538	46.55
1539	46.55
1540	46.55
1541	46.55
1542	46.55
1543	46.55
1544	46.55
1545	46.55
1546	46.55
1547	46.55
1548	46.55
1549	46.55
1550	46.55
1551	46.55
1552	46.55
1553	46.55
1554	46.55
1555	46.55
1556	46.55
1557	46.55
1558	46.55
1559	46.55
1560	46.55
1561	46.55
1562	46.55
1563	46.55
1564	46.55
1565	46.55
1566	46.55
1567	46.55
1568	46.55
1569	46.55
1570	46.55
1571	46.55
1572	46.55
1573	46.55
1574	46.55
1575	46.55
1576	46.55
1577	46.55
1578	46.55
1579	46.55
1580	46.55
1581	46.55
1582	46.55
1583	46.55
1584	46.55
1585	46.55
1586	46.55
1587	46.55
1588	46.55
1589	46.55
1590	46.55
1591	46.55
1592	46.55
1593	46.55
1594	46.55
1595	46.55
1596	46.55
1597	46.55
1598	46.55
1599	46.55
1600	46.55
1601	46.55
1602	46.55
1603	46.55
1604	46.55
1605	46.55
1606	46.55
1607	46.55
1608	46.55
1609	46.55
1610	46.55
1611	46.55
1612	46.55
1613	46.55
1614	46.55
1615	46.55
1616	46.55
1617	46.55
1618	46.55
1619	46.55
1620	46.55
1621	46.55
1622	46.55
1623	46.55
1624	46.55
1625	46.55
1626	46.55
1627	46.55
1628	46.55
1629	46.55
1630	46.55
1631	46.55
1632	46.55
1633	46.55
1634	46.55
1635	46.55
1636	46.55
1637	46.55
1638	46.55
1639	46.55
1640	46.55
1641	46.55
1642	46.55
1643	46.55
1644	46.55
1645	46.55
1646	46.55
1647	46.55
1648	46.55
1649	46.55
1650	46.55
1651	46.55
1652	46.55
1653	46.55
1654	46.55
1655	46.55
1656	46.55
1657	46.55
1658	46.55
1659	46.55
1660	46.55
1661	46.55
1662	46.55
1663	46.55
1664	46.55
1665	46.55
1666	46.55
1667	46.55
1668	46.55
1669	46.55
1670	46.55
1671	46.55
1672	46.55
1673	46.55
1674	46.55
1675	46.55
1676	46.55
1677	46.55
1678	46.55
1679	46.55
1680	46.55
1681	46.55
1682	46.55
1683	46.55
1684	46.55
1685	46.55
1686	46.55
1687	46.55
1688	46.55
1689	46.55
1690	46.55
1691	46.55
1692	46.55
1693	46.55
1694	46.55
1695	46.55
1696	46.55
1697	46.55
1698	46.55
1699	46.55
1700	46.55
1701	46.55
1702	46.55
1703	46.55
1704	46.55
1705	46.55
1706	46.55
1707	46.55
1708	46.55
1709	46.55
1710	46.55
1711	46.55
1712	46.55
1713	46.55
1714	46.55
1715	46.55
1716	46.55
1717	46.55
1718	46.55
1719	46.55
1720	46.55
1721	46.55
1722	46.55
1723	46.55
1724	46.55
1725	46.55
1726	46.55
1727	46.55
1728	46.55
1729	46.55
1730	46.55
1731	46.55
1732	46.55
1733	46.55
1734	46.55
1735	46.55
1736	46.55
1737	46.55
1738	46.55
1739	46.55
1740	46.55
1741	46.55
1742	46.55
1743	46.55
1744	46.55
1745	46.55
1746	46.55
1747	46.55
1748	46.55
1749	46.55
1750	46.55
1751	46.55
1752	46.55
1753	46.55
1754	46.55
1755	46.55
1756	46.55
1757	46.55
1758	46.55
1759	46.55
1760	46.55
1761	46.55
1762	46.55
1763	46.55
1764	46.55
1765	46.55
1766	46.55
1767	46.55
1768	46.55
1769	46.55
1770	46.55
1771	46.55
1772	46.55
1773	46.55
1774	46.55
1775	46.55
1776	46.55
1777	46.55
1778	46.55
1779	46.55
1780	46.55
1781	46.55
1782	46.55
1783	46.55
1784	46.55
1785	46.55
1786	46.55
1787	46.55
1788	46.55
1789	46.55
1790	46.55
1791	46.55
1792	46.55
1793	46.55
1794	46.55
1795	46.55
1796	46.55
1797	46.55
1798	46.55
1799	46.55
1800	46.55
1801	46.55
1802	46.55
1803	46.55
1804	46.55
1805	46.55
1806	46.55
1807	46.55
1808	46.55
1809	46.55
1810	46.55
1811	46.55
1812	46.55
1813	46.55
1814	46.55
1815	46.55
1816	46.55
1817	46.55
1818	46.55
1819	46.55
1820	46.55
1821	46.55
1822	46.55
1823	46.55
1824	46.55
1825	46.55
1826	46.55
1827	46.55
1828	46.55
1829	46.55
1830	46.55
1831	46.55
1832	46.55
1833	46.55
1834	46.55
1835	46.55
1836	46.55
1837	46.55
1838	46.55
1839	46.55
1840	46.55
1841	46.55
1842	46.55
1843	46.55
1844	46.55
1845	46.55
1846	46.55
1847	46.55
1848	46.55
1849	46.55
1850	46.55
1851	46.55
1852	46.55
1853	46.55
1854	46.55
1855	46.55
1856	46.55
1857	46.55
1858	46.55
1859	46.55
1860	46.55
1861	46.55
1862	46.55
1863	46.55
1864	46.55
1865	46.55
1866	46.55
1867	46.55
1868	46.55
1869	46.55
1870	46.55
1871	46.55
1872	46.55
1873	46.55
1874	46.55
1875	46.55
1876	46.55
1877	46.55
1878	46.55
1879	46.55
1880	46.55
1881	46.55
1882	46.55
1883	46.55
1884	46.55
1885	46.55
1886	46.55
1887	46.55
1888	46.55
1889	46.55
1890	46.55
1891	46.55
1892	46.55
1893	46.55
1894	46.55
1895	46.55
1896	46.55
1897	46.55
1898	46.55
1899	46.55
1900	46.55
1901	46.55
1902	46.55
1903	46.55
1904	46.55
1905	46.55
1906	46.55
1907	46.55
1908	46.55
1909	46.55
1910	46.55
1911	46.55
1912	46.55
1913	46.55
1914	46.55
1915	46.55
1916	46.55
1917	46.55
1918	46.55
1919	46.55
1920	46.55
1921	46.55
1922	46.55
1923	46.55
1924	46.55
1925	46.55
1926	46.55
1927	46.55
1928	46.55
1929	46.55
1930	46.55
1931	46.55
1932	46.55
1933	46.55
1934	46.55
1935	46.55
1936	46.55
1937	46.55
1938	46.55
1939	46.55
1940	46.55
1941	46.55
1942	46.55
1943	46.55
1944	46.55
1945	46.55
1946	46.55
1947	46.55
1948	46.55
1949	46.55
1950	46.55
1951	46.55
1952	46.55
1953	46.55
1954	46.55
1955	46.55
1956	46.55
1957	46.55
1958	46.55
1959	46.55
1960	46.55
1961	46.55
1962	46.55
1963	46.55
1964	46.55
1965	46.55
1966	46.55
1967	46.55
1968	46.55
1969	46.55
1970	46.55
1971	46.55
1972	46.55
1973	46.55
1974	46.55
1975	46.55
1976	46.55
1977	46.55
1978	46.55
1979	46.55
1980	46.55
1981	46.55
1982	46.55
1983	46.55
1984	46.55
1985	46.55
1986	46.55
1987	46.55
1988	46.55
1989	46.55
1990	46.55
1991	46.55
1992	46.55
1993	46.55
1994	46.55
1995	46.55
1996	46.55
1997	46.55
1998	46.55
1999	46.55
