0	85.99
1	85.99
2	85.99
3	85.99
4	85.99
5	85.99
6	85.99
7	85.99
8	85.99
9	85.99
10	85.99
11	85.99
12	85.99
13	85.99
14	85.99
15	85.99
16	85.99
17	85.99
18	85.99
19	85.99
20	85.99
21	85.99
22	85.99
23	85.99
24	85.99
25	85.99
26	85.99
27	85.99
28	85.99
29	85.99
30	85.99
31	85.99
32	85.99
33	85.99
34	85.99
35	85.99
36	85.99
37	85.99
38	85.99
39	85.99
40	85.99
41	85.99
42	85.99
43	85.99
44	85.99
45	85.99
46	85.99
47	85.99
48	85.99
49	85.99
50	85.99
51	85.99
52	85.99
53	85.99
54	85.99
55	85.99
56	85.99
57	85.99
58	85.99
59	85.99
60	85.99
61	85.99
62	85.99
63	85.99
64	85.99
65	85.99
66	85.99
67	85.99
68	85.99
69	85.99
70	85.99
71	85.99
72	85.99
73	85.99
74	85.99
75	85.99
76	85.99
77	85.99
78	85.99
79	85.99
80	85.99
81	85.99
82	85.99
83	85.99
84	85.99
85	85.99
86	85.99
87	85.99
88	85.99
89	85.99
90	85.99
91	85.99
92	85.99
93	85.99
94	85.99
95	85.99
96	85.99
97	85.99
98	85.99
99	85.99
100	85.99
101	85.99
102	85.99
103	85.99
104	85.99
105	85.99
106	85.99
107	85.99
108	85.99
109	85.99
110	85.99
111	85.99
112	85.99
113	85.99
114	85.99
115	85.99
116	85.99
117	85.99
118	85.99
119	85.99
120	85.99
121	85.99
122	85.99
123	85.99
124	85.99
125	85.99
126	85.99
127	85.99
128	85.99
129	85.99
130	85.99
131	85.99
132	85.99
133	85.99
134	85.99
135	85.99
136	85.99
137	85.99
138	85.99
139	85.99
140	85.99
141	85.99
142	85.99
143	85.99
144	85.99
145	85.99
146	85.99
147	85.99
148	85.99
149	85.99
150	85.99
151	85.99
152	85.99
153	85.99
154	85.99
155	85.99
156	85.99
157	85.99
158	85.99
159	85.99
160	85.99
161	85.99
162	85.99
163	85.99
164	85.99
165	85.99
166	85.99
167	85.99
168	85.99
169	85.99
170	85.99
171	85.99
172	85.99
173	85.99
174	85.99
175	85.99
176	85.99
177	85.99
178	85.99
179	85.99
180	85.99
181	85.99
182	85.99
183	85.99
184	85.99
185	85.99
186	85.99
187	85.99
188	85.99
189	85.99
190	85.99
191	85.99
192	85.99
193	85.99
194	85.99
195	85.99
196	85.99
197	85.99
198	85.99
199	85.99
200	85.99
201	85.99
202	85.99
203	85.99
204	85.99
205	85.99
206	85.99
207	85.99
208	85.99
209	85.99
210	85.99
211	85.99
212	85.99
213	85.99
214	85.99
215	85.99
216	85.99
217	85.99
218	85.99
219	85.99
220	85.99
221	85.99
222	85.99
223	85.99
224	85.99
225	85.99
226	85.99
227	85.99
228	85.99
229	85.99
230	85.99
231	85.99
232	85.99
233	85.99
234	85.99
235	85.99
236	85.99
237	85.99
238	85.99
239	85.99
240	85.99
241	85.99
242	85.99
243	85.99
244	85.99
245	85.99
246	85.99
247	85.99
248	85.99
249	85.99
250	85.99
251	85.99
252	85.99
253	85.99
254	85.99
255	85.99
256	85.99
257	85.99
258	85.99
259	85.99
260	85.99
261	85.99
262	85.99
263	85.99
264	85.99
265	85.99
266	85.99
267	85.99
268	85.99
269	85.99
270	85.99
271	85.99
272	85.99
273	85.99
274	85.99
275	85.99
276	85.99
277	85.99
278	85.99
279	85.99
280	85.99
281	85.99
282	85.99
283	85.99
284	85.99
285	85.99
286	85.99
287	85.99
288	85.99
289	85.99
290	85.99
291	85.99
292	85.99
293	85.99
294	85.99
295	85.99
296	85.99
297	85.99
298	85.99
299	85.99
300	85.99
301	85.99
302	85.99
303	85.99
304	85.99
305	85.99
306	85.99
307	85.99
308	85.99
309	85.99
310	85.99
311	85.99
312	85.99
313	85.99
314	85.99
315	85.99
316	85.99
317	85.99
318	85.99
319	85.99
320	85.99
321	85.99
322	85.99
323	85.99
324	85.99
325	85.99
326	85.99
327	85.99
328	85.99
329	85.99
330	85.99
331	85.99
332	85.99
333	85.99
334	85.99
335	85.99
336	85.99
337	85.99
338	85.99
339	85.99
340	85.99
341	85.99
342	85.99
343	85.99
344	85.99
345	85.99
346	85.99
347	85.99
348	85.99
349	85.99
350	85.99
351	85.99
352	85.99
353	85.99
354	85.99
355	85.99
356	85.99
357	85.99
358	85.99
359	85.99
360	85.99
361	85.99
362	85.99
363	85.99
364	85.99
365	85.99
366	85.99
367	85.99
368	85.99
369	85.99
370	85.99
371	85.99
372	85.99
373	85.99
374	85.99
375	85.99
376	85.99
377	85.99
378	85.99
379	85.99
380	85.99
381	85.99
382	85.99
383	85.99
384	85.99
385	85.99
386	85.99
387	85.99
388	85.99
389	85.99
390	85.99
391	85.99
392	85.99
393	85.99
394	85.99
395	85.99
396	85.99
397	85.99
398	85.99
399	85.99
400	85.99
401	85.99
402	85.99
403	85.99
404	85.99
405	85.99
406	85.99
407	85.99
408	85.99
409	85.99
410	85.99
411	85.99
412	85.99
413	85.99
414	85.99
415	85.99
416	85.99
417	85.99
418	85.99
419	85.99
420	85.99
421	85.99
422	85.99
423	85.99
424	85.99
425	85.99
426	85.99
427	85.99
428	85.99
429	85.99
430	85.99
431	85.99
432	85.99
433	85.99
434	85.99
435	85.99
436	85.99
437	85.99
438	85.99
439	85.99
440	85.99
441	85.99
442	85.99
443	85.99
444	85.99
445	85.99
446	85.99
447	85.99
448	85.99
449	85.99
450	85.99
451	85.99
452	85.99
453	85.99
454	85.99
455	85.99
456	85.99
457	85.99
458	85.99
459	85.99
460	85.99
461	85.99
462	85.99
463	85.99
464	85.99
465	85.99
466	85.99
467	85.99
468	85.99
469	85.99
470	85.99
471	85.99
472	85.99
473	85.99
474	85.99
475	85.99
476	85.99
477	85.99
478	85.99
479	85.99
480	85.99
481	85.99
482	85.99
483	85.99
484	85.99
485	85.99
486	85.99
487	85.99
488	85.99
489	85.99
490	85.99
491	85.99
492	85.99
493	85.99
494	85.99
495	85.99
496	85.99
497	85.99
498	85.99
499	85.99
500	85.99
501	85.99
502	85.99
503	85.99
504	85.99
505	85.99
506	85.99
507	85.99
508	85.99
509	85.99
510	85.99
511	85.99
512	85.99
513	85.99
514	85.99
515	85.99
516	85.99
517	85.99
518	85.99
519	85.99
520	85.99
521	85.99
522	85.99
523	85.99
524	85.99
525	85.99
526	85.99
527	85.99
528	85.99
529	85.99
530	85.99
531	85.99
532	85.99
533	85.99
534	85.99
535	85.99
536	85.99
537	85.99
538	85.99
539	85.99
540	85.99
541	85.99
542	85.99
543	85.99
544	85.99
545	85.99
546	85.99
547	85.99
548	85.99
549	85.99
550	85.99
551	85.99
552	85.99
553	85.99
554	85.99
555	85.99
556	85.99
557	85.99
558	85.99
559	85.99
560	85.99
561	85.99
562	85.99
563	85.99
564	85.99
565	85.99
566	85.99
567	85.99
568	85.99
569	85.99
570	85.99
571	85.99
572	85.99
573	85.99
574	85.99
575	85.99
576	85.99
577	85.99
578	85.99
579	85.99
580	85.99
581	85.99
582	85.99
583	85.99
584	85.99
585	85.99
586	85.99
587	85.99
588	85.99
589	85.99
590	85.99
591	85.99
592	85.99
593	85.99
594	85.99
595	85.99
596	85.99
597	85.99
598	85.99
599	85.99
600	85.99
601	85.99
602	85.99
603	85.99
604	85.99
605	85.99
606	85.99
607	85.99
608	85.99
609	85.99
610	85.99
611	85.99
612	85.99
613	85.99
614	85.99
615	85.99
616	85.99
617	85.99
618	85.99
619	85.99
620	85.99
621	85.99
622	85.99
623	85.99
624	85.99
625	85.99
626	85.99
627	85.99
628	85.99
629	85.99
630	85.99
631	85.99
632	85.99
633	85.99
634	85.99
635	85.99
636	85.99
637	85.99
638	85.99
639	85.99
640	85.99
641	85.99
642	85.99
643	85.99
644	85.99
645	85.99
646	85.99
647	85.99
648	85.99
649	85.99
650	85.99
651	85.99
652	85.99
653	85.99
654	85.99
655	85.99
656	85.99
657	85.99
658	85.99
659	85.99
660	85.99
661	85.99
662	85.99
663	85.99
664	85.99
665	85.99
666	85.99
667	85.99
668	85.99
669	85.99
670	85.99
671	85.99
672	85.99
673	85.99
674	85.99
675	85.99
676	85.99
677	85.99
678	85.99
679	85.99
680	85.99
681	85.99
682	85.99
683	85.99
684	85.99
685	85.99
686	85.99
687	85.99
688	85.99
689	85.99
690	85.99
691	85.99
692	85.99
693	85.99
694	85.99
695	85.99
696	85.99
697	85.99
698	85.99
699	85.99
700	85.99
701	85.99
702	85.99
703	85.99
704	85.99
705	85.99
706	85.99
707	85.99
708	85.99
709	85.99
710	85.99
711	85.99
712	85.99
713	85.99
714	85.99
715	85.99
716	85.99
717	85.99
718	85.99
719	85.99
720	85.99
721	85.99
722	85.99
723	85.99
724	85.99
725	85.99
726	85.99
727	85.99
728	85.99
729	85.99
730	85.99
731	85.99
732	85.99
733	85.99
734	85.99
735	85.99
736	85.99
737	85.99
738	85.99
739	85.99
740	85.99
741	85.99
742	85.99
743	85.99
744	85.99
745	85.99
746	85.99
747	85.99
748	85.99
749	85.99
750	85.99
751	85.99
752	85.99
753	85.99
754	85.99
755	85.99
756	85.99
757	85.99
758	85.99
759	85.99
760	85.99
761	85.99
762	85.99
763	85.99
764	85.99
765	85.99
766	85.99
767	85.99
768	85.99
769	85.99
770	85.99
771	85.99
772	85.99
773	85.99
774	85.99
775	85.99
776	85.99
777	85.99
778	85.99
779	85.99
780	85.99
781	85.99
782	85.99
783	85.99
784	85.99
785	85.99
786	85.99
787	85.99
788	85.99
789	85.99
790	85.99
791	85.99
792	85.99
793	85.99
794	85.99
795	85.99
796	85.99
797	85.99
798	85.99
799	85.99
800	85.99
801	85.99
802	85.99
803	85.99
804	85.99
805	85.99
806	85.99
807	85.99
808	85.99
809	85.99
810	85.99
811	85.99
812	85.99
813	85.99
814	85.99
815	85.99
816	85.99
817	85.99
818	85.99
819	85.99
820	85.99
821	85.99
822	85.99
823	85.99
824	85.99
825	85.99
826	85.99
827	85.99
828	85.99
829	85.99
830	85.99
831	85.99
832	85.99
833	85.99
834	85.99
835	85.99
836	85.99
837	85.99
838	85.99
839	85.99
840	85.99
841	85.99
842	85.99
843	85.99
844	85.99
845	85.99
846	85.99
847	85.99
848	85.99
849	85.99
850	85.99
851	85.99
852	85.99
853	85.99
854	85.99
855	85.99
856	85.99
857	85.99
858	85.99
859	85.99
860	85.99
861	85.99
862	85.99
863	85.99
864	85.99
865	85.99
866	85.99
867	85.99
868	85.99
869	85.99
870	85.99
871	85.99
872	85.99
873	85.99
874	85.99
875	85.99
876	85.99
877	85.99
878	85.99
879	85.99
880	85.99
881	85.99
882	85.99
883	85.99
884	85.99
885	85.99
886	85.99
887	85.99
888	85.99
889	85.99
890	85.99
891	85.99
892	85.99
893	85.99
894	85.99
895	85.99
896	85.99
897	85.99
898	85.99
899	85.99
900	85.99
901	85.99
902	85.99
903	85.99
904	85.99
905	85.99
906	85.99
907	85.99
908	85.99
909	85.99
910	85.99
911	85.99
912	85.99
913	85.99
914	85.99
915	85.99
916	85.99
917	85.99
918	85.99
919	85.99
920	85.99
921	85.99
922	85.99
923	85.99
924	85.99
925	85.99
926	85.99
927	85.99
928	85.99
929	85.99
930	85.99
931	85.99
932	85.99
933	85.99
934	85.99
935	85.99
936	85.99
937	85.99
938	85.99
939	85.99
940	85.99
941	85.99
942	85.99
943	85.99
944	85.99
945	85.99
946	85.99
947	85.99
948	85.99
949	85.99
950	85.99
951	85.99
952	85.99
953	85.99
954	85.99
955	85.99
956	85.99
957	85.99
958	85.99
959	85.99
960	85.99
961	85.99
962	85.99
963	85.99
964	85.99
965	85.99
966	85.99
967	85.99
968	85.99
969	85.99
970	85.99
971	85.99
972	85.99
973	85.99
974	85.99
975	85.99
976	85.99
977	85.99
978	85.99
979	85.99
980	85.99
981	85.99
982	85.99
983	85.99
984	85.99
985	85.99
986	85.99
987	85.99
988	85.99
989	85.99
990	85.99
991	85.99
992	85.99
993	85.99
994	85.99
995	85.99
996	85.99
997	85.99
998	85.99
999	85.99
1000	85.99
1001	85.99
1002	85.99
1003	85.99
1004	85.99
1005	85.99
1006	85.99
1007	85.99
1008	85.99
1009	85.99
1010	85.99
1011	85.99
1012	85.99
1013	85.99
1014	85.99
1015	85.99
1016	85.99
1017	85.99
1018	85.99
1019	85.99
1020	85.99
1021	85.99
1022	85.99
1023	85.99
1024	85.99
1025	85.99
1026	85.99
1027	85.99
1028	85.99
1029	85.99
1030	85.99
1031	85.99
1032	85.99
1033	85.99
1034	85.99
1035	85.99
1036	85.99
1037	85.99
1038	85.99
1039	85.99
1040	85.99
1041	85.99
1042	85.99
1043	85.99
1044	85.99
1045	85.99
1046	85.99
1047	85.99
1048	85.99
1049	85.99
1050	85.99
1051	85.99
1052	85.99
1053	85.99
1054	85.99
1055	85.99
1056	85.99
1057	85.99
1058	85.99
1059	85.99
1060	85.99
1061	85.99
1062	85.99
1063	85.99
1064	85.99
1065	85.99
1066	85.99
1067	85.99
1068	85.99
1069	85.99
1070	85.99
1071	85.99
1072	85.99
1073	85.99
1074	85.99
1075	85.99
1076	85.99
1077	85.99
1078	85.99
1079	85.99
1080	85.99
1081	85.99
1082	85.99
1083	85.99
1084	85.99
1085	85.99
1086	85.99
1087	85.99
1088	85.99
1089	85.99
1090	85.99
1091	85.99
1092	85.99
1093	85.99
1094	85.99
1095	85.99
1096	85.99
1097	85.99
1098	85.99
1099	85.99
1100	85.99
1101	85.99
1102	85.99
1103	85.99
1104	85.99
1105	85.99
1106	85.99
1107	85.99
1108	85.99
1109	85.99
1110	85.99
1111	85.99
1112	85.99
1113	85.99
1114	85.99
1115	85.99
1116	85.99
1117	85.99
1118	85.99
1119	85.99
1120	85.99
1121	85.99
1122	85.99
1123	85.99
1124	85.99
1125	85.99
1126	85.99
1127	85.99
1128	85.99
1129	85.99
1130	85.99
1131	85.99
1132	85.99
1133	85.99
1134	85.99
1135	85.99
1136	85.99
1137	85.99
1138	85.99
1139	85.99
1140	85.99
1141	85.99
1142	85.99
1143	85.99
1144	85.99
1145	85.99
1146	85.99
1147	85.99
1148	85.99
1149	85.99
1150	85.99
1151	85.99
1152	85.99
1153	85.99
1154	85.99
1155	85.99
1156	85.99
1157	85.99
1158	85.99
1159	85.99
1160	85.99
1161	85.99
1162	85.99
1163	85.99
1164	85.99
1165	85.99
1166	85.99
1167	85.99
1168	85.99
1169	85.99
1170	85.99
1171	85.99
1172	85.99
1173	85.99
1174	85.99
1175	85.99
1176	85.99
1177	85.99
1178	85.99
1179	85.99
1180	85.99
1181	85.99
1182	85.99
1183	85.99
1184	85.99
1185	85.99
1186	85.99
1187	85.99
1188	85.99
1189	85.99
1190	85.99
1191	85.99
1192	85.99
1193	85.99
1194	85.99
1195	85.99
1196	85.99
1197	85.99
1198	85.99
1199	85.99
1200	85.99
1201	85.99
1202	85.99
1203	85.99
1204	85.99
1205	85.99
1206	85.99
1207	85.99
1208	85.99
1209	85.99
1210	85.99
1211	85.99
1212	85.99
1213	85.99
1214	85.99
1215	85.99
1216	85.99
1217	85.99
1218	85.99
1219	85.99
1220	85.99
1221	85.99
1222	85.99
1223	85.99
1224	85.99
1225	85.99
1226	85.99
1227	85.99
1228	85.99
1229	85.99
1230	85.99
1231	85.99
1232	85.99
1233	85.99
1234	85.99
1235	85.99
1236	85.99
1237	85.99
1238	85.99
1239	85.99
1240	85.99
1241	85.99
1242	85.99
1243	85.99
1244	85.99
1245	85.99
1246	85.99
1247	85.99
1248	85.99
1249	85.99
1250	85.99
1251	85.99
1252	85.99
1253	85.99
1254	85.99
1255	85.99
1256	85.99
1257	85.99
1258	85.99
1259	85.99
1260	85.99
1261	85.99
1262	85.99
1263	85.99
1264	85.99
1265	85.99
1266	85.99
1267	85.99
1268	85.99
1269	85.99
1270	85.99
1271	85.99
1272	85.99
1273	85.99
1274	85.99
1275	85.99
1276	85.99
1277	85.99
1278	85.99
1279	85.99
1280	85.99
1281	85.99
1282	85.99
1283	85.99
1284	85.99
1285	85.99
1286	85.99
1287	85.99
1288	85.99
1289	85.99
1290	85.99
1291	85.99
1292	85.99
1293	85.99
1294	85.99
1295	85.99
1296	85.99
1297	85.99
1298	85.99
1299	85.99
1300	85.99
1301	85.99
1302	85.99
1303	85.99
1304	85.99
1305	85.99
1306	85.99
1307	85.99
1308	85.99
1309	85.99
1310	85.99
1311	85.99
1312	85.99
1313	85.99
1314	85.99
1315	85.99
1316	85.99
1317	85.99
1318	85.99
1319	85.99
1320	85.99
1321	85.99
1322	85.99
1323	85.99
1324	85.99
1325	85.99
1326	85.99
1327	85.99
1328	85.99
1329	85.99
1330	85.99
1331	85.99
1332	85.99
1333	85.99
1334	85.99
1335	85.99
1336	85.99
1337	85.99
1338	85.99
1339	85.99
1340	85.99
1341	85.99
1342	85.99
1343	85.99
1344	85.99
1345	85.99
1346	85.99
1347	85.99
1348	85.99
1349	85.99
1350	85.99
1351	85.99
1352	85.99
1353	85.99
1354	85.99
1355	85.99
1356	85.99
1357	85.99
1358	85.99
1359	85.99
1360	85.99
1361	85.99
1362	85.99
1363	85.99
1364	85.99
1365	85.99
1366	85.99
1367	85.99
1368	85.99
1369	85.99
1370	85.99
1371	85.99
1372	85.99
1373	85.99
1374	85.99
1375	85.99
1376	85.99
1377	85.99
1378	85.99
1379	85.99
1380	85.99
1381	85.99
1382	85.99
1383	85.99
1384	85.99
1385	85.99
1386	85.99
1387	85.99
1388	85.99
1389	85.99
1390	85.99
1391	85.99
1392	85.99
1393	85.99
1394	85.99
1395	85.99
1396	85.99
1397	85.99
1398	85.99
1399	85.99
1400	85.99
1401	85.99
1402	85.99
1403	85.99
1404	85.99
1405	85.99
1406	85.99
1407	85.99
1408	85.99
1409	85.99
1410	85.99
1411	85.99
1412	85.99
1413	85.99
1414	85.99
1415	85.99
1416	85.99
1417	85.99
1418	85.99
1419	85.99
1420	85.99
1421	85.99
1422	85.99
1423	85.99
1424	85.99
1425	85.99
1426	85.99
1427	85.99
1428	85.99
1429	85.99
1430	85.99
1431	85.99
1432	85.99
1433	85.99
1434	85.99
1435	85.99
1436	85.99
1437	85.99
1438	85.99
1439	85.99
1440	85.99
1441	85.99
1442	85.99
1443	85.99
1444	85.99
1445	85.99
1446	85.99
1447	85.99
1448	85.99
1449	85.99
1450	85.99
1451	85.99
1452	85.99
1453	85.99
1454	85.99
1455	85.99
1456	85.99
1457	85.99
1458	85.99
1459	85.99
1460	85.99
1461	85.99
1462	85.99
1463	85.99
1464	85.99
1465	85.99
1466	85.99
1467	85.99
1468	85.99
1469	85.99
1470	85.99
1471	85.99
1472	85.99
1473	85.99
1474	85.99
1475	85.99
1476	85.99
1477	85.99
1478	85.99
1479	85.99
1480	85.99
1481	85.99
1482	85.99
1483	85.99
1484	85.99
1485	85.99
1486	85.99
1487	85.99
1488	85.99
1489	85.99
1490	85.99
1491	85.99
1492	85.99
1493	85.99
1494	85.99
1495	85.99
1496	85.99
1497	85.99
1498	85.99
1499	85.99
1500	85.99
1501	85.99
1502	85.99
1503	85.99
1504	85.99
1505	85.99
1506	85.99
1507	85.99
1508	85.99
1509	85.99
1510	85.99
1511	85.99
1512	85.99
1513	85.99
1514	85.99
1515	85.99
1516	85.99
1517	85.99
1518	85.99
1519	85.99
1520	85.99
1521	85.99
1522	85.99
1523	85.99
1524	85.99
1525	85.99
1526	85.99
1527	85.99
1528	85.99
1529	85.99
1530	85.99
1531	85.99
1532	85.99
1533	85.99
1534	85.99
1535	85.99
1536	85.99
1537	85.99
1538	85.99
1539	85.99
1540	85.99
1541	85.99
1542	85.99
1543	85.99
1544	85.99
1545	85.99
1546	85.99
1547	85.99
1548	85.99
1549	85.99
1550	85.99
1551	85.99
1552	85.99
1553	85.99
1554	85.99
1555	85.99
1556	85.99
1557	85.99
1558	85.99
1559	85.99
1560	85.99
1561	85.99
1562	85.99
1563	85.99
1564	85.99
1565	85.99
1566	85.99
1567	85.99
1568	85.99
1569	85.99
1570	85.99
1571	85.99
1572	85.99
1573	85.99
1574	85.99
1575	85.99
1576	85.99
1577	85.99
1578	85.99
1579	85.99
1580	85.99
1581	85.99
1582	85.99
1583	85.99
1584	85.99
1585	85.99
1586	85.99
1587	85.99
1588	85.99
1589	85.99
1590	85.99
1591	85.99
1592	85.99
1593	85.99
1594	85.99
1595	85.99
1596	85.99
1597	85.99
1598	85.99
1599	85.99
1600	85.99
1601	85.99
1602	85.99
1603	85.99
1604	85.99
1605	85.99
1606	85.99
1607	85.99
1608	85.99
1609	85.99
1610	85.99
1611	85.99
1612	85.99
1613	85.99
1614	85.99
1615	85.99
1616	85.99
1617	85.99
1618	85.99
1619	85.99
1620	85.99
1621	85.99
1622	85.99
1623	85.99
1624	85.99
1625	85.99
1626	85.99
1627	85.99
1628	85.99
1629	85.99
1630	85.99
1631	85.99
1632	85.99
1633	85.99
1634	85.99
1635	85.99
1636	85.99
1637	85.99
1638	85.99
1639	85.99
1640	85.99
1641	85.99
1642	85.99
1643	85.99
1644	85.99
1645	85.99
1646	85.99
1647	85.99
1648	85.99
1649	85.99
1650	85.99
1651	85.99
1652	85.99
1653	85.99
1654	85.99
1655	85.99
1656	85.99
1657	85.99
1658	85.99
1659	85.99
1660	85.99
1661	85.99
1662	85.99
1663	85.99
1664	85.99
1665	85.99
1666	85.99
1667	85.99
1668	85.99
1669	85.99
1670	85.99
1671	85.99
1672	85.99
1673	85.99
1674	85.99
1675	85.99
1676	85.99
1677	85.99
1678	85.99
1679	85.99
1680	85.99
1681	85.99
1682	85.99
1683	85.99
1684	85.99
1685	85.99
1686	85.99
1687	85.99
1688	85.99
1689	85.99
1690	85.99
1691	85.99
1692	85.99
1693	85.99
1694	85.99
1695	85.99
1696	85.99
1697	85.99
1698	85.99
1699	85.99
1700	85.99
1701	85.99
1702	85.99
1703	85.99
1704	85.99
1705	85.99
1706	85.99
1707	85.99
1708	85.99
1709	85.99
1710	85.99
1711	85.99
1712	85.99
1713	85.99
1714	85.99
1715	85.99
1716	85.99
1717	85.99
1718	85.99
1719	85.99
1720	85.99
1721	85.99
1722	85.99
1723	85.99
1724	85.99
1725	85.99
1726	85.99
1727	85.99
1728	85.99
1729	85.99
1730	85.99
1731	85.99
1732	85.99
1733	85.99
1734	85.99
1735	85.99
1736	85.99
1737	85.99
1738	85.99
1739	85.99
1740	85.99
1741	85.99
1742	85.99
1743	85.99
1744	85.99
1745	85.99
1746	85.99
1747	85.99
1748	85.99
1749	85.99
1750	85.99
1751	85.99
1752	85.99
1753	85.99
1754	85.99
1755	85.99
1756	85.99
1757	85.99
1758	85.99
1759	85.99
1760	85.99
1761	85.99
1762	85.99
1763	85.99
1764	85.99
1765	85.99
1766	85.99
1767	85.99
1768	85.99
1769	85.99
1770	85.99
1771	85.99
1772	85.99
1773	85.99
1774	85.99
1775	85.99
1776	85.99
1777	85.99
1778	85.99
1779	85.99
1780	85.99
1781	85.99
1782	85.99
1783	85.99
1784	85.99
1785	85.99
1786	85.99
1787	85.99
1788	85.99
1789	85.99
1790	85.99
1791	85.99
1792	85.99
1793	85.99
1794	85.99
1795	85.99
1796	85.99
1797	85.99
1798	85.99
1799	85.99
1800	85.99
1801	85.99
1802	85.99
1803	85.99
1804	85.99
1805	85.99
1806	85.99
1807	85.99
1808	85.99
1809	85.99
1810	85.99
1811	85.99
1812	85.99
1813	85.99
1814	85.99
1815	85.99
1816	85.99
1817	85.99
1818	85.99
1819	85.99
1820	85.99
1821	85.99
1822	85.99
1823	85.99
1824	85.99
1825	85.99
1826	85.99
1827	85.99
1828	85.99
1829	85.99
1830	85.99
1831	85.99
1832	85.99
1833	85.99
1834	85.99
1835	85.99
1836	85.99
1837	85.99
1838	85.99
1839	85.99
1840	85.99
1841	85.99
1842	85.99
1843	85.99
1844	85.99
1845	85.99
1846	85.99
1847	85.99
1848	85.99
1849	85.99
1850	85.99
1851	85.99
1852	85.99
1853	85.99
1854	85.99
1855	85.99
1856	85.99
1857	85.99
1858	85.99
1859	85.99
1860	85.99
1861	85.99
1862	85.99
1863	85.99
1864	85.99
1865	85.99
1866	85.99
1867	85.99
1868	85.99
1869	85.99
1870	85.99
1871	85.99
1872	85.99
1873	85.99
1874	85.99
1875	85.99
1876	85.99
1877	85.99
1878	85.99
1879	85.99
1880	85.99
1881	85.99
1882	85.99
1883	85.99
1884	85.99
1885	85.99
1886	85.99
1887	85.99
1888	85.99
1889	85.99
1890	85.99
1891	85.99
1892	85.99
1893	85.99
1894	85.99
1895	85.99
1896	85.99
1897	85.99
1898	85.99
1899	85.99
1900	85.99
1901	85.99
1902	85.99
1903	85.99
1904	85.99
1905	85.99
1906	85.99
1907	85.99
1908	85.99
1909	85.99
1910	85.99
1911	85.99
1912	85.99
1913	85.99
1914	85.99
1915	85.99
1916	85.99
1917	85.99
1918	85.99
1919	85.99
1920	85.99
1921	85.99
1922	85.99
1923	85.99
1924	85.99
1925	85.99
1926	85.99
1927	85.99
1928	85.99
1929	85.99
1930	85.99
1931	85.99
1932	85.99
1933	85.99
1934	85.99
1935	85.99
1936	85.99
1937	85.99
1938	85.99
1939	85.99
1940	85.99
1941	85.99
1942	85.99
1943	85.99
1944	85.99
1945	85.99
1946	85.99
1947	85.99
1948	85.99
1949	85.99
1950	85.99
1951	85.99
1952	85.99
1953	85.99
1954	85.99
1955	85.99
1956	85.99
1957	85.99
1958	85.99
1959	85.99
1960	85.99
1961	85.99
1962	85.99
1963	85.99
1964	85.99
1965	85.99
1966	85.99
1967	85.99
1968	85.99
1969	85.99
1970	85.99
1971	85.99
1972	85.99
1973	85.99
1974	85.99
1975	85.99
1976	85.99
1977	85.99
1978	85.99
1979	85.99
1980	85.99
1981	85.99
1982	85.99
1983	85.99
1984	85.99
1985	85.99
1986	85.99
1987	85.99
1988	85.99
1989	85.99
1990	85.99
1991	85.99
1992	85.99
1993	85.99
1994	85.99
1995	85.99
1996	85.99
1997	85.99
