0	5.05
1	5.05
2	5.05
3	5.05
4	5.05
5	5.05
6	5.05
7	5.05
8	5.05
9	5.05
10	5.05
11	5.05
12	5.05
13	5.05
14	5.05
15	5.05
16	5.05
17	5.05
18	5.05
19	5.05
20	5.05
21	5.05
22	5.05
23	5.05
24	5.05
25	5.05
26	5.05
27	5.05
28	5.05
29	5.05
30	5.05
31	5.05
32	5.05
33	5.05
34	5.05
35	5.05
36	5.05
37	5.05
38	5.05
39	5.05
40	5.05
41	5.05
42	5.05
43	5.05
44	5.05
45	5.05
46	5.05
47	5.05
48	5.05
49	5.05
50	5.05
51	5.05
52	5.05
53	5.05
54	5.05
55	5.05
56	5.05
57	5.05
58	5.05
59	5.05
60	5.05
61	5.05
62	5.05
63	5.05
64	5.05
65	5.05
66	5.05
67	5.05
68	5.05
69	5.05
70	5.05
71	5.05
72	5.05
73	5.05
74	5.05
75	5.05
76	5.05
77	5.05
78	5.05
79	5.05
80	5.05
81	5.05
82	5.05
83	5.05
84	5.05
85	5.05
86	5.05
87	5.05
88	5.05
89	5.05
90	5.05
91	5.05
92	5.05
93	5.05
94	5.05
95	5.05
96	5.05
97	5.05
98	5.05
99	5.05
100	5.05
101	5.05
102	5.05
103	5.05
104	5.05
105	5.05
106	5.05
107	5.05
108	5.05
109	5.05
110	5.05
111	5.05
112	5.05
113	5.05
114	5.05
115	5.05
116	5.05
117	5.05
118	5.05
119	5.05
120	5.05
121	5.05
122	5.05
123	5.05
124	5.05
125	5.05
126	5.05
127	5.05
128	5.05
129	5.05
130	5.05
131	5.05
132	5.05
133	5.05
134	5.05
135	5.05
136	5.05
137	5.05
138	5.05
139	5.05
140	5.05
141	5.05
142	5.05
143	5.05
144	5.05
145	5.05
146	5.05
147	5.05
148	5.05
149	5.05
150	5.05
151	5.05
152	5.05
153	5.05
154	5.05
155	5.05
156	5.05
157	5.05
158	5.05
159	5.05
160	5.05
161	5.05
162	5.05
163	5.05
164	5.05
165	5.05
166	5.05
167	5.05
168	5.05
169	5.05
170	5.05
171	5.05
172	5.05
173	5.05
174	5.05
175	5.05
176	5.05
177	5.05
178	5.05
179	5.05
180	5.05
181	5.05
182	5.05
183	5.05
184	5.05
185	5.05
186	5.05
187	5.05
188	5.05
189	5.05
190	5.05
191	5.05
192	5.05
193	5.05
194	5.05
195	5.05
196	5.05
197	5.05
198	5.05
199	5.05
200	5.05
201	5.05
202	5.05
203	5.05
204	5.05
205	5.05
206	5.05
207	5.05
208	5.05
209	5.05
210	5.05
211	5.05
212	5.05
213	5.05
214	5.05
215	5.05
216	5.05
217	5.05
218	5.05
219	5.05
220	5.05
221	5.05
222	5.05
223	5.05
224	5.05
225	5.05
226	5.05
227	5.05
228	5.05
229	5.05
230	5.05
231	5.05
232	5.05
233	5.05
234	5.05
235	5.05
236	5.05
237	5.05
238	5.05
239	5.05
240	5.05
241	5.05
242	5.05
243	5.05
244	5.05
245	5.05
246	5.05
247	5.05
248	5.05
249	5.05
250	5.05
251	5.05
252	5.05
253	5.05
254	5.05
255	5.05
256	5.05
257	5.05
258	5.05
259	5.05
260	5.05
261	5.05
262	5.05
263	5.05
264	5.05
265	5.05
266	5.05
267	5.05
268	5.05
269	5.05
270	5.05
271	5.05
272	5.05
273	5.05
274	5.05
275	5.05
276	5.05
277	5.05
278	5.05
279	5.05
280	5.05
281	5.05
282	5.05
283	5.05
284	5.05
285	5.05
286	5.05
287	5.05
288	5.05
289	5.05
290	5.05
291	5.05
292	5.05
293	5.05
294	5.05
295	5.05
296	5.05
297	5.05
298	5.05
299	5.05
300	5.05
301	5.05
302	5.05
303	5.05
304	5.05
305	5.05
306	5.05
307	5.05
308	5.05
309	5.05
310	5.05
311	5.05
312	5.05
313	5.05
314	5.05
315	5.05
316	5.05
317	5.05
318	5.05
319	5.05
320	5.05
321	5.05
322	5.05
323	5.05
324	5.05
325	5.05
326	5.05
327	5.05
328	5.05
329	5.05
330	5.05
331	5.05
332	5.05
333	5.05
334	5.05
335	5.05
336	5.05
337	5.05
338	5.05
339	5.05
340	5.05
341	5.05
342	5.05
343	5.05
344	5.05
345	5.05
346	5.05
347	5.05
348	5.05
349	5.05
350	5.05
351	5.05
352	5.05
353	5.05
354	5.05
355	5.05
356	5.05
357	5.05
358	5.05
359	5.05
360	5.05
361	5.05
362	5.05
363	5.05
364	5.05
365	5.05
366	5.05
367	5.05
368	5.05
369	5.05
370	5.05
371	5.05
372	5.05
373	5.05
374	5.05
375	5.05
376	5.05
377	5.05
378	5.05
379	5.05
380	5.05
381	5.05
382	5.05
383	5.05
384	5.05
385	5.05
386	5.05
387	5.05
388	5.05
389	5.05
390	5.05
391	5.05
392	5.05
393	5.05
394	5.05
395	5.05
396	5.05
397	5.05
398	5.05
399	5.05
400	5.05
401	5.05
402	5.05
403	5.05
404	5.05
405	5.05
406	5.05
407	5.05
408	5.05
409	5.05
410	5.05
411	5.05
412	5.05
413	5.05
414	5.05
415	5.05
416	5.05
417	5.05
418	5.05
419	5.05
420	5.05
421	5.05
422	5.05
423	5.05
424	5.05
425	5.05
426	5.05
427	5.05
428	5.05
429	5.05
430	5.05
431	5.05
432	5.05
433	5.05
434	5.05
435	5.05
436	5.05
437	5.05
438	5.05
439	5.05
440	5.05
441	5.05
442	5.05
443	5.05
444	5.05
445	5.05
446	5.05
447	5.05
448	5.05
449	5.05
450	5.05
451	5.05
452	5.05
453	5.05
454	5.05
455	5.05
456	5.05
457	5.05
458	5.05
459	5.05
460	5.05
461	5.05
462	5.05
463	5.05
464	5.05
465	5.05
466	5.05
467	5.05
468	5.05
469	5.05
470	5.05
471	5.05
472	5.05
473	5.05
474	5.05
475	5.05
476	5.05
477	5.05
478	5.05
479	5.05
480	5.05
481	5.05
482	5.05
483	5.05
484	5.05
485	5.05
486	5.05
487	5.05
488	5.05
489	5.05
490	5.05
491	5.05
492	5.05
493	5.05
494	5.05
495	5.05
496	5.05
497	5.05
498	5.05
499	5.05
500	5.05
501	5.05
502	5.05
503	5.05
504	5.05
505	5.05
506	5.05
507	5.05
508	5.05
509	5.05
510	5.05
511	5.05
512	5.05
513	5.05
514	5.05
515	5.05
516	5.05
517	5.05
518	5.05
519	5.05
520	5.05
521	5.05
522	5.05
523	5.05
524	5.05
525	5.05
526	5.05
527	5.05
528	5.05
529	5.05
530	5.05
531	5.05
532	5.05
533	5.05
534	5.05
535	5.05
536	5.05
537	5.05
538	5.05
539	5.05
540	5.05
541	5.05
542	5.05
543	5.05
544	5.05
545	5.05
546	5.05
547	5.05
548	5.05
549	5.05
550	5.05
551	5.05
552	5.05
553	5.05
554	5.05
555	5.05
556	5.05
557	5.05
558	5.05
559	5.05
560	5.05
561	5.05
562	5.05
563	5.05
564	5.05
565	5.05
566	5.05
567	5.05
568	5.05
569	5.05
570	5.05
571	5.05
572	5.05
573	5.05
574	5.05
575	5.05
576	5.05
577	5.05
578	5.05
579	5.05
580	5.05
581	5.05
582	5.05
583	5.05
584	5.05
585	5.05
586	5.05
587	5.05
588	5.05
589	5.05
590	5.05
591	5.05
592	5.05
593	5.05
594	5.05
595	5.05
596	5.05
597	5.05
598	5.05
599	5.05
600	5.05
601	5.05
602	5.05
603	5.05
604	5.05
605	5.05
606	5.05
607	5.05
608	5.05
609	5.05
610	5.05
611	5.05
612	5.05
613	5.05
614	5.05
615	5.05
616	5.05
617	5.05
618	5.05
619	5.05
620	5.05
621	5.05
622	5.05
623	5.05
624	5.05
625	5.05
626	5.05
627	5.05
628	5.05
629	5.05
630	5.05
631	5.05
632	5.05
633	5.05
634	5.05
635	5.05
636	5.05
637	5.05
638	5.05
639	5.05
640	5.05
641	5.05
642	5.05
643	5.05
644	5.05
645	5.05
646	5.05
647	5.05
648	5.05
649	5.05
650	5.05
651	5.05
652	5.05
653	5.05
654	5.05
655	5.05
656	5.05
657	5.05
658	5.05
659	5.05
660	5.05
661	5.05
662	5.05
663	5.05
664	5.05
665	5.05
666	5.05
667	5.05
668	5.05
669	5.05
670	5.05
671	5.05
672	5.05
673	5.05
674	5.05
675	5.05
676	5.05
677	5.05
678	5.05
679	5.05
680	5.05
681	5.05
682	5.05
683	5.05
684	5.05
685	5.05
686	5.05
687	5.05
688	5.05
689	5.05
690	5.05
691	5.05
692	5.05
693	5.05
694	5.05
695	5.05
696	5.05
697	5.05
698	5.05
699	5.05
700	5.05
701	5.05
702	5.05
703	5.05
704	5.05
705	5.05
706	5.05
707	5.05
708	5.05
709	5.05
710	5.05
711	5.05
712	5.05
713	5.05
714	5.05
715	5.05
716	5.05
717	5.05
718	5.05
719	5.05
720	5.05
721	5.05
722	5.05
723	5.05
724	5.05
725	5.05
726	5.05
727	5.05
728	5.05
729	5.05
730	5.05
731	5.05
732	5.05
733	5.05
734	5.05
735	5.05
736	5.05
737	5.05
738	5.05
739	5.05
740	5.05
741	5.05
742	5.05
743	5.05
744	5.05
745	5.05
746	5.05
747	5.05
748	5.05
749	5.05
750	5.05
751	5.05
752	5.05
753	5.05
754	5.05
755	5.05
756	5.05
757	5.05
758	5.05
759	5.05
760	5.05
761	5.05
762	5.05
763	5.05
764	5.05
765	5.05
766	5.05
767	5.05
768	5.05
769	5.05
770	5.05
771	5.05
772	5.05
773	5.05
774	5.05
775	5.05
776	5.05
777	5.05
778	5.05
779	5.05
780	5.05
781	5.05
782	5.05
783	5.05
784	5.05
785	5.05
786	5.05
787	5.05
788	5.05
789	5.05
790	5.05
791	5.05
792	5.05
793	5.05
794	5.05
795	5.05
796	5.05
797	5.05
798	5.05
799	5.05
800	5.05
801	5.05
802	5.05
803	5.05
804	5.05
805	5.05
806	5.05
807	5.05
808	5.05
809	5.05
810	5.05
811	5.05
812	5.05
813	5.05
814	5.05
815	5.05
816	5.05
817	5.05
818	5.05
819	5.05
820	5.05
821	5.05
822	5.05
823	5.05
824	5.05
825	5.05
826	5.05
827	5.05
828	5.05
829	5.05
830	5.05
831	5.05
832	5.05
833	5.05
834	5.05
835	5.05
836	5.05
837	5.05
838	5.05
839	5.05
840	5.05
841	5.05
842	5.05
843	5.05
844	5.05
845	5.05
846	5.05
847	5.05
848	5.05
849	5.05
850	5.05
851	5.05
852	5.05
853	5.05
854	5.05
855	5.05
856	5.05
857	5.05
858	5.05
859	5.05
860	5.05
861	5.05
862	5.05
863	5.05
864	5.05
865	5.05
866	5.05
867	5.05
868	5.05
869	5.05
870	5.05
871	5.05
872	5.05
873	5.05
874	5.05
875	5.05
876	5.05
877	5.05
878	5.05
879	5.05
880	5.05
881	5.05
882	5.05
883	5.05
884	5.05
885	5.05
886	5.05
887	5.05
888	5.05
889	5.05
890	5.05
891	5.05
892	5.05
893	5.05
894	5.05
895	5.05
896	5.05
897	5.05
898	5.05
899	5.05
900	5.05
901	5.05
902	5.05
903	5.05
904	5.05
905	5.05
906	5.05
907	5.05
908	5.05
909	5.05
910	5.05
911	5.05
912	5.05
913	5.05
914	5.05
915	5.05
916	5.05
917	5.05
918	5.05
919	5.05
920	5.05
921	5.05
922	5.05
923	5.05
924	5.05
925	5.05
926	5.05
927	5.05
928	5.05
929	5.05
930	5.05
931	5.05
932	5.05
933	5.05
934	5.05
935	5.05
936	5.05
937	5.05
938	5.05
939	5.05
940	5.05
941	5.05
942	5.05
943	5.05
944	5.05
945	5.05
946	5.05
947	5.05
948	5.05
949	5.05
950	5.05
951	5.05
952	5.05
953	5.05
954	5.05
955	5.05
956	5.05
957	5.05
958	5.05
959	5.05
960	5.05
961	5.05
962	5.05
963	5.05
964	5.05
965	5.05
966	5.05
967	5.05
968	5.05
969	5.05
970	5.05
971	5.05
972	5.05
973	5.05
974	5.05
975	5.05
976	5.05
977	5.05
978	5.05
979	5.05
980	5.05
981	5.05
982	5.05
983	5.05
984	5.05
985	5.05
986	5.05
987	5.05
988	5.05
989	5.05
990	5.05
991	5.05
992	5.05
993	5.05
994	5.05
995	5.05
996	5.05
997	5.05
998	5.05
999	5.05
1000	5.05
1001	5.05
1002	5.05
1003	5.05
1004	5.05
1005	5.05
1006	5.05
1007	5.05
1008	5.05
1009	5.05
1010	5.05
1011	5.05
1012	5.05
1013	5.05
1014	5.05
1015	5.05
1016	5.05
1017	5.05
1018	5.05
1019	5.05
1020	5.05
1021	5.05
1022	5.05
1023	5.05
1024	5.05
1025	5.05
1026	5.05
1027	5.05
1028	5.05
1029	5.05
1030	5.05
1031	5.05
1032	5.05
1033	5.05
1034	5.05
1035	5.05
1036	5.05
1037	5.05
1038	5.05
1039	5.05
1040	5.05
1041	5.05
1042	5.05
1043	5.05
1044	5.05
1045	5.05
1046	5.05
1047	5.05
1048	5.05
1049	5.05
1050	5.05
1051	5.05
1052	5.05
1053	5.05
1054	5.05
1055	5.05
1056	5.05
1057	5.05
1058	5.05
1059	5.05
1060	5.05
1061	5.05
1062	5.05
1063	5.05
1064	5.05
1065	5.05
1066	5.05
1067	5.05
1068	5.05
1069	5.05
1070	5.05
1071	5.05
1072	5.05
1073	5.05
1074	5.05
1075	5.05
1076	5.05
1077	5.05
1078	5.05
1079	5.05
1080	5.05
1081	5.05
1082	5.05
1083	5.05
1084	5.05
1085	5.05
1086	5.05
1087	5.05
1088	5.05
1089	5.05
1090	5.05
1091	5.05
1092	5.05
1093	5.05
1094	5.05
1095	5.05
1096	5.05
1097	5.05
1098	5.05
1099	5.05
1100	5.05
1101	5.05
1102	5.05
1103	5.05
1104	5.05
1105	5.05
1106	5.05
1107	5.05
1108	5.05
1109	5.05
1110	5.05
1111	5.05
1112	5.05
1113	5.05
1114	5.05
1115	5.05
1116	5.05
1117	5.05
1118	5.05
1119	5.05
1120	5.05
1121	5.05
1122	5.05
1123	5.05
1124	5.05
1125	5.05
1126	5.05
1127	5.05
1128	5.05
1129	5.05
1130	5.05
1131	5.05
1132	5.05
1133	5.05
1134	5.05
1135	5.05
1136	5.05
1137	5.05
1138	5.05
1139	5.05
1140	5.05
1141	5.05
1142	5.05
1143	5.05
1144	5.05
1145	5.05
1146	5.05
1147	5.05
1148	5.05
1149	5.05
1150	5.05
1151	5.05
1152	5.05
1153	5.05
1154	5.05
1155	5.05
1156	5.05
1157	5.05
1158	5.05
1159	5.05
1160	5.05
1161	5.05
1162	5.05
1163	5.05
1164	5.05
1165	5.05
1166	5.05
1167	5.05
1168	5.05
1169	5.05
1170	5.05
1171	5.05
1172	5.05
1173	5.05
1174	5.05
1175	5.05
1176	5.05
1177	5.05
1178	5.05
1179	5.05
1180	5.05
1181	5.05
1182	5.05
1183	5.05
1184	5.05
1185	5.05
1186	5.05
1187	5.05
1188	5.05
1189	5.05
1190	5.05
1191	5.05
1192	5.05
1193	5.05
1194	5.05
1195	5.05
1196	5.05
1197	5.05
1198	5.05
1199	5.05
1200	5.05
1201	5.05
1202	5.05
1203	5.05
1204	5.05
1205	5.05
1206	5.05
1207	5.05
1208	5.05
1209	5.05
1210	5.05
1211	5.05
1212	5.05
1213	5.05
1214	5.05
1215	5.05
1216	5.05
1217	5.05
1218	5.05
1219	5.05
1220	5.05
1221	5.05
1222	5.05
1223	5.05
1224	5.05
1225	5.05
1226	5.05
1227	5.05
1228	5.05
1229	5.05
1230	5.05
1231	5.05
1232	5.05
1233	5.05
1234	5.05
1235	5.05
1236	5.05
1237	5.05
1238	5.05
1239	5.05
1240	5.05
1241	5.05
1242	5.05
1243	5.05
1244	5.05
1245	5.05
1246	5.05
1247	5.05
1248	5.05
1249	5.05
1250	5.05
1251	5.05
1252	5.05
1253	5.05
1254	5.05
1255	5.05
1256	5.05
1257	5.05
1258	5.05
1259	5.05
1260	5.05
1261	5.05
1262	5.05
1263	5.05
1264	5.05
1265	5.05
1266	5.05
1267	5.05
1268	5.05
1269	5.05
1270	5.05
1271	5.05
1272	5.05
1273	5.05
1274	5.05
1275	5.05
1276	5.05
1277	5.05
1278	5.05
1279	5.05
1280	5.05
1281	5.05
1282	5.05
1283	5.05
1284	5.05
1285	5.05
1286	5.05
1287	5.05
1288	5.05
1289	5.05
1290	5.05
1291	5.05
1292	5.05
1293	5.05
1294	5.05
1295	5.05
1296	5.05
1297	5.05
1298	5.05
1299	5.05
1300	5.05
1301	5.05
1302	5.05
1303	5.05
1304	5.05
1305	5.05
1306	5.05
1307	5.05
1308	5.05
1309	5.05
1310	5.05
1311	5.05
1312	5.05
1313	5.05
1314	5.05
1315	5.05
1316	5.05
1317	5.05
1318	5.05
1319	5.05
1320	5.05
1321	5.05
1322	5.05
1323	5.05
1324	5.05
1325	5.05
1326	5.05
1327	5.05
1328	5.05
1329	5.05
1330	5.05
1331	5.05
1332	5.05
1333	5.05
1334	5.05
1335	5.05
1336	5.05
1337	5.05
1338	5.05
1339	5.05
1340	5.05
1341	5.05
1342	5.05
1343	5.05
1344	5.05
1345	5.05
1346	5.05
1347	5.05
1348	5.05
1349	5.05
1350	5.05
1351	5.05
1352	5.05
1353	5.05
1354	5.05
1355	5.05
1356	5.05
1357	5.05
1358	5.05
1359	5.05
1360	5.05
1361	5.05
1362	5.05
1363	5.05
1364	5.05
1365	5.05
1366	5.05
1367	5.05
1368	5.05
1369	5.05
1370	5.05
1371	5.05
1372	5.05
1373	5.05
1374	5.05
1375	5.05
1376	5.05
1377	5.05
1378	5.05
1379	5.05
1380	5.05
1381	5.05
1382	5.05
1383	5.05
1384	5.05
1385	5.05
1386	5.05
1387	5.05
1388	5.05
1389	5.05
1390	5.05
1391	5.05
1392	5.05
1393	5.05
1394	5.05
1395	5.05
1396	5.05
1397	5.05
1398	5.05
1399	5.05
1400	5.05
1401	5.05
1402	5.05
1403	5.05
1404	5.05
1405	5.05
1406	5.05
1407	5.05
1408	5.05
1409	5.05
1410	5.05
1411	5.05
1412	5.05
1413	5.05
1414	5.05
1415	5.05
1416	5.05
1417	5.05
1418	5.05
1419	5.05
1420	5.05
1421	5.05
1422	5.05
1423	5.05
1424	5.05
1425	5.05
1426	5.05
1427	5.05
1428	5.05
1429	5.05
1430	5.05
1431	5.05
1432	5.05
1433	5.05
1434	5.05
1435	5.05
1436	5.05
1437	5.05
1438	5.05
1439	5.05
1440	5.05
1441	5.05
1442	5.05
1443	5.05
1444	5.05
1445	5.05
1446	5.05
1447	5.05
1448	5.05
1449	5.05
1450	5.05
1451	5.05
1452	5.05
1453	5.05
1454	5.05
1455	5.05
1456	5.05
1457	5.05
1458	5.05
1459	5.05
1460	5.05
1461	5.05
1462	5.05
1463	5.05
1464	5.05
1465	5.05
1466	5.05
1467	5.05
1468	5.05
1469	5.05
1470	5.05
1471	5.05
1472	5.05
1473	5.05
1474	5.05
1475	5.05
1476	5.05
1477	5.05
1478	5.05
1479	5.05
1480	5.05
1481	5.05
1482	5.05
1483	5.05
1484	5.05
1485	5.05
1486	5.05
1487	5.05
1488	5.05
1489	5.05
1490	5.05
1491	5.05
1492	5.05
1493	5.05
1494	5.05
1495	5.05
1496	5.05
1497	5.05
1498	5.05
1499	5.05
1500	5.05
1501	5.05
1502	5.05
1503	5.05
1504	5.05
1505	5.05
1506	5.05
1507	5.05
1508	5.05
1509	5.05
1510	5.05
1511	5.05
1512	5.05
1513	5.05
1514	5.05
1515	5.05
1516	5.05
1517	5.05
1518	5.05
1519	5.05
1520	5.05
1521	5.05
1522	5.05
1523	5.05
1524	5.05
1525	5.05
1526	5.05
1527	5.05
1528	5.05
1529	5.05
1530	5.05
1531	5.05
1532	5.05
1533	5.05
1534	5.05
1535	5.05
1536	5.05
1537	5.05
1538	5.05
1539	5.05
1540	5.05
1541	5.05
1542	5.05
1543	5.05
1544	5.05
1545	5.05
1546	5.05
1547	5.05
1548	5.05
1549	5.05
1550	5.05
1551	5.05
1552	5.05
1553	5.05
1554	5.05
1555	5.05
1556	5.05
1557	5.05
1558	5.05
1559	5.05
1560	5.05
1561	5.05
1562	5.05
1563	5.05
1564	5.05
1565	5.05
1566	5.05
1567	5.05
1568	5.05
1569	5.05
1570	5.05
1571	5.05
1572	5.05
1573	5.05
1574	5.05
1575	5.05
1576	5.05
1577	5.05
1578	5.05
1579	5.05
1580	5.05
1581	5.05
1582	5.05
1583	5.05
1584	5.05
1585	5.05
1586	5.05
1587	5.05
1588	5.05
1589	5.05
1590	5.05
1591	5.05
1592	5.05
1593	5.05
1594	5.05
1595	5.05
1596	5.05
1597	5.05
1598	5.05
1599	5.05
1600	5.05
1601	5.05
1602	5.05
1603	5.05
1604	5.05
1605	5.05
1606	5.05
1607	5.05
1608	5.05
1609	5.05
1610	5.05
1611	5.05
1612	5.05
1613	5.05
1614	5.05
1615	5.05
1616	5.05
1617	5.05
1618	5.05
1619	5.05
1620	5.05
1621	5.05
1622	5.05
1623	5.05
1624	5.05
1625	5.05
1626	5.05
1627	5.05
1628	5.05
1629	5.05
1630	5.05
1631	5.05
1632	5.05
1633	5.05
1634	5.05
1635	5.05
1636	5.05
1637	5.05
1638	5.05
1639	5.05
1640	5.05
1641	5.05
1642	5.05
1643	5.05
1644	5.05
1645	5.05
1646	5.05
1647	5.05
1648	5.05
1649	5.05
1650	5.05
1651	5.05
1652	5.05
1653	5.05
1654	5.05
1655	5.05
1656	5.05
1657	5.05
1658	5.05
1659	5.05
1660	5.05
1661	5.05
1662	5.05
1663	5.05
1664	5.05
1665	5.05
1666	5.05
1667	5.05
1668	5.05
1669	5.05
1670	5.05
1671	5.05
1672	5.05
1673	5.05
1674	5.05
1675	5.05
1676	5.05
1677	5.05
1678	5.05
1679	5.05
1680	5.05
1681	5.05
1682	5.05
1683	5.05
1684	5.05
1685	5.05
1686	5.05
1687	5.05
1688	5.05
1689	5.05
1690	5.05
1691	5.05
1692	5.05
1693	5.05
1694	5.05
1695	5.05
1696	5.05
1697	5.05
1698	5.05
1699	5.05
1700	5.05
1701	5.05
1702	5.05
1703	5.05
1704	5.05
1705	5.05
1706	5.05
1707	5.05
1708	5.05
1709	5.05
1710	5.05
1711	5.05
1712	5.05
1713	5.05
1714	5.05
1715	5.05
1716	5.05
1717	5.05
1718	5.05
1719	5.05
1720	5.05
1721	5.05
1722	5.05
1723	5.05
1724	5.05
1725	5.05
1726	5.05
1727	5.05
1728	5.05
1729	5.05
1730	5.05
1731	5.05
1732	5.05
1733	5.05
1734	5.05
1735	5.05
1736	5.05
1737	5.05
1738	5.05
1739	5.05
1740	5.05
1741	5.05
1742	5.05
1743	5.05
1744	5.05
1745	5.05
1746	5.05
1747	5.05
1748	5.05
1749	5.05
1750	5.05
1751	5.05
1752	5.05
1753	5.05
1754	5.05
1755	5.05
1756	5.05
1757	5.05
1758	5.05
1759	5.05
1760	5.05
1761	5.05
1762	5.05
1763	5.05
1764	5.05
1765	5.05
1766	5.05
1767	5.05
1768	5.05
1769	5.05
1770	5.05
1771	5.05
1772	5.05
1773	5.05
1774	5.05
1775	5.05
1776	5.05
1777	5.05
1778	5.05
1779	5.05
1780	5.05
1781	5.05
1782	5.05
1783	5.05
1784	5.05
1785	5.05
1786	5.05
1787	5.05
1788	5.05
1789	5.05
1790	5.05
1791	5.05
1792	5.05
1793	5.05
1794	5.05
1795	5.05
1796	5.05
1797	5.05
1798	5.05
1799	5.05
1800	5.05
1801	5.05
1802	5.05
1803	5.05
1804	5.05
1805	5.05
1806	5.05
1807	5.05
1808	5.05
1809	5.05
1810	5.05
1811	5.05
1812	5.05
1813	5.05
1814	5.05
1815	5.05
1816	5.05
1817	5.05
1818	5.05
1819	5.05
1820	5.05
1821	5.05
1822	5.05
1823	5.05
1824	5.05
1825	5.05
1826	5.05
1827	5.05
1828	5.05
1829	5.05
1830	5.05
1831	5.05
1832	5.05
1833	5.05
1834	5.05
1835	5.05
1836	5.05
1837	5.05
1838	5.05
1839	5.05
1840	5.05
1841	5.05
1842	5.05
1843	5.05
1844	5.05
1845	5.05
1846	5.05
1847	5.05
1848	5.05
1849	5.05
1850	5.05
1851	5.05
1852	5.05
1853	5.05
1854	5.05
1855	5.05
1856	5.05
1857	5.05
1858	5.05
1859	5.05
1860	5.05
1861	5.05
1862	5.05
1863	5.05
1864	5.05
1865	5.05
1866	5.05
1867	5.05
1868	5.05
1869	5.05
1870	5.05
1871	5.05
1872	5.05
1873	5.05
1874	5.05
1875	5.05
1876	5.05
1877	5.05
1878	5.05
1879	5.05
1880	5.05
1881	5.05
1882	5.05
1883	5.05
1884	5.05
1885	5.05
1886	5.05
1887	5.05
1888	5.05
1889	5.05
1890	5.05
1891	5.05
1892	5.05
1893	5.05
1894	5.05
1895	5.05
1896	5.05
1897	5.05
1898	5.05
1899	5.05
1900	5.05
1901	5.05
1902	5.05
1903	5.05
1904	5.05
1905	5.05
1906	5.05
1907	5.05
1908	5.05
1909	5.05
1910	5.05
1911	5.05
1912	5.05
1913	5.05
1914	5.05
1915	5.05
1916	5.05
1917	5.05
1918	5.05
1919	5.05
1920	5.05
1921	5.05
1922	5.05
1923	5.05
1924	5.05
1925	5.05
1926	5.05
1927	5.05
1928	5.05
1929	5.05
1930	5.05
1931	5.05
1932	5.05
1933	5.05
1934	5.05
1935	5.05
1936	5.05
1937	5.05
1938	5.05
1939	5.05
1940	5.05
1941	5.05
1942	5.05
1943	5.05
1944	5.05
1945	5.05
1946	5.05
1947	5.05
1948	5.05
1949	5.05
1950	5.05
1951	5.05
1952	5.05
1953	5.05
1954	5.05
1955	5.05
1956	5.05
1957	5.05
1958	5.05
1959	5.05
1960	5.05
1961	5.05
1962	5.05
1963	5.05
1964	5.05
1965	5.05
1966	5.05
1967	5.05
1968	5.05
1969	5.05
1970	5.05
1971	5.05
1972	5.05
1973	5.05
1974	5.05
1975	5.05
1976	5.05
1977	5.05
1978	5.05
1979	5.05
1980	5.05
1981	5.05
1982	5.05
1983	5.05
1984	5.05
1985	5.05
1986	5.05
1987	5.05
1988	5.05
1989	5.05
1990	5.05
1991	5.05
1992	5.05
1993	5.05
1994	5.05
1995	5.05
1996	5.05
1997	5.05
1998	5.05
1999	5.05
