0	55.01
1	55.01
2	55.01
3	55.01
4	55.01
5	55.01
6	55.01
7	55.01
8	55.01
9	55.01
10	55.01
11	55.01
12	55.01
13	55.01
14	55.01
15	55.01
16	55.01
17	55.01
18	55.01
19	55.01
20	55.01
21	55.01
22	55.01
23	55.01
24	55.01
25	55.01
26	55.01
27	55.01
28	55.01
29	55.01
30	55.01
31	55.01
32	55.01
33	55.01
34	55.01
35	55.01
36	55.01
37	55.01
38	55.01
39	55.01
40	55.01
41	55.01
42	55.01
43	55.01
44	55.01
45	55.01
46	55.01
47	55.01
48	55.01
49	55.01
50	55.01
51	55.01
52	55.01
53	55.01
54	55.01
55	55.01
56	55.01
57	55.01
58	55.01
59	55.01
60	55.01
61	55.01
62	55.01
63	55.01
64	55.01
65	55.01
66	55.01
67	55.01
68	55.01
69	55.01
70	55.01
71	55.01
72	55.01
73	55.01
74	55.01
75	55.01
76	55.01
77	55.01
78	55.01
79	55.01
80	55.01
81	55.01
82	55.01
83	55.01
84	55.01
85	55.01
86	55.01
87	55.01
88	55.01
89	55.01
90	55.01
91	55.01
92	55.01
93	55.01
94	55.01
95	55.01
96	55.01
97	55.01
98	55.01
99	55.01
100	55.01
101	55.01
102	55.01
103	55.01
104	55.01
105	55.01
106	55.01
107	55.01
108	55.01
109	55.01
110	55.01
111	55.01
112	55.01
113	55.01
114	55.01
115	55.01
116	55.01
117	55.01
118	55.01
119	55.01
120	55.01
121	55.01
122	55.01
123	55.01
124	55.01
125	55.01
126	55.01
127	55.01
128	55.01
129	55.01
130	55.01
131	55.01
132	55.01
133	55.01
134	55.01
135	55.01
136	55.01
137	55.01
138	55.01
139	55.01
140	55.01
141	55.01
142	55.01
143	55.01
144	55.01
145	55.01
146	55.01
147	55.01
148	55.01
149	55.01
150	55.01
151	55.01
152	55.01
153	55.01
154	55.01
155	55.01
156	55.01
157	55.01
158	55.01
159	55.01
160	55.01
161	55.01
162	55.01
163	55.01
164	55.01
165	55.01
166	55.01
167	55.01
168	55.01
169	55.01
170	55.01
171	55.01
172	55.01
173	55.01
174	55.01
175	55.01
176	55.01
177	55.01
178	55.01
179	55.01
180	55.01
181	55.01
182	55.01
183	55.01
184	55.01
185	55.01
186	55.01
187	55.01
188	55.01
189	55.01
190	55.01
191	55.01
192	55.01
193	55.01
194	55.01
195	55.01
196	55.01
197	55.01
198	55.01
199	55.01
200	55.01
201	55.01
202	55.01
203	55.01
204	55.01
205	55.01
206	55.01
207	55.01
208	55.01
209	55.01
210	55.01
211	55.01
212	55.01
213	55.01
214	55.01
215	55.01
216	55.01
217	55.01
218	55.01
219	55.01
220	55.01
221	55.01
222	55.01
223	55.01
224	55.01
225	55.01
226	55.01
227	55.01
228	55.01
229	55.01
230	55.01
231	55.01
232	55.01
233	55.01
234	55.01
235	55.01
236	55.01
237	55.01
238	55.01
239	55.01
240	55.01
241	55.01
242	55.01
243	55.01
244	55.01
245	55.01
246	55.01
247	55.01
248	55.01
249	55.01
250	55.01
251	55.01
252	55.01
253	55.01
254	55.01
255	55.01
256	55.01
257	55.01
258	55.01
259	55.01
260	55.01
261	55.01
262	55.01
263	55.01
264	55.01
265	55.01
266	55.01
267	55.01
268	55.01
269	55.01
270	55.01
271	55.01
272	55.01
273	55.01
274	55.01
275	55.01
276	55.01
277	55.01
278	55.01
279	55.01
280	55.01
281	55.01
282	55.01
283	55.01
284	55.01
285	55.01
286	55.01
287	55.01
288	55.01
289	55.01
290	55.01
291	55.01
292	55.01
293	55.01
294	55.01
295	55.01
296	55.01
297	55.01
298	55.01
299	55.01
300	55.01
301	55.01
302	55.01
303	55.01
304	55.01
305	55.01
306	55.01
307	55.01
308	55.01
309	55.01
310	55.01
311	55.01
312	55.01
313	55.01
314	55.01
315	55.01
316	55.01
317	55.01
318	55.01
319	55.01
320	55.01
321	55.01
322	55.01
323	55.01
324	55.01
325	55.01
326	55.01
327	55.01
328	55.01
329	55.01
330	55.01
331	55.01
332	55.01
333	55.01
334	55.01
335	55.01
336	55.01
337	55.01
338	55.01
339	55.01
340	55.01
341	55.01
342	55.01
343	55.01
344	55.01
345	55.01
346	55.01
347	55.01
348	55.01
349	55.01
350	55.01
351	55.01
352	55.01
353	55.01
354	55.01
355	55.01
356	55.01
357	55.01
358	55.01
359	55.01
360	55.01
361	55.01
362	55.01
363	55.01
364	55.01
365	55.01
366	55.01
367	55.01
368	55.01
369	55.01
370	55.01
371	55.01
372	55.01
373	55.01
374	55.01
375	55.01
376	55.01
377	55.01
378	55.01
379	55.01
380	55.01
381	55.01
382	55.01
383	55.01
384	55.01
385	55.01
386	55.01
387	55.01
388	55.01
389	55.01
390	55.01
391	55.01
392	55.01
393	55.01
394	55.01
395	55.01
396	55.01
397	55.01
398	55.01
399	55.01
400	55.01
401	55.01
402	55.01
403	55.01
404	55.01
405	55.01
406	55.01
407	55.01
408	55.01
409	55.01
410	55.01
411	55.01
412	55.01
413	55.01
414	55.01
415	55.01
416	55.01
417	55.01
418	55.01
419	55.01
420	55.01
421	55.01
422	55.01
423	55.01
424	55.01
425	55.01
426	55.01
427	55.01
428	55.01
429	55.01
430	55.01
431	55.01
432	55.01
433	55.01
434	55.01
435	55.01
436	55.01
437	55.01
438	55.01
439	55.01
440	55.01
441	55.01
442	55.01
443	55.01
444	55.01
445	55.01
446	55.01
447	55.01
448	55.01
449	55.01
450	55.01
451	55.01
452	55.01
453	55.01
454	55.01
455	55.01
456	55.01
457	55.01
458	55.01
459	55.01
460	55.01
461	55.01
462	55.01
463	55.01
464	55.01
465	55.01
466	55.01
467	55.01
468	55.01
469	55.01
470	55.01
471	55.01
472	55.01
473	55.01
474	55.01
475	55.01
476	55.01
477	55.01
478	55.01
479	55.01
480	55.01
481	55.01
482	55.01
483	55.01
484	55.01
485	55.01
486	55.01
487	55.01
488	55.01
489	55.01
490	55.01
491	55.01
492	55.01
493	55.01
494	55.01
495	55.01
496	55.01
497	55.01
498	55.01
499	55.01
500	55.01
501	55.01
502	55.01
503	55.01
504	55.01
505	55.01
506	55.01
507	55.01
508	55.01
509	55.01
510	55.01
511	55.01
512	55.01
513	55.01
514	55.01
515	55.01
516	55.01
517	55.01
518	55.01
519	55.01
520	55.01
521	55.01
522	55.01
523	55.01
524	55.01
525	55.01
526	55.01
527	55.01
528	55.01
529	55.01
530	55.01
531	55.01
532	55.01
533	55.01
534	55.01
535	55.01
536	55.01
537	55.01
538	55.01
539	55.01
540	55.01
541	55.01
542	55.01
543	55.01
544	55.01
545	55.01
546	55.01
547	55.01
548	55.01
549	55.01
550	55.01
551	55.01
552	55.01
553	55.01
554	55.01
555	55.01
556	55.01
557	55.01
558	55.01
559	55.01
560	55.01
561	55.01
562	55.01
563	55.01
564	55.01
565	55.01
566	55.01
567	55.01
568	55.01
569	55.01
570	55.01
571	55.01
572	55.01
573	55.01
574	55.01
575	55.01
576	55.01
577	55.01
578	55.01
579	55.01
580	55.01
581	55.01
582	55.01
583	55.01
584	55.01
585	55.01
586	55.01
587	55.01
588	55.01
589	55.01
590	55.01
591	55.01
592	55.01
593	55.01
594	55.01
595	55.01
596	55.01
597	55.01
598	55.01
599	55.01
600	55.01
601	55.01
602	55.01
603	55.01
604	55.01
605	55.01
606	55.01
607	55.01
608	55.01
609	55.01
610	55.01
611	55.01
612	55.01
613	55.01
614	55.01
615	55.01
616	55.01
617	55.01
618	55.01
619	55.01
620	55.01
621	55.01
622	55.01
623	55.01
624	55.01
625	55.01
626	55.01
627	55.01
628	55.01
629	55.01
630	55.01
631	55.01
632	55.01
633	55.01
634	55.01
635	55.01
636	55.01
637	55.01
638	55.01
639	55.01
640	55.01
641	55.01
642	55.01
643	55.01
644	55.01
645	55.01
646	55.01
647	55.01
648	55.01
649	55.01
650	55.01
651	55.01
652	55.01
653	55.01
654	55.01
655	55.01
656	55.01
657	55.01
658	55.01
659	55.01
660	55.01
661	55.01
662	55.01
663	55.01
664	55.01
665	55.01
666	55.01
667	55.01
668	55.01
669	55.01
670	55.01
671	55.01
672	55.01
673	55.01
674	55.01
675	55.01
676	55.01
677	55.01
678	55.01
679	55.01
680	55.01
681	55.01
682	55.01
683	55.01
684	55.01
685	55.01
686	55.01
687	55.01
688	55.01
689	55.01
690	55.01
691	55.01
692	55.01
693	55.01
694	55.01
695	55.01
696	55.01
697	55.01
698	55.01
699	55.01
700	55.01
701	55.01
702	55.01
703	55.01
704	55.01
705	55.01
706	55.01
707	55.01
708	55.01
709	55.01
710	55.01
711	55.01
712	55.01
713	55.01
714	55.01
715	55.01
716	55.01
717	55.01
718	55.01
719	55.01
720	55.01
721	55.01
722	55.01
723	55.01
724	55.01
725	55.01
726	55.01
727	55.01
728	55.01
729	55.01
730	55.01
731	55.01
732	55.01
733	55.01
734	55.01
735	55.01
736	55.01
737	55.01
738	55.01
739	55.01
740	55.01
741	55.01
742	55.01
743	55.01
744	55.01
745	55.01
746	55.01
747	55.01
748	55.01
749	55.01
750	55.01
751	55.01
752	55.01
753	55.01
754	55.01
755	55.01
756	55.01
757	55.01
758	55.01
759	55.01
760	55.01
761	55.01
762	55.01
763	55.01
764	55.01
765	55.01
766	55.01
767	55.01
768	55.01
769	55.01
770	55.01
771	55.01
772	55.01
773	55.01
774	55.01
775	55.01
776	55.01
777	55.01
778	55.01
779	55.01
780	55.01
781	55.01
782	55.01
783	55.01
784	55.01
785	55.01
786	55.01
787	55.01
788	55.01
789	55.01
790	55.01
791	55.01
792	55.01
793	55.01
794	55.01
795	55.01
796	55.01
797	55.01
798	55.01
799	55.01
800	55.01
801	55.01
802	55.01
803	55.01
804	55.01
805	55.01
806	55.01
807	55.01
808	55.01
809	55.01
810	55.01
811	55.01
812	55.01
813	55.01
814	55.01
815	55.01
816	55.01
817	55.01
818	55.01
819	55.01
820	55.01
821	55.01
822	55.01
823	55.01
824	55.01
825	55.01
826	55.01
827	55.01
828	55.01
829	55.01
830	55.01
831	55.01
832	55.01
833	55.01
834	55.01
835	55.01
836	55.01
837	55.01
838	55.01
839	55.01
840	55.01
841	55.01
842	55.01
843	55.01
844	55.01
845	55.01
846	55.01
847	55.01
848	55.01
849	55.01
850	55.01
851	55.01
852	55.01
853	55.01
854	55.01
855	55.01
856	55.01
857	55.01
858	55.01
859	55.01
860	55.01
861	55.01
862	55.01
863	55.01
864	55.01
865	55.01
866	55.01
867	55.01
868	55.01
869	55.01
870	55.01
871	55.01
872	55.01
873	55.01
874	55.01
875	55.01
876	55.01
877	55.01
878	55.01
879	55.01
880	55.01
881	55.01
882	55.01
883	55.01
884	55.01
885	55.01
886	55.01
887	55.01
888	55.01
889	55.01
890	55.01
891	55.01
892	55.01
893	55.01
894	55.01
895	55.01
896	55.01
897	55.01
898	55.01
899	55.01
900	55.01
901	55.01
902	55.01
903	55.01
904	55.01
905	55.01
906	55.01
907	55.01
908	55.01
909	55.01
910	55.01
911	55.01
912	55.01
913	55.01
914	55.01
915	55.01
916	55.01
917	55.01
918	55.01
919	55.01
920	55.01
921	55.01
922	55.01
923	55.01
924	55.01
925	55.01
926	55.01
927	55.01
928	55.01
929	55.01
930	55.01
931	55.01
932	55.01
933	55.01
934	55.01
935	55.01
936	55.01
937	55.01
938	55.01
939	55.01
940	55.01
941	55.01
942	55.01
943	55.01
944	55.01
945	55.01
946	55.01
947	55.01
948	55.01
949	55.01
950	55.01
951	55.01
952	55.01
953	55.01
954	55.01
955	55.01
956	55.01
957	55.01
958	55.01
959	55.01
960	55.01
961	55.01
962	55.01
963	55.01
964	55.01
965	55.01
966	55.01
967	55.01
968	55.01
969	55.01
970	55.01
971	55.01
972	55.01
973	55.01
974	55.01
975	55.01
976	55.01
977	55.01
978	55.01
979	55.01
980	55.01
981	55.01
982	55.01
983	55.01
984	55.01
985	55.01
986	55.01
987	55.01
988	55.01
989	55.01
990	55.01
991	55.01
992	55.01
993	55.01
994	55.01
995	55.01
996	55.01
997	55.01
998	55.01
999	55.01
1000	55.01
1001	55.01
1002	55.01
1003	55.01
1004	55.01
1005	55.01
1006	55.01
1007	55.01
1008	55.01
1009	55.01
1010	55.01
1011	55.01
1012	55.01
1013	55.01
1014	55.01
1015	55.01
1016	55.01
1017	55.01
1018	55.01
1019	55.01
1020	55.01
1021	55.01
1022	55.01
1023	55.01
1024	55.01
1025	55.01
1026	55.01
1027	55.01
1028	55.01
1029	55.01
1030	55.01
1031	55.01
1032	55.01
1033	55.01
1034	55.01
1035	55.01
1036	55.01
1037	55.01
1038	55.01
1039	55.01
1040	55.01
1041	55.01
1042	55.01
1043	55.01
1044	55.01
1045	55.01
1046	55.01
1047	55.01
1048	55.01
1049	55.01
1050	55.01
1051	55.01
1052	55.01
1053	55.01
1054	55.01
1055	55.01
1056	55.01
1057	55.01
1058	55.01
1059	55.01
1060	55.01
1061	55.01
1062	55.01
1063	55.01
1064	55.01
1065	55.01
1066	55.01
1067	55.01
1068	55.01
1069	55.01
1070	55.01
1071	55.01
1072	55.01
1073	55.01
1074	55.01
1075	55.01
1076	55.01
1077	55.01
1078	55.01
1079	55.01
1080	55.01
1081	55.01
1082	55.01
1083	55.01
1084	55.01
1085	55.01
1086	55.01
1087	55.01
1088	55.01
1089	55.01
1090	55.01
1091	55.01
1092	55.01
1093	55.01
1094	55.01
1095	55.01
1096	55.01
1097	55.01
1098	55.01
1099	55.01
1100	55.01
1101	55.01
1102	55.01
1103	55.01
1104	55.01
1105	55.01
1106	55.01
1107	55.01
1108	55.01
1109	55.01
1110	55.01
1111	55.01
1112	55.01
1113	55.01
1114	55.01
1115	55.01
1116	55.01
1117	55.01
1118	55.01
1119	55.01
1120	55.01
1121	55.01
1122	55.01
1123	55.01
1124	55.01
1125	55.01
1126	55.01
1127	55.01
1128	55.01
1129	55.01
1130	55.01
1131	55.01
1132	55.01
1133	55.01
1134	55.01
1135	55.01
1136	55.01
1137	55.01
1138	55.01
1139	55.01
1140	55.01
1141	55.01
1142	55.01
1143	55.01
1144	55.01
1145	55.01
1146	55.01
1147	55.01
1148	55.01
1149	55.01
1150	55.01
1151	55.01
1152	55.01
1153	55.01
1154	55.01
1155	55.01
1156	55.01
1157	55.01
1158	55.01
1159	55.01
1160	55.01
1161	55.01
1162	55.01
1163	55.01
1164	55.01
1165	55.01
1166	55.01
1167	55.01
1168	55.01
1169	55.01
1170	55.01
1171	55.01
1172	55.01
1173	55.01
1174	55.01
1175	55.01
1176	55.01
1177	55.01
1178	55.01
1179	55.01
1180	55.01
1181	55.01
1182	55.01
1183	55.01
1184	55.01
1185	55.01
1186	55.01
1187	55.01
1188	55.01
1189	55.01
1190	55.01
1191	55.01
1192	55.01
1193	55.01
1194	55.01
1195	55.01
1196	55.01
1197	55.01
1198	55.01
1199	55.01
1200	55.01
1201	55.01
1202	55.01
1203	55.01
1204	55.01
1205	55.01
1206	55.01
1207	55.01
1208	55.01
1209	55.01
1210	55.01
1211	55.01
1212	55.01
1213	55.01
1214	55.01
1215	55.01
1216	55.01
1217	55.01
1218	55.01
1219	55.01
1220	55.01
1221	55.01
1222	55.01
1223	55.01
1224	55.01
1225	55.01
1226	55.01
1227	55.01
1228	55.01
1229	55.01
1230	55.01
1231	55.01
1232	55.01
1233	55.01
1234	55.01
1235	55.01
1236	55.01
1237	55.01
1238	55.01
1239	55.01
1240	55.01
1241	55.01
1242	55.01
1243	55.01
1244	55.01
1245	55.01
1246	55.01
1247	55.01
1248	55.01
1249	55.01
1250	55.01
1251	55.01
1252	55.01
1253	55.01
1254	55.01
1255	55.01
1256	55.01
1257	55.01
1258	55.01
1259	55.01
1260	55.01
1261	55.01
1262	55.01
1263	55.01
1264	55.01
1265	55.01
1266	55.01
1267	55.01
1268	55.01
1269	55.01
1270	55.01
1271	55.01
1272	55.01
1273	55.01
1274	55.01
1275	55.01
1276	55.01
1277	55.01
1278	55.01
1279	55.01
1280	55.01
1281	55.01
1282	55.01
1283	55.01
1284	55.01
1285	55.01
1286	55.01
1287	55.01
1288	55.01
1289	55.01
1290	55.01
1291	55.01
1292	55.01
1293	55.01
1294	55.01
1295	55.01
1296	55.01
1297	55.01
1298	55.01
1299	55.01
1300	55.01
1301	55.01
1302	55.01
1303	55.01
1304	55.01
1305	55.01
1306	55.01
1307	55.01
1308	55.01
1309	55.01
1310	55.01
1311	55.01
1312	55.01
1313	55.01
1314	55.01
1315	55.01
1316	55.01
1317	55.01
1318	55.01
1319	55.01
1320	55.01
1321	55.01
1322	55.01
1323	55.01
1324	55.01
1325	55.01
1326	55.01
1327	55.01
1328	55.01
1329	55.01
1330	55.01
1331	55.01
1332	55.01
1333	55.01
1334	55.01
1335	55.01
1336	55.01
1337	55.01
1338	55.01
1339	55.01
1340	55.01
1341	55.01
1342	55.01
1343	55.01
1344	55.01
1345	55.01
1346	55.01
1347	55.01
1348	55.01
1349	55.01
1350	55.01
1351	55.01
1352	55.01
1353	55.01
1354	55.01
1355	55.01
1356	55.01
1357	55.01
1358	55.01
1359	55.01
1360	55.01
1361	55.01
1362	55.01
1363	55.01
1364	55.01
1365	55.01
1366	55.01
1367	55.01
1368	55.01
1369	55.01
1370	55.01
1371	55.01
1372	55.01
1373	55.01
1374	55.01
1375	55.01
1376	55.01
1377	55.01
1378	55.01
1379	55.01
1380	55.01
1381	55.01
1382	55.01
1383	55.01
1384	55.01
1385	55.01
1386	55.01
1387	55.01
1388	55.01
1389	55.01
1390	55.01
1391	55.01
1392	55.01
1393	55.01
1394	55.01
1395	55.01
1396	55.01
1397	55.01
1398	55.01
1399	55.01
1400	55.01
1401	55.01
1402	55.01
1403	55.01
1404	55.01
1405	55.01
1406	55.01
1407	55.01
1408	55.01
1409	55.01
1410	55.01
1411	55.01
1412	55.01
1413	55.01
1414	55.01
1415	55.01
1416	55.01
1417	55.01
1418	55.01
1419	55.01
1420	55.01
1421	55.01
1422	55.01
1423	55.01
1424	55.01
1425	55.01
1426	55.01
1427	55.01
1428	55.01
1429	55.01
1430	55.01
1431	55.01
1432	55.01
1433	55.01
1434	55.01
1435	55.01
1436	55.01
1437	55.01
1438	55.01
1439	55.01
1440	55.01
1441	55.01
1442	55.01
1443	55.01
1444	55.01
1445	55.01
1446	55.01
1447	55.01
1448	55.01
1449	55.01
1450	55.01
1451	55.01
1452	55.01
1453	55.01
1454	55.01
1455	55.01
1456	55.01
1457	55.01
1458	55.01
1459	55.01
1460	55.01
1461	55.01
1462	55.01
1463	55.01
1464	55.01
1465	55.01
1466	55.01
1467	55.01
1468	55.01
1469	55.01
1470	55.01
1471	55.01
1472	55.01
1473	55.01
1474	55.01
1475	55.01
1476	55.01
1477	55.01
1478	55.01
1479	55.01
1480	55.01
1481	55.01
1482	55.01
1483	55.01
1484	55.01
1485	55.01
1486	55.01
1487	55.01
1488	55.01
1489	55.01
1490	55.01
1491	55.01
1492	55.01
1493	55.01
1494	55.01
1495	55.01
1496	55.01
1497	55.01
1498	55.01
1499	55.01
1500	55.01
1501	55.01
1502	55.01
1503	55.01
1504	55.01
1505	55.01
1506	55.01
1507	55.01
1508	55.01
1509	55.01
1510	55.01
1511	55.01
1512	55.01
1513	55.01
1514	55.01
1515	55.01
1516	55.01
1517	55.01
1518	55.01
1519	55.01
1520	55.01
1521	55.01
1522	55.01
1523	55.01
1524	55.01
1525	55.01
1526	55.01
1527	55.01
1528	55.01
1529	55.01
1530	55.01
1531	55.01
1532	55.01
1533	55.01
1534	55.01
1535	55.01
1536	55.01
1537	55.01
1538	55.01
1539	55.01
1540	55.01
1541	55.01
1542	55.01
1543	55.01
1544	55.01
1545	55.01
1546	55.01
1547	55.01
1548	55.01
1549	55.01
1550	55.01
1551	55.01
1552	55.01
1553	55.01
1554	55.01
1555	55.01
1556	55.01
1557	55.01
1558	55.01
1559	55.01
1560	55.01
1561	55.01
1562	55.01
1563	55.01
1564	55.01
1565	55.01
1566	55.01
1567	55.01
1568	55.01
1569	55.01
1570	55.01
1571	55.01
1572	55.01
1573	55.01
1574	55.01
1575	55.01
1576	55.01
1577	55.01
1578	55.01
1579	55.01
1580	55.01
1581	55.01
1582	55.01
1583	55.01
1584	55.01
1585	55.01
1586	55.01
1587	55.01
1588	55.01
1589	55.01
1590	55.01
1591	55.01
1592	55.01
1593	55.01
1594	55.01
1595	55.01
1596	55.01
1597	55.01
1598	55.01
1599	55.01
1600	55.01
1601	55.01
1602	55.01
1603	55.01
1604	55.01
1605	55.01
1606	55.01
1607	55.01
1608	55.01
1609	55.01
1610	55.01
1611	55.01
1612	55.01
1613	55.01
1614	55.01
1615	55.01
1616	55.01
1617	55.01
1618	55.01
1619	55.01
1620	55.01
1621	55.01
1622	55.01
1623	55.01
1624	55.01
1625	55.01
1626	55.01
1627	55.01
1628	55.01
1629	55.01
1630	55.01
1631	55.01
1632	55.01
1633	55.01
1634	55.01
1635	55.01
1636	55.01
1637	55.01
1638	55.01
1639	55.01
1640	55.01
1641	55.01
1642	55.01
1643	55.01
1644	55.01
1645	55.01
1646	55.01
1647	55.01
1648	55.01
1649	55.01
1650	55.01
1651	55.01
1652	55.01
1653	55.01
1654	55.01
1655	55.01
1656	55.01
1657	55.01
1658	55.01
1659	55.01
1660	55.01
1661	55.01
1662	55.01
1663	55.01
1664	55.01
1665	55.01
1666	55.01
1667	55.01
1668	55.01
1669	55.01
1670	55.01
1671	55.01
1672	55.01
1673	55.01
1674	55.01
1675	55.01
1676	55.01
1677	55.01
1678	55.01
1679	55.01
1680	55.01
1681	55.01
1682	55.01
1683	55.01
1684	55.01
1685	55.01
1686	55.01
1687	55.01
1688	55.01
1689	55.01
1690	55.01
1691	55.01
1692	55.01
1693	55.01
1694	55.01
1695	55.01
1696	55.01
1697	55.01
1698	55.01
1699	55.01
1700	55.01
1701	55.01
1702	55.01
1703	55.01
1704	55.01
1705	55.01
1706	55.01
1707	55.01
1708	55.01
1709	55.01
1710	55.01
1711	55.01
1712	55.01
1713	55.01
1714	55.01
1715	55.01
1716	55.01
1717	55.01
1718	55.01
1719	55.01
1720	55.01
1721	55.01
1722	55.01
1723	55.01
1724	55.01
1725	55.01
1726	55.01
1727	55.01
1728	55.01
1729	55.01
1730	55.01
1731	55.01
1732	55.01
1733	55.01
1734	55.01
1735	55.01
1736	55.01
1737	55.01
1738	55.01
1739	55.01
1740	55.01
1741	55.01
1742	55.01
1743	55.01
1744	55.01
1745	55.01
1746	55.01
1747	55.01
1748	55.01
1749	55.01
1750	55.01
1751	55.01
1752	55.01
1753	55.01
1754	55.01
1755	55.01
1756	55.01
1757	55.01
1758	55.01
1759	55.01
1760	55.01
1761	55.01
1762	55.01
1763	55.01
1764	55.01
1765	55.01
1766	55.01
1767	55.01
1768	55.01
1769	55.01
1770	55.01
1771	55.01
1772	55.01
1773	55.01
1774	55.01
1775	55.01
1776	55.01
1777	55.01
1778	55.01
1779	55.01
1780	55.01
1781	55.01
1782	55.01
1783	55.01
1784	55.01
1785	55.01
1786	55.01
1787	55.01
1788	55.01
1789	55.01
1790	55.01
1791	55.01
1792	55.01
1793	55.01
1794	55.01
1795	55.01
1796	55.01
1797	55.01
1798	55.01
1799	55.01
1800	55.01
1801	55.01
1802	55.01
1803	55.01
1804	55.01
1805	55.01
1806	55.01
1807	55.01
1808	55.01
1809	55.01
1810	55.01
1811	55.01
1812	55.01
1813	55.01
1814	55.01
1815	55.01
1816	55.01
1817	55.01
1818	55.01
1819	55.01
1820	55.01
1821	55.01
1822	55.01
1823	55.01
1824	55.01
1825	55.01
1826	55.01
1827	55.01
1828	55.01
1829	55.01
1830	55.01
1831	55.01
1832	55.01
1833	55.01
1834	55.01
1835	55.01
1836	55.01
1837	55.01
1838	55.01
1839	55.01
1840	55.01
1841	55.01
1842	55.01
1843	55.01
1844	55.01
1845	55.01
1846	55.01
1847	55.01
1848	55.01
1849	55.01
1850	55.01
1851	55.01
1852	55.01
1853	55.01
1854	55.01
1855	55.01
1856	55.01
1857	55.01
1858	55.01
1859	55.01
1860	55.01
1861	55.01
1862	55.01
1863	55.01
1864	55.01
1865	55.01
1866	55.01
1867	55.01
1868	55.01
1869	55.01
1870	55.01
1871	55.01
1872	55.01
1873	55.01
1874	55.01
1875	55.01
1876	55.01
1877	55.01
1878	55.01
1879	55.01
1880	55.01
1881	55.01
1882	55.01
1883	55.01
1884	55.01
1885	55.01
1886	55.01
1887	55.01
1888	55.01
1889	55.01
1890	55.01
1891	55.01
1892	55.01
1893	55.01
1894	55.01
1895	55.01
1896	55.01
1897	55.01
1898	55.01
1899	55.01
1900	55.01
1901	55.01
1902	55.01
1903	55.01
1904	55.01
1905	55.01
1906	55.01
1907	55.01
1908	55.01
1909	55.01
1910	55.01
1911	55.01
1912	55.01
1913	55.01
1914	55.01
1915	55.01
1916	55.01
1917	55.01
1918	55.01
1919	55.01
1920	55.01
1921	55.01
1922	55.01
1923	55.01
1924	55.01
1925	55.01
1926	55.01
1927	55.01
1928	55.01
1929	55.01
1930	55.01
1931	55.01
1932	55.01
1933	55.01
1934	55.01
1935	55.01
1936	55.01
1937	55.01
1938	55.01
1939	55.01
1940	55.01
1941	55.01
1942	55.01
1943	55.01
1944	55.01
1945	55.01
1946	55.01
1947	55.01
1948	55.01
1949	55.01
1950	55.01
1951	55.01
1952	55.01
1953	55.01
1954	55.01
1955	55.01
1956	55.01
1957	55.01
1958	55.01
1959	55.01
1960	55.01
1961	55.01
1962	55.01
1963	55.01
1964	55.01
1965	55.01
1966	55.01
1967	55.01
1968	55.01
1969	55.01
1970	55.01
1971	55.01
1972	55.01
1973	55.01
1974	55.01
1975	55.01
1976	55.01
1977	55.01
1978	55.01
1979	55.01
1980	55.01
1981	55.01
1982	55.01
1983	55.01
1984	55.01
1985	55.01
1986	55.01
1987	55.01
1988	55.01
1989	55.01
1990	55.01
1991	55.01
1992	55.01
1993	55.01
1994	55.01
1995	55.01
1996	55.01
1997	55.01
