0	45.5
1	45.5
2	45.5
3	45.5
4	45.5
5	45.5
6	45.5
7	45.5
8	45.5
9	45.5
10	45.5
11	45.5
12	45.5
13	45.5
14	45.5
15	45.5
16	45.5
17	45.5
18	45.5
19	45.5
20	45.5
21	45.5
22	45.5
23	45.5
24	45.5
25	45.5
26	45.5
27	45.5
28	45.5
29	45.5
30	45.5
31	45.5
32	45.5
33	45.5
34	45.5
35	45.5
36	45.5
37	45.5
38	45.5
39	45.5
40	45.5
41	45.5
42	45.5
43	45.5
44	45.5
45	45.5
46	45.5
47	45.5
48	45.5
49	45.5
50	45.5
51	45.5
52	45.5
53	45.5
54	45.5
55	45.5
56	45.5
57	45.5
58	45.5
59	45.5
60	45.5
61	45.5
62	45.5
63	45.5
64	45.5
65	45.5
66	45.5
67	45.5
68	45.5
69	45.5
70	45.5
71	45.5
72	45.5
73	45.5
74	45.5
75	45.5
76	45.5
77	45.5
78	45.5
79	45.5
80	45.5
81	45.5
82	45.5
83	45.5
84	45.5
85	45.5
86	45.5
87	45.5
88	45.5
89	45.5
90	45.5
91	45.5
92	45.5
93	45.5
94	45.5
95	45.5
96	45.5
97	45.5
98	45.5
99	45.5
100	45.5
101	45.5
102	45.5
103	45.5
104	45.5
105	45.5
106	45.5
107	45.5
108	45.5
109	45.5
110	45.5
111	45.5
112	45.5
113	45.5
114	45.5
115	45.5
116	45.5
117	45.5
118	45.5
119	45.5
120	45.5
121	45.5
122	45.5
123	45.5
124	45.5
125	45.5
126	45.5
127	45.5
128	45.5
129	45.5
130	45.5
131	45.5
132	45.5
133	45.5
134	45.5
135	45.5
136	45.5
137	45.5
138	45.5
139	45.5
140	45.5
141	45.5
142	45.5
143	45.5
144	45.5
145	45.5
146	45.5
147	45.5
148	45.5
149	45.5
150	45.5
151	45.5
152	45.5
153	45.5
154	45.5
155	45.5
156	45.5
157	45.5
158	45.5
159	45.5
160	45.5
161	45.5
162	45.5
163	45.5
164	45.5
165	45.5
166	45.5
167	45.5
168	45.5
169	45.5
170	45.5
171	45.5
172	45.5
173	45.5
174	45.5
175	45.5
176	45.5
177	45.5
178	45.5
179	45.5
180	45.5
181	45.5
182	45.5
183	45.5
184	45.5
185	45.5
186	45.5
187	45.5
188	45.5
189	45.5
190	45.5
191	45.5
192	45.5
193	45.5
194	45.5
195	45.5
196	45.5
197	45.5
198	45.5
199	45.5
200	45.5
201	45.5
202	45.5
203	45.5
204	45.5
205	45.5
206	45.5
207	45.5
208	45.5
209	45.5
210	45.5
211	45.5
212	45.5
213	45.5
214	45.5
215	45.5
216	45.5
217	45.5
218	45.5
219	45.5
220	45.5
221	45.5
222	45.5
223	45.5
224	45.5
225	45.5
226	45.5
227	45.5
228	45.5
229	45.5
230	45.5
231	45.5
232	45.5
233	45.5
234	45.5
235	45.5
236	45.5
237	45.5
238	45.5
239	45.5
240	45.5
241	45.5
242	45.5
243	45.5
244	45.5
245	45.5
246	45.5
247	45.5
248	45.5
249	45.5
250	45.5
251	45.5
252	45.5
253	45.5
254	45.5
255	45.5
256	45.5
257	45.5
258	45.5
259	45.5
260	45.5
261	45.5
262	45.5
263	45.5
264	45.5
265	45.5
266	45.5
267	45.5
268	45.5
269	45.5
270	45.5
271	45.5
272	45.5
273	45.5
274	45.5
275	45.5
276	45.5
277	45.5
278	45.5
279	45.5
280	45.5
281	45.5
282	45.5
283	45.5
284	45.5
285	45.5
286	45.5
287	45.5
288	45.5
289	45.5
290	45.5
291	45.5
292	45.5
293	45.5
294	45.5
295	45.5
296	45.5
297	45.5
298	45.5
299	45.5
300	45.5
301	45.5
302	45.5
303	45.5
304	45.5
305	45.5
306	45.5
307	45.5
308	45.5
309	45.5
310	45.5
311	45.5
312	45.5
313	45.5
314	45.5
315	45.5
316	45.5
317	45.5
318	45.5
319	45.5
320	45.5
321	45.5
322	45.5
323	45.5
324	45.5
325	45.5
326	45.5
327	45.5
328	45.5
329	45.5
330	45.5
331	45.5
332	45.5
333	45.5
334	45.5
335	45.5
336	45.5
337	45.5
338	45.5
339	45.5
340	45.5
341	45.5
342	45.5
343	45.5
344	45.5
345	45.5
346	45.5
347	45.5
348	45.5
349	45.5
350	45.5
351	45.5
352	45.5
353	45.5
354	45.5
355	45.5
356	45.5
357	45.5
358	45.5
359	45.5
360	45.5
361	45.5
362	45.5
363	45.5
364	45.5
365	45.5
366	45.5
367	45.5
368	45.5
369	45.5
370	45.5
371	45.5
372	45.5
373	45.5
374	45.5
375	45.5
376	45.5
377	45.5
378	45.5
379	45.5
380	45.5
381	45.5
382	45.5
383	45.5
384	45.5
385	45.5
386	45.5
387	45.5
388	45.5
389	45.5
390	45.5
391	45.5
392	45.5
393	45.5
394	45.5
395	45.5
396	45.5
397	45.5
398	45.5
399	45.5
400	45.5
401	45.5
402	45.5
403	45.5
404	45.5
405	45.5
406	45.5
407	45.5
408	45.5
409	45.5
410	45.5
411	45.5
412	45.5
413	45.5
414	45.5
415	45.5
416	45.5
417	45.5
418	45.5
419	45.5
420	45.5
421	45.5
422	45.5
423	45.5
424	45.5
425	45.5
426	45.5
427	45.5
428	45.5
429	45.5
430	45.5
431	45.5
432	45.5
433	45.5
434	45.5
435	45.5
436	45.5
437	45.5
438	45.5
439	45.5
440	45.5
441	45.5
442	45.5
443	45.5
444	45.5
445	45.5
446	45.5
447	45.5
448	45.5
449	45.5
450	45.5
451	45.5
452	45.5
453	45.5
454	45.5
455	45.5
456	45.5
457	45.5
458	45.5
459	45.5
460	45.5
461	45.5
462	45.5
463	45.5
464	45.5
465	45.5
466	45.5
467	45.5
468	45.5
469	45.5
470	45.5
471	45.5
472	45.5
473	45.5
474	45.5
475	45.5
476	45.5
477	45.5
478	45.5
479	45.5
480	45.5
481	45.5
482	45.5
483	45.5
484	45.5
485	45.5
486	45.5
487	45.5
488	45.5
489	45.5
490	45.5
491	45.5
492	45.5
493	45.5
494	45.5
495	45.5
496	45.5
497	45.5
498	45.5
499	45.5
500	45.5
501	45.5
502	45.5
503	45.5
504	45.5
505	45.5
506	45.5
507	45.5
508	45.5
509	45.5
510	45.5
511	45.5
512	45.5
513	45.5
514	45.5
515	45.5
516	45.5
517	45.5
518	45.5
519	45.5
520	45.5
521	45.5
522	45.5
523	45.5
524	45.5
525	45.5
526	45.5
527	45.5
528	45.5
529	45.5
530	45.5
531	45.5
532	45.5
533	45.5
534	45.5
535	45.5
536	45.5
537	45.5
538	45.5
539	45.5
540	45.5
541	45.5
542	45.5
543	45.5
544	45.5
545	45.5
546	45.5
547	45.5
548	45.5
549	45.5
550	45.5
551	45.5
552	45.5
553	45.5
554	45.5
555	45.5
556	45.5
557	45.5
558	45.5
559	45.5
560	45.5
561	45.5
562	45.5
563	45.5
564	45.5
565	45.5
566	45.5
567	45.5
568	45.5
569	45.5
570	45.5
571	45.5
572	45.5
573	45.5
574	45.5
575	45.5
576	45.5
577	45.5
578	45.5
579	45.5
580	45.5
581	45.5
582	45.5
583	45.5
584	45.5
585	45.5
586	45.5
587	45.5
588	45.5
589	45.5
590	45.5
591	45.5
592	45.5
593	45.5
594	45.5
595	45.5
596	45.5
597	45.5
598	45.5
599	45.5
600	45.5
601	45.5
602	45.5
603	45.5
604	45.5
605	45.5
606	45.5
607	45.5
608	45.5
609	45.5
610	45.5
611	45.5
612	45.5
613	45.5
614	45.5
615	45.5
616	45.5
617	45.5
618	45.5
619	45.5
620	45.5
621	45.5
622	45.5
623	45.5
624	45.5
625	45.5
626	45.5
627	45.5
628	45.5
629	45.5
630	45.5
631	45.5
632	45.5
633	45.5
634	45.5
635	45.5
636	45.5
637	45.5
638	45.5
639	45.5
640	45.5
641	45.5
642	45.5
643	45.5
644	45.5
645	45.5
646	45.5
647	45.5
648	45.5
649	45.5
650	45.5
651	45.5
652	45.5
653	45.5
654	45.5
655	45.5
656	45.5
657	45.5
658	45.5
659	45.5
660	45.5
661	45.5
662	45.5
663	45.5
664	45.5
665	45.5
666	45.5
667	45.5
668	45.5
669	45.5
670	45.5
671	45.5
672	45.5
673	45.5
674	45.5
675	45.5
676	45.5
677	45.5
678	45.5
679	45.5
680	45.5
681	45.5
682	45.5
683	45.5
684	45.5
685	45.5
686	45.5
687	45.5
688	45.5
689	45.5
690	45.5
691	45.5
692	45.5
693	45.5
694	45.5
695	45.5
696	45.5
697	45.5
698	45.5
699	45.5
700	45.5
701	45.5
702	45.5
703	45.5
704	45.5
705	45.5
706	45.5
707	45.5
708	45.5
709	45.5
710	45.5
711	45.5
712	45.5
713	45.5
714	45.5
715	45.5
716	45.5
717	45.5
718	45.5
719	45.5
720	45.5
721	45.5
722	45.5
723	45.5
724	45.5
725	45.5
726	45.5
727	45.5
728	45.5
729	45.5
730	45.5
731	45.5
732	45.5
733	45.5
734	45.5
735	45.5
736	45.5
737	45.5
738	45.5
739	45.5
740	45.5
741	45.5
742	45.5
743	45.5
744	45.5
745	45.5
746	45.5
747	45.5
748	45.5
749	45.5
750	45.5
751	45.5
752	45.5
753	45.5
754	45.5
755	45.5
756	45.5
757	45.5
758	45.5
759	45.5
760	45.5
761	45.5
762	45.5
763	45.5
764	45.5
765	45.5
766	45.5
767	45.5
768	45.5
769	45.5
770	45.5
771	45.5
772	45.5
773	45.5
774	45.5
775	45.5
776	45.5
777	45.5
778	45.5
779	45.5
780	45.5
781	45.5
782	45.5
783	45.5
784	45.5
785	45.5
786	45.5
787	45.5
788	45.5
789	45.5
790	45.5
791	45.5
792	45.5
793	45.5
794	45.5
795	45.5
796	45.5
797	45.5
798	45.5
799	45.5
800	45.5
801	45.5
802	45.5
803	45.5
804	45.5
805	45.5
806	45.5
807	45.5
808	45.5
809	45.5
810	45.5
811	45.5
812	45.5
813	45.5
814	45.5
815	45.5
816	45.5
817	45.5
818	45.5
819	45.5
820	45.5
821	45.5
822	45.5
823	45.5
824	45.5
825	45.5
826	45.5
827	45.5
828	45.5
829	45.5
830	45.5
831	45.5
832	45.5
833	45.5
834	45.5
835	45.5
836	45.5
837	45.5
838	45.5
839	45.5
840	45.5
841	45.5
842	45.5
843	45.5
844	45.5
845	45.5
846	45.5
847	45.5
848	45.5
849	45.5
850	45.5
851	45.5
852	45.5
853	45.5
854	45.5
855	45.5
856	45.5
857	45.5
858	45.5
859	45.5
860	45.5
861	45.5
862	45.5
863	45.5
864	45.5
865	45.5
866	45.5
867	45.5
868	45.5
869	45.5
870	45.5
871	45.5
872	45.5
873	45.5
874	45.5
875	45.5
876	45.5
877	45.5
878	45.5
879	45.5
880	45.5
881	45.5
882	45.5
883	45.5
884	45.5
885	45.5
886	45.5
887	45.5
888	45.5
889	45.5
890	45.5
891	45.5
892	45.5
893	45.5
894	45.5
895	45.5
896	45.5
897	45.5
898	45.5
899	45.5
900	45.5
901	45.5
902	45.5
903	45.5
904	45.5
905	45.5
906	45.5
907	45.5
908	45.5
909	45.5
910	45.5
911	45.5
912	45.5
913	45.5
914	45.5
915	45.5
916	45.5
917	45.5
918	45.5
919	45.5
920	45.5
921	45.5
922	45.5
923	45.5
924	45.5
925	45.5
926	45.5
927	45.5
928	45.5
929	45.5
930	45.5
931	45.5
932	45.5
933	45.5
934	45.5
935	45.5
936	45.5
937	45.5
938	45.5
939	45.5
940	45.5
941	45.5
942	45.5
943	45.5
944	45.5
945	45.5
946	45.5
947	45.5
948	45.5
949	45.5
950	45.5
951	45.5
952	45.5
953	45.5
954	45.5
955	45.5
956	45.5
957	45.5
958	45.5
959	45.5
960	45.5
961	45.5
962	45.5
963	45.5
964	45.5
965	45.5
966	45.5
967	45.5
968	45.5
969	45.5
970	45.5
971	45.5
972	45.5
973	45.5
974	45.5
975	45.5
976	45.5
977	45.5
978	45.5
979	45.5
980	45.5
981	45.5
982	45.5
983	45.5
984	45.5
985	45.5
986	45.5
987	45.5
988	45.5
989	45.5
990	45.5
991	45.5
992	45.5
993	45.5
994	45.5
995	45.5
996	45.5
997	45.5
998	45.5
999	45.5
1000	45.5
1001	45.5
1002	45.5
1003	45.5
1004	45.5
1005	45.5
1006	45.5
1007	45.5
1008	45.5
1009	45.5
1010	45.5
1011	45.5
1012	45.5
1013	45.5
1014	45.5
1015	45.5
1016	45.5
1017	45.5
1018	45.5
1019	45.5
1020	45.5
1021	45.5
1022	45.5
1023	45.5
1024	45.5
1025	45.5
1026	45.5
1027	45.5
1028	45.5
1029	45.5
1030	45.5
1031	45.5
1032	45.5
1033	45.5
1034	45.5
1035	45.5
1036	45.5
1037	45.5
1038	45.5
1039	45.5
1040	45.5
1041	45.5
1042	45.5
1043	45.5
1044	45.5
1045	45.5
1046	45.5
1047	45.5
1048	45.5
1049	45.5
1050	45.5
1051	45.5
1052	45.5
1053	45.5
1054	45.5
1055	45.5
1056	45.5
1057	45.5
1058	45.5
1059	45.5
1060	45.5
1061	45.5
1062	45.5
1063	45.5
1064	45.5
1065	45.5
1066	45.5
1067	45.5
1068	45.5
1069	45.5
1070	45.5
1071	45.5
1072	45.5
1073	45.5
1074	45.5
1075	45.5
1076	45.5
1077	45.5
1078	45.5
1079	45.5
1080	45.5
1081	45.5
1082	45.5
1083	45.5
1084	45.5
1085	45.5
1086	45.5
1087	45.5
1088	45.5
1089	45.5
1090	45.5
1091	45.5
1092	45.5
1093	45.5
1094	45.5
1095	45.5
1096	45.5
1097	45.5
1098	45.5
1099	45.5
1100	45.5
1101	45.5
1102	45.5
1103	45.5
1104	45.5
1105	45.5
1106	45.5
1107	45.5
1108	45.5
1109	45.5
1110	45.5
1111	45.5
1112	45.5
1113	45.5
1114	45.5
1115	45.5
1116	45.5
1117	45.5
1118	45.5
1119	45.5
1120	45.5
1121	45.5
1122	45.5
1123	45.5
1124	45.5
1125	45.5
1126	45.5
1127	45.5
1128	45.5
1129	45.5
1130	45.5
1131	45.5
1132	45.5
1133	45.5
1134	45.5
1135	45.5
1136	45.5
1137	45.5
1138	45.5
1139	45.5
1140	45.5
1141	45.5
1142	45.5
1143	45.5
1144	45.5
1145	45.5
1146	45.5
1147	45.5
1148	45.5
1149	45.5
1150	45.5
1151	45.5
1152	45.5
1153	45.5
1154	45.5
1155	45.5
1156	45.5
1157	45.5
1158	45.5
1159	45.5
1160	45.5
1161	45.5
1162	45.5
1163	45.5
1164	45.5
1165	45.5
1166	45.5
1167	45.5
1168	45.5
1169	45.5
1170	45.5
1171	45.5
1172	45.5
1173	45.5
1174	45.5
1175	45.5
1176	45.5
1177	45.5
1178	45.5
1179	45.5
1180	45.5
1181	45.5
1182	45.5
1183	45.5
1184	45.5
1185	45.5
1186	45.5
1187	45.5
1188	45.5
1189	45.5
1190	45.5
1191	45.5
1192	45.5
1193	45.5
1194	45.5
1195	45.5
1196	45.5
1197	45.5
1198	45.5
1199	45.5
1200	45.5
1201	45.5
1202	45.5
1203	45.5
1204	45.5
1205	45.5
1206	45.5
1207	45.5
1208	45.5
1209	45.5
1210	45.5
1211	45.5
1212	45.5
1213	45.5
1214	45.5
1215	45.5
1216	45.5
1217	45.5
1218	45.5
1219	45.5
1220	45.5
1221	45.5
1222	45.5
1223	45.5
1224	45.5
1225	45.5
1226	45.5
1227	45.5
1228	45.5
1229	45.5
1230	45.5
1231	45.5
1232	45.5
1233	45.5
1234	45.5
1235	45.5
1236	45.5
1237	45.5
1238	45.5
1239	45.5
1240	45.5
1241	45.5
1242	45.5
1243	45.5
1244	45.5
1245	45.5
1246	45.5
1247	45.5
1248	45.5
1249	45.5
1250	45.5
1251	45.5
1252	45.5
1253	45.5
1254	45.5
1255	45.5
1256	45.5
1257	45.5
1258	45.5
1259	45.5
1260	45.5
1261	45.5
1262	45.5
1263	45.5
1264	45.5
1265	45.5
1266	45.5
1267	45.5
1268	45.5
1269	45.5
1270	45.5
1271	45.5
1272	45.5
1273	45.5
1274	45.5
1275	45.5
1276	45.5
1277	45.5
1278	45.5
1279	45.5
1280	45.5
1281	45.5
1282	45.5
1283	45.5
1284	45.5
1285	45.5
1286	45.5
1287	45.5
1288	45.5
1289	45.5
1290	45.5
1291	45.5
1292	45.5
1293	45.5
1294	45.5
1295	45.5
1296	45.5
1297	45.5
1298	45.5
1299	45.5
1300	45.5
1301	45.5
1302	45.5
1303	45.5
1304	45.5
1305	45.5
1306	45.5
1307	45.5
1308	45.5
1309	45.5
1310	45.5
1311	45.5
1312	45.5
1313	45.5
1314	45.5
1315	45.5
1316	45.5
1317	45.5
1318	45.5
1319	45.5
1320	45.5
1321	45.5
1322	45.5
1323	45.5
1324	45.5
1325	45.5
1326	45.5
1327	45.5
1328	45.5
1329	45.5
1330	45.5
1331	45.5
1332	45.5
1333	45.5
1334	45.5
1335	45.5
1336	45.5
1337	45.5
1338	45.5
1339	45.5
1340	45.5
1341	45.5
1342	45.5
1343	45.5
1344	45.5
1345	45.5
1346	45.5
1347	45.5
1348	45.5
1349	45.5
1350	45.5
1351	45.5
1352	45.5
1353	45.5
1354	45.5
1355	45.5
1356	45.5
1357	45.5
1358	45.5
1359	45.5
1360	45.5
1361	45.5
1362	45.5
1363	45.5
1364	45.5
1365	45.5
1366	45.5
1367	45.5
1368	45.5
1369	45.5
1370	45.5
1371	45.5
1372	45.5
1373	45.5
1374	45.5
1375	45.5
1376	45.5
1377	45.5
1378	45.5
1379	45.5
1380	45.5
1381	45.5
1382	45.5
1383	45.5
1384	45.5
1385	45.5
1386	45.5
1387	45.5
1388	45.5
1389	45.5
1390	45.5
1391	45.5
1392	45.5
1393	45.5
1394	45.5
1395	45.5
1396	45.5
1397	45.5
1398	45.5
1399	45.5
1400	45.5
1401	45.5
1402	45.5
1403	45.5
1404	45.5
1405	45.5
1406	45.5
1407	45.5
1408	45.5
1409	45.5
1410	45.5
1411	45.5
1412	45.5
1413	45.5
1414	45.5
1415	45.5
1416	45.5
1417	45.5
1418	45.5
1419	45.5
1420	45.5
1421	45.5
1422	45.5
1423	45.5
1424	45.5
1425	45.5
1426	45.5
1427	45.5
1428	45.5
1429	45.5
1430	45.5
1431	45.5
1432	45.5
1433	45.5
1434	45.5
1435	45.5
1436	45.5
1437	45.5
1438	45.5
1439	45.5
1440	45.5
1441	45.5
1442	45.5
1443	45.5
1444	45.5
1445	45.5
1446	45.5
1447	45.5
1448	45.5
1449	45.5
1450	45.5
1451	45.5
1452	45.5
1453	45.5
1454	45.5
1455	45.5
1456	45.5
1457	45.5
1458	45.5
1459	45.5
1460	45.5
1461	45.5
1462	45.5
1463	45.5
1464	45.5
1465	45.5
1466	45.5
1467	45.5
1468	45.5
1469	45.5
1470	45.5
1471	45.5
1472	45.5
1473	45.5
1474	45.5
1475	45.5
1476	45.5
1477	45.5
1478	45.5
1479	45.5
1480	45.5
1481	45.5
1482	45.5
1483	45.5
1484	45.5
1485	45.5
1486	45.5
1487	45.5
1488	45.5
1489	45.5
1490	45.5
1491	45.5
1492	45.5
1493	45.5
1494	45.5
1495	45.5
1496	45.5
1497	45.5
1498	45.5
1499	45.5
1500	45.5
1501	45.5
1502	45.5
1503	45.5
1504	45.5
1505	45.5
1506	45.5
1507	45.5
1508	45.5
1509	45.5
1510	45.5
1511	45.5
1512	45.5
1513	45.5
1514	45.5
1515	45.5
1516	45.5
1517	45.5
1518	45.5
1519	45.5
1520	45.5
1521	45.5
1522	45.5
1523	45.5
1524	45.5
1525	45.5
1526	45.5
1527	45.5
1528	45.5
1529	45.5
1530	45.5
1531	45.5
1532	45.5
1533	45.5
1534	45.5
1535	45.5
1536	45.5
1537	45.5
1538	45.5
1539	45.5
1540	45.5
1541	45.5
1542	45.5
1543	45.5
1544	45.5
1545	45.5
1546	45.5
1547	45.5
1548	45.5
1549	45.5
1550	45.5
1551	45.5
1552	45.5
1553	45.5
1554	45.5
1555	45.5
1556	45.5
1557	45.5
1558	45.5
1559	45.5
1560	45.5
1561	45.5
1562	45.5
1563	45.5
1564	45.5
1565	45.5
1566	45.5
1567	45.5
1568	45.5
1569	45.5
1570	45.5
1571	45.5
1572	45.5
1573	45.5
1574	45.5
1575	45.5
1576	45.5
1577	45.5
1578	45.5
1579	45.5
1580	45.5
1581	45.5
1582	45.5
1583	45.5
1584	45.5
1585	45.5
1586	45.5
1587	45.5
1588	45.5
1589	45.5
1590	45.5
1591	45.5
1592	45.5
1593	45.5
1594	45.5
1595	45.5
1596	45.5
1597	45.5
1598	45.5
1599	45.5
1600	45.5
1601	45.5
1602	45.5
1603	45.5
1604	45.5
1605	45.5
1606	45.5
1607	45.5
1608	45.5
1609	45.5
1610	45.5
1611	45.5
1612	45.5
1613	45.5
1614	45.5
1615	45.5
1616	45.5
1617	45.5
1618	45.5
1619	45.5
1620	45.5
1621	45.5
1622	45.5
1623	45.5
1624	45.5
1625	45.5
1626	45.5
1627	45.5
1628	45.5
1629	45.5
1630	45.5
1631	45.5
1632	45.5
1633	45.5
1634	45.5
1635	45.5
1636	45.5
1637	45.5
1638	45.5
1639	45.5
1640	45.5
1641	45.5
1642	45.5
1643	45.5
1644	45.5
1645	45.5
1646	45.5
1647	45.5
1648	45.5
1649	45.5
1650	45.5
1651	45.5
1652	45.5
1653	45.5
1654	45.5
1655	45.5
1656	45.5
1657	45.5
1658	45.5
1659	45.5
1660	45.5
1661	45.5
1662	45.5
1663	45.5
1664	45.5
1665	45.5
1666	45.5
1667	45.5
1668	45.5
1669	45.5
1670	45.5
1671	45.5
1672	45.5
1673	45.5
1674	45.5
1675	45.5
1676	45.5
1677	45.5
1678	45.5
1679	45.5
1680	45.5
1681	45.5
1682	45.5
1683	45.5
1684	45.5
1685	45.5
1686	45.5
1687	45.5
1688	45.5
1689	45.5
1690	45.5
1691	45.5
1692	45.5
1693	45.5
1694	45.5
1695	45.5
1696	45.5
1697	45.5
1698	45.5
1699	45.5
1700	45.5
1701	45.5
1702	45.5
1703	45.5
1704	45.5
1705	45.5
1706	45.5
1707	45.5
1708	45.5
1709	45.5
1710	45.5
1711	45.5
1712	45.5
1713	45.5
1714	45.5
1715	45.5
1716	45.5
1717	45.5
1718	45.5
1719	45.5
1720	45.5
1721	45.5
1722	45.5
1723	45.5
1724	45.5
1725	45.5
1726	45.5
1727	45.5
1728	45.5
1729	45.5
1730	45.5
1731	45.5
1732	45.5
1733	45.5
1734	45.5
1735	45.5
1736	45.5
1737	45.5
1738	45.5
1739	45.5
1740	45.5
1741	45.5
1742	45.5
1743	45.5
1744	45.5
1745	45.5
1746	45.5
1747	45.5
1748	45.5
1749	45.5
1750	45.5
1751	45.5
1752	45.5
1753	45.5
1754	45.5
1755	45.5
1756	45.5
1757	45.5
1758	45.5
1759	45.5
1760	45.5
1761	45.5
1762	45.5
1763	45.5
1764	45.5
1765	45.5
1766	45.5
1767	45.5
1768	45.5
1769	45.5
1770	45.5
1771	45.5
1772	45.5
1773	45.5
1774	45.5
1775	45.5
1776	45.5
1777	45.5
1778	45.5
1779	45.5
1780	45.5
1781	45.5
1782	45.5
1783	45.5
1784	45.5
1785	45.5
1786	45.5
1787	45.5
1788	45.5
1789	45.5
1790	45.5
1791	45.5
1792	45.5
1793	45.5
1794	45.5
1795	45.5
1796	45.5
1797	45.5
1798	45.5
1799	45.5
1800	45.5
1801	45.5
1802	45.5
1803	45.5
1804	45.5
1805	45.5
1806	45.5
1807	45.5
1808	45.5
1809	45.5
1810	45.5
1811	45.5
1812	45.5
1813	45.5
1814	45.5
1815	45.5
1816	45.5
1817	45.5
1818	45.5
1819	45.5
1820	45.5
1821	45.5
1822	45.5
1823	45.5
1824	45.5
1825	45.5
1826	45.5
1827	45.5
1828	45.5
1829	45.5
1830	45.5
1831	45.5
1832	45.5
1833	45.5
1834	45.5
1835	45.5
1836	45.5
1837	45.5
1838	45.5
1839	45.5
1840	45.5
1841	45.5
1842	45.5
1843	45.5
1844	45.5
1845	45.5
1846	45.5
1847	45.5
1848	45.5
1849	45.5
1850	45.5
1851	45.5
1852	45.5
1853	45.5
1854	45.5
1855	45.5
1856	45.5
1857	45.5
1858	45.5
1859	45.5
1860	45.5
1861	45.5
1862	45.5
1863	45.5
1864	45.5
1865	45.5
1866	45.5
1867	45.5
1868	45.5
1869	45.5
1870	45.5
1871	45.5
1872	45.5
1873	45.5
1874	45.5
1875	45.5
1876	45.5
1877	45.5
1878	45.5
1879	45.5
1880	45.5
1881	45.5
1882	45.5
1883	45.5
1884	45.5
1885	45.5
1886	45.5
1887	45.5
1888	45.5
1889	45.5
1890	45.5
1891	45.5
1892	45.5
1893	45.5
1894	45.5
1895	45.5
1896	45.5
1897	45.5
1898	45.5
1899	45.5
1900	45.5
1901	45.5
1902	45.5
1903	45.5
1904	45.5
1905	45.5
1906	45.5
1907	45.5
1908	45.5
1909	45.5
1910	45.5
1911	45.5
1912	45.5
1913	45.5
1914	45.5
1915	45.5
1916	45.5
1917	45.5
1918	45.5
1919	45.5
1920	45.5
1921	45.5
1922	45.5
1923	45.5
1924	45.5
1925	45.5
1926	45.5
1927	45.5
1928	45.5
1929	45.5
1930	45.5
1931	45.5
1932	45.5
1933	45.5
1934	45.5
1935	45.5
1936	45.5
1937	45.5
1938	45.5
1939	45.5
1940	45.5
1941	45.5
1942	45.5
1943	45.5
1944	45.5
1945	45.5
1946	45.5
1947	45.5
1948	45.5
1949	45.5
1950	45.5
1951	45.5
1952	45.5
1953	45.5
1954	45.5
1955	45.5
1956	45.5
1957	45.5
1958	45.5
1959	45.5
1960	45.5
1961	45.5
1962	45.5
1963	45.5
1964	45.5
1965	45.5
1966	45.5
1967	45.5
1968	45.5
1969	45.5
1970	45.5
1971	45.5
1972	45.5
1973	45.5
1974	45.5
1975	45.5
1976	45.5
1977	45.5
1978	45.5
1979	45.5
1980	45.5
1981	45.5
1982	45.5
1983	45.5
1984	45.5
1985	45.5
1986	45.5
1987	45.5
1988	45.5
1989	45.5
1990	45.5
1991	45.5
1992	45.5
1993	45.5
1994	45.5
1995	45.5
1996	45.5
1997	45.5
1998	45.5
1999	45.5
