0	41.08
1	41.08
2	41.08
3	41.08
4	41.08
5	41.08
6	41.08
7	41.08
8	41.08
9	41.08
10	41.08
11	41.08
12	41.08
13	41.08
14	41.08
15	41.08
16	41.08
17	41.08
18	41.08
19	41.08
20	41.08
21	41.08
22	41.08
23	41.08
24	41.08
25	41.08
26	41.08
27	41.08
28	41.08
29	41.08
30	41.08
31	41.08
32	41.08
33	41.08
34	41.08
35	41.08
36	41.08
37	41.08
38	41.08
39	41.08
40	41.08
41	41.08
42	41.08
43	41.08
44	41.08
45	41.08
46	41.08
47	41.08
48	41.08
49	41.08
50	41.08
51	41.08
52	41.08
53	41.08
54	41.08
55	41.08
56	41.08
57	41.08
58	41.08
59	41.08
60	41.08
61	41.08
62	41.08
63	41.08
64	41.08
65	41.08
66	41.08
67	41.08
68	41.08
69	41.08
70	41.08
71	41.08
72	41.08
73	41.08
74	41.08
75	41.08
76	41.08
77	41.08
78	41.08
79	41.08
80	41.08
81	41.08
82	41.08
83	41.08
84	41.08
85	41.08
86	41.08
87	41.08
88	41.08
89	41.08
90	41.08
91	41.08
92	41.08
93	41.08
94	41.08
95	41.08
96	41.08
97	41.08
98	41.08
99	41.08
100	41.08
101	41.08
102	41.08
103	41.08
104	41.08
105	41.08
106	41.08
107	41.08
108	41.08
109	41.08
110	41.08
111	41.08
112	41.08
113	41.08
114	41.08
115	41.08
116	41.08
117	41.08
118	41.08
119	41.08
120	41.08
121	41.08
122	41.08
123	41.08
124	41.08
125	41.08
126	41.08
127	41.08
128	41.08
129	41.08
130	41.08
131	41.08
132	41.08
133	41.08
134	41.08
135	41.08
136	41.08
137	41.08
138	41.08
139	41.08
140	41.08
141	41.08
142	41.08
143	41.08
144	41.08
145	41.08
146	41.08
147	41.08
148	41.08
149	41.08
150	41.08
151	41.08
152	41.08
153	41.08
154	41.08
155	41.08
156	41.08
157	41.08
158	41.08
159	41.08
160	41.08
161	41.08
162	41.08
163	41.08
164	41.08
165	41.08
166	41.08
167	41.08
168	41.08
169	41.08
170	41.08
171	41.08
172	41.08
173	41.08
174	41.08
175	41.08
176	41.08
177	41.08
178	41.08
179	41.08
180	41.08
181	41.08
182	41.08
183	41.08
184	41.08
185	41.08
186	41.08
187	41.08
188	41.08
189	41.08
190	41.08
191	41.08
192	41.08
193	41.08
194	41.08
195	41.08
196	41.08
197	41.08
198	41.08
199	41.08
200	41.08
201	41.08
202	41.08
203	41.08
204	41.08
205	41.08
206	41.08
207	41.08
208	41.08
209	41.08
210	41.08
211	41.08
212	41.08
213	41.08
214	41.08
215	41.08
216	41.08
217	41.08
218	41.08
219	41.08
220	41.08
221	41.08
222	41.08
223	41.08
224	41.08
225	41.08
226	41.08
227	41.08
228	41.08
229	41.08
230	41.08
231	41.08
232	41.08
233	41.08
234	41.08
235	41.08
236	41.08
237	41.08
238	41.08
239	41.08
240	41.08
241	41.08
242	41.08
243	41.08
244	41.08
245	41.08
246	41.08
247	41.08
248	41.08
249	41.08
250	41.08
251	41.08
252	41.08
253	41.08
254	41.08
255	41.08
256	41.08
257	41.08
258	41.08
259	41.08
260	41.08
261	41.08
262	41.08
263	41.08
264	41.08
265	41.08
266	41.08
267	41.08
268	41.08
269	41.08
270	41.08
271	41.08
272	41.08
273	41.08
274	41.08
275	41.08
276	41.08
277	41.08
278	41.08
279	41.08
280	41.08
281	41.08
282	41.08
283	41.08
284	41.08
285	41.08
286	41.08
287	41.08
288	41.08
289	41.08
290	41.08
291	41.08
292	41.08
293	41.08
294	41.08
295	41.08
296	41.08
297	41.08
298	41.08
299	41.08
300	41.08
301	41.08
302	41.08
303	41.08
304	41.08
305	41.08
306	41.08
307	41.08
308	41.08
309	41.08
310	41.08
311	41.08
312	41.08
313	41.08
314	41.08
315	41.08
316	41.08
317	41.08
318	41.08
319	41.08
320	41.08
321	41.08
322	41.08
323	41.08
324	41.08
325	41.08
326	41.08
327	41.08
328	41.08
329	41.08
330	41.08
331	41.08
332	41.08
333	41.08
334	41.08
335	41.08
336	41.08
337	41.08
338	41.08
339	41.08
340	41.08
341	41.08
342	41.08
343	41.08
344	41.08
345	41.08
346	41.08
347	41.08
348	41.08
349	41.08
350	41.08
351	41.08
352	41.08
353	41.08
354	41.08
355	41.08
356	41.08
357	41.08
358	41.08
359	41.08
360	41.08
361	41.08
362	41.08
363	41.08
364	41.08
365	41.08
366	41.08
367	41.08
368	41.08
369	41.08
370	41.08
371	41.08
372	41.08
373	41.08
374	41.08
375	41.08
376	41.08
377	41.08
378	41.08
379	41.08
380	41.08
381	41.08
382	41.08
383	41.08
384	41.08
385	41.08
386	41.08
387	41.08
388	41.08
389	41.08
390	41.08
391	41.08
392	41.08
393	41.08
394	41.08
395	41.08
396	41.08
397	41.08
398	41.08
399	41.08
400	41.08
401	41.08
402	41.08
403	41.08
404	41.08
405	41.08
406	41.08
407	41.08
408	41.08
409	41.08
410	41.08
411	41.08
412	41.08
413	41.08
414	41.08
415	41.08
416	41.08
417	41.08
418	41.08
419	41.08
420	41.08
421	41.08
422	41.08
423	41.08
424	41.08
425	41.08
426	41.08
427	41.08
428	41.08
429	41.08
430	41.08
431	41.08
432	41.08
433	41.08
434	41.08
435	41.08
436	41.08
437	41.08
438	41.08
439	41.08
440	41.08
441	41.08
442	41.08
443	41.08
444	41.08
445	41.08
446	41.08
447	41.08
448	41.08
449	41.08
450	41.08
451	41.08
452	41.08
453	41.08
454	41.08
455	41.08
456	41.08
457	41.08
458	41.08
459	41.08
460	41.08
461	41.08
462	41.08
463	41.08
464	41.08
465	41.08
466	41.08
467	41.08
468	41.08
469	41.08
470	41.08
471	41.08
472	41.08
473	41.08
474	41.08
475	41.08
476	41.08
477	41.08
478	41.08
479	41.08
480	41.08
481	41.08
482	41.08
483	41.08
484	41.08
485	41.08
486	41.08
487	41.08
488	41.08
489	41.08
490	41.08
491	41.08
492	41.08
493	41.08
494	41.08
495	41.08
496	41.08
497	41.08
498	41.08
499	41.08
500	41.08
501	41.08
502	41.08
503	41.08
504	41.08
505	41.08
506	41.08
507	41.08
508	41.08
509	41.08
510	41.08
511	41.08
512	41.08
513	41.08
514	41.08
515	41.08
516	41.08
517	41.08
518	41.08
519	41.08
520	41.08
521	41.08
522	41.08
523	41.08
524	41.08
525	41.08
526	41.08
527	41.08
528	41.08
529	41.08
530	41.08
531	41.08
532	41.08
533	41.08
534	41.08
535	41.08
536	41.08
537	41.08
538	41.08
539	41.08
540	41.08
541	41.08
542	41.08
543	41.08
544	41.08
545	41.08
546	41.08
547	41.08
548	41.08
549	41.08
550	41.08
551	41.08
552	41.08
553	41.08
554	41.08
555	41.08
556	41.08
557	41.08
558	41.08
559	41.08
560	41.08
561	41.08
562	41.08
563	41.08
564	41.08
565	41.08
566	41.08
567	41.08
568	41.08
569	41.08
570	41.08
571	41.08
572	41.08
573	41.08
574	41.08
575	41.08
576	41.08
577	41.08
578	41.08
579	41.08
580	41.08
581	41.08
582	41.08
583	41.08
584	41.08
585	41.08
586	41.08
587	41.08
588	41.08
589	41.08
590	41.08
591	41.08
592	41.08
593	41.08
594	41.08
595	41.08
596	41.08
597	41.08
598	41.08
599	41.08
600	41.08
601	41.08
602	41.08
603	41.08
604	41.08
605	41.08
606	41.08
607	41.08
608	41.08
609	41.08
610	41.08
611	41.08
612	41.08
613	41.08
614	41.08
615	41.08
616	41.08
617	41.08
618	41.08
619	41.08
620	41.08
621	41.08
622	41.08
623	41.08
624	41.08
625	41.08
626	41.08
627	41.08
628	41.08
629	41.08
630	41.08
631	41.08
632	41.08
633	41.08
634	41.08
635	41.08
636	41.08
637	41.08
638	41.08
639	41.08
640	41.08
641	41.08
642	41.08
643	41.08
644	41.08
645	41.08
646	41.08
647	41.08
648	41.08
649	41.08
650	41.08
651	41.08
652	41.08
653	41.08
654	41.08
655	41.08
656	41.08
657	41.08
658	41.08
659	41.08
660	41.08
661	41.08
662	41.08
663	41.08
664	41.08
665	41.08
666	41.08
667	41.08
668	41.08
669	41.08
670	41.08
671	41.08
672	41.08
673	41.08
674	41.08
675	41.08
676	41.08
677	41.08
678	41.08
679	41.08
680	41.08
681	41.08
682	41.08
683	41.08
684	41.08
685	41.08
686	41.08
687	41.08
688	41.08
689	41.08
690	41.08
691	41.08
692	41.08
693	41.08
694	41.08
695	41.08
696	41.08
697	41.08
698	41.08
699	41.08
700	41.08
701	41.08
702	41.08
703	41.08
704	41.08
705	41.08
706	41.08
707	41.08
708	41.08
709	41.08
710	41.08
711	41.08
712	41.08
713	41.08
714	41.08
715	41.08
716	41.08
717	41.08
718	41.08
719	41.08
720	41.08
721	41.08
722	41.08
723	41.08
724	41.08
725	41.08
726	41.08
727	41.08
728	41.08
729	41.08
730	41.08
731	41.08
732	41.08
733	41.08
734	41.08
735	41.08
736	41.08
737	41.08
738	41.08
739	41.08
740	41.08
741	41.08
742	41.08
743	41.08
744	41.08
745	41.08
746	41.08
747	41.08
748	41.08
749	41.08
750	41.08
751	41.08
752	41.08
753	41.08
754	41.08
755	41.08
756	41.08
757	41.08
758	41.08
759	41.08
760	41.08
761	41.08
762	41.08
763	41.08
764	41.08
765	41.08
766	41.08
767	41.08
768	41.08
769	41.08
770	41.08
771	41.08
772	41.08
773	41.08
774	41.08
775	41.08
776	41.08
777	41.08
778	41.08
779	41.08
780	41.08
781	41.08
782	41.08
783	41.08
784	41.08
785	41.08
786	41.08
787	41.08
788	41.08
789	41.08
790	41.08
791	41.08
792	41.08
793	41.08
794	41.08
795	41.08
796	41.08
797	41.08
798	41.08
799	41.08
800	41.08
801	41.08
802	41.08
803	41.08
804	41.08
805	41.08
806	41.08
807	41.08
808	41.08
809	41.08
810	41.08
811	41.08
812	41.08
813	41.08
814	41.08
815	41.08
816	41.08
817	41.08
818	41.08
819	41.08
820	41.08
821	41.08
822	41.08
823	41.08
824	41.08
825	41.08
826	41.08
827	41.08
828	41.08
829	41.08
830	41.08
831	41.08
832	41.08
833	41.08
834	41.08
835	41.08
836	41.08
837	41.08
838	41.08
839	41.08
840	41.08
841	41.08
842	41.08
843	41.08
844	41.08
845	41.08
846	41.08
847	41.08
848	41.08
849	41.08
850	41.08
851	41.08
852	41.08
853	41.08
854	41.08
855	41.08
856	41.08
857	41.08
858	41.08
859	41.08
860	41.08
861	41.08
862	41.08
863	41.08
864	41.08
865	41.08
866	41.08
867	41.08
868	41.08
869	41.08
870	41.08
871	41.08
872	41.08
873	41.08
874	41.08
875	41.08
876	41.08
877	41.08
878	41.08
879	41.08
880	41.08
881	41.08
882	41.08
883	41.08
884	41.08
885	41.08
886	41.08
887	41.08
888	41.08
889	41.08
890	41.08
891	41.08
892	41.08
893	41.08
894	41.08
895	41.08
896	41.08
897	41.08
898	41.08
899	41.08
900	41.08
901	41.08
902	41.08
903	41.08
904	41.08
905	41.08
906	41.08
907	41.08
908	41.08
909	41.08
910	41.08
911	41.08
912	41.08
913	41.08
914	41.08
915	41.08
916	41.08
917	41.08
918	41.08
919	41.08
920	41.08
921	41.08
922	41.08
923	41.08
924	41.08
925	41.08
926	41.08
927	41.08
928	41.08
929	41.08
930	41.08
931	41.08
932	41.08
933	41.08
934	41.08
935	41.08
936	41.08
937	41.08
938	41.08
939	41.08
940	41.08
941	41.08
942	41.08
943	41.08
944	41.08
945	41.08
946	41.08
947	41.08
948	41.08
949	41.08
950	41.08
951	41.08
952	41.08
953	41.08
954	41.08
955	41.08
956	41.08
957	41.08
958	41.08
959	41.08
960	41.08
961	41.08
962	41.08
963	41.08
964	41.08
965	41.08
966	41.08
967	41.08
968	41.08
969	41.08
970	41.08
971	41.08
972	41.08
973	41.08
974	41.08
975	41.08
976	41.08
977	41.08
978	41.08
979	41.08
980	41.08
981	41.08
982	41.08
983	41.08
984	41.08
985	41.08
986	41.08
987	41.08
988	41.08
989	41.08
990	41.08
991	41.08
992	41.08
993	41.08
994	41.08
995	41.08
996	41.08
997	41.08
998	41.08
999	41.08
1000	41.08
1001	41.08
1002	41.08
1003	41.08
1004	41.08
1005	41.08
1006	41.08
1007	41.08
1008	41.08
1009	41.08
1010	41.08
1011	41.08
1012	41.08
1013	41.08
1014	41.08
1015	41.08
1016	41.08
1017	41.08
1018	41.08
1019	41.08
1020	41.08
1021	41.08
1022	41.08
1023	41.08
1024	41.08
1025	41.08
1026	41.08
1027	41.08
1028	41.08
1029	41.08
1030	41.08
1031	41.08
1032	41.08
1033	41.08
1034	41.08
1035	41.08
1036	41.08
1037	41.08
1038	41.08
1039	41.08
1040	41.08
1041	41.08
1042	41.08
1043	41.08
1044	41.08
1045	41.08
1046	41.08
1047	41.08
1048	41.08
1049	41.08
1050	41.08
1051	41.08
1052	41.08
1053	41.08
1054	41.08
1055	41.08
1056	41.08
1057	41.08
1058	41.08
1059	41.08
1060	41.08
1061	41.08
1062	41.08
1063	41.08
1064	41.08
1065	41.08
1066	41.08
1067	41.08
1068	41.08
1069	41.08
1070	41.08
1071	41.08
1072	41.08
1073	41.08
1074	41.08
1075	41.08
1076	41.08
1077	41.08
1078	41.08
1079	41.08
1080	41.08
1081	41.08
1082	41.08
1083	41.08
1084	41.08
1085	41.08
1086	41.08
1087	41.08
1088	41.08
1089	41.08
1090	41.08
1091	41.08
1092	41.08
1093	41.08
1094	41.08
1095	41.08
1096	41.08
1097	41.08
1098	41.08
1099	41.08
1100	41.08
1101	41.08
1102	41.08
1103	41.08
1104	41.08
1105	41.08
1106	41.08
1107	41.08
1108	41.08
1109	41.08
1110	41.08
1111	41.08
1112	41.08
1113	41.08
1114	41.08
1115	41.08
1116	41.08
1117	41.08
1118	41.08
1119	41.08
1120	41.08
1121	41.08
1122	41.08
1123	41.08
1124	41.08
1125	41.08
1126	41.08
1127	41.08
1128	41.08
1129	41.08
1130	41.08
1131	41.08
1132	41.08
1133	41.08
1134	41.08
1135	41.08
1136	41.08
1137	41.08
1138	41.08
1139	41.08
1140	41.08
1141	41.08
1142	41.08
1143	41.08
1144	41.08
1145	41.08
1146	41.08
1147	41.08
1148	41.08
1149	41.08
1150	41.08
1151	41.08
1152	41.08
1153	41.08
1154	41.08
1155	41.08
1156	41.08
1157	41.08
1158	41.08
1159	41.08
1160	41.08
1161	41.08
1162	41.08
1163	41.08
1164	41.08
1165	41.08
1166	41.08
1167	41.08
1168	41.08
1169	41.08
1170	41.08
1171	41.08
1172	41.08
1173	41.08
1174	41.08
1175	41.08
1176	41.08
1177	41.08
1178	41.08
1179	41.08
1180	41.08
1181	41.08
1182	41.08
1183	41.08
1184	41.08
1185	41.08
1186	41.08
1187	41.08
1188	41.08
1189	41.08
1190	41.08
1191	41.08
1192	41.08
1193	41.08
1194	41.08
1195	41.08
1196	41.08
1197	41.08
1198	41.08
1199	41.08
1200	41.08
1201	41.08
1202	41.08
1203	41.08
1204	41.08
1205	41.08
1206	41.08
1207	41.08
1208	41.08
1209	41.08
1210	41.08
1211	41.08
1212	41.08
1213	41.08
1214	41.08
1215	41.08
1216	41.08
1217	41.08
1218	41.08
1219	41.08
1220	41.08
1221	41.08
1222	41.08
1223	41.08
1224	41.08
1225	41.08
1226	41.08
1227	41.08
1228	41.08
1229	41.08
1230	41.08
1231	41.08
1232	41.08
1233	41.08
1234	41.08
1235	41.08
1236	41.08
1237	41.08
1238	41.08
1239	41.08
1240	41.08
1241	41.08
1242	41.08
1243	41.08
1244	41.08
1245	41.08
1246	41.08
1247	41.08
1248	41.08
1249	41.08
1250	41.08
1251	41.08
1252	41.08
1253	41.08
1254	41.08
1255	41.08
1256	41.08
1257	41.08
1258	41.08
1259	41.08
1260	41.08
1261	41.08
1262	41.08
1263	41.08
1264	41.08
1265	41.08
1266	41.08
1267	41.08
1268	41.08
1269	41.08
1270	41.08
1271	41.08
1272	41.08
1273	41.08
1274	41.08
1275	41.08
1276	41.08
1277	41.08
1278	41.08
1279	41.08
1280	41.08
1281	41.08
1282	41.08
1283	41.08
1284	41.08
1285	41.08
1286	41.08
1287	41.08
1288	41.08
1289	41.08
1290	41.08
1291	41.08
1292	41.08
1293	41.08
1294	41.08
1295	41.08
1296	41.08
1297	41.08
1298	41.08
1299	41.08
1300	41.08
1301	41.08
1302	41.08
1303	41.08
1304	41.08
1305	41.08
1306	41.08
1307	41.08
1308	41.08
1309	41.08
1310	41.08
1311	41.08
1312	41.08
1313	41.08
1314	41.08
1315	41.08
1316	41.08
1317	41.08
1318	41.08
1319	41.08
1320	41.08
1321	41.08
1322	41.08
1323	41.08
1324	41.08
1325	41.08
1326	41.08
1327	41.08
1328	41.08
1329	41.08
1330	41.08
1331	41.08
1332	41.08
1333	41.08
1334	41.08
1335	41.08
1336	41.08
1337	41.08
1338	41.08
1339	41.08
1340	41.08
1341	41.08
1342	41.08
1343	41.08
1344	41.08
1345	41.08
1346	41.08
1347	41.08
1348	41.08
1349	41.08
1350	41.08
1351	41.08
1352	41.08
1353	41.08
1354	41.08
1355	41.08
1356	41.08
1357	41.08
1358	41.08
1359	41.08
1360	41.08
1361	41.08
1362	41.08
1363	41.08
1364	41.08
1365	41.08
1366	41.08
1367	41.08
1368	41.08
1369	41.08
1370	41.08
1371	41.08
1372	41.08
1373	41.08
1374	41.08
1375	41.08
1376	41.08
1377	41.08
1378	41.08
1379	41.08
1380	41.08
1381	41.08
1382	41.08
1383	41.08
1384	41.08
1385	41.08
1386	41.08
1387	41.08
1388	41.08
1389	41.08
1390	41.08
1391	41.08
1392	41.08
1393	41.08
1394	41.08
1395	41.08
1396	41.08
1397	41.08
1398	41.08
1399	41.08
1400	41.08
1401	41.08
1402	41.08
1403	41.08
1404	41.08
1405	41.08
1406	41.08
1407	41.08
1408	41.08
1409	41.08
1410	41.08
1411	41.08
1412	41.08
1413	41.08
1414	41.08
1415	41.08
1416	41.08
1417	41.08
1418	41.08
1419	41.08
1420	41.08
1421	41.08
1422	41.08
1423	41.08
1424	41.08
1425	41.08
1426	41.08
1427	41.08
1428	41.08
1429	41.08
1430	41.08
1431	41.08
1432	41.08
1433	41.08
1434	41.08
1435	41.08
1436	41.08
1437	41.08
1438	41.08
1439	41.08
1440	41.08
1441	41.08
1442	41.08
1443	41.08
1444	41.08
1445	41.08
1446	41.08
1447	41.08
1448	41.08
1449	41.08
1450	41.08
1451	41.08
1452	41.08
1453	41.08
1454	41.08
1455	41.08
1456	41.08
1457	41.08
1458	41.08
1459	41.08
1460	41.08
1461	41.08
1462	41.08
1463	41.08
1464	41.08
1465	41.08
1466	41.08
1467	41.08
1468	41.08
1469	41.08
1470	41.08
1471	41.08
1472	41.08
1473	41.08
1474	41.08
1475	41.08
1476	41.08
1477	41.08
1478	41.08
1479	41.08
1480	41.08
1481	41.08
1482	41.08
1483	41.08
1484	41.08
1485	41.08
1486	41.08
1487	41.08
1488	41.08
1489	41.08
1490	41.08
1491	41.08
1492	41.08
1493	41.08
1494	41.08
1495	41.08
1496	41.08
1497	41.08
1498	41.08
1499	41.08
1500	41.08
1501	41.08
1502	41.08
1503	41.08
1504	41.08
1505	41.08
1506	41.08
1507	41.08
1508	41.08
1509	41.08
1510	41.08
1511	41.08
1512	41.08
1513	41.08
1514	41.08
1515	41.08
1516	41.08
1517	41.08
1518	41.08
1519	41.08
1520	41.08
1521	41.08
1522	41.08
1523	41.08
1524	41.08
1525	41.08
1526	41.08
1527	41.08
1528	41.08
1529	41.08
1530	41.08
1531	41.08
1532	41.08
1533	41.08
1534	41.08
1535	41.08
1536	41.08
1537	41.08
1538	41.08
1539	41.08
1540	41.08
1541	41.08
1542	41.08
1543	41.08
1544	41.08
1545	41.08
1546	41.08
1547	41.08
1548	41.08
1549	41.08
1550	41.08
1551	41.08
1552	41.08
1553	41.08
1554	41.08
1555	41.08
1556	41.08
1557	41.08
1558	41.08
1559	41.08
1560	41.08
1561	41.08
1562	41.08
1563	41.08
1564	41.08
1565	41.08
1566	41.08
1567	41.08
1568	41.08
1569	41.08
1570	41.08
1571	41.08
1572	41.08
1573	41.08
1574	41.08
1575	41.08
1576	41.08
1577	41.08
1578	41.08
1579	41.08
1580	41.08
1581	41.08
1582	41.08
1583	41.08
1584	41.08
1585	41.08
1586	41.08
1587	41.08
1588	41.08
1589	41.08
1590	41.08
1591	41.08
1592	41.08
1593	41.08
1594	41.08
1595	41.08
1596	41.08
1597	41.08
1598	41.08
1599	41.08
1600	41.08
1601	41.08
1602	41.08
1603	41.08
1604	41.08
1605	41.08
1606	41.08
1607	41.08
1608	41.08
1609	41.08
1610	41.08
1611	41.08
1612	41.08
1613	41.08
1614	41.08
1615	41.08
1616	41.08
1617	41.08
1618	41.08
1619	41.08
1620	41.08
1621	41.08
1622	41.08
1623	41.08
1624	41.08
1625	41.08
1626	41.08
1627	41.08
1628	41.08
1629	41.08
1630	41.08
1631	41.08
1632	41.08
1633	41.08
1634	41.08
1635	41.08
1636	41.08
1637	41.08
1638	41.08
1639	41.08
1640	41.08
1641	41.08
1642	41.08
1643	41.08
1644	41.08
1645	41.08
1646	41.08
1647	41.08
1648	41.08
1649	41.08
1650	41.08
1651	41.08
1652	41.08
1653	41.08
1654	41.08
1655	41.08
1656	41.08
1657	41.08
1658	41.08
1659	41.08
1660	41.08
1661	41.08
1662	41.08
1663	41.08
1664	41.08
1665	41.08
1666	41.08
1667	41.08
1668	41.08
1669	41.08
1670	41.08
1671	41.08
1672	41.08
1673	41.08
1674	41.08
1675	41.08
1676	41.08
1677	41.08
1678	41.08
1679	41.08
1680	41.08
1681	41.08
1682	41.08
1683	41.08
1684	41.08
1685	41.08
1686	41.08
1687	41.08
1688	41.08
1689	41.08
1690	41.08
1691	41.08
1692	41.08
1693	41.08
1694	41.08
1695	41.08
1696	41.08
1697	41.08
1698	41.08
1699	41.08
1700	41.08
1701	41.08
1702	41.08
1703	41.08
1704	41.08
1705	41.08
1706	41.08
1707	41.08
1708	41.08
1709	41.08
1710	41.08
1711	41.08
1712	41.08
1713	41.08
1714	41.08
1715	41.08
1716	41.08
1717	41.08
1718	41.08
1719	41.08
1720	41.08
1721	41.08
1722	41.08
1723	41.08
1724	41.08
1725	41.08
1726	41.08
1727	41.08
1728	41.08
1729	41.08
1730	41.08
1731	41.08
1732	41.08
1733	41.08
1734	41.08
1735	41.08
1736	41.08
1737	41.08
1738	41.08
1739	41.08
1740	41.08
1741	41.08
1742	41.08
1743	41.08
1744	41.08
1745	41.08
1746	41.08
1747	41.08
1748	41.08
1749	41.08
1750	41.08
1751	41.08
1752	41.08
1753	41.08
1754	41.08
1755	41.08
1756	41.08
1757	41.08
1758	41.08
1759	41.08
1760	41.08
1761	41.08
1762	41.08
1763	41.08
1764	41.08
1765	41.08
1766	41.08
1767	41.08
1768	41.08
1769	41.08
1770	41.08
1771	41.08
1772	41.08
1773	41.08
1774	41.08
1775	41.08
1776	41.08
1777	41.08
1778	41.08
1779	41.08
1780	41.08
1781	41.08
1782	41.08
1783	41.08
1784	41.08
1785	41.08
1786	41.08
1787	41.08
1788	41.08
1789	41.08
1790	41.08
1791	41.08
1792	41.08
1793	41.08
1794	41.08
1795	41.08
1796	41.08
1797	41.08
1798	41.08
1799	41.08
1800	41.08
1801	41.08
1802	41.08
1803	41.08
1804	41.08
1805	41.08
1806	41.08
1807	41.08
1808	41.08
1809	41.08
1810	41.08
1811	41.08
1812	41.08
1813	41.08
1814	41.08
1815	41.08
1816	41.08
1817	41.08
1818	41.08
1819	41.08
1820	41.08
1821	41.08
1822	41.08
1823	41.08
1824	41.08
1825	41.08
1826	41.08
1827	41.08
1828	41.08
1829	41.08
1830	41.08
1831	41.08
1832	41.08
1833	41.08
1834	41.08
1835	41.08
1836	41.08
1837	41.08
1838	41.08
1839	41.08
1840	41.08
1841	41.08
1842	41.08
1843	41.08
1844	41.08
1845	41.08
1846	41.08
1847	41.08
1848	41.08
1849	41.08
1850	41.08
1851	41.08
1852	41.08
1853	41.08
1854	41.08
1855	41.08
1856	41.08
1857	41.08
1858	41.08
1859	41.08
1860	41.08
1861	41.08
1862	41.08
1863	41.08
1864	41.08
1865	41.08
1866	41.08
1867	41.08
1868	41.08
1869	41.08
1870	41.08
1871	41.08
1872	41.08
1873	41.08
1874	41.08
1875	41.08
1876	41.08
1877	41.08
1878	41.08
1879	41.08
1880	41.08
1881	41.08
1882	41.08
1883	41.08
1884	41.08
1885	41.08
1886	41.08
1887	41.08
1888	41.08
1889	41.08
1890	41.08
1891	41.08
1892	41.08
1893	41.08
1894	41.08
1895	41.08
1896	41.08
1897	41.08
1898	41.08
1899	41.08
1900	41.08
1901	41.08
1902	41.08
1903	41.08
1904	41.08
1905	41.08
1906	41.08
1907	41.08
1908	41.08
1909	41.08
1910	41.08
1911	41.08
1912	41.08
1913	41.08
1914	41.08
1915	41.08
1916	41.08
1917	41.08
1918	41.08
1919	41.08
1920	41.08
1921	41.08
1922	41.08
1923	41.08
1924	41.08
1925	41.08
1926	41.08
1927	41.08
1928	41.08
1929	41.08
1930	41.08
1931	41.08
1932	41.08
1933	41.08
1934	41.08
1935	41.08
1936	41.08
1937	41.08
1938	41.08
1939	41.08
1940	41.08
1941	41.08
1942	41.08
1943	41.08
1944	41.08
1945	41.08
1946	41.08
1947	41.08
1948	41.08
1949	41.08
1950	41.08
1951	41.08
1952	41.08
1953	41.08
1954	41.08
1955	41.08
1956	41.08
1957	41.08
1958	41.08
1959	41.08
1960	41.08
1961	41.08
1962	41.08
1963	41.08
1964	41.08
1965	41.08
1966	41.08
1967	41.08
1968	41.08
1969	41.08
1970	41.08
1971	41.08
1972	41.08
1973	41.08
1974	41.08
1975	41.08
1976	41.08
1977	41.08
1978	41.08
1979	41.08
1980	41.08
1981	41.08
1982	41.08
1983	41.08
1984	41.08
1985	41.08
1986	41.08
1987	41.08
1988	41.08
1989	41.08
1990	41.08
1991	41.08
1992	41.08
1993	41.08
1994	41.08
1995	41.08
1996	41.08
1997	41.08
