0	24.99
1	24.99
2	24.99
3	24.99
4	24.99
5	24.99
6	24.99
7	24.99
8	24.99
9	24.99
10	24.99
11	24.99
12	24.99
13	24.99
14	24.99
15	24.99
16	24.99
17	24.99
18	24.99
19	24.99
20	24.99
21	24.99
22	24.99
23	24.99
24	24.99
25	24.99
26	24.99
27	24.99
28	24.99
29	24.99
30	24.99
31	24.99
32	24.99
33	24.99
34	24.99
35	24.99
36	24.99
37	24.99
38	24.99
39	24.99
40	24.99
41	24.99
42	24.99
43	24.99
44	24.99
45	24.99
46	24.99
47	24.99
48	24.99
49	24.99
50	24.99
51	24.99
52	24.99
53	24.99
54	24.99
55	24.99
56	24.99
57	24.99
58	24.99
59	24.99
60	24.99
61	24.99
62	24.99
63	24.99
64	24.99
65	24.99
66	24.99
67	24.99
68	24.99
69	24.99
70	24.99
71	24.99
72	24.99
73	24.99
74	24.99
75	24.99
76	24.99
77	24.99
78	24.99
79	24.99
80	24.99
81	24.99
82	24.99
83	24.99
84	24.99
85	24.99
86	24.99
87	24.99
88	24.99
89	24.99
90	24.99
91	24.99
92	24.99
93	24.99
94	24.99
95	24.99
96	24.99
97	24.99
98	24.99
99	24.99
100	24.99
101	24.99
102	24.99
103	24.99
104	24.99
105	24.99
106	24.99
107	24.99
108	24.99
109	24.99
110	24.99
111	24.99
112	24.99
113	24.99
114	24.99
115	24.99
116	24.99
117	24.99
118	24.99
119	24.99
120	24.99
121	24.99
122	24.99
123	24.99
124	24.99
125	24.99
126	24.99
127	24.99
128	24.99
129	24.99
130	24.99
131	24.99
132	24.99
133	24.99
134	24.99
135	24.99
136	24.99
137	24.99
138	24.99
139	24.99
140	24.99
141	24.99
142	24.99
143	24.99
144	24.99
145	24.99
146	24.99
147	24.99
148	24.99
149	24.99
150	24.99
151	24.99
152	24.99
153	24.99
154	24.99
155	24.99
156	24.99
157	24.99
158	24.99
159	24.99
160	24.99
161	24.99
162	24.99
163	24.99
164	24.99
165	24.99
166	24.99
167	24.99
168	24.99
169	24.99
170	24.99
171	24.99
172	24.99
173	24.99
174	24.99
175	24.99
176	24.99
177	24.99
178	24.99
179	24.99
180	24.99
181	24.99
182	24.99
183	24.99
184	24.99
185	24.99
186	24.99
187	24.99
188	24.99
189	24.99
190	24.99
191	24.99
192	24.99
193	24.99
194	24.99
195	24.99
196	24.99
197	24.99
198	24.99
199	24.99
200	24.99
201	24.99
202	24.99
203	24.99
204	24.99
205	24.99
206	24.99
207	24.99
208	24.99
209	24.99
210	24.99
211	24.99
212	24.99
213	24.99
214	24.99
215	24.99
216	24.99
217	24.99
218	24.99
219	24.99
220	24.99
221	24.99
222	24.99
223	24.99
224	24.99
225	24.99
226	24.99
227	24.99
228	24.99
229	24.99
230	24.99
231	24.99
232	24.99
233	24.99
234	24.99
235	24.99
236	24.99
237	24.99
238	24.99
239	24.99
240	24.99
241	24.99
242	24.99
243	24.99
244	24.99
245	24.99
246	24.99
247	24.99
248	24.99
249	24.99
250	24.99
251	24.99
252	24.99
253	24.99
254	24.99
255	24.99
256	24.99
257	24.99
258	24.99
259	24.99
260	24.99
261	24.99
262	24.99
263	24.99
264	24.99
265	24.99
266	24.99
267	24.99
268	24.99
269	24.99
270	24.99
271	24.99
272	24.99
273	24.99
274	24.99
275	24.99
276	24.99
277	24.99
278	24.99
279	24.99
280	24.99
281	24.99
282	24.99
283	24.99
284	24.99
285	24.99
286	24.99
287	24.99
288	24.99
289	24.99
290	24.99
291	24.99
292	24.99
293	24.99
294	24.99
295	24.99
296	24.99
297	24.99
298	24.99
299	24.99
300	24.99
301	24.99
302	24.99
303	24.99
304	24.99
305	24.99
306	24.99
307	24.99
308	24.99
309	24.99
310	24.99
311	24.99
312	24.99
313	24.99
314	24.99
315	24.99
316	24.99
317	24.99
318	24.99
319	24.99
320	24.99
321	24.99
322	24.99
323	24.99
324	24.99
325	24.99
326	24.99
327	24.99
328	24.99
329	24.99
330	24.99
331	24.99
332	24.99
333	24.99
334	24.99
335	24.99
336	24.99
337	24.99
338	24.99
339	24.99
340	24.99
341	24.99
342	24.99
343	24.99
344	24.99
345	24.99
346	24.99
347	24.99
348	24.99
349	24.99
350	24.99
351	24.99
352	24.99
353	24.99
354	24.99
355	24.99
356	24.99
357	24.99
358	24.99
359	24.99
360	24.99
361	24.99
362	24.99
363	24.99
364	24.99
365	24.99
366	24.99
367	24.99
368	24.99
369	24.99
370	24.99
371	24.99
372	24.99
373	24.99
374	24.99
375	24.99
376	24.99
377	24.99
378	24.99
379	24.99
380	24.99
381	24.99
382	24.99
383	24.99
384	24.99
385	24.99
386	24.99
387	24.99
388	24.99
389	24.99
390	24.99
391	24.99
392	24.99
393	24.99
394	24.99
395	24.99
396	24.99
397	24.99
398	24.99
399	24.99
400	24.99
401	24.99
402	24.99
403	24.99
404	24.99
405	24.99
406	24.99
407	24.99
408	24.99
409	24.99
410	24.99
411	24.99
412	24.99
413	24.99
414	24.99
415	24.99
416	24.99
417	24.99
418	24.99
419	24.99
420	24.99
421	24.99
422	24.99
423	24.99
424	24.99
425	24.99
426	24.99
427	24.99
428	24.99
429	24.99
430	24.99
431	24.99
432	24.99
433	24.99
434	24.99
435	24.99
436	24.99
437	24.99
438	24.99
439	24.99
440	24.99
441	24.99
442	24.99
443	24.99
444	24.99
445	24.99
446	24.99
447	24.99
448	24.99
449	24.99
450	24.99
451	24.99
452	24.99
453	24.99
454	24.99
455	24.99
456	24.99
457	24.99
458	24.99
459	24.99
460	24.99
461	24.99
462	24.99
463	24.99
464	24.99
465	24.99
466	24.99
467	24.99
468	24.99
469	24.99
470	24.99
471	24.99
472	24.99
473	24.99
474	24.99
475	24.99
476	24.99
477	24.99
478	24.99
479	24.99
480	24.99
481	24.99
482	24.99
483	24.99
484	24.99
485	24.99
486	24.99
487	24.99
488	24.99
489	24.99
490	24.99
491	24.99
492	24.99
493	24.99
494	24.99
495	24.99
496	24.99
497	24.99
498	24.99
499	24.99
500	24.99
501	24.99
502	24.99
503	24.99
504	24.99
505	24.99
506	24.99
507	24.99
508	24.99
509	24.99
510	24.99
511	24.99
512	24.99
513	24.99
514	24.99
515	24.99
516	24.99
517	24.99
518	24.99
519	24.99
520	24.99
521	24.99
522	24.99
523	24.99
524	24.99
525	24.99
526	24.99
527	24.99
528	24.99
529	24.99
530	24.99
531	24.99
532	24.99
533	24.99
534	24.99
535	24.99
536	24.99
537	24.99
538	24.99
539	24.99
540	24.99
541	24.99
542	24.99
543	24.99
544	24.99
545	24.99
546	24.99
547	24.99
548	24.99
549	24.99
550	24.99
551	24.99
552	24.99
553	24.99
554	24.99
555	24.99
556	24.99
557	24.99
558	24.99
559	24.99
560	24.99
561	24.99
562	24.99
563	24.99
564	24.99
565	24.99
566	24.99
567	24.99
568	24.99
569	24.99
570	24.99
571	24.99
572	24.99
573	24.99
574	24.99
575	24.99
576	24.99
577	24.99
578	24.99
579	24.99
580	24.99
581	24.99
582	24.99
583	24.99
584	24.99
585	24.99
586	24.99
587	24.99
588	24.99
589	24.99
590	24.99
591	24.99
592	24.99
593	24.99
594	24.99
595	24.99
596	24.99
597	24.99
598	24.99
599	24.99
600	24.99
601	24.99
602	24.99
603	24.99
604	24.99
605	24.99
606	24.99
607	24.99
608	24.99
609	24.99
610	24.99
611	24.99
612	24.99
613	24.99
614	24.99
615	24.99
616	24.99
617	24.99
618	24.99
619	24.99
620	24.99
621	24.99
622	24.99
623	24.99
624	24.99
625	24.99
626	24.99
627	24.99
628	24.99
629	24.99
630	24.99
631	24.99
632	24.99
633	24.99
634	24.99
635	24.99
636	24.99
637	24.99
638	24.99
639	24.99
640	24.99
641	24.99
642	24.99
643	24.99
644	24.99
645	24.99
646	24.99
647	24.99
648	24.99
649	24.99
650	24.99
651	24.99
652	24.99
653	24.99
654	24.99
655	24.99
656	24.99
657	24.99
658	24.99
659	24.99
660	24.99
661	24.99
662	24.99
663	24.99
664	24.99
665	24.99
666	24.99
667	24.99
668	24.99
669	24.99
670	24.99
671	24.99
672	24.99
673	24.99
674	24.99
675	24.99
676	24.99
677	24.99
678	24.99
679	24.99
680	24.99
681	24.99
682	24.99
683	24.99
684	24.99
685	24.99
686	24.99
687	24.99
688	24.99
689	24.99
690	24.99
691	24.99
692	24.99
693	24.99
694	24.99
695	24.99
696	24.99
697	24.99
698	24.99
699	24.99
700	24.99
701	24.99
702	24.99
703	24.99
704	24.99
705	24.99
706	24.99
707	24.99
708	24.99
709	24.99
710	24.99
711	24.99
712	24.99
713	24.99
714	24.99
715	24.99
716	24.99
717	24.99
718	24.99
719	24.99
720	24.99
721	24.99
722	24.99
723	24.99
724	24.99
725	24.99
726	24.99
727	24.99
728	24.99
729	24.99
730	24.99
731	24.99
732	24.99
733	24.99
734	24.99
735	24.99
736	24.99
737	24.99
738	24.99
739	24.99
740	24.99
741	24.99
742	24.99
743	24.99
744	24.99
745	24.99
746	24.99
747	24.99
748	24.99
749	24.99
750	24.99
751	24.99
752	24.99
753	24.99
754	24.99
755	24.99
756	24.99
757	24.99
758	24.99
759	24.99
760	24.99
761	24.99
762	24.99
763	24.99
764	24.99
765	24.99
766	24.99
767	24.99
768	24.99
769	24.99
770	24.99
771	24.99
772	24.99
773	24.99
774	24.99
775	24.99
776	24.99
777	24.99
778	24.99
779	24.99
780	24.99
781	24.99
782	24.99
783	24.99
784	24.99
785	24.99
786	24.99
787	24.99
788	24.99
789	24.99
790	24.99
791	24.99
792	24.99
793	24.99
794	24.99
795	24.99
796	24.99
797	24.99
798	24.99
799	24.99
800	24.99
801	24.99
802	24.99
803	24.99
804	24.99
805	24.99
806	24.99
807	24.99
808	24.99
809	24.99
810	24.99
811	24.99
812	24.99
813	24.99
814	24.99
815	24.99
816	24.99
817	24.99
818	24.99
819	24.99
820	24.99
821	24.99
822	24.99
823	24.99
824	24.99
825	24.99
826	24.99
827	24.99
828	24.99
829	24.99
830	24.99
831	24.99
832	24.99
833	24.99
834	24.99
835	24.99
836	24.99
837	24.99
838	24.99
839	24.99
840	24.99
841	24.99
842	24.99
843	24.99
844	24.99
845	24.99
846	24.99
847	24.99
848	24.99
849	24.99
850	24.99
851	24.99
852	24.99
853	24.99
854	24.99
855	24.99
856	24.99
857	24.99
858	24.99
859	24.99
860	24.99
861	24.99
862	24.99
863	24.99
864	24.99
865	24.99
866	24.99
867	24.99
868	24.99
869	24.99
870	24.99
871	24.99
872	24.99
873	24.99
874	24.99
875	24.99
876	24.99
877	24.99
878	24.99
879	24.99
880	24.99
881	24.99
882	24.99
883	24.99
884	24.99
885	24.99
886	24.99
887	24.99
888	24.99
889	24.99
890	24.99
891	24.99
892	24.99
893	24.99
894	24.99
895	24.99
896	24.99
897	24.99
898	24.99
899	24.99
900	24.99
901	24.99
902	24.99
903	24.99
904	24.99
905	24.99
906	24.99
907	24.99
908	24.99
909	24.99
910	24.99
911	24.99
912	24.99
913	24.99
914	24.99
915	24.99
916	24.99
917	24.99
918	24.99
919	24.99
920	24.99
921	24.99
922	24.99
923	24.99
924	24.99
925	24.99
926	24.99
927	24.99
928	24.99
929	24.99
930	24.99
931	24.99
932	24.99
933	24.99
934	24.99
935	24.99
936	24.99
937	24.99
938	24.99
939	24.99
940	24.99
941	24.99
942	24.99
943	24.99
944	24.99
945	24.99
946	24.99
947	24.99
948	24.99
949	24.99
950	24.99
951	24.99
952	24.99
953	24.99
954	24.99
955	24.99
956	24.99
957	24.99
958	24.99
959	24.99
960	24.99
961	24.99
962	24.99
963	24.99
964	24.99
965	24.99
966	24.99
967	24.99
968	24.99
969	24.99
970	24.99
971	24.99
972	24.99
973	24.99
974	24.99
975	24.99
976	24.99
977	24.99
978	24.99
979	24.99
980	24.99
981	24.99
982	24.99
983	24.99
984	24.99
985	24.99
986	24.99
987	24.99
988	24.99
989	24.99
990	24.99
991	24.99
992	24.99
993	24.99
994	24.99
995	24.99
996	24.99
997	24.99
998	24.99
999	24.99
1000	24.99
1001	24.99
1002	24.99
1003	24.99
1004	24.99
1005	24.99
1006	24.99
1007	24.99
1008	24.99
1009	24.99
1010	24.99
1011	24.99
1012	24.99
1013	24.99
1014	24.99
1015	24.99
1016	24.99
1017	24.99
1018	24.99
1019	24.99
1020	24.99
1021	24.99
1022	24.99
1023	24.99
1024	24.99
1025	24.99
1026	24.99
1027	24.99
1028	24.99
1029	24.99
1030	24.99
1031	24.99
1032	24.99
1033	24.99
1034	24.99
1035	24.99
1036	24.99
1037	24.99
1038	24.99
1039	24.99
1040	24.99
1041	24.99
1042	24.99
1043	24.99
1044	24.99
1045	24.99
1046	24.99
1047	24.99
1048	24.99
1049	24.99
1050	24.99
1051	24.99
1052	24.99
1053	24.99
1054	24.99
1055	24.99
1056	24.99
1057	24.99
1058	24.99
1059	24.99
1060	24.99
1061	24.99
1062	24.99
1063	24.99
1064	24.99
1065	24.99
1066	24.99
1067	24.99
1068	24.99
1069	24.99
1070	24.99
1071	24.99
1072	24.99
1073	24.99
1074	24.99
1075	24.99
1076	24.99
1077	24.99
1078	24.99
1079	24.99
1080	24.99
1081	24.99
1082	24.99
1083	24.99
1084	24.99
1085	24.99
1086	24.99
1087	24.99
1088	24.99
1089	24.99
1090	24.99
1091	24.99
1092	24.99
1093	24.99
1094	24.99
1095	24.99
1096	24.99
1097	24.99
1098	24.99
1099	24.99
1100	24.99
1101	24.99
1102	24.99
1103	24.99
1104	24.99
1105	24.99
1106	24.99
1107	24.99
1108	24.99
1109	24.99
1110	24.99
1111	24.99
1112	24.99
1113	24.99
1114	24.99
1115	24.99
1116	24.99
1117	24.99
1118	24.99
1119	24.99
1120	24.99
1121	24.99
1122	24.99
1123	24.99
1124	24.99
1125	24.99
1126	24.99
1127	24.99
1128	24.99
1129	24.99
1130	24.99
1131	24.99
1132	24.99
1133	24.99
1134	24.99
1135	24.99
1136	24.99
1137	24.99
1138	24.99
1139	24.99
1140	24.99
1141	24.99
1142	24.99
1143	24.99
1144	24.99
1145	24.99
1146	24.99
1147	24.99
1148	24.99
1149	24.99
1150	24.99
1151	24.99
1152	24.99
1153	24.99
1154	24.99
1155	24.99
1156	24.99
1157	24.99
1158	24.99
1159	24.99
1160	24.99
1161	24.99
1162	24.99
1163	24.99
1164	24.99
1165	24.99
1166	24.99
1167	24.99
1168	24.99
1169	24.99
1170	24.99
1171	24.99
1172	24.99
1173	24.99
1174	24.99
1175	24.99
1176	24.99
1177	24.99
1178	24.99
1179	24.99
1180	24.99
1181	24.99
1182	24.99
1183	24.99
1184	24.99
1185	24.99
1186	24.99
1187	24.99
1188	24.99
1189	24.99
1190	24.99
1191	24.99
1192	24.99
1193	24.99
1194	24.99
1195	24.99
1196	24.99
1197	24.99
1198	24.99
1199	24.99
1200	24.99
1201	24.99
1202	24.99
1203	24.99
1204	24.99
1205	24.99
1206	24.99
1207	24.99
1208	24.99
1209	24.99
1210	24.99
1211	24.99
1212	24.99
1213	24.99
1214	24.99
1215	24.99
1216	24.99
1217	24.99
1218	24.99
1219	24.99
1220	24.99
1221	24.99
1222	24.99
1223	24.99
1224	24.99
1225	24.99
1226	24.99
1227	24.99
1228	24.99
1229	24.99
1230	24.99
1231	24.99
1232	24.99
1233	24.99
1234	24.99
1235	24.99
1236	24.99
1237	24.99
1238	24.99
1239	24.99
1240	24.99
1241	24.99
1242	24.99
1243	24.99
1244	24.99
1245	24.99
1246	24.99
1247	24.99
1248	24.99
1249	24.99
1250	24.99
1251	24.99
1252	24.99
1253	24.99
1254	24.99
1255	24.99
1256	24.99
1257	24.99
1258	24.99
1259	24.99
1260	24.99
1261	24.99
1262	24.99
1263	24.99
1264	24.99
1265	24.99
1266	24.99
1267	24.99
1268	24.99
1269	24.99
1270	24.99
1271	24.99
1272	24.99
1273	24.99
1274	24.99
1275	24.99
1276	24.99
1277	24.99
1278	24.99
1279	24.99
1280	24.99
1281	24.99
1282	24.99
1283	24.99
1284	24.99
1285	24.99
1286	24.99
1287	24.99
1288	24.99
1289	24.99
1290	24.99
1291	24.99
1292	24.99
1293	24.99
1294	24.99
1295	24.99
1296	24.99
1297	24.99
1298	24.99
1299	24.99
1300	24.99
1301	24.99
1302	24.99
1303	24.99
1304	24.99
1305	24.99
1306	24.99
1307	24.99
1308	24.99
1309	24.99
1310	24.99
1311	24.99
1312	24.99
1313	24.99
1314	24.99
1315	24.99
1316	24.99
1317	24.99
1318	24.99
1319	24.99
1320	24.99
1321	24.99
1322	24.99
1323	24.99
1324	24.99
1325	24.99
1326	24.99
1327	24.99
1328	24.99
1329	24.99
1330	24.99
1331	24.99
1332	24.99
1333	24.99
1334	24.99
1335	24.99
1336	24.99
1337	24.99
1338	24.99
1339	24.99
1340	24.99
1341	24.99
1342	24.99
1343	24.99
1344	24.99
1345	24.99
1346	24.99
1347	24.99
1348	24.99
1349	24.99
1350	24.99
1351	24.99
1352	24.99
1353	24.99
1354	24.99
1355	24.99
1356	24.99
1357	24.99
1358	24.99
1359	24.99
1360	24.99
1361	24.99
1362	24.99
1363	24.99
1364	24.99
1365	24.99
1366	24.99
1367	24.99
1368	24.99
1369	24.99
1370	24.99
1371	24.99
1372	24.99
1373	24.99
1374	24.99
1375	24.99
1376	24.99
1377	24.99
1378	24.99
1379	24.99
1380	24.99
1381	24.99
1382	24.99
1383	24.99
1384	24.99
1385	24.99
1386	24.99
1387	24.99
1388	24.99
1389	24.99
1390	24.99
1391	24.99
1392	24.99
1393	24.99
1394	24.99
1395	24.99
1396	24.99
1397	24.99
1398	24.99
1399	24.99
1400	24.99
1401	24.99
1402	24.99
1403	24.99
1404	24.99
1405	24.99
1406	24.99
1407	24.99
1408	24.99
1409	24.99
1410	24.99
1411	24.99
1412	24.99
1413	24.99
1414	24.99
1415	24.99
1416	24.99
1417	24.99
1418	24.99
1419	24.99
1420	24.99
1421	24.99
1422	24.99
1423	24.99
1424	24.99
1425	24.99
1426	24.99
1427	24.99
1428	24.99
1429	24.99
1430	24.99
1431	24.99
1432	24.99
1433	24.99
1434	24.99
1435	24.99
1436	24.99
1437	24.99
1438	24.99
1439	24.99
1440	24.99
1441	24.99
1442	24.99
1443	24.99
1444	24.99
1445	24.99
1446	24.99
1447	24.99
1448	24.99
1449	24.99
1450	24.99
1451	24.99
1452	24.99
1453	24.99
1454	24.99
1455	24.99
1456	24.99
1457	24.99
1458	24.99
1459	24.99
1460	24.99
1461	24.99
1462	24.99
1463	24.99
1464	24.99
1465	24.99
1466	24.99
1467	24.99
1468	24.99
1469	24.99
1470	24.99
1471	24.99
1472	24.99
1473	24.99
1474	24.99
1475	24.99
1476	24.99
1477	24.99
1478	24.99
1479	24.99
1480	24.99
1481	24.99
1482	24.99
1483	24.99
1484	24.99
1485	24.99
1486	24.99
1487	24.99
1488	24.99
1489	24.99
1490	24.99
1491	24.99
1492	24.99
1493	24.99
1494	24.99
1495	24.99
1496	24.99
1497	24.99
1498	24.99
1499	24.99
1500	24.99
1501	24.99
1502	24.99
1503	24.99
1504	24.99
1505	24.99
1506	24.99
1507	24.99
1508	24.99
1509	24.99
1510	24.99
1511	24.99
1512	24.99
1513	24.99
1514	24.99
1515	24.99
1516	24.99
1517	24.99
1518	24.99
1519	24.99
1520	24.99
1521	24.99
1522	24.99
1523	24.99
1524	24.99
1525	24.99
1526	24.99
1527	24.99
1528	24.99
1529	24.99
1530	24.99
1531	24.99
1532	24.99
1533	24.99
1534	24.99
1535	24.99
1536	24.99
1537	24.99
1538	24.99
1539	24.99
1540	24.99
1541	24.99
1542	24.99
1543	24.99
1544	24.99
1545	24.99
1546	24.99
1547	24.99
1548	24.99
1549	24.99
1550	24.99
1551	24.99
1552	24.99
1553	24.99
1554	24.99
1555	24.99
1556	24.99
1557	24.99
1558	24.99
1559	24.99
1560	24.99
1561	24.99
1562	24.99
1563	24.99
1564	24.99
1565	24.99
1566	24.99
1567	24.99
1568	24.99
1569	24.99
1570	24.99
1571	24.99
1572	24.99
1573	24.99
1574	24.99
1575	24.99
1576	24.99
1577	24.99
1578	24.99
1579	24.99
1580	24.99
1581	24.99
1582	24.99
1583	24.99
1584	24.99
1585	24.99
1586	24.99
1587	24.99
1588	24.99
1589	24.99
1590	24.99
1591	24.99
1592	24.99
1593	24.99
1594	24.99
1595	24.99
1596	24.99
1597	24.99
1598	24.99
1599	24.99
1600	24.99
1601	24.99
1602	24.99
1603	24.99
1604	24.99
1605	24.99
1606	24.99
1607	24.99
1608	24.99
1609	24.99
1610	24.99
1611	24.99
1612	24.99
1613	24.99
1614	24.99
1615	24.99
1616	24.99
1617	24.99
1618	24.99
1619	24.99
1620	24.99
1621	24.99
1622	24.99
1623	24.99
1624	24.99
1625	24.99
1626	24.99
1627	24.99
1628	24.99
1629	24.99
1630	24.99
1631	24.99
1632	24.99
1633	24.99
1634	24.99
1635	24.99
1636	24.99
1637	24.99
1638	24.99
1639	24.99
1640	24.99
1641	24.99
1642	24.99
1643	24.99
1644	24.99
1645	24.99
1646	24.99
1647	24.99
1648	24.99
1649	24.99
1650	24.99
1651	24.99
1652	24.99
1653	24.99
1654	24.99
1655	24.99
1656	24.99
1657	24.99
1658	24.99
1659	24.99
1660	24.99
1661	24.99
1662	24.99
1663	24.99
1664	24.99
1665	24.99
1666	24.99
1667	24.99
1668	24.99
1669	24.99
1670	24.99
1671	24.99
1672	24.99
1673	24.99
1674	24.99
1675	24.99
1676	24.99
1677	24.99
1678	24.99
1679	24.99
1680	24.99
1681	24.99
1682	24.99
1683	24.99
1684	24.99
1685	24.99
1686	24.99
1687	24.99
1688	24.99
1689	24.99
1690	24.99
1691	24.99
1692	24.99
1693	24.99
1694	24.99
1695	24.99
1696	24.99
1697	24.99
1698	24.99
1699	24.99
1700	24.99
1701	24.99
1702	24.99
1703	24.99
1704	24.99
1705	24.99
1706	24.99
1707	24.99
1708	24.99
1709	24.99
1710	24.99
1711	24.99
1712	24.99
1713	24.99
1714	24.99
1715	24.99
1716	24.99
1717	24.99
1718	24.99
1719	24.99
1720	24.99
1721	24.99
1722	24.99
1723	24.99
1724	24.99
1725	24.99
1726	24.99
1727	24.99
1728	24.99
1729	24.99
1730	24.99
1731	24.99
1732	24.99
1733	24.99
1734	24.99
1735	24.99
1736	24.99
1737	24.99
1738	24.99
1739	24.99
1740	24.99
1741	24.99
1742	24.99
1743	24.99
1744	24.99
1745	24.99
1746	24.99
1747	24.99
1748	24.99
1749	24.99
1750	24.99
1751	24.99
1752	24.99
1753	24.99
1754	24.99
1755	24.99
1756	24.99
1757	24.99
1758	24.99
1759	24.99
1760	24.99
1761	24.99
1762	24.99
1763	24.99
1764	24.99
1765	24.99
1766	24.99
1767	24.99
1768	24.99
1769	24.99
1770	24.99
1771	24.99
1772	24.99
1773	24.99
1774	24.99
1775	24.99
1776	24.99
1777	24.99
1778	24.99
1779	24.99
1780	24.99
1781	24.99
1782	24.99
1783	24.99
1784	24.99
1785	24.99
1786	24.99
1787	24.99
1788	24.99
1789	24.99
1790	24.99
1791	24.99
1792	24.99
1793	24.99
1794	24.99
1795	24.99
1796	24.99
1797	24.99
1798	24.99
1799	24.99
1800	24.99
1801	24.99
1802	24.99
1803	24.99
1804	24.99
1805	24.99
1806	24.99
1807	24.99
1808	24.99
1809	24.99
1810	24.99
1811	24.99
1812	24.99
1813	24.99
1814	24.99
1815	24.99
1816	24.99
1817	24.99
1818	24.99
1819	24.99
1820	24.99
1821	24.99
1822	24.99
1823	24.99
1824	24.99
1825	24.99
1826	24.99
1827	24.99
1828	24.99
1829	24.99
1830	24.99
1831	24.99
1832	24.99
1833	24.99
1834	24.99
1835	24.99
1836	24.99
1837	24.99
1838	24.99
1839	24.99
1840	24.99
1841	24.99
1842	24.99
1843	24.99
1844	24.99
1845	24.99
1846	24.99
1847	24.99
1848	24.99
1849	24.99
1850	24.99
1851	24.99
1852	24.99
1853	24.99
1854	24.99
1855	24.99
1856	24.99
1857	24.99
1858	24.99
1859	24.99
1860	24.99
1861	24.99
1862	24.99
1863	24.99
1864	24.99
1865	24.99
1866	24.99
1867	24.99
1868	24.99
1869	24.99
1870	24.99
1871	24.99
1872	24.99
1873	24.99
1874	24.99
1875	24.99
1876	24.99
1877	24.99
1878	24.99
1879	24.99
1880	24.99
1881	24.99
1882	24.99
1883	24.99
1884	24.99
1885	24.99
1886	24.99
1887	24.99
1888	24.99
1889	24.99
1890	24.99
1891	24.99
1892	24.99
1893	24.99
1894	24.99
1895	24.99
1896	24.99
1897	24.99
1898	24.99
1899	24.99
1900	24.99
1901	24.99
1902	24.99
1903	24.99
1904	24.99
1905	24.99
1906	24.99
1907	24.99
1908	24.99
1909	24.99
1910	24.99
1911	24.99
1912	24.99
1913	24.99
1914	24.99
1915	24.99
1916	24.99
1917	24.99
1918	24.99
1919	24.99
1920	24.99
1921	24.99
1922	24.99
1923	24.99
1924	24.99
1925	24.99
1926	24.99
1927	24.99
1928	24.99
1929	24.99
1930	24.99
1931	24.99
1932	24.99
1933	24.99
1934	24.99
1935	24.99
1936	24.99
1937	24.99
1938	24.99
1939	24.99
1940	24.99
1941	24.99
1942	24.99
1943	24.99
1944	24.99
1945	24.99
1946	24.99
1947	24.99
1948	24.99
1949	24.99
1950	24.99
1951	24.99
1952	24.99
1953	24.99
1954	24.99
1955	24.99
1956	24.99
1957	24.99
1958	24.99
1959	24.99
1960	24.99
1961	24.99
1962	24.99
1963	24.99
1964	24.99
1965	24.99
1966	24.99
1967	24.99
1968	24.99
1969	24.99
1970	24.99
1971	24.99
1972	24.99
1973	24.99
1974	24.99
1975	24.99
1976	24.99
1977	24.99
1978	24.99
1979	24.99
1980	24.99
1981	24.99
1982	24.99
1983	24.99
1984	24.99
1985	24.99
1986	24.99
1987	24.99
1988	24.99
1989	24.99
1990	24.99
1991	24.99
1992	24.99
1993	24.99
1994	24.99
1995	24.99
1996	24.99
1997	24.99
1998	24.99
1999	24.99
2000	24.99
2001	24.99
2002	24.99
2003	24.99
2004	24.99
2005	24.99
2006	24.99
2007	24.99
2008	24.99
2009	24.99
2010	24.99
2011	24.99
2012	24.99
2013	24.99
2014	24.99
2015	24.99
2016	24.99
2017	24.99
2018	24.99
2019	24.99
2020	24.99
2021	24.99
2022	24.99
2023	24.99
2024	24.99
2025	24.99
2026	24.99
2027	24.99
2028	24.99
2029	24.99
2030	24.99
2031	24.99
2032	24.99
2033	24.99
2034	24.99
2035	24.99
2036	24.99
2037	24.99
2038	24.99
2039	24.99
2040	24.99
2041	24.99
2042	24.99
2043	24.99
2044	24.99
2045	24.99
2046	24.99
2047	24.99
2048	24.99
2049	24.99
2050	24.99
2051	24.99
2052	24.99
2053	24.99
2054	24.99
2055	24.99
2056	24.99
2057	24.99
2058	24.99
2059	24.99
2060	24.99
2061	24.99
2062	24.99
2063	24.99
2064	24.99
2065	24.99
2066	24.99
2067	24.99
2068	24.99
2069	24.99
2070	24.99
2071	24.99
2072	24.99
2073	24.99
2074	24.99
2075	24.99
2076	24.99
2077	24.99
2078	24.99
2079	24.99
2080	24.99
2081	24.99
2082	24.99
2083	24.99
2084	24.99
2085	24.99
2086	24.99
2087	24.99
2088	24.99
2089	24.99
2090	24.99
2091	24.99
2092	24.99
2093	24.99
2094	24.99
2095	24.99
2096	24.99
2097	24.99
2098	24.99
2099	24.99
2100	24.99
2101	24.99
2102	24.99
2103	24.99
2104	24.99
2105	24.99
2106	24.99
2107	24.99
2108	24.99
2109	24.99
2110	24.99
2111	24.99
2112	24.99
2113	24.99
2114	24.99
2115	24.99
2116	24.99
2117	24.99
2118	24.99
2119	24.99
2120	24.99
2121	24.99
2122	24.99
2123	24.99
2124	24.99
2125	24.99
2126	24.99
2127	24.99
2128	24.99
2129	24.99
2130	24.99
2131	24.99
2132	24.99
2133	24.99
2134	24.99
2135	24.99
2136	24.99
2137	24.99
2138	24.99
2139	24.99
2140	24.99
2141	24.99
2142	24.99
2143	24.99
2144	24.99
2145	24.99
2146	24.99
2147	24.99
2148	24.99
2149	24.99
2150	24.99
2151	24.99
2152	24.99
2153	24.99
2154	24.99
2155	24.99
2156	24.99
2157	24.99
2158	24.99
2159	24.99
2160	24.99
2161	24.99
2162	24.99
2163	24.99
2164	24.99
2165	24.99
2166	24.99
2167	24.99
2168	24.99
2169	24.99
2170	24.99
2171	24.99
2172	24.99
2173	24.99
2174	24.99
2175	24.99
2176	24.99
2177	24.99
2178	24.99
2179	24.99
2180	24.99
2181	24.99
2182	24.99
2183	24.99
2184	24.99
2185	24.99
2186	24.99
2187	24.99
2188	24.99
2189	24.99
2190	24.99
2191	24.99
2192	24.99
2193	24.99
2194	24.99
2195	24.99
2196	24.99
2197	24.99
2198	24.99
2199	24.99
2200	24.99
2201	24.99
2202	24.99
2203	24.99
2204	24.99
2205	24.99
2206	24.99
2207	24.99
2208	24.99
2209	24.99
2210	24.99
2211	24.99
2212	24.99
2213	24.99
2214	24.99
2215	24.99
2216	24.99
2217	24.99
2218	24.99
2219	24.99
2220	24.99
2221	24.99
2222	24.99
2223	24.99
2224	24.99
2225	24.99
2226	24.99
2227	24.99
2228	24.99
2229	24.99
2230	24.99
2231	24.99
2232	24.99
2233	24.99
2234	24.99
2235	24.99
2236	24.99
2237	24.99
2238	24.99
2239	24.99
2240	24.99
2241	24.99
2242	24.99
2243	24.99
2244	24.99
2245	24.99
2246	24.99
2247	24.99
2248	24.99
2249	24.99
2250	24.99
2251	24.99
2252	24.99
2253	24.99
2254	24.99
2255	24.99
2256	24.99
2257	24.99
2258	24.99
2259	24.99
2260	24.99
2261	24.99
2262	24.99
2263	24.99
2264	24.99
2265	24.99
2266	24.99
2267	24.99
2268	24.99
2269	24.99
2270	24.99
2271	24.99
2272	24.99
2273	24.99
2274	24.99
2275	24.99
2276	24.99
2277	24.99
2278	24.99
2279	24.99
2280	24.99
2281	24.99
2282	24.99
2283	24.99
2284	24.99
2285	24.99
2286	24.99
2287	24.99
2288	24.99
2289	24.99
2290	24.99
2291	24.99
2292	24.99
2293	24.99
2294	24.99
2295	24.99
2296	24.99
2297	24.99
2298	24.99
2299	24.99
2300	24.99
2301	24.99
2302	24.99
2303	24.99
2304	24.99
2305	24.99
2306	24.99
2307	24.99
2308	24.99
2309	24.99
2310	24.99
2311	24.99
2312	24.99
2313	24.99
2314	24.99
2315	24.99
2316	24.99
2317	24.99
2318	24.99
2319	24.99
2320	24.99
2321	24.99
2322	24.99
2323	24.99
2324	24.99
2325	24.99
2326	24.99
2327	24.99
2328	24.99
2329	24.99
2330	24.99
2331	24.99
2332	24.99
2333	24.99
2334	24.99
2335	24.99
2336	24.99
2337	24.99
2338	24.99
2339	24.99
2340	24.99
2341	24.99
2342	24.99
2343	24.99
2344	24.99
2345	24.99
2346	24.99
2347	24.99
2348	24.99
2349	24.99
2350	24.99
2351	24.99
2352	24.99
2353	24.99
2354	24.99
2355	24.99
2356	24.99
2357	24.99
2358	24.99
2359	24.99
2360	24.99
2361	24.99
2362	24.99
2363	24.99
2364	24.99
2365	24.99
2366	24.99
2367	24.99
2368	24.99
2369	24.99
2370	24.99
2371	24.99
2372	24.99
2373	24.99
2374	24.99
2375	24.99
2376	24.99
2377	24.99
2378	24.99
2379	24.99
2380	24.99
2381	24.99
2382	24.99
2383	24.99
2384	24.99
2385	24.99
2386	24.99
2387	24.99
2388	24.99
2389	24.99
2390	24.99
2391	24.99
2392	24.99
2393	24.99
2394	24.99
2395	24.99
2396	24.99
2397	24.99
2398	24.99
2399	24.99
2400	24.99
2401	24.99
2402	24.99
2403	24.99
2404	24.99
2405	24.99
2406	24.99
2407	24.99
2408	24.99
2409	24.99
2410	24.99
2411	24.99
2412	24.99
2413	24.99
2414	24.99
2415	24.99
2416	24.99
2417	24.99
2418	24.99
2419	24.99
2420	24.99
2421	24.99
2422	24.99
2423	24.99
2424	24.99
2425	24.99
2426	24.99
2427	24.99
2428	24.99
2429	24.99
2430	24.99
2431	24.99
2432	24.99
2433	24.99
2434	24.99
2435	24.99
2436	24.99
2437	24.99
2438	24.99
2439	24.99
2440	24.99
2441	24.99
2442	24.99
2443	24.99
2444	24.99
2445	24.99
2446	24.99
2447	24.99
2448	24.99
2449	24.99
2450	24.99
2451	24.99
2452	24.99
2453	24.99
2454	24.99
2455	24.99
2456	24.99
2457	24.99
2458	24.99
2459	24.99
2460	24.99
2461	24.99
2462	24.99
2463	24.99
2464	24.99
2465	24.99
2466	24.99
2467	24.99
2468	24.99
2469	24.99
2470	24.99
2471	24.99
2472	24.99
2473	24.99
2474	24.99
2475	24.99
2476	24.99
2477	24.99
2478	24.99
2479	24.99
2480	24.99
2481	24.99
2482	24.99
2483	24.99
2484	24.99
2485	24.99
2486	24.99
2487	24.99
2488	24.99
2489	24.99
2490	24.99
2491	24.99
2492	24.99
2493	24.99
2494	24.99
2495	24.99
2496	24.99
2497	24.99
2498	24.99
2499	24.99
2500	24.99
2501	24.99
2502	24.99
2503	24.99
2504	24.99
2505	24.99
2506	24.99
2507	24.99
2508	24.99
2509	24.99
2510	24.99
2511	24.99
2512	24.99
2513	24.99
2514	24.99
2515	24.99
2516	24.99
2517	24.99
2518	24.99
2519	24.99
2520	24.99
2521	24.99
2522	24.99
2523	24.99
2524	24.99
2525	24.99
2526	24.99
2527	24.99
2528	24.99
2529	24.99
2530	24.99
2531	24.99
2532	24.99
2533	24.99
2534	24.99
2535	24.99
2536	24.99
2537	24.99
2538	24.99
2539	24.99
2540	24.99
2541	24.99
2542	24.99
2543	24.99
2544	24.99
2545	24.99
2546	24.99
2547	24.99
2548	24.99
2549	24.99
2550	24.99
2551	24.99
2552	24.99
2553	24.99
2554	24.99
2555	24.99
2556	24.99
2557	24.99
2558	24.99
2559	24.99
2560	24.99
2561	24.99
2562	24.99
2563	24.99
2564	24.99
2565	24.99
2566	24.99
2567	24.99
2568	24.99
2569	24.99
2570	24.99
2571	24.99
2572	24.99
2573	24.99
2574	24.99
2575	24.99
2576	24.99
2577	24.99
2578	24.99
2579	24.99
2580	24.99
2581	24.99
2582	24.99
2583	24.99
2584	24.99
2585	24.99
2586	24.99
2587	24.99
2588	24.99
2589	24.99
2590	24.99
2591	24.99
2592	24.99
2593	24.99
2594	24.99
2595	24.99
2596	24.99
2597	24.99
2598	24.99
2599	24.99
2600	24.99
2601	24.99
2602	24.99
2603	24.99
2604	24.99
2605	24.99
2606	24.99
2607	24.99
2608	24.99
2609	24.99
2610	24.99
2611	24.99
2612	24.99
2613	24.99
2614	24.99
2615	24.99
2616	24.99
2617	24.99
2618	24.99
2619	24.99
2620	24.99
2621	24.99
2622	24.99
2623	24.99
2624	24.99
2625	24.99
2626	24.99
2627	24.99
2628	24.99
2629	24.99
2630	24.99
2631	24.99
2632	24.99
2633	24.99
2634	24.99
2635	24.99
2636	24.99
2637	24.99
2638	24.99
2639	24.99
2640	24.99
2641	24.99
2642	24.99
2643	24.99
2644	24.99
2645	24.99
2646	24.99
2647	24.99
2648	24.99
2649	24.99
2650	24.99
2651	24.99
2652	24.99
2653	24.99
2654	24.99
2655	24.99
2656	24.99
2657	24.99
2658	24.99
2659	24.99
2660	24.99
2661	24.99
2662	24.99
2663	24.99
2664	24.99
2665	24.99
2666	24.99
2667	24.99
2668	24.99
2669	24.99
2670	24.99
2671	24.99
2672	24.99
2673	24.99
2674	24.99
2675	24.99
2676	24.99
2677	24.99
2678	24.99
2679	24.99
2680	24.99
2681	24.99
2682	24.99
2683	24.99
2684	24.99
2685	24.99
2686	24.99
2687	24.99
2688	24.99
2689	24.99
2690	24.99
2691	24.99
2692	24.99
2693	24.99
2694	24.99
2695	24.99
2696	24.99
2697	24.99
2698	24.99
2699	24.99
2700	24.99
2701	24.99
2702	24.99
2703	24.99
2704	24.99
2705	24.99
2706	24.99
2707	24.99
2708	24.99
2709	24.99
2710	24.99
2711	24.99
2712	24.99
2713	24.99
2714	24.99
2715	24.99
2716	24.99
2717	24.99
2718	24.99
2719	24.99
2720	24.99
2721	24.99
2722	24.99
2723	24.99
2724	24.99
2725	24.99
2726	24.99
2727	24.99
2728	24.99
2729	24.99
2730	24.99
2731	24.99
2732	24.99
2733	24.99
2734	24.99
2735	24.99
2736	24.99
2737	24.99
2738	24.99
2739	24.99
2740	24.99
2741	24.99
2742	24.99
2743	24.99
2744	24.99
2745	24.99
2746	24.99
2747	24.99
2748	24.99
2749	24.99
2750	24.99
2751	24.99
2752	24.99
2753	24.99
2754	24.99
2755	24.99
2756	24.99
2757	24.99
2758	24.99
2759	24.99
2760	24.99
2761	24.99
2762	24.99
2763	24.99
2764	24.99
2765	24.99
2766	24.99
2767	24.99
2768	24.99
2769	24.99
2770	24.99
2771	24.99
2772	24.99
2773	24.99
2774	24.99
2775	24.99
2776	24.99
2777	24.99
2778	24.99
2779	24.99
2780	24.99
2781	24.99
2782	24.99
2783	24.99
2784	24.99
2785	24.99
2786	24.99
2787	24.99
2788	24.99
2789	24.99
2790	24.99
2791	24.99
2792	24.99
2793	24.99
2794	24.99
2795	24.99
2796	24.99
2797	24.99
2798	24.99
2799	24.99
2800	24.99
2801	24.99
2802	24.99
2803	24.99
2804	24.99
2805	24.99
2806	24.99
2807	24.99
2808	24.99
2809	24.99
2810	24.99
2811	24.99
2812	24.99
2813	24.99
2814	24.99
2815	24.99
2816	24.99
2817	24.99
2818	24.99
2819	24.99
2820	24.99
2821	24.99
2822	24.99
2823	24.99
2824	24.99
2825	24.99
2826	24.99
2827	24.99
2828	24.99
2829	24.99
2830	24.99
2831	24.99
2832	24.99
2833	24.99
2834	24.99
2835	24.99
2836	24.99
2837	24.99
2838	24.99
2839	24.99
2840	24.99
2841	24.99
2842	24.99
2843	24.99
2844	24.99
2845	24.99
2846	24.99
2847	24.99
2848	24.99
2849	24.99
2850	24.99
2851	24.99
2852	24.99
2853	24.99
2854	24.99
2855	24.99
2856	24.99
2857	24.99
2858	24.99
2859	24.99
2860	24.99
2861	24.99
2862	24.99
2863	24.99
2864	24.99
2865	24.99
2866	24.99
2867	24.99
2868	24.99
2869	24.99
2870	24.99
2871	24.99
2872	24.99
2873	24.99
2874	24.99
2875	24.99
2876	24.99
2877	24.99
2878	24.99
2879	24.99
2880	24.99
2881	24.99
2882	24.99
2883	24.99
2884	24.99
2885	24.99
2886	24.99
2887	24.99
2888	24.99
2889	24.99
2890	24.99
2891	24.99
2892	24.99
2893	24.99
2894	24.99
2895	24.99
2896	24.99
2897	24.99
2898	24.99
2899	24.99
2900	24.99
2901	24.99
2902	24.99
2903	24.99
2904	24.99
2905	24.99
2906	24.99
2907	24.99
2908	24.99
2909	24.99
2910	24.99
2911	24.99
2912	24.99
2913	24.99
2914	24.99
2915	24.99
2916	24.99
2917	24.99
2918	24.99
2919	24.99
2920	24.99
2921	24.99
2922	24.99
2923	24.99
2924	24.99
2925	24.99
2926	24.99
2927	24.99
2928	24.99
2929	24.99
2930	24.99
2931	24.99
2932	24.99
2933	24.99
2934	24.99
2935	24.99
2936	24.99
2937	24.99
2938	24.99
2939	24.99
2940	24.99
2941	24.99
2942	24.99
2943	24.99
2944	24.99
2945	24.99
2946	24.99
2947	24.99
2948	24.99
2949	24.99
2950	24.99
2951	24.99
2952	24.99
2953	24.99
2954	24.99
2955	24.99
2956	24.99
2957	24.99
2958	24.99
2959	24.99
2960	24.99
2961	24.99
2962	24.99
2963	24.99
2964	24.99
2965	24.99
2966	24.99
2967	24.99
2968	24.99
2969	24.99
2970	24.99
2971	24.99
2972	24.99
2973	24.99
2974	24.99
2975	24.99
2976	24.99
2977	24.99
2978	24.99
2979	24.99
2980	24.99
2981	24.99
2982	24.99
2983	24.99
2984	24.99
2985	24.99
2986	24.99
2987	24.99
2988	24.99
2989	24.99
2990	24.99
2991	24.99
2992	24.99
2993	24.99
2994	24.99
2995	24.99
2996	24.99
2997	24.99
2998	24.99
2999	24.99
3000	24.99
3001	24.99
3002	24.99
3003	24.99
3004	24.99
3005	24.99
3006	24.99
3007	24.99
3008	24.99
3009	24.99
3010	24.99
3011	24.99
3012	24.99
3013	24.99
3014	24.99
3015	24.99
3016	24.99
3017	24.99
3018	24.99
3019	24.99
3020	24.99
3021	24.99
3022	24.99
3023	24.99
3024	24.99
3025	24.99
3026	24.99
3027	24.99
3028	24.99
3029	24.99
3030	24.99
3031	24.99
3032	24.99
3033	24.99
3034	24.99
3035	24.99
3036	24.99
3037	24.99
3038	24.99
3039	24.99
3040	24.99
3041	24.99
3042	24.99
3043	24.99
3044	24.99
3045	24.99
3046	24.99
3047	24.99
3048	24.99
3049	24.99
3050	24.99
3051	24.99
3052	24.99
3053	24.99
3054	24.99
3055	24.99
3056	24.99
3057	24.99
3058	24.99
3059	24.99
3060	24.99
3061	24.99
3062	24.99
3063	24.99
3064	24.99
3065	24.99
3066	24.99
3067	24.99
3068	24.99
3069	24.99
3070	24.99
3071	24.99
3072	24.99
3073	24.99
3074	24.99
3075	24.99
3076	24.99
3077	24.99
3078	24.99
3079	24.99
3080	24.99
3081	24.99
3082	24.99
3083	24.99
3084	24.99
3085	24.99
3086	24.99
3087	24.99
3088	24.99
3089	24.99
3090	24.99
3091	24.99
3092	24.99
3093	24.99
3094	24.99
3095	24.99
3096	24.99
3097	24.99
3098	24.99
3099	24.99
3100	24.99
3101	24.99
3102	24.99
3103	24.99
3104	24.99
3105	24.99
3106	24.99
3107	24.99
3108	24.99
3109	24.99
3110	24.99
3111	24.99
3112	24.99
3113	24.99
3114	24.99
3115	24.99
3116	24.99
3117	24.99
3118	24.99
3119	24.99
3120	24.99
3121	24.99
3122	24.99
3123	24.99
3124	24.99
3125	24.99
3126	24.99
3127	24.99
3128	24.99
3129	24.99
3130	24.99
3131	24.99
3132	24.99
3133	24.99
3134	24.99
3135	24.99
3136	24.99
3137	24.99
3138	24.99
3139	24.99
3140	24.99
3141	24.99
3142	24.99
3143	24.99
3144	24.99
3145	24.99
3146	24.99
3147	24.99
3148	24.99
3149	24.99
3150	24.99
3151	24.99
3152	24.99
3153	24.99
3154	24.99
3155	24.99
3156	24.99
3157	24.99
3158	24.99
3159	24.99
3160	24.99
3161	24.99
3162	24.99
3163	24.99
3164	24.99
3165	24.99
3166	24.99
3167	24.99
3168	24.99
3169	24.99
3170	24.99
3171	24.99
3172	24.99
3173	24.99
3174	24.99
3175	24.99
3176	24.99
3177	24.99
3178	24.99
3179	24.99
3180	24.99
3181	24.99
3182	24.99
3183	24.99
3184	24.99
3185	24.99
3186	24.99
3187	24.99
3188	24.99
3189	24.99
3190	24.99
3191	24.99
3192	24.99
3193	24.99
3194	24.99
3195	24.99
3196	24.99
3197	24.99
3198	24.99
3199	24.99
3200	24.99
3201	24.99
3202	24.99
3203	24.99
3204	24.99
3205	24.99
3206	24.99
3207	24.99
3208	24.99
3209	24.99
3210	24.99
3211	24.99
3212	24.99
3213	24.99
3214	24.99
3215	24.99
3216	24.99
3217	24.99
3218	24.99
3219	24.99
3220	24.99
3221	24.99
3222	24.99
3223	24.99
3224	24.99
3225	24.99
3226	24.99
3227	24.99
3228	24.99
3229	24.99
3230	24.99
3231	24.99
3232	24.99
3233	24.99
3234	24.99
3235	24.99
3236	24.99
3237	24.99
3238	24.99
3239	24.99
3240	24.99
3241	24.99
3242	24.99
3243	24.99
3244	24.99
3245	24.99
3246	24.99
3247	24.99
3248	24.99
3249	24.99
3250	24.99
3251	24.99
3252	24.99
3253	24.99
3254	24.99
3255	24.99
3256	24.99
3257	24.99
3258	24.99
3259	24.99
3260	24.99
3261	24.99
3262	24.99
3263	24.99
3264	24.99
3265	24.99
3266	24.99
3267	24.99
3268	24.99
3269	24.99
3270	24.99
3271	24.99
3272	24.99
3273	24.99
3274	24.99
3275	24.99
3276	24.99
3277	24.99
3278	24.99
3279	24.99
3280	24.99
3281	24.99
3282	24.99
3283	24.99
3284	24.99
3285	24.99
3286	24.99
3287	24.99
3288	24.99
3289	24.99
3290	24.99
3291	24.99
3292	24.99
3293	24.99
3294	24.99
3295	24.99
3296	24.99
3297	24.99
3298	24.99
3299	24.99
3300	24.99
3301	24.99
3302	24.99
3303	24.99
3304	24.99
3305	24.99
3306	24.99
3307	24.99
3308	24.99
3309	24.99
3310	24.99
3311	24.99
3312	24.99
3313	24.99
3314	24.99
3315	24.99
3316	24.99
3317	24.99
3318	24.99
3319	24.99
3320	24.99
3321	24.99
3322	24.99
3323	24.99
3324	24.99
3325	24.99
3326	24.99
3327	24.99
3328	24.99
3329	24.99
3330	24.99
3331	24.99
3332	24.99
3333	24.99
3334	24.99
3335	24.99
3336	24.99
3337	24.99
3338	24.99
3339	24.99
3340	24.99
3341	24.99
3342	24.99
3343	24.99
3344	24.99
3345	24.99
3346	24.99
3347	24.99
3348	24.99
3349	24.99
3350	24.99
3351	24.99
3352	24.99
3353	24.99
3354	24.99
3355	24.99
3356	24.99
3357	24.99
3358	24.99
3359	24.99
3360	24.99
3361	24.99
3362	24.99
3363	24.99
3364	24.99
3365	24.99
3366	24.99
3367	24.99
3368	24.99
3369	24.99
3370	24.99
3371	24.99
3372	24.99
3373	24.99
3374	24.99
3375	24.99
3376	24.99
3377	24.99
3378	24.99
3379	24.99
3380	24.99
3381	24.99
3382	24.99
3383	24.99
3384	24.99
3385	24.99
3386	24.99
3387	24.99
3388	24.99
3389	24.99
3390	24.99
3391	24.99
3392	24.99
3393	24.99
3394	24.99
3395	24.99
3396	24.99
3397	24.99
3398	24.99
3399	24.99
3400	24.99
3401	24.99
3402	24.99
3403	24.99
3404	24.99
3405	24.99
3406	24.99
3407	24.99
3408	24.99
3409	24.99
3410	24.99
3411	24.99
3412	24.99
3413	24.99
3414	24.99
3415	24.99
3416	24.99
3417	24.99
3418	24.99
3419	24.99
3420	24.99
3421	24.99
3422	24.99
3423	24.99
3424	24.99
3425	24.99
3426	24.99
3427	24.99
3428	24.99
3429	24.99
3430	24.99
3431	24.99
3432	24.99
3433	24.99
3434	24.99
3435	24.99
3436	24.99
3437	24.99
3438	24.99
3439	24.99
3440	24.99
3441	24.99
3442	24.99
3443	24.99
3444	24.99
3445	24.99
3446	24.99
3447	24.99
3448	24.99
3449	24.99
3450	24.99
3451	24.99
3452	24.99
3453	24.99
3454	24.99
3455	24.99
3456	24.99
3457	24.99
3458	24.99
3459	24.99
3460	24.99
3461	24.99
3462	24.99
3463	24.99
3464	24.99
3465	24.99
3466	24.99
3467	24.99
3468	24.99
3469	24.99
3470	24.99
3471	24.99
3472	24.99
3473	24.99
3474	24.99
3475	24.99
3476	24.99
3477	24.99
3478	24.99
3479	24.99
3480	24.99
3481	24.99
3482	24.99
3483	24.99
3484	24.99
3485	24.99
3486	24.99
3487	24.99
3488	24.99
3489	24.99
3490	24.99
3491	24.99
3492	24.99
3493	24.99
3494	24.99
3495	24.99
3496	24.99
3497	24.99
3498	24.99
3499	24.99
3500	24.99
3501	24.99
3502	24.99
3503	24.99
3504	24.99
3505	24.99
3506	24.99
3507	24.99
3508	24.99
3509	24.99
3510	24.99
3511	24.99
3512	24.99
3513	24.99
3514	24.99
3515	24.99
3516	24.99
3517	24.99
3518	24.99
3519	24.99
3520	24.99
3521	24.99
3522	24.99
3523	24.99
3524	24.99
3525	24.99
3526	24.99
3527	24.99
3528	24.99
3529	24.99
3530	24.99
3531	24.99
3532	24.99
3533	24.99
3534	24.99
3535	24.99
3536	24.99
3537	24.99
3538	24.99
3539	24.99
3540	24.99
3541	24.99
3542	24.99
3543	24.99
3544	24.99
3545	24.99
3546	24.99
3547	24.99
3548	24.99
3549	24.99
3550	24.99
3551	24.99
3552	24.99
3553	24.99
3554	24.99
3555	24.99
3556	24.99
3557	24.99
3558	24.99
3559	24.99
3560	24.99
3561	24.99
3562	24.99
3563	24.99
3564	24.99
3565	24.99
3566	24.99
3567	24.99
3568	24.99
3569	24.99
3570	24.99
3571	24.99
3572	24.99
3573	24.99
3574	24.99
3575	24.99
3576	24.99
3577	24.99
3578	24.99
3579	24.99
3580	24.99
3581	24.99
3582	24.99
3583	24.99
3584	24.99
3585	24.99
3586	24.99
3587	24.99
3588	24.99
3589	24.99
3590	24.99
3591	24.99
3592	24.99
3593	24.99
3594	24.99
3595	24.99
3596	24.99
3597	24.99
3598	24.99
3599	24.99
3600	24.99
3601	24.99
3602	24.99
3603	24.99
3604	24.99
3605	24.99
3606	24.99
3607	24.99
3608	24.99
3609	24.99
3610	24.99
3611	24.99
3612	24.99
3613	24.99
3614	24.99
3615	24.99
3616	24.99
3617	24.99
3618	24.99
3619	24.99
3620	24.99
3621	24.99
3622	24.99
3623	24.99
3624	24.99
3625	24.99
3626	24.99
3627	24.99
3628	24.99
3629	24.99
3630	24.99
3631	24.99
3632	24.99
3633	24.99
3634	24.99
3635	24.99
3636	24.99
3637	24.99
3638	24.99
3639	24.99
3640	24.99
3641	24.99
3642	24.99
3643	24.99
3644	24.99
3645	24.99
3646	24.99
3647	24.99
3648	24.99
3649	24.99
3650	24.99
3651	24.99
3652	24.99
3653	24.99
3654	24.99
3655	24.99
3656	24.99
3657	24.99
3658	24.99
3659	24.99
3660	24.99
3661	24.99
3662	24.99
3663	24.99
3664	24.99
3665	24.99
3666	24.99
3667	24.99
3668	24.99
3669	24.99
3670	24.99
3671	24.99
3672	24.99
3673	24.99
3674	24.99
3675	24.99
3676	24.99
3677	24.99
3678	24.99
3679	24.99
3680	24.99
3681	24.99
3682	24.99
3683	24.99
3684	24.99
3685	24.99
3686	24.99
3687	24.99
3688	24.99
3689	24.99
3690	24.99
3691	24.99
3692	24.99
3693	24.99
3694	24.99
3695	24.99
3696	24.99
3697	24.99
3698	24.99
3699	24.99
3700	24.99
3701	24.99
3702	24.99
3703	24.99
3704	24.99
3705	24.99
3706	24.99
3707	24.99
3708	24.99
3709	24.99
3710	24.99
3711	24.99
3712	24.99
3713	24.99
3714	24.99
3715	24.99
3716	24.99
3717	24.99
3718	24.99
3719	24.99
3720	24.99
3721	24.99
3722	24.99
3723	24.99
3724	24.99
3725	24.99
3726	24.99
3727	24.99
3728	24.99
3729	24.99
3730	24.99
3731	24.99
3732	24.99
3733	24.99
3734	24.99
3735	24.99
3736	24.99
3737	24.99
3738	24.99
3739	24.99
3740	24.99
3741	24.99
3742	24.99
3743	24.99
3744	24.99
3745	24.99
3746	24.99
3747	24.99
3748	24.99
3749	24.99
3750	24.99
3751	24.99
3752	24.99
3753	24.99
3754	24.99
3755	24.99
3756	24.99
3757	24.99
3758	24.99
3759	24.99
3760	24.99
3761	24.99
3762	24.99
3763	24.99
3764	24.99
3765	24.99
3766	24.99
3767	24.99
3768	24.99
3769	24.99
3770	24.99
3771	24.99
3772	24.99
3773	24.99
3774	24.99
3775	24.99
3776	24.99
3777	24.99
3778	24.99
3779	24.99
3780	24.99
3781	24.99
3782	24.99
3783	24.99
3784	24.99
3785	24.99
3786	24.99
3787	24.99
3788	24.99
3789	24.99
3790	24.99
3791	24.99
3792	24.99
3793	24.99
3794	24.99
3795	24.99
3796	24.99
3797	24.99
3798	24.99
3799	24.99
3800	24.99
3801	24.99
3802	24.99
3803	24.99
3804	24.99
3805	24.99
3806	24.99
3807	24.99
3808	24.99
3809	24.99
3810	24.99
3811	24.99
3812	24.99
3813	24.99
3814	24.99
3815	24.99
3816	24.99
3817	24.99
3818	24.99
3819	24.99
3820	24.99
3821	24.99
3822	24.99
3823	24.99
3824	24.99
3825	24.99
3826	24.99
3827	24.99
3828	24.99
3829	24.99
3830	24.99
3831	24.99
3832	24.99
3833	24.99
3834	24.99
3835	24.99
3836	24.99
3837	24.99
3838	24.99
3839	24.99
3840	24.99
3841	24.99
3842	24.99
3843	24.99
3844	24.99
3845	24.99
3846	24.99
3847	24.99
3848	24.99
3849	24.99
3850	24.99
3851	24.99
3852	24.99
3853	24.99
3854	24.99
3855	24.99
3856	24.99
3857	24.99
3858	24.99
3859	24.99
3860	24.99
3861	24.99
3862	24.99
3863	24.99
3864	24.99
3865	24.99
3866	24.99
3867	24.99
3868	24.99
3869	24.99
3870	24.99
3871	24.99
3872	24.99
3873	24.99
3874	24.99
3875	24.99
3876	24.99
3877	24.99
3878	24.99
3879	24.99
3880	24.99
3881	24.99
3882	24.99
3883	24.99
3884	24.99
3885	24.99
3886	24.99
3887	24.99
3888	24.99
3889	24.99
3890	24.99
3891	24.99
3892	24.99
3893	24.99
3894	24.99
3895	24.99
3896	24.99
3897	24.99
3898	24.99
3899	24.99
3900	24.99
3901	24.99
3902	24.99
3903	24.99
3904	24.99
3905	24.99
3906	24.99
3907	24.99
3908	24.99
3909	24.99
3910	24.99
3911	24.99
3912	24.99
3913	24.99
3914	24.99
3915	24.99
3916	24.99
3917	24.99
3918	24.99
3919	24.99
3920	24.99
3921	24.99
3922	24.99
3923	24.99
3924	24.99
3925	24.99
3926	24.99
3927	24.99
3928	24.99
3929	24.99
3930	24.99
3931	24.99
3932	24.99
3933	24.99
3934	24.99
3935	24.99
3936	24.99
3937	24.99
3938	24.99
3939	24.99
3940	24.99
3941	24.99
3942	24.99
3943	24.99
3944	24.99
3945	24.99
3946	24.99
3947	24.99
3948	24.99
3949	24.99
3950	24.99
3951	24.99
3952	24.99
3953	24.99
3954	24.99
3955	24.99
3956	24.99
3957	24.99
3958	24.99
3959	24.99
3960	24.99
3961	24.99
3962	24.99
3963	24.99
3964	24.99
3965	24.99
3966	24.99
3967	24.99
3968	24.99
3969	24.99
3970	24.99
3971	24.99
3972	24.99
3973	24.99
3974	24.99
3975	24.99
3976	24.99
3977	24.99
3978	24.99
3979	24.99
3980	24.99
3981	24.99
3982	24.99
3983	24.99
3984	24.99
3985	24.99
3986	24.99
3987	24.99
3988	24.99
3989	24.99
3990	24.99
3991	24.99
3992	24.99
3993	24.99
3994	24.99
3995	24.99
3996	24.99
