0	40.0
1	40.0
2	40.0
3	40.0
4	40.0
5	40.0
6	40.0
7	40.0
8	40.0
9	40.0
10	40.0
11	40.0
12	40.0
13	40.0
14	40.0
15	40.0
16	40.0
17	40.0
18	40.0
19	40.0
20	40.0
21	40.0
22	40.0
23	40.0
24	40.0
25	40.0
26	40.0
27	40.0
28	40.0
29	40.0
30	40.0
31	40.0
32	40.0
33	40.0
34	40.0
35	40.0
36	40.0
37	40.0
38	40.0
39	40.0
40	40.0
41	40.0
42	40.0
43	40.0
44	40.0
45	40.0
46	40.0
47	40.0
48	40.0
49	40.0
50	40.0
51	40.0
52	40.0
53	40.0
54	40.0
55	40.0
56	40.0
57	40.0
58	40.0
59	40.0
60	40.0
61	40.0
62	40.0
63	40.0
64	40.0
65	40.0
66	40.0
67	40.0
68	40.0
69	40.0
70	40.0
71	40.0
72	40.0
73	40.0
74	40.0
75	40.0
76	40.0
77	40.0
78	40.0
79	40.0
80	40.0
81	40.0
82	40.0
83	40.0
84	40.0
85	40.0
86	40.0
87	40.0
88	40.0
89	40.0
90	40.0
91	40.0
92	40.0
93	40.0
94	40.0
95	40.0
96	40.0
97	40.0
98	40.0
99	40.0
100	40.0
101	40.0
102	40.0
103	40.0
104	40.0
105	40.0
106	40.0
107	40.0
108	40.0
109	40.0
110	40.0
111	40.0
112	40.0
113	40.0
114	40.0
115	40.0
116	40.0
117	40.0
118	40.0
119	40.0
120	40.0
121	40.0
122	40.0
123	40.0
124	40.0
125	40.0
126	40.0
127	40.0
128	40.0
129	40.0
130	40.0
131	40.0
132	40.0
133	40.0
134	40.0
135	40.0
136	40.0
137	40.0
138	40.0
139	40.0
140	40.0
141	40.0
142	40.0
143	40.0
144	40.0
145	40.0
146	40.0
147	40.0
148	40.0
149	40.0
150	40.0
151	40.0
152	40.0
153	40.0
154	40.0
155	40.0
156	40.0
157	40.0
158	40.0
159	40.0
160	40.0
161	40.0
162	40.0
163	40.0
164	40.0
165	40.0
166	40.0
167	40.0
168	40.0
169	40.0
170	40.0
171	40.0
172	40.0
173	40.0
174	40.0
175	40.0
176	40.0
177	40.0
178	40.0
179	40.0
180	40.0
181	40.0
182	40.0
183	40.0
184	40.0
185	40.0
186	40.0
187	40.0
188	40.0
189	40.0
190	40.0
191	40.0
192	40.0
193	40.0
194	40.0
195	40.0
196	40.0
197	40.0
198	40.0
199	40.0
200	40.0
201	40.0
202	40.0
203	40.0
204	40.0
205	40.0
206	40.0
207	40.0
208	40.0
209	40.0
210	40.0
211	40.0
212	40.0
213	40.0
214	40.0
215	40.0
216	40.0
217	40.0
218	40.0
219	40.0
220	40.0
221	40.0
222	40.0
223	40.0
224	40.0
225	40.0
226	40.0
227	40.0
228	40.0
229	40.0
230	40.0
231	40.0
232	40.0
233	40.0
234	40.0
235	40.0
236	40.0
237	40.0
238	40.0
239	40.0
240	40.0
241	40.0
242	40.0
243	40.0
244	40.0
245	40.0
246	40.0
247	40.0
248	40.0
249	40.0
250	40.0
251	40.0
252	40.0
253	40.0
254	40.0
255	40.0
256	40.0
257	40.0
258	40.0
259	40.0
260	40.0
261	40.0
262	40.0
263	40.0
264	40.0
265	40.0
266	40.0
267	40.0
268	40.0
269	40.0
270	40.0
271	40.0
272	40.0
273	40.0
274	40.0
275	40.0
276	40.0
277	40.0
278	40.0
279	40.0
280	40.0
281	40.0
282	40.0
283	40.0
284	40.0
285	40.0
286	40.0
287	40.0
288	40.0
289	40.0
290	40.0
291	40.0
292	40.0
293	40.0
294	40.0
295	40.0
296	40.0
297	40.0
298	40.0
299	40.0
300	40.0
301	40.0
302	40.0
303	40.0
304	40.0
305	40.0
306	40.0
307	40.0
308	40.0
309	40.0
310	40.0
311	40.0
312	40.0
313	40.0
314	40.0
315	40.0
316	40.0
317	40.0
318	40.0
319	40.0
320	40.0
321	40.0
322	40.0
323	40.0
324	40.0
325	40.0
326	40.0
327	40.0
328	40.0
329	40.0
330	40.0
331	40.0
332	40.0
333	40.0
334	40.0
335	40.0
336	40.0
337	40.0
338	40.0
339	40.0
340	40.0
341	40.0
342	40.0
343	40.0
344	40.0
345	40.0
346	40.0
347	40.0
348	40.0
349	40.0
350	40.0
351	40.0
352	40.0
353	40.0
354	40.0
355	40.0
356	40.0
357	40.0
358	40.0
359	40.0
360	40.0
361	40.0
362	40.0
363	40.0
364	40.0
365	40.0
366	40.0
367	40.0
368	40.0
369	40.0
370	40.0
371	40.0
372	40.0
373	40.0
374	40.0
375	40.0
376	40.0
377	40.0
378	40.0
379	40.0
380	40.0
381	40.0
382	40.0
383	40.0
384	40.0
385	40.0
386	40.0
387	40.0
388	40.0
389	40.0
390	40.0
391	40.0
392	40.0
393	40.0
394	40.0
395	40.0
396	40.0
397	40.0
398	40.0
399	40.0
400	40.0
401	40.0
402	40.0
403	40.0
404	40.0
405	40.0
406	40.0
407	40.0
408	40.0
409	40.0
410	40.0
411	40.0
412	40.0
413	40.0
414	40.0
415	40.0
416	40.0
417	40.0
418	40.0
419	40.0
420	40.0
421	40.0
422	40.0
423	40.0
424	40.0
425	40.0
426	40.0
427	40.0
428	40.0
429	40.0
430	40.0
431	40.0
432	40.0
433	40.0
434	40.0
435	40.0
436	40.0
437	40.0
438	40.0
439	40.0
440	40.0
441	40.0
442	40.0
443	40.0
444	40.0
445	40.0
446	40.0
447	40.0
448	40.0
449	40.0
450	40.0
451	40.0
452	40.0
453	40.0
454	40.0
455	40.0
456	40.0
457	40.0
458	40.0
459	40.0
460	40.0
461	40.0
462	40.0
463	40.0
464	40.0
465	40.0
466	40.0
467	40.0
468	40.0
469	40.0
470	40.0
471	40.0
472	40.0
473	40.0
474	40.0
475	40.0
476	40.0
477	40.0
478	40.0
479	40.0
480	40.0
481	40.0
482	40.0
483	40.0
484	40.0
485	40.0
486	40.0
487	40.0
488	40.0
489	40.0
490	40.0
491	40.0
492	40.0
493	40.0
494	40.0
495	40.0
496	40.0
497	40.0
498	40.0
499	40.0
500	40.0
501	40.0
502	40.0
503	40.0
504	40.0
505	40.0
506	40.0
507	40.0
508	40.0
509	40.0
510	40.0
511	40.0
512	40.0
513	40.0
514	40.0
515	40.0
516	40.0
517	40.0
518	40.0
519	40.0
520	40.0
521	40.0
522	40.0
523	40.0
524	40.0
525	40.0
526	40.0
527	40.0
528	40.0
529	40.0
530	40.0
531	40.0
532	40.0
533	40.0
534	40.0
535	40.0
536	40.0
537	40.0
538	40.0
539	40.0
540	40.0
541	40.0
542	40.0
543	40.0
544	40.0
545	40.0
546	40.0
547	40.0
548	40.0
549	40.0
550	40.0
551	40.0
552	40.0
553	40.0
554	40.0
555	40.0
556	40.0
557	40.0
558	40.0
559	40.0
560	40.0
561	40.0
562	40.0
563	40.0
564	40.0
565	40.0
566	40.0
567	40.0
568	40.0
569	40.0
570	40.0
571	40.0
572	40.0
573	40.0
574	40.0
575	40.0
576	40.0
577	40.0
578	40.0
579	40.0
580	40.0
581	40.0
582	40.0
583	40.0
584	40.0
585	40.0
586	40.0
587	40.0
588	40.0
589	40.0
590	40.0
591	40.0
592	40.0
593	40.0
594	40.0
595	40.0
596	40.0
597	40.0
598	40.0
599	40.0
600	40.0
601	40.0
602	40.0
603	40.0
604	40.0
605	40.0
606	40.0
607	40.0
608	40.0
609	40.0
610	40.0
611	40.0
612	40.0
613	40.0
614	40.0
615	40.0
616	40.0
617	40.0
618	40.0
619	40.0
620	40.0
621	40.0
622	40.0
623	40.0
624	40.0
625	40.0
626	40.0
627	40.0
628	40.0
629	40.0
630	40.0
631	40.0
632	40.0
633	40.0
634	40.0
635	40.0
636	40.0
637	40.0
638	40.0
639	40.0
640	40.0
641	40.0
642	40.0
643	40.0
644	40.0
645	40.0
646	40.0
647	40.0
648	40.0
649	40.0
650	40.0
651	40.0
652	40.0
653	40.0
654	40.0
655	40.0
656	40.0
657	40.0
658	40.0
659	40.0
660	40.0
661	40.0
662	40.0
663	40.0
664	40.0
665	40.0
666	40.0
667	40.0
668	40.0
669	40.0
670	40.0
671	40.0
672	40.0
673	40.0
674	40.0
675	40.0
676	40.0
677	40.0
678	40.0
679	40.0
680	40.0
681	40.0
682	40.0
683	40.0
684	40.0
685	40.0
686	40.0
687	40.0
688	40.0
689	40.0
690	40.0
691	40.0
692	40.0
693	40.0
694	40.0
695	40.0
696	40.0
697	40.0
698	40.0
699	40.0
700	40.0
701	40.0
702	40.0
703	40.0
704	40.0
705	40.0
706	40.0
707	40.0
708	40.0
709	40.0
710	40.0
711	40.0
712	40.0
713	40.0
714	40.0
715	40.0
716	40.0
717	40.0
718	40.0
719	40.0
720	40.0
721	40.0
722	40.0
723	40.0
724	40.0
725	40.0
726	40.0
727	40.0
728	40.0
729	40.0
730	40.0
731	40.0
732	40.0
733	40.0
734	40.0
735	40.0
736	40.0
737	40.0
738	40.0
739	40.0
740	40.0
741	40.0
742	40.0
743	40.0
744	40.0
745	40.0
746	40.0
747	40.0
748	40.0
749	40.0
750	40.0
751	40.0
752	40.0
753	40.0
754	40.0
755	40.0
756	40.0
757	40.0
758	40.0
759	40.0
760	40.0
761	40.0
762	40.0
763	40.0
764	40.0
765	40.0
766	40.0
767	40.0
768	40.0
769	40.0
770	40.0
771	40.0
772	40.0
773	40.0
774	40.0
775	40.0
776	40.0
777	40.0
778	40.0
779	40.0
780	40.0
781	40.0
782	40.0
783	40.0
784	40.0
785	40.0
786	40.0
787	40.0
788	40.0
789	40.0
790	40.0
791	40.0
792	40.0
793	40.0
794	40.0
795	40.0
796	40.0
797	40.0
798	40.0
799	40.0
800	40.0
801	40.0
802	40.0
803	40.0
804	40.0
805	40.0
806	40.0
807	40.0
808	40.0
809	40.0
810	40.0
811	40.0
812	40.0
813	40.0
814	40.0
815	40.0
816	40.0
817	40.0
818	40.0
819	40.0
820	40.0
821	40.0
822	40.0
823	40.0
824	40.0
825	40.0
826	40.0
827	40.0
828	40.0
829	40.0
830	40.0
831	40.0
832	40.0
833	40.0
834	40.0
835	40.0
836	40.0
837	40.0
838	40.0
839	40.0
840	40.0
841	40.0
842	40.0
843	40.0
844	40.0
845	40.0
846	40.0
847	40.0
848	40.0
849	40.0
850	40.0
851	40.0
852	40.0
853	40.0
854	40.0
855	40.0
856	40.0
857	40.0
858	40.0
859	40.0
860	40.0
861	40.0
862	40.0
863	40.0
864	40.0
865	40.0
866	40.0
867	40.0
868	40.0
869	40.0
870	40.0
871	40.0
872	40.0
873	40.0
874	40.0
875	40.0
876	40.0
877	40.0
878	40.0
879	40.0
880	40.0
881	40.0
882	40.0
883	40.0
884	40.0
885	40.0
886	40.0
887	40.0
888	40.0
889	40.0
890	40.0
891	40.0
892	40.0
893	40.0
894	40.0
895	40.0
896	40.0
897	40.0
898	40.0
899	40.0
900	40.0
901	40.0
902	40.0
903	40.0
904	40.0
905	40.0
906	40.0
907	40.0
908	40.0
909	40.0
910	40.0
911	40.0
912	40.0
913	40.0
914	40.0
915	40.0
916	40.0
917	40.0
918	40.0
919	40.0
920	40.0
921	40.0
922	40.0
923	40.0
924	40.0
925	40.0
926	40.0
927	40.0
928	40.0
929	40.0
930	40.0
931	40.0
932	40.0
933	40.0
934	40.0
935	40.0
936	40.0
937	40.0
938	40.0
939	40.0
940	40.0
941	40.0
942	40.0
943	40.0
944	40.0
945	40.0
946	40.0
947	40.0
948	40.0
949	40.0
950	40.0
951	40.0
952	40.0
953	40.0
954	40.0
955	40.0
956	40.0
957	40.0
958	40.0
959	40.0
960	40.0
961	40.0
962	40.0
963	40.0
964	40.0
965	40.0
966	40.0
967	40.0
968	40.0
969	40.0
970	40.0
971	40.0
972	40.0
973	40.0
974	40.0
975	40.0
976	40.0
977	40.0
978	40.0
979	40.0
980	40.0
981	40.0
982	40.0
983	40.0
984	40.0
985	40.0
986	40.0
987	40.0
988	40.0
989	40.0
990	40.0
991	40.0
992	40.0
993	40.0
994	40.0
995	40.0
996	40.0
997	40.0
998	40.0
999	40.0
1000	40.0
1001	40.0
1002	40.0
1003	40.0
1004	40.0
1005	40.0
1006	40.0
1007	40.0
1008	40.0
1009	40.0
1010	40.0
1011	40.0
1012	40.0
1013	40.0
1014	40.0
1015	40.0
1016	40.0
1017	40.0
1018	40.0
1019	40.0
1020	40.0
1021	40.0
1022	40.0
1023	40.0
1024	40.0
1025	40.0
1026	40.0
1027	40.0
1028	40.0
1029	40.0
1030	40.0
1031	40.0
1032	40.0
1033	40.0
1034	40.0
1035	40.0
1036	40.0
1037	40.0
1038	40.0
1039	40.0
1040	40.0
1041	40.0
1042	40.0
1043	40.0
1044	40.0
1045	40.0
1046	40.0
1047	40.0
1048	40.0
1049	40.0
1050	40.0
1051	40.0
1052	40.0
1053	40.0
1054	40.0
1055	40.0
1056	40.0
1057	40.0
1058	40.0
1059	40.0
1060	40.0
1061	40.0
1062	40.0
1063	40.0
1064	40.0
1065	40.0
1066	40.0
1067	40.0
1068	40.0
1069	40.0
1070	40.0
1071	40.0
1072	40.0
1073	40.0
1074	40.0
1075	40.0
1076	40.0
1077	40.0
1078	40.0
1079	40.0
1080	40.0
1081	40.0
1082	40.0
1083	40.0
1084	40.0
1085	40.0
1086	40.0
1087	40.0
1088	40.0
1089	40.0
1090	40.0
1091	40.0
1092	40.0
1093	40.0
1094	40.0
1095	40.0
1096	40.0
1097	40.0
1098	40.0
1099	40.0
1100	40.0
1101	40.0
1102	40.0
1103	40.0
1104	40.0
1105	40.0
1106	40.0
1107	40.0
1108	40.0
1109	40.0
1110	40.0
1111	40.0
1112	40.0
1113	40.0
1114	40.0
1115	40.0
1116	40.0
1117	40.0
1118	40.0
1119	40.0
1120	40.0
1121	40.0
1122	40.0
1123	40.0
1124	40.0
1125	40.0
1126	40.0
1127	40.0
1128	40.0
1129	40.0
1130	40.0
1131	40.0
1132	40.0
1133	40.0
1134	40.0
1135	40.0
1136	40.0
1137	40.0
1138	40.0
1139	40.0
1140	40.0
1141	40.0
1142	40.0
1143	40.0
1144	40.0
1145	40.0
1146	40.0
1147	40.0
1148	40.0
1149	40.0
1150	40.0
1151	40.0
1152	40.0
1153	40.0
1154	40.0
1155	40.0
1156	40.0
1157	40.0
1158	40.0
1159	40.0
1160	40.0
1161	40.0
1162	40.0
1163	40.0
1164	40.0
1165	40.0
1166	40.0
1167	40.0
1168	40.0
1169	40.0
1170	40.0
1171	40.0
1172	40.0
1173	40.0
1174	40.0
1175	40.0
1176	40.0
1177	40.0
1178	40.0
1179	40.0
1180	40.0
1181	40.0
1182	40.0
1183	40.0
1184	40.0
1185	40.0
1186	40.0
1187	40.0
1188	40.0
1189	40.0
1190	40.0
1191	40.0
1192	40.0
1193	40.0
1194	40.0
1195	40.0
1196	40.0
1197	40.0
1198	40.0
1199	40.0
1200	40.0
1201	40.0
1202	40.0
1203	40.0
1204	40.0
1205	40.0
1206	40.0
1207	40.0
1208	40.0
1209	40.0
1210	40.0
1211	40.0
1212	40.0
1213	40.0
1214	40.0
1215	40.0
1216	40.0
1217	40.0
1218	40.0
1219	40.0
1220	40.0
1221	40.0
1222	40.0
1223	40.0
1224	40.0
1225	40.0
1226	40.0
1227	40.0
1228	40.0
1229	40.0
1230	40.0
1231	40.0
1232	40.0
1233	40.0
1234	40.0
1235	40.0
1236	40.0
1237	40.0
1238	40.0
1239	40.0
1240	40.0
1241	40.0
1242	40.0
1243	40.0
1244	40.0
1245	40.0
1246	40.0
1247	40.0
1248	40.0
1249	40.0
1250	40.0
1251	40.0
1252	40.0
1253	40.0
1254	40.0
1255	40.0
1256	40.0
1257	40.0
1258	40.0
1259	40.0
1260	40.0
1261	40.0
1262	40.0
1263	40.0
1264	40.0
1265	40.0
1266	40.0
1267	40.0
1268	40.0
1269	40.0
1270	40.0
1271	40.0
1272	40.0
1273	40.0
1274	40.0
1275	40.0
1276	40.0
1277	40.0
1278	40.0
1279	40.0
1280	40.0
1281	40.0
1282	40.0
1283	40.0
1284	40.0
1285	40.0
1286	40.0
1287	40.0
1288	40.0
1289	40.0
1290	40.0
1291	40.0
1292	40.0
1293	40.0
1294	40.0
1295	40.0
1296	40.0
1297	40.0
1298	40.0
1299	40.0
1300	40.0
1301	40.0
1302	40.0
1303	40.0
1304	40.0
1305	40.0
1306	40.0
1307	40.0
1308	40.0
1309	40.0
1310	40.0
1311	40.0
1312	40.0
1313	40.0
1314	40.0
1315	40.0
1316	40.0
1317	40.0
1318	40.0
1319	40.0
1320	40.0
1321	40.0
1322	40.0
1323	40.0
1324	40.0
1325	40.0
1326	40.0
1327	40.0
1328	40.0
1329	40.0
1330	40.0
1331	40.0
1332	40.0
1333	40.0
1334	40.0
1335	40.0
1336	40.0
1337	40.0
1338	40.0
1339	40.0
1340	40.0
1341	40.0
1342	40.0
1343	40.0
1344	40.0
1345	40.0
1346	40.0
1347	40.0
1348	40.0
1349	40.0
1350	40.0
1351	40.0
1352	40.0
1353	40.0
1354	40.0
1355	40.0
1356	40.0
1357	40.0
1358	40.0
1359	40.0
1360	40.0
1361	40.0
1362	40.0
1363	40.0
1364	40.0
1365	40.0
1366	40.0
1367	40.0
1368	40.0
1369	40.0
1370	40.0
1371	40.0
1372	40.0
1373	40.0
1374	40.0
1375	40.0
1376	40.0
1377	40.0
1378	40.0
1379	40.0
1380	40.0
1381	40.0
1382	40.0
1383	40.0
1384	40.0
1385	40.0
1386	40.0
1387	40.0
1388	40.0
1389	40.0
1390	40.0
1391	40.0
1392	40.0
1393	40.0
1394	40.0
1395	40.0
1396	40.0
1397	40.0
1398	40.0
1399	40.0
1400	40.0
1401	40.0
1402	40.0
1403	40.0
1404	40.0
1405	40.0
1406	40.0
1407	40.0
1408	40.0
1409	40.0
1410	40.0
1411	40.0
1412	40.0
1413	40.0
1414	40.0
1415	40.0
1416	40.0
1417	40.0
1418	40.0
1419	40.0
1420	40.0
1421	40.0
1422	40.0
1423	40.0
1424	40.0
1425	40.0
1426	40.0
1427	40.0
1428	40.0
1429	40.0
1430	40.0
1431	40.0
1432	40.0
1433	40.0
1434	40.0
1435	40.0
1436	40.0
1437	40.0
1438	40.0
1439	40.0
1440	40.0
1441	40.0
1442	40.0
1443	40.0
1444	40.0
1445	40.0
1446	40.0
1447	40.0
1448	40.0
1449	40.0
1450	40.0
1451	40.0
1452	40.0
1453	40.0
1454	40.0
1455	40.0
1456	40.0
1457	40.0
1458	40.0
1459	40.0
1460	40.0
1461	40.0
1462	40.0
1463	40.0
1464	40.0
1465	40.0
1466	40.0
1467	40.0
1468	40.0
1469	40.0
1470	40.0
1471	40.0
1472	40.0
1473	40.0
1474	40.0
1475	40.0
1476	40.0
1477	40.0
1478	40.0
1479	40.0
1480	40.0
1481	40.0
1482	40.0
1483	40.0
1484	40.0
1485	40.0
1486	40.0
1487	40.0
1488	40.0
1489	40.0
1490	40.0
1491	40.0
1492	40.0
1493	40.0
1494	40.0
1495	40.0
1496	40.0
1497	40.0
1498	40.0
1499	40.0
1500	40.0
1501	40.0
1502	40.0
1503	40.0
1504	40.0
1505	40.0
1506	40.0
1507	40.0
1508	40.0
1509	40.0
1510	40.0
1511	40.0
1512	40.0
1513	40.0
1514	40.0
1515	40.0
1516	40.0
1517	40.0
1518	40.0
1519	40.0
1520	40.0
1521	40.0
1522	40.0
1523	40.0
1524	40.0
1525	40.0
1526	40.0
1527	40.0
1528	40.0
1529	40.0
1530	40.0
1531	40.0
1532	40.0
1533	40.0
1534	40.0
1535	40.0
1536	40.0
1537	40.0
1538	40.0
1539	40.0
1540	40.0
1541	40.0
1542	40.0
1543	40.0
1544	40.0
1545	40.0
1546	40.0
1547	40.0
1548	40.0
1549	40.0
1550	40.0
1551	40.0
1552	40.0
1553	40.0
1554	40.0
1555	40.0
1556	40.0
1557	40.0
1558	40.0
1559	40.0
1560	40.0
1561	40.0
1562	40.0
1563	40.0
1564	40.0
1565	40.0
1566	40.0
1567	40.0
1568	40.0
1569	40.0
1570	40.0
1571	40.0
1572	40.0
1573	40.0
1574	40.0
1575	40.0
1576	40.0
1577	40.0
1578	40.0
1579	40.0
1580	40.0
1581	40.0
1582	40.0
1583	40.0
1584	40.0
1585	40.0
1586	40.0
1587	40.0
1588	40.0
1589	40.0
1590	40.0
1591	40.0
1592	40.0
1593	40.0
1594	40.0
1595	40.0
1596	40.0
1597	40.0
1598	40.0
1599	40.0
1600	40.0
1601	40.0
1602	40.0
1603	40.0
1604	40.0
1605	40.0
1606	40.0
1607	40.0
1608	40.0
1609	40.0
1610	40.0
1611	40.0
1612	40.0
1613	40.0
1614	40.0
1615	40.0
1616	40.0
1617	40.0
1618	40.0
1619	40.0
1620	40.0
1621	40.0
1622	40.0
1623	40.0
1624	40.0
1625	40.0
1626	40.0
1627	40.0
1628	40.0
1629	40.0
1630	40.0
1631	40.0
1632	40.0
1633	40.0
1634	40.0
1635	40.0
1636	40.0
1637	40.0
1638	40.0
1639	40.0
1640	40.0
1641	40.0
1642	40.0
1643	40.0
1644	40.0
1645	40.0
1646	40.0
1647	40.0
1648	40.0
1649	40.0
1650	40.0
1651	40.0
1652	40.0
1653	40.0
1654	40.0
1655	40.0
1656	40.0
1657	40.0
1658	40.0
1659	40.0
1660	40.0
1661	40.0
1662	40.0
1663	40.0
1664	40.0
1665	40.0
1666	40.0
1667	40.0
1668	40.0
1669	40.0
1670	40.0
1671	40.0
1672	40.0
1673	40.0
1674	40.0
1675	40.0
1676	40.0
1677	40.0
1678	40.0
1679	40.0
1680	40.0
1681	40.0
1682	40.0
1683	40.0
1684	40.0
1685	40.0
1686	40.0
1687	40.0
1688	40.0
1689	40.0
1690	40.0
1691	40.0
1692	40.0
1693	40.0
1694	40.0
1695	40.0
1696	40.0
1697	40.0
1698	40.0
1699	40.0
1700	40.0
1701	40.0
1702	40.0
1703	40.0
1704	40.0
1705	40.0
1706	40.0
1707	40.0
1708	40.0
1709	40.0
1710	40.0
1711	40.0
1712	40.0
1713	40.0
1714	40.0
1715	40.0
1716	40.0
1717	40.0
1718	40.0
1719	40.0
1720	40.0
1721	40.0
1722	40.0
1723	40.0
1724	40.0
1725	40.0
1726	40.0
1727	40.0
1728	40.0
1729	40.0
1730	40.0
1731	40.0
1732	40.0
1733	40.0
1734	40.0
1735	40.0
1736	40.0
1737	40.0
1738	40.0
1739	40.0
1740	40.0
1741	40.0
1742	40.0
1743	40.0
1744	40.0
1745	40.0
1746	40.0
1747	40.0
1748	40.0
1749	40.0
1750	40.0
1751	40.0
1752	40.0
1753	40.0
1754	40.0
1755	40.0
1756	40.0
1757	40.0
1758	40.0
1759	40.0
1760	40.0
1761	40.0
1762	40.0
1763	40.0
1764	40.0
1765	40.0
1766	40.0
1767	40.0
1768	40.0
1769	40.0
1770	40.0
1771	40.0
1772	40.0
1773	40.0
1774	40.0
1775	40.0
1776	40.0
1777	40.0
1778	40.0
1779	40.0
1780	40.0
1781	40.0
1782	40.0
1783	40.0
1784	40.0
1785	40.0
1786	40.0
1787	40.0
1788	40.0
1789	40.0
1790	40.0
1791	40.0
1792	40.0
1793	40.0
1794	40.0
1795	40.0
1796	40.0
1797	40.0
1798	40.0
1799	40.0
1800	40.0
1801	40.0
1802	40.0
1803	40.0
1804	40.0
1805	40.0
1806	40.0
1807	40.0
1808	40.0
1809	40.0
1810	40.0
1811	40.0
1812	40.0
1813	40.0
1814	40.0
1815	40.0
1816	40.0
1817	40.0
1818	40.0
1819	40.0
1820	40.0
1821	40.0
1822	40.0
1823	40.0
1824	40.0
1825	40.0
1826	40.0
1827	40.0
1828	40.0
1829	40.0
1830	40.0
1831	40.0
1832	40.0
1833	40.0
1834	40.0
1835	40.0
1836	40.0
1837	40.0
1838	40.0
1839	40.0
1840	40.0
1841	40.0
1842	40.0
1843	40.0
1844	40.0
1845	40.0
1846	40.0
1847	40.0
1848	40.0
1849	40.0
1850	40.0
1851	40.0
1852	40.0
1853	40.0
1854	40.0
1855	40.0
1856	40.0
1857	40.0
1858	40.0
1859	40.0
1860	40.0
1861	40.0
1862	40.0
1863	40.0
1864	40.0
1865	40.0
1866	40.0
1867	40.0
1868	40.0
1869	40.0
1870	40.0
1871	40.0
1872	40.0
1873	40.0
1874	40.0
1875	40.0
1876	40.0
1877	40.0
1878	40.0
1879	40.0
1880	40.0
1881	40.0
1882	40.0
1883	40.0
1884	40.0
1885	40.0
1886	40.0
1887	40.0
1888	40.0
1889	40.0
1890	40.0
1891	40.0
1892	40.0
1893	40.0
1894	40.0
1895	40.0
1896	40.0
1897	40.0
1898	40.0
1899	40.0
1900	40.0
1901	40.0
1902	40.0
1903	40.0
1904	40.0
1905	40.0
1906	40.0
1907	40.0
1908	40.0
1909	40.0
1910	40.0
1911	40.0
1912	40.0
1913	40.0
1914	40.0
1915	40.0
1916	40.0
1917	40.0
1918	40.0
1919	40.0
1920	40.0
1921	40.0
1922	40.0
1923	40.0
1924	40.0
1925	40.0
1926	40.0
1927	40.0
1928	40.0
1929	40.0
1930	40.0
1931	40.0
1932	40.0
1933	40.0
1934	40.0
1935	40.0
1936	40.0
1937	40.0
1938	40.0
1939	40.0
1940	40.0
1941	40.0
1942	40.0
1943	40.0
1944	40.0
1945	40.0
1946	40.0
1947	40.0
1948	40.0
1949	40.0
1950	40.0
1951	40.0
1952	40.0
1953	40.0
1954	40.0
1955	40.0
1956	40.0
1957	40.0
1958	40.0
1959	40.0
1960	40.0
1961	40.0
1962	40.0
1963	40.0
1964	40.0
1965	40.0
1966	40.0
1967	40.0
1968	40.0
1969	40.0
1970	40.0
1971	40.0
1972	40.0
1973	40.0
1974	40.0
1975	40.0
1976	40.0
1977	40.0
1978	40.0
1979	40.0
1980	40.0
1981	40.0
1982	40.0
1983	40.0
1984	40.0
1985	40.0
1986	40.0
1987	40.0
1988	40.0
1989	40.0
1990	40.0
1991	40.0
1992	40.0
1993	40.0
1994	40.0
1995	40.0
1996	40.0
1997	40.0
1998	40.0
1999	40.0
2000	40.0
2001	40.0
2002	40.0
2003	40.0
2004	40.0
2005	40.0
2006	40.0
2007	40.0
2008	40.0
2009	40.0
2010	40.0
2011	40.0
2012	40.0
2013	40.0
2014	40.0
2015	40.0
2016	40.0
2017	40.0
2018	40.0
2019	40.0
2020	40.0
2021	40.0
2022	40.0
2023	40.0
2024	40.0
2025	40.0
2026	40.0
2027	40.0
2028	40.0
2029	40.0
2030	40.0
2031	40.0
2032	40.0
2033	40.0
2034	40.0
2035	40.0
2036	40.0
2037	40.0
2038	40.0
2039	40.0
2040	40.0
2041	40.0
2042	40.0
2043	40.0
2044	40.0
2045	40.0
2046	40.0
2047	40.0
2048	40.0
2049	40.0
2050	40.0
2051	40.0
2052	40.0
2053	40.0
2054	40.0
2055	40.0
2056	40.0
2057	40.0
2058	40.0
2059	40.0
2060	40.0
2061	40.0
2062	40.0
2063	40.0
2064	40.0
2065	40.0
2066	40.0
2067	40.0
2068	40.0
2069	40.0
2070	40.0
2071	40.0
2072	40.0
2073	40.0
2074	40.0
2075	40.0
2076	40.0
2077	40.0
2078	40.0
2079	40.0
2080	40.0
2081	40.0
2082	40.0
2083	40.0
2084	40.0
2085	40.0
2086	40.0
2087	40.0
2088	40.0
2089	40.0
2090	40.0
2091	40.0
2092	40.0
2093	40.0
2094	40.0
2095	40.0
2096	40.0
2097	40.0
2098	40.0
2099	40.0
2100	40.0
2101	40.0
2102	40.0
2103	40.0
2104	40.0
2105	40.0
2106	40.0
2107	40.0
2108	40.0
2109	40.0
2110	40.0
2111	40.0
2112	40.0
2113	40.0
2114	40.0
2115	40.0
2116	40.0
2117	40.0
2118	40.0
2119	40.0
2120	40.0
2121	40.0
2122	40.0
2123	40.0
2124	40.0
2125	40.0
2126	40.0
2127	40.0
2128	40.0
2129	40.0
2130	40.0
2131	40.0
2132	40.0
2133	40.0
2134	40.0
2135	40.0
2136	40.0
2137	40.0
2138	40.0
2139	40.0
2140	40.0
2141	40.0
2142	40.0
2143	40.0
2144	40.0
2145	40.0
2146	40.0
2147	40.0
2148	40.0
2149	40.0
2150	40.0
2151	40.0
2152	40.0
2153	40.0
2154	40.0
2155	40.0
2156	40.0
2157	40.0
2158	40.0
2159	40.0
2160	40.0
2161	40.0
2162	40.0
2163	40.0
2164	40.0
2165	40.0
2166	40.0
2167	40.0
2168	40.0
2169	40.0
2170	40.0
2171	40.0
2172	40.0
2173	40.0
2174	40.0
2175	40.0
2176	40.0
2177	40.0
2178	40.0
2179	40.0
2180	40.0
2181	40.0
2182	40.0
2183	40.0
2184	40.0
2185	40.0
2186	40.0
2187	40.0
2188	40.0
2189	40.0
2190	40.0
2191	40.0
2192	40.0
2193	40.0
2194	40.0
2195	40.0
2196	40.0
2197	40.0
2198	40.0
2199	40.0
2200	40.0
2201	40.0
2202	40.0
2203	40.0
2204	40.0
2205	40.0
2206	40.0
2207	40.0
2208	40.0
2209	40.0
2210	40.0
2211	40.0
2212	40.0
2213	40.0
2214	40.0
2215	40.0
2216	40.0
2217	40.0
2218	40.0
2219	40.0
2220	40.0
2221	40.0
2222	40.0
2223	40.0
2224	40.0
2225	40.0
2226	40.0
2227	40.0
2228	40.0
2229	40.0
2230	40.0
2231	40.0
2232	40.0
2233	40.0
2234	40.0
2235	40.0
2236	40.0
2237	40.0
2238	40.0
2239	40.0
2240	40.0
2241	40.0
2242	40.0
2243	40.0
2244	40.0
2245	40.0
2246	40.0
2247	40.0
2248	40.0
2249	40.0
2250	40.0
2251	40.0
2252	40.0
2253	40.0
2254	40.0
2255	40.0
2256	40.0
2257	40.0
2258	40.0
2259	40.0
2260	40.0
2261	40.0
2262	40.0
2263	40.0
2264	40.0
2265	40.0
2266	40.0
2267	40.0
2268	40.0
2269	40.0
2270	40.0
2271	40.0
2272	40.0
2273	40.0
2274	40.0
2275	40.0
2276	40.0
2277	40.0
2278	40.0
2279	40.0
2280	40.0
2281	40.0
2282	40.0
2283	40.0
2284	40.0
2285	40.0
2286	40.0
2287	40.0
2288	40.0
2289	40.0
2290	40.0
2291	40.0
2292	40.0
2293	40.0
2294	40.0
2295	40.0
2296	40.0
2297	40.0
2298	40.0
2299	40.0
2300	40.0
2301	40.0
2302	40.0
2303	40.0
2304	40.0
2305	40.0
2306	40.0
2307	40.0
2308	40.0
2309	40.0
2310	40.0
2311	40.0
2312	40.0
2313	40.0
2314	40.0
2315	40.0
2316	40.0
2317	40.0
2318	40.0
2319	40.0
2320	40.0
2321	40.0
2322	40.0
2323	40.0
2324	40.0
2325	40.0
2326	40.0
2327	40.0
2328	40.0
2329	40.0
2330	40.0
2331	40.0
2332	40.0
2333	40.0
2334	40.0
2335	40.0
2336	40.0
2337	40.0
2338	40.0
2339	40.0
2340	40.0
2341	40.0
2342	40.0
2343	40.0
2344	40.0
2345	40.0
2346	40.0
2347	40.0
2348	40.0
2349	40.0
2350	40.0
2351	40.0
2352	40.0
2353	40.0
2354	40.0
2355	40.0
2356	40.0
2357	40.0
2358	40.0
2359	40.0
2360	40.0
2361	40.0
2362	40.0
2363	40.0
2364	40.0
2365	40.0
2366	40.0
2367	40.0
2368	40.0
2369	40.0
2370	40.0
2371	40.0
2372	40.0
2373	40.0
2374	40.0
2375	40.0
2376	40.0
2377	40.0
2378	40.0
2379	40.0
2380	40.0
2381	40.0
2382	40.0
2383	40.0
2384	40.0
2385	40.0
2386	40.0
2387	40.0
2388	40.0
2389	40.0
2390	40.0
2391	40.0
2392	40.0
2393	40.0
2394	40.0
2395	40.0
2396	40.0
2397	40.0
2398	40.0
2399	40.0
2400	40.0
2401	40.0
2402	40.0
2403	40.0
2404	40.0
2405	40.0
2406	40.0
2407	40.0
2408	40.0
2409	40.0
2410	40.0
2411	40.0
2412	40.0
2413	40.0
2414	40.0
2415	40.0
2416	40.0
2417	40.0
2418	40.0
2419	40.0
2420	40.0
2421	40.0
2422	40.0
2423	40.0
2424	40.0
2425	40.0
2426	40.0
2427	40.0
2428	40.0
2429	40.0
2430	40.0
2431	40.0
2432	40.0
2433	40.0
2434	40.0
2435	40.0
2436	40.0
2437	40.0
2438	40.0
2439	40.0
2440	40.0
2441	40.0
2442	40.0
2443	40.0
2444	40.0
2445	40.0
2446	40.0
2447	40.0
2448	40.0
2449	40.0
2450	40.0
2451	40.0
2452	40.0
2453	40.0
2454	40.0
2455	40.0
2456	40.0
2457	40.0
2458	40.0
2459	40.0
2460	40.0
2461	40.0
2462	40.0
2463	40.0
2464	40.0
2465	40.0
2466	40.0
2467	40.0
2468	40.0
2469	40.0
2470	40.0
2471	40.0
2472	40.0
2473	40.0
2474	40.0
2475	40.0
2476	40.0
2477	40.0
2478	40.0
2479	40.0
2480	40.0
2481	40.0
2482	40.0
2483	40.0
2484	40.0
2485	40.0
2486	40.0
2487	40.0
2488	40.0
2489	40.0
2490	40.0
2491	40.0
2492	40.0
2493	40.0
2494	40.0
2495	40.0
2496	40.0
2497	40.0
2498	40.0
2499	40.0
2500	40.0
2501	40.0
2502	40.0
2503	40.0
2504	40.0
2505	40.0
2506	40.0
2507	40.0
2508	40.0
2509	40.0
2510	40.0
2511	40.0
2512	40.0
2513	40.0
2514	40.0
2515	40.0
2516	40.0
2517	40.0
2518	40.0
2519	40.0
2520	40.0
2521	40.0
2522	40.0
2523	40.0
2524	40.0
2525	40.0
2526	40.0
2527	40.0
2528	40.0
2529	40.0
2530	40.0
2531	40.0
2532	40.0
2533	40.0
2534	40.0
2535	40.0
2536	40.0
2537	40.0
2538	40.0
2539	40.0
2540	40.0
2541	40.0
2542	40.0
2543	40.0
2544	40.0
2545	40.0
2546	40.0
2547	40.0
2548	40.0
2549	40.0
2550	40.0
2551	40.0
2552	40.0
2553	40.0
2554	40.0
2555	40.0
2556	40.0
2557	40.0
2558	40.0
2559	40.0
2560	40.0
2561	40.0
2562	40.0
2563	40.0
2564	40.0
2565	40.0
2566	40.0
2567	40.0
2568	40.0
2569	40.0
2570	40.0
2571	40.0
2572	40.0
2573	40.0
2574	40.0
2575	40.0
2576	40.0
2577	40.0
2578	40.0
2579	40.0
2580	40.0
2581	40.0
2582	40.0
2583	40.0
2584	40.0
2585	40.0
2586	40.0
2587	40.0
2588	40.0
2589	40.0
2590	40.0
2591	40.0
2592	40.0
2593	40.0
2594	40.0
2595	40.0
2596	40.0
2597	40.0
2598	40.0
2599	40.0
2600	40.0
2601	40.0
2602	40.0
2603	40.0
2604	40.0
2605	40.0
2606	40.0
2607	40.0
2608	40.0
2609	40.0
2610	40.0
2611	40.0
2612	40.0
2613	40.0
2614	40.0
2615	40.0
2616	40.0
2617	40.0
2618	40.0
2619	40.0
2620	40.0
2621	40.0
2622	40.0
2623	40.0
2624	40.0
2625	40.0
2626	40.0
2627	40.0
2628	40.0
2629	40.0
2630	40.0
2631	40.0
2632	40.0
2633	40.0
2634	40.0
2635	40.0
2636	40.0
2637	40.0
2638	40.0
2639	40.0
2640	40.0
2641	40.0
2642	40.0
2643	40.0
2644	40.0
2645	40.0
2646	40.0
2647	40.0
2648	40.0
2649	40.0
2650	40.0
2651	40.0
2652	40.0
2653	40.0
2654	40.0
2655	40.0
2656	40.0
2657	40.0
2658	40.0
2659	40.0
2660	40.0
2661	40.0
2662	40.0
2663	40.0
2664	40.0
2665	40.0
2666	40.0
2667	40.0
2668	40.0
2669	40.0
2670	40.0
2671	40.0
2672	40.0
2673	40.0
2674	40.0
2675	40.0
2676	40.0
2677	40.0
2678	40.0
2679	40.0
2680	40.0
2681	40.0
2682	40.0
2683	40.0
2684	40.0
2685	40.0
2686	40.0
2687	40.0
2688	40.0
2689	40.0
2690	40.0
2691	40.0
2692	40.0
2693	40.0
2694	40.0
2695	40.0
2696	40.0
2697	40.0
2698	40.0
2699	40.0
2700	40.0
2701	40.0
2702	40.0
2703	40.0
2704	40.0
2705	40.0
2706	40.0
2707	40.0
2708	40.0
2709	40.0
2710	40.0
2711	40.0
2712	40.0
2713	40.0
2714	40.0
2715	40.0
2716	40.0
2717	40.0
2718	40.0
2719	40.0
2720	40.0
2721	40.0
2722	40.0
2723	40.0
2724	40.0
2725	40.0
2726	40.0
2727	40.0
2728	40.0
2729	40.0
2730	40.0
2731	40.0
2732	40.0
2733	40.0
2734	40.0
2735	40.0
2736	40.0
2737	40.0
2738	40.0
2739	40.0
2740	40.0
2741	40.0
2742	40.0
2743	40.0
2744	40.0
2745	40.0
2746	40.0
2747	40.0
2748	40.0
2749	40.0
2750	40.0
2751	40.0
2752	40.0
2753	40.0
2754	40.0
2755	40.0
2756	40.0
2757	40.0
2758	40.0
2759	40.0
2760	40.0
2761	40.0
2762	40.0
2763	40.0
2764	40.0
2765	40.0
2766	40.0
2767	40.0
2768	40.0
2769	40.0
2770	40.0
2771	40.0
2772	40.0
2773	40.0
2774	40.0
2775	40.0
2776	40.0
2777	40.0
2778	40.0
2779	40.0
2780	40.0
2781	40.0
2782	40.0
2783	40.0
2784	40.0
2785	40.0
2786	40.0
2787	40.0
2788	40.0
2789	40.0
2790	40.0
2791	40.0
2792	40.0
2793	40.0
2794	40.0
2795	40.0
2796	40.0
2797	40.0
2798	40.0
2799	40.0
2800	40.0
2801	40.0
2802	40.0
2803	40.0
2804	40.0
2805	40.0
2806	40.0
2807	40.0
2808	40.0
2809	40.0
2810	40.0
2811	40.0
2812	40.0
2813	40.0
2814	40.0
2815	40.0
2816	40.0
2817	40.0
2818	40.0
2819	40.0
2820	40.0
2821	40.0
2822	40.0
2823	40.0
2824	40.0
2825	40.0
2826	40.0
2827	40.0
2828	40.0
2829	40.0
2830	40.0
2831	40.0
2832	40.0
2833	40.0
2834	40.0
2835	40.0
2836	40.0
2837	40.0
2838	40.0
2839	40.0
2840	40.0
2841	40.0
2842	40.0
2843	40.0
2844	40.0
2845	40.0
2846	40.0
2847	40.0
2848	40.0
2849	40.0
2850	40.0
2851	40.0
2852	40.0
2853	40.0
2854	40.0
2855	40.0
2856	40.0
2857	40.0
2858	40.0
2859	40.0
2860	40.0
2861	40.0
2862	40.0
2863	40.0
2864	40.0
2865	40.0
2866	40.0
2867	40.0
2868	40.0
2869	40.0
2870	40.0
2871	40.0
2872	40.0
2873	40.0
2874	40.0
2875	40.0
2876	40.0
2877	40.0
2878	40.0
2879	40.0
2880	40.0
2881	40.0
2882	40.0
2883	40.0
2884	40.0
2885	40.0
2886	40.0
2887	40.0
2888	40.0
2889	40.0
2890	40.0
2891	40.0
2892	40.0
2893	40.0
2894	40.0
2895	40.0
2896	40.0
2897	40.0
2898	40.0
2899	40.0
2900	40.0
2901	40.0
2902	40.0
2903	40.0
2904	40.0
2905	40.0
2906	40.0
2907	40.0
2908	40.0
2909	40.0
2910	40.0
2911	40.0
2912	40.0
2913	40.0
2914	40.0
2915	40.0
2916	40.0
2917	40.0
2918	40.0
2919	40.0
2920	40.0
2921	40.0
2922	40.0
2923	40.0
2924	40.0
2925	40.0
2926	40.0
2927	40.0
2928	40.0
2929	40.0
2930	40.0
2931	40.0
2932	40.0
2933	40.0
2934	40.0
2935	40.0
2936	40.0
2937	40.0
2938	40.0
2939	40.0
2940	40.0
2941	40.0
2942	40.0
2943	40.0
2944	40.0
2945	40.0
2946	40.0
2947	40.0
2948	40.0
2949	40.0
2950	40.0
2951	40.0
2952	40.0
2953	40.0
2954	40.0
2955	40.0
2956	40.0
2957	40.0
2958	40.0
2959	40.0
2960	40.0
2961	40.0
2962	40.0
2963	40.0
2964	40.0
2965	40.0
2966	40.0
2967	40.0
2968	40.0
2969	40.0
2970	40.0
2971	40.0
2972	40.0
2973	40.0
2974	40.0
2975	40.0
2976	40.0
2977	40.0
2978	40.0
2979	40.0
2980	40.0
2981	40.0
2982	40.0
2983	40.0
2984	40.0
2985	40.0
2986	40.0
2987	40.0
2988	40.0
2989	40.0
2990	40.0
2991	40.0
2992	40.0
2993	40.0
2994	40.0
2995	40.0
2996	40.0
2997	40.0
2998	40.0
2999	40.0
3000	40.0
3001	40.0
3002	40.0
3003	40.0
3004	40.0
3005	40.0
3006	40.0
3007	40.0
3008	40.0
3009	40.0
3010	40.0
3011	40.0
3012	40.0
3013	40.0
3014	40.0
3015	40.0
3016	40.0
3017	40.0
3018	40.0
3019	40.0
3020	40.0
3021	40.0
3022	40.0
3023	40.0
3024	40.0
3025	40.0
3026	40.0
3027	40.0
3028	40.0
3029	40.0
3030	40.0
3031	40.0
3032	40.0
3033	40.0
3034	40.0
3035	40.0
3036	40.0
3037	40.0
3038	40.0
3039	40.0
3040	40.0
3041	40.0
3042	40.0
3043	40.0
3044	40.0
3045	40.0
3046	40.0
3047	40.0
3048	40.0
3049	40.0
3050	40.0
3051	40.0
3052	40.0
3053	40.0
3054	40.0
3055	40.0
3056	40.0
3057	40.0
3058	40.0
3059	40.0
3060	40.0
3061	40.0
3062	40.0
3063	40.0
3064	40.0
3065	40.0
3066	40.0
3067	40.0
3068	40.0
3069	40.0
3070	40.0
3071	40.0
3072	40.0
3073	40.0
3074	40.0
3075	40.0
3076	40.0
3077	40.0
3078	40.0
3079	40.0
3080	40.0
3081	40.0
3082	40.0
3083	40.0
3084	40.0
3085	40.0
3086	40.0
3087	40.0
3088	40.0
3089	40.0
3090	40.0
3091	40.0
3092	40.0
3093	40.0
3094	40.0
3095	40.0
3096	40.0
3097	40.0
3098	40.0
3099	40.0
3100	40.0
3101	40.0
3102	40.0
3103	40.0
3104	40.0
3105	40.0
3106	40.0
3107	40.0
3108	40.0
3109	40.0
3110	40.0
3111	40.0
3112	40.0
3113	40.0
3114	40.0
3115	40.0
3116	40.0
3117	40.0
3118	40.0
3119	40.0
3120	40.0
3121	40.0
3122	40.0
3123	40.0
3124	40.0
3125	40.0
3126	40.0
3127	40.0
3128	40.0
3129	40.0
3130	40.0
3131	40.0
3132	40.0
3133	40.0
3134	40.0
3135	40.0
3136	40.0
3137	40.0
3138	40.0
3139	40.0
3140	40.0
3141	40.0
3142	40.0
3143	40.0
3144	40.0
3145	40.0
3146	40.0
3147	40.0
3148	40.0
3149	40.0
3150	40.0
3151	40.0
3152	40.0
3153	40.0
3154	40.0
3155	40.0
3156	40.0
3157	40.0
3158	40.0
3159	40.0
3160	40.0
3161	40.0
3162	40.0
3163	40.0
3164	40.0
3165	40.0
3166	40.0
3167	40.0
3168	40.0
3169	40.0
3170	40.0
3171	40.0
3172	40.0
3173	40.0
3174	40.0
3175	40.0
3176	40.0
3177	40.0
3178	40.0
3179	40.0
3180	40.0
3181	40.0
3182	40.0
3183	40.0
3184	40.0
3185	40.0
3186	40.0
3187	40.0
3188	40.0
3189	40.0
3190	40.0
3191	40.0
3192	40.0
3193	40.0
3194	40.0
3195	40.0
3196	40.0
3197	40.0
3198	40.0
3199	40.0
3200	40.0
3201	40.0
3202	40.0
3203	40.0
3204	40.0
3205	40.0
3206	40.0
3207	40.0
3208	40.0
3209	40.0
3210	40.0
3211	40.0
3212	40.0
3213	40.0
3214	40.0
3215	40.0
3216	40.0
3217	40.0
3218	40.0
3219	40.0
3220	40.0
3221	40.0
3222	40.0
3223	40.0
3224	40.0
3225	40.0
3226	40.0
3227	40.0
3228	40.0
3229	40.0
3230	40.0
3231	40.0
3232	40.0
3233	40.0
3234	40.0
3235	40.0
3236	40.0
3237	40.0
3238	40.0
3239	40.0
3240	40.0
3241	40.0
3242	40.0
3243	40.0
3244	40.0
3245	40.0
3246	40.0
3247	40.0
3248	40.0
3249	40.0
3250	40.0
3251	40.0
3252	40.0
3253	40.0
3254	40.0
3255	40.0
3256	40.0
3257	40.0
3258	40.0
3259	40.0
3260	40.0
3261	40.0
3262	40.0
3263	40.0
3264	40.0
3265	40.0
3266	40.0
3267	40.0
3268	40.0
3269	40.0
3270	40.0
3271	40.0
3272	40.0
3273	40.0
3274	40.0
3275	40.0
3276	40.0
3277	40.0
3278	40.0
3279	40.0
3280	40.0
3281	40.0
3282	40.0
3283	40.0
3284	40.0
3285	40.0
3286	40.0
3287	40.0
3288	40.0
3289	40.0
3290	40.0
3291	40.0
3292	40.0
3293	40.0
3294	40.0
3295	40.0
3296	40.0
3297	40.0
3298	40.0
3299	40.0
3300	40.0
3301	40.0
3302	40.0
3303	40.0
3304	40.0
3305	40.0
3306	40.0
3307	40.0
3308	40.0
3309	40.0
3310	40.0
3311	40.0
3312	40.0
3313	40.0
3314	40.0
3315	40.0
3316	40.0
3317	40.0
3318	40.0
3319	40.0
3320	40.0
3321	40.0
3322	40.0
3323	40.0
3324	40.0
3325	40.0
3326	40.0
3327	40.0
3328	40.0
3329	40.0
3330	40.0
3331	40.0
3332	40.0
3333	40.0
3334	40.0
3335	40.0
3336	40.0
3337	40.0
3338	40.0
3339	40.0
3340	40.0
3341	40.0
3342	40.0
3343	40.0
3344	40.0
3345	40.0
3346	40.0
3347	40.0
3348	40.0
3349	40.0
3350	40.0
3351	40.0
3352	40.0
3353	40.0
3354	40.0
3355	40.0
3356	40.0
3357	40.0
3358	40.0
3359	40.0
3360	40.0
3361	40.0
3362	40.0
3363	40.0
3364	40.0
3365	40.0
3366	40.0
3367	40.0
3368	40.0
3369	40.0
3370	40.0
3371	40.0
3372	40.0
3373	40.0
3374	40.0
3375	40.0
3376	40.0
3377	40.0
3378	40.0
3379	40.0
3380	40.0
3381	40.0
3382	40.0
3383	40.0
3384	40.0
3385	40.0
3386	40.0
3387	40.0
3388	40.0
3389	40.0
3390	40.0
3391	40.0
3392	40.0
3393	40.0
3394	40.0
3395	40.0
3396	40.0
3397	40.0
3398	40.0
3399	40.0
3400	40.0
3401	40.0
3402	40.0
3403	40.0
3404	40.0
3405	40.0
3406	40.0
3407	40.0
3408	40.0
3409	40.0
3410	40.0
3411	40.0
3412	40.0
3413	40.0
3414	40.0
3415	40.0
3416	40.0
3417	40.0
3418	40.0
3419	40.0
3420	40.0
3421	40.0
3422	40.0
3423	40.0
3424	40.0
3425	40.0
3426	40.0
3427	40.0
3428	40.0
3429	40.0
3430	40.0
3431	40.0
3432	40.0
3433	40.0
3434	40.0
3435	40.0
3436	40.0
3437	40.0
3438	40.0
3439	40.0
3440	40.0
3441	40.0
3442	40.0
3443	40.0
3444	40.0
3445	40.0
3446	40.0
3447	40.0
3448	40.0
3449	40.0
3450	40.0
3451	40.0
3452	40.0
3453	40.0
3454	40.0
3455	40.0
3456	40.0
3457	40.0
3458	40.0
3459	40.0
3460	40.0
3461	40.0
3462	40.0
3463	40.0
3464	40.0
3465	40.0
3466	40.0
3467	40.0
3468	40.0
3469	40.0
3470	40.0
3471	40.0
3472	40.0
3473	40.0
3474	40.0
3475	40.0
3476	40.0
3477	40.0
3478	40.0
3479	40.0
3480	40.0
3481	40.0
3482	40.0
3483	40.0
3484	40.0
3485	40.0
3486	40.0
3487	40.0
3488	40.0
3489	40.0
3490	40.0
3491	40.0
3492	40.0
3493	40.0
3494	40.0
3495	40.0
3496	40.0
3497	40.0
3498	40.0
3499	40.0
3500	40.0
3501	40.0
3502	40.0
3503	40.0
3504	40.0
3505	40.0
3506	40.0
3507	40.0
3508	40.0
3509	40.0
3510	40.0
3511	40.0
3512	40.0
3513	40.0
3514	40.0
3515	40.0
3516	40.0
3517	40.0
3518	40.0
3519	40.0
3520	40.0
3521	40.0
3522	40.0
3523	40.0
3524	40.0
3525	40.0
3526	40.0
3527	40.0
3528	40.0
3529	40.0
3530	40.0
3531	40.0
3532	40.0
3533	40.0
3534	40.0
3535	40.0
3536	40.0
3537	40.0
3538	40.0
3539	40.0
3540	40.0
3541	40.0
3542	40.0
3543	40.0
3544	40.0
3545	40.0
3546	40.0
3547	40.0
3548	40.0
3549	40.0
3550	40.0
3551	40.0
3552	40.0
3553	40.0
3554	40.0
3555	40.0
3556	40.0
3557	40.0
3558	40.0
3559	40.0
3560	40.0
3561	40.0
3562	40.0
3563	40.0
3564	40.0
3565	40.0
3566	40.0
3567	40.0
3568	40.0
3569	40.0
3570	40.0
3571	40.0
3572	40.0
3573	40.0
3574	40.0
3575	40.0
3576	40.0
3577	40.0
3578	40.0
3579	40.0
3580	40.0
3581	40.0
3582	40.0
3583	40.0
3584	40.0
3585	40.0
3586	40.0
3587	40.0
3588	40.0
3589	40.0
3590	40.0
3591	40.0
3592	40.0
3593	40.0
3594	40.0
3595	40.0
3596	40.0
3597	40.0
3598	40.0
3599	40.0
3600	40.0
3601	40.0
3602	40.0
3603	40.0
3604	40.0
3605	40.0
3606	40.0
3607	40.0
3608	40.0
3609	40.0
3610	40.0
3611	40.0
3612	40.0
3613	40.0
3614	40.0
3615	40.0
3616	40.0
3617	40.0
3618	40.0
3619	40.0
3620	40.0
3621	40.0
3622	40.0
3623	40.0
3624	40.0
3625	40.0
3626	40.0
3627	40.0
3628	40.0
3629	40.0
3630	40.0
3631	40.0
3632	40.0
3633	40.0
3634	40.0
3635	40.0
3636	40.0
3637	40.0
3638	40.0
3639	40.0
3640	40.0
3641	40.0
3642	40.0
3643	40.0
3644	40.0
3645	40.0
3646	40.0
3647	40.0
3648	40.0
3649	40.0
3650	40.0
3651	40.0
3652	40.0
3653	40.0
3654	40.0
3655	40.0
3656	40.0
3657	40.0
3658	40.0
3659	40.0
3660	40.0
3661	40.0
3662	40.0
3663	40.0
3664	40.0
3665	40.0
3666	40.0
3667	40.0
3668	40.0
3669	40.0
3670	40.0
3671	40.0
3672	40.0
3673	40.0
3674	40.0
3675	40.0
3676	40.0
3677	40.0
3678	40.0
3679	40.0
3680	40.0
3681	40.0
3682	40.0
3683	40.0
3684	40.0
3685	40.0
3686	40.0
3687	40.0
3688	40.0
3689	40.0
3690	40.0
3691	40.0
3692	40.0
3693	40.0
3694	40.0
3695	40.0
3696	40.0
3697	40.0
3698	40.0
3699	40.0
3700	40.0
3701	40.0
3702	40.0
3703	40.0
3704	40.0
3705	40.0
3706	40.0
3707	40.0
3708	40.0
3709	40.0
3710	40.0
3711	40.0
3712	40.0
3713	40.0
3714	40.0
3715	40.0
3716	40.0
3717	40.0
3718	40.0
3719	40.0
3720	40.0
3721	40.0
3722	40.0
3723	40.0
3724	40.0
3725	40.0
3726	40.0
3727	40.0
3728	40.0
3729	40.0
3730	40.0
3731	40.0
3732	40.0
3733	40.0
3734	40.0
3735	40.0
3736	40.0
3737	40.0
3738	40.0
3739	40.0
3740	40.0
3741	40.0
3742	40.0
3743	40.0
3744	40.0
3745	40.0
3746	40.0
3747	40.0
3748	40.0
3749	40.0
3750	40.0
3751	40.0
3752	40.0
3753	40.0
3754	40.0
3755	40.0
3756	40.0
3757	40.0
3758	40.0
3759	40.0
3760	40.0
3761	40.0
3762	40.0
3763	40.0
3764	40.0
3765	40.0
3766	40.0
3767	40.0
3768	40.0
3769	40.0
3770	40.0
3771	40.0
3772	40.0
3773	40.0
3774	40.0
3775	40.0
3776	40.0
3777	40.0
3778	40.0
3779	40.0
3780	40.0
3781	40.0
3782	40.0
3783	40.0
3784	40.0
3785	40.0
3786	40.0
3787	40.0
3788	40.0
3789	40.0
3790	40.0
3791	40.0
3792	40.0
3793	40.0
3794	40.0
3795	40.0
3796	40.0
3797	40.0
3798	40.0
3799	40.0
3800	40.0
3801	40.0
3802	40.0
3803	40.0
3804	40.0
3805	40.0
3806	40.0
3807	40.0
3808	40.0
3809	40.0
3810	40.0
3811	40.0
3812	40.0
3813	40.0
3814	40.0
3815	40.0
3816	40.0
3817	40.0
3818	40.0
3819	40.0
3820	40.0
3821	40.0
3822	40.0
3823	40.0
3824	40.0
3825	40.0
3826	40.0
3827	40.0
3828	40.0
3829	40.0
3830	40.0
3831	40.0
3832	40.0
3833	40.0
3834	40.0
3835	40.0
3836	40.0
3837	40.0
3838	40.0
3839	40.0
3840	40.0
3841	40.0
3842	40.0
3843	40.0
3844	40.0
3845	40.0
3846	40.0
3847	40.0
3848	40.0
3849	40.0
3850	40.0
3851	40.0
3852	40.0
3853	40.0
3854	40.0
3855	40.0
3856	40.0
3857	40.0
3858	40.0
3859	40.0
3860	40.0
3861	40.0
3862	40.0
3863	40.0
3864	40.0
3865	40.0
3866	40.0
3867	40.0
3868	40.0
3869	40.0
3870	40.0
3871	40.0
3872	40.0
3873	40.0
3874	40.0
3875	40.0
3876	40.0
3877	40.0
3878	40.0
3879	40.0
3880	40.0
3881	40.0
3882	40.0
3883	40.0
3884	40.0
3885	40.0
3886	40.0
3887	40.0
3888	40.0
3889	40.0
3890	40.0
3891	40.0
3892	40.0
3893	40.0
3894	40.0
3895	40.0
3896	40.0
3897	40.0
3898	40.0
3899	40.0
3900	40.0
3901	40.0
3902	40.0
3903	40.0
3904	40.0
3905	40.0
3906	40.0
3907	40.0
3908	40.0
3909	40.0
3910	40.0
3911	40.0
3912	40.0
3913	40.0
3914	40.0
3915	40.0
3916	40.0
3917	40.0
3918	40.0
3919	40.0
3920	40.0
3921	40.0
3922	40.0
3923	40.0
3924	40.0
3925	40.0
3926	40.0
3927	40.0
3928	40.0
3929	40.0
3930	40.0
3931	40.0
3932	40.0
3933	40.0
3934	40.0
3935	40.0
3936	40.0
3937	40.0
3938	40.0
3939	40.0
3940	40.0
3941	40.0
3942	40.0
3943	40.0
3944	40.0
3945	40.0
3946	40.0
3947	40.0
3948	40.0
3949	40.0
3950	40.0
3951	40.0
3952	40.0
3953	40.0
3954	40.0
3955	40.0
3956	40.0
3957	40.0
3958	40.0
3959	40.0
3960	40.0
3961	40.0
3962	40.0
3963	40.0
3964	40.0
3965	40.0
3966	40.0
3967	40.0
3968	40.0
3969	40.0
3970	40.0
3971	40.0
3972	40.0
3973	40.0
3974	40.0
3975	40.0
3976	40.0
3977	40.0
3978	40.0
3979	40.0
3980	40.0
3981	40.0
3982	40.0
3983	40.0
3984	40.0
3985	40.0
3986	40.0
3987	40.0
3988	40.0
3989	40.0
3990	40.0
3991	40.0
3992	40.0
3993	40.0
3994	40.0
3995	40.0
3996	40.0
3997	40.0
3998	40.0
3999	40.0
4000	40.0
4001	40.0
4002	40.0
4003	40.0
4004	40.0
4005	40.0
4006	40.0
4007	40.0
4008	40.0
4009	40.0
4010	40.0
4011	40.0
4012	40.0
4013	40.0
4014	40.0
4015	40.0
4016	40.0
4017	40.0
4018	40.0
4019	40.0
4020	40.0
4021	40.0
4022	40.0
4023	40.0
4024	40.0
4025	40.0
4026	40.0
4027	40.0
4028	40.0
4029	40.0
4030	40.0
4031	40.0
4032	40.0
4033	40.0
4034	40.0
4035	40.0
4036	40.0
4037	40.0
4038	40.0
4039	40.0
4040	40.0
4041	40.0
4042	40.0
4043	40.0
4044	40.0
4045	40.0
4046	40.0
4047	40.0
4048	40.0
4049	40.0
4050	40.0
4051	40.0
4052	40.0
4053	40.0
4054	40.0
4055	40.0
4056	40.0
4057	40.0
4058	40.0
4059	40.0
4060	40.0
4061	40.0
4062	40.0
4063	40.0
4064	40.0
4065	40.0
4066	40.0
4067	40.0
4068	40.0
4069	40.0
4070	40.0
4071	40.0
4072	40.0
4073	40.0
4074	40.0
4075	40.0
4076	40.0
4077	40.0
4078	40.0
4079	40.0
4080	40.0
4081	40.0
4082	40.0
4083	40.0
4084	40.0
4085	40.0
4086	40.0
4087	40.0
4088	40.0
4089	40.0
4090	40.0
4091	40.0
4092	40.0
4093	40.0
4094	40.0
4095	40.0
4096	40.0
4097	40.0
4098	40.0
4099	40.0
4100	40.0
4101	40.0
4102	40.0
4103	40.0
4104	40.0
4105	40.0
4106	40.0
4107	40.0
4108	40.0
4109	40.0
4110	40.0
4111	40.0
4112	40.0
4113	40.0
4114	40.0
4115	40.0
4116	40.0
4117	40.0
4118	40.0
4119	40.0
4120	40.0
4121	40.0
4122	40.0
4123	40.0
4124	40.0
4125	40.0
4126	40.0
4127	40.0
4128	40.0
4129	40.0
4130	40.0
4131	40.0
4132	40.0
4133	40.0
4134	40.0
4135	40.0
4136	40.0
4137	40.0
4138	40.0
4139	40.0
4140	40.0
4141	40.0
4142	40.0
4143	40.0
4144	40.0
4145	40.0
4146	40.0
4147	40.0
4148	40.0
4149	40.0
4150	40.0
4151	40.0
4152	40.0
4153	40.0
4154	40.0
4155	40.0
4156	40.0
4157	40.0
4158	40.0
4159	40.0
4160	40.0
4161	40.0
4162	40.0
4163	40.0
4164	40.0
4165	40.0
4166	40.0
4167	40.0
4168	40.0
4169	40.0
4170	40.0
4171	40.0
4172	40.0
4173	40.0
4174	40.0
4175	40.0
4176	40.0
4177	40.0
4178	40.0
4179	40.0
4180	40.0
4181	40.0
4182	40.0
4183	40.0
4184	40.0
4185	40.0
4186	40.0
4187	40.0
4188	40.0
4189	40.0
4190	40.0
4191	40.0
4192	40.0
4193	40.0
4194	40.0
4195	40.0
4196	40.0
4197	40.0
4198	40.0
4199	40.0
4200	40.0
4201	40.0
4202	40.0
4203	40.0
4204	40.0
4205	40.0
4206	40.0
4207	40.0
4208	40.0
4209	40.0
4210	40.0
4211	40.0
4212	40.0
4213	40.0
4214	40.0
4215	40.0
4216	40.0
4217	40.0
4218	40.0
4219	40.0
4220	40.0
4221	40.0
4222	40.0
4223	40.0
4224	40.0
4225	40.0
4226	40.0
4227	40.0
4228	40.0
4229	40.0
4230	40.0
4231	40.0
4232	40.0
4233	40.0
4234	40.0
4235	40.0
4236	40.0
4237	40.0
4238	40.0
4239	40.0
4240	40.0
4241	40.0
4242	40.0
4243	40.0
4244	40.0
4245	40.0
4246	40.0
4247	40.0
4248	40.0
4249	40.0
4250	40.0
4251	40.0
4252	40.0
4253	40.0
4254	40.0
4255	40.0
4256	40.0
4257	40.0
4258	40.0
4259	40.0
4260	40.0
4261	40.0
4262	40.0
4263	40.0
4264	40.0
4265	40.0
4266	40.0
4267	40.0
4268	40.0
4269	40.0
4270	40.0
4271	40.0
4272	40.0
4273	40.0
4274	40.0
4275	40.0
4276	40.0
4277	40.0
4278	40.0
4279	40.0
4280	40.0
4281	40.0
4282	40.0
4283	40.0
4284	40.0
4285	40.0
4286	40.0
4287	40.0
4288	40.0
4289	40.0
4290	40.0
4291	40.0
4292	40.0
4293	40.0
4294	40.0
4295	40.0
4296	40.0
4297	40.0
4298	40.0
4299	40.0
4300	40.0
4301	40.0
4302	40.0
4303	40.0
4304	40.0
4305	40.0
4306	40.0
4307	40.0
4308	40.0
4309	40.0
4310	40.0
4311	40.0
4312	40.0
4313	40.0
4314	40.0
4315	40.0
4316	40.0
4317	40.0
4318	40.0
4319	40.0
4320	40.0
4321	40.0
4322	40.0
4323	40.0
4324	40.0
4325	40.0
4326	40.0
4327	40.0
4328	40.0
4329	40.0
4330	40.0
4331	40.0
4332	40.0
4333	40.0
4334	40.0
4335	40.0
4336	40.0
4337	40.0
4338	40.0
4339	40.0
4340	40.0
4341	40.0
4342	40.0
4343	40.0
4344	40.0
4345	40.0
4346	40.0
4347	40.0
4348	40.0
4349	40.0
4350	40.0
4351	40.0
4352	40.0
4353	40.0
4354	40.0
4355	40.0
4356	40.0
4357	40.0
4358	40.0
4359	40.0
4360	40.0
4361	40.0
4362	40.0
4363	40.0
4364	40.0
4365	40.0
4366	40.0
4367	40.0
4368	40.0
4369	40.0
4370	40.0
4371	40.0
4372	40.0
4373	40.0
4374	40.0
4375	40.0
4376	40.0
4377	40.0
4378	40.0
4379	40.0
4380	40.0
4381	40.0
4382	40.0
4383	40.0
4384	40.0
4385	40.0
4386	40.0
4387	40.0
4388	40.0
4389	40.0
4390	40.0
4391	40.0
4392	40.0
4393	40.0
4394	40.0
4395	40.0
4396	40.0
4397	40.0
4398	40.0
4399	40.0
4400	40.0
4401	40.0
4402	40.0
4403	40.0
4404	40.0
4405	40.0
4406	40.0
4407	40.0
4408	40.0
4409	40.0
4410	40.0
4411	40.0
4412	40.0
4413	40.0
4414	40.0
4415	40.0
4416	40.0
4417	40.0
4418	40.0
4419	40.0
4420	40.0
4421	40.0
4422	40.0
4423	40.0
4424	40.0
4425	40.0
4426	40.0
4427	40.0
4428	40.0
4429	40.0
4430	40.0
4431	40.0
4432	40.0
4433	40.0
4434	40.0
4435	40.0
4436	40.0
4437	40.0
4438	40.0
4439	40.0
4440	40.0
4441	40.0
4442	40.0
4443	40.0
4444	40.0
4445	40.0
4446	40.0
4447	40.0
4448	40.0
4449	40.0
4450	40.0
4451	40.0
4452	40.0
4453	40.0
4454	40.0
4455	40.0
4456	40.0
4457	40.0
4458	40.0
4459	40.0
4460	40.0
4461	40.0
4462	40.0
4463	40.0
4464	40.0
4465	40.0
4466	40.0
4467	40.0
4468	40.0
4469	40.0
4470	40.0
4471	40.0
4472	40.0
4473	40.0
4474	40.0
4475	40.0
4476	40.0
4477	40.0
4478	40.0
4479	40.0
4480	40.0
4481	40.0
4482	40.0
4483	40.0
4484	40.0
4485	40.0
4486	40.0
4487	40.0
4488	40.0
4489	40.0
4490	40.0
4491	40.0
4492	40.0
4493	40.0
4494	40.0
4495	40.0
4496	40.0
4497	40.0
4498	40.0
4499	40.0
4500	40.0
4501	40.0
4502	40.0
4503	40.0
4504	40.0
4505	40.0
4506	40.0
4507	40.0
4508	40.0
4509	40.0
4510	40.0
4511	40.0
4512	40.0
4513	40.0
4514	40.0
4515	40.0
4516	40.0
4517	40.0
4518	40.0
4519	40.0
4520	40.0
4521	40.0
4522	40.0
4523	40.0
4524	40.0
4525	40.0
4526	40.0
4527	40.0
4528	40.0
4529	40.0
4530	40.0
4531	40.0
4532	40.0
4533	40.0
4534	40.0
4535	40.0
4536	40.0
4537	40.0
4538	40.0
4539	40.0
4540	40.0
4541	40.0
4542	40.0
4543	40.0
4544	40.0
4545	40.0
4546	40.0
4547	40.0
4548	40.0
4549	40.0
4550	40.0
4551	40.0
4552	40.0
4553	40.0
4554	40.0
4555	40.0
4556	40.0
4557	40.0
4558	40.0
4559	40.0
4560	40.0
4561	40.0
4562	40.0
4563	40.0
4564	40.0
4565	40.0
4566	40.0
4567	40.0
4568	40.0
4569	40.0
4570	40.0
4571	40.0
4572	40.0
4573	40.0
4574	40.0
4575	40.0
4576	40.0
4577	40.0
4578	40.0
4579	40.0
4580	40.0
4581	40.0
4582	40.0
4583	40.0
4584	40.0
4585	40.0
4586	40.0
4587	40.0
4588	40.0
4589	40.0
4590	40.0
4591	40.0
4592	40.0
4593	40.0
4594	40.0
4595	40.0
4596	40.0
4597	40.0
4598	40.0
4599	40.0
4600	40.0
4601	40.0
4602	40.0
4603	40.0
4604	40.0
4605	40.0
4606	40.0
4607	40.0
4608	40.0
4609	40.0
4610	40.0
4611	40.0
4612	40.0
4613	40.0
4614	40.0
4615	40.0
4616	40.0
4617	40.0
4618	40.0
4619	40.0
4620	40.0
4621	40.0
4622	40.0
4623	40.0
4624	40.0
4625	40.0
4626	40.0
4627	40.0
4628	40.0
4629	40.0
4630	40.0
4631	40.0
4632	40.0
4633	40.0
4634	40.0
4635	40.0
4636	40.0
4637	40.0
4638	40.0
4639	40.0
4640	40.0
4641	40.0
4642	40.0
4643	40.0
4644	40.0
4645	40.0
4646	40.0
4647	40.0
4648	40.0
4649	40.0
4650	40.0
4651	40.0
4652	40.0
4653	40.0
4654	40.0
4655	40.0
4656	40.0
4657	40.0
4658	40.0
4659	40.0
4660	40.0
4661	40.0
4662	40.0
4663	40.0
4664	40.0
4665	40.0
4666	40.0
4667	40.0
4668	40.0
4669	40.0
4670	40.0
4671	40.0
4672	40.0
4673	40.0
4674	40.0
4675	40.0
4676	40.0
4677	40.0
4678	40.0
4679	40.0
4680	40.0
4681	40.0
4682	40.0
4683	40.0
4684	40.0
4685	40.0
4686	40.0
4687	40.0
4688	40.0
4689	40.0
4690	40.0
4691	40.0
4692	40.0
4693	40.0
4694	40.0
4695	40.0
4696	40.0
4697	40.0
4698	40.0
4699	40.0
4700	40.0
4701	40.0
4702	40.0
4703	40.0
4704	40.0
4705	40.0
4706	40.0
4707	40.0
4708	40.0
4709	40.0
4710	40.0
4711	40.0
4712	40.0
4713	40.0
4714	40.0
4715	40.0
4716	40.0
4717	40.0
4718	40.0
4719	40.0
4720	40.0
4721	40.0
4722	40.0
4723	40.0
4724	40.0
4725	40.0
4726	40.0
4727	40.0
4728	40.0
4729	40.0
4730	40.0
4731	40.0
4732	40.0
4733	40.0
4734	40.0
4735	40.0
4736	40.0
4737	40.0
4738	40.0
4739	40.0
4740	40.0
4741	40.0
4742	40.0
4743	40.0
4744	40.0
4745	40.0
4746	40.0
4747	40.0
4748	40.0
4749	40.0
4750	40.0
4751	40.0
4752	40.0
4753	40.0
4754	40.0
4755	40.0
4756	40.0
4757	40.0
4758	40.0
4759	40.0
4760	40.0
4761	40.0
4762	40.0
4763	40.0
4764	40.0
4765	40.0
4766	40.0
4767	40.0
4768	40.0
4769	40.0
4770	40.0
4771	40.0
4772	40.0
4773	40.0
4774	40.0
4775	40.0
4776	40.0
4777	40.0
4778	40.0
4779	40.0
4780	40.0
4781	40.0
4782	40.0
4783	40.0
4784	40.0
4785	40.0
4786	40.0
4787	40.0
4788	40.0
4789	40.0
4790	40.0
4791	40.0
4792	40.0
4793	40.0
4794	40.0
4795	40.0
4796	40.0
4797	40.0
4798	40.0
4799	40.0
4800	40.0
4801	40.0
4802	40.0
4803	40.0
4804	40.0
4805	40.0
4806	40.0
4807	40.0
4808	40.0
4809	40.0
4810	40.0
4811	40.0
4812	40.0
4813	40.0
4814	40.0
4815	40.0
4816	40.0
4817	40.0
4818	40.0
4819	40.0
4820	40.0
4821	40.0
4822	40.0
4823	40.0
4824	40.0
4825	40.0
4826	40.0
4827	40.0
4828	40.0
4829	40.0
4830	40.0
4831	40.0
4832	40.0
4833	40.0
4834	40.0
4835	40.0
4836	40.0
4837	40.0
4838	40.0
4839	40.0
4840	40.0
4841	40.0
4842	40.0
4843	40.0
4844	40.0
4845	40.0
4846	40.0
4847	40.0
4848	40.0
4849	40.0
4850	40.0
4851	40.0
4852	40.0
4853	40.0
4854	40.0
4855	40.0
4856	40.0
4857	40.0
4858	40.0
4859	40.0
4860	40.0
4861	40.0
4862	40.0
4863	40.0
4864	40.0
4865	40.0
4866	40.0
4867	40.0
4868	40.0
4869	40.0
4870	40.0
4871	40.0
4872	40.0
4873	40.0
4874	40.0
4875	40.0
4876	40.0
4877	40.0
4878	40.0
4879	40.0
4880	40.0
4881	40.0
4882	40.0
4883	40.0
4884	40.0
4885	40.0
4886	40.0
4887	40.0
4888	40.0
4889	40.0
4890	40.0
4891	40.0
4892	40.0
4893	40.0
4894	40.0
4895	40.0
4896	40.0
4897	40.0
4898	40.0
4899	40.0
4900	40.0
4901	40.0
4902	40.0
4903	40.0
4904	40.0
4905	40.0
4906	40.0
4907	40.0
4908	40.0
4909	40.0
4910	40.0
4911	40.0
4912	40.0
4913	40.0
4914	40.0
4915	40.0
4916	40.0
4917	40.0
4918	40.0
4919	40.0
4920	40.0
4921	40.0
4922	40.0
4923	40.0
4924	40.0
4925	40.0
4926	40.0
4927	40.0
4928	40.0
4929	40.0
4930	40.0
4931	40.0
4932	40.0
4933	40.0
4934	40.0
4935	40.0
4936	40.0
4937	40.0
4938	40.0
4939	40.0
4940	40.0
4941	40.0
4942	40.0
4943	40.0
4944	40.0
4945	40.0
4946	40.0
4947	40.0
4948	40.0
4949	40.0
4950	40.0
4951	40.0
4952	40.0
4953	40.0
4954	40.0
4955	40.0
4956	40.0
4957	40.0
4958	40.0
4959	40.0
4960	40.0
4961	40.0
4962	40.0
4963	40.0
4964	40.0
4965	40.0
4966	40.0
4967	40.0
4968	40.0
4969	40.0
4970	40.0
4971	40.0
4972	40.0
4973	40.0
4974	40.0
4975	40.0
4976	40.0
4977	40.0
4978	40.0
4979	40.0
4980	40.0
4981	40.0
4982	40.0
4983	40.0
4984	40.0
4985	40.0
4986	40.0
4987	40.0
4988	40.0
4989	40.0
4990	40.0
4991	40.0
4992	40.0
4993	40.0
4994	40.0
4995	40.0
4996	40.0
4997	40.0
4998	40.0
4999	40.0
5000	40.0
5001	40.0
5002	40.0
5003	40.0
5004	40.0
5005	40.0
5006	40.0
5007	40.0
5008	40.0
5009	40.0
5010	40.0
5011	40.0
5012	40.0
5013	40.0
5014	40.0
5015	40.0
5016	40.0
5017	40.0
5018	40.0
5019	40.0
5020	40.0
5021	40.0
5022	40.0
5023	40.0
5024	40.0
5025	40.0
5026	40.0
5027	40.0
5028	40.0
5029	40.0
5030	40.0
5031	40.0
5032	40.0
5033	40.0
5034	40.0
5035	40.0
5036	40.0
5037	40.0
5038	40.0
5039	40.0
5040	40.0
5041	40.0
5042	40.0
5043	40.0
5044	40.0
5045	40.0
5046	40.0
5047	40.0
5048	40.0
5049	40.0
5050	40.0
5051	40.0
5052	40.0
5053	40.0
5054	40.0
5055	40.0
5056	40.0
5057	40.0
5058	40.0
5059	40.0
5060	40.0
5061	40.0
5062	40.0
5063	40.0
5064	40.0
5065	40.0
5066	40.0
5067	40.0
5068	40.0
5069	40.0
5070	40.0
5071	40.0
5072	40.0
5073	40.0
5074	40.0
5075	40.0
5076	40.0
5077	40.0
5078	40.0
5079	40.0
5080	40.0
5081	40.0
5082	40.0
5083	40.0
5084	40.0
5085	40.0
5086	40.0
5087	40.0
5088	40.0
5089	40.0
5090	40.0
5091	40.0
5092	40.0
5093	40.0
5094	40.0
5095	40.0
5096	40.0
5097	40.0
5098	40.0
5099	40.0
5100	40.0
5101	40.0
5102	40.0
5103	40.0
5104	40.0
5105	40.0
5106	40.0
5107	40.0
5108	40.0
5109	40.0
5110	40.0
5111	40.0
5112	40.0
5113	40.0
5114	40.0
5115	40.0
5116	40.0
5117	40.0
5118	40.0
5119	40.0
5120	40.0
5121	40.0
5122	40.0
5123	40.0
5124	40.0
5125	40.0
5126	40.0
5127	40.0
5128	40.0
5129	40.0
5130	40.0
5131	40.0
5132	40.0
5133	40.0
5134	40.0
5135	40.0
5136	40.0
5137	40.0
5138	40.0
5139	40.0
5140	40.0
5141	40.0
5142	40.0
5143	40.0
5144	40.0
5145	40.0
5146	40.0
5147	40.0
5148	40.0
5149	40.0
5150	40.0
5151	40.0
5152	40.0
5153	40.0
5154	40.0
5155	40.0
5156	40.0
5157	40.0
5158	40.0
5159	40.0
5160	40.0
5161	40.0
5162	40.0
5163	40.0
5164	40.0
5165	40.0
5166	40.0
5167	40.0
5168	40.0
5169	40.0
5170	40.0
5171	40.0
5172	40.0
5173	40.0
5174	40.0
5175	40.0
5176	40.0
5177	40.0
5178	40.0
5179	40.0
5180	40.0
5181	40.0
5182	40.0
5183	40.0
5184	40.0
5185	40.0
5186	40.0
5187	40.0
5188	40.0
5189	40.0
5190	40.0
5191	40.0
5192	40.0
5193	40.0
5194	40.0
5195	40.0
5196	40.0
5197	40.0
5198	40.0
5199	40.0
5200	40.0
5201	40.0
5202	40.0
5203	40.0
5204	40.0
5205	40.0
5206	40.0
5207	40.0
5208	40.0
5209	40.0
5210	40.0
5211	40.0
5212	40.0
5213	40.0
5214	40.0
5215	40.0
5216	40.0
5217	40.0
5218	40.0
5219	40.0
5220	40.0
5221	40.0
5222	40.0
5223	40.0
5224	40.0
5225	40.0
5226	40.0
5227	40.0
5228	40.0
5229	40.0
5230	40.0
5231	40.0
5232	40.0
5233	40.0
5234	40.0
5235	40.0
5236	40.0
5237	40.0
5238	40.0
5239	40.0
5240	40.0
5241	40.0
5242	40.0
5243	40.0
5244	40.0
5245	40.0
5246	40.0
5247	40.0
5248	40.0
5249	40.0
5250	40.0
5251	40.0
5252	40.0
5253	40.0
5254	40.0
5255	40.0
5256	40.0
5257	40.0
5258	40.0
5259	40.0
5260	40.0
5261	40.0
5262	40.0
5263	40.0
5264	40.0
5265	40.0
5266	40.0
5267	40.0
5268	40.0
5269	40.0
5270	40.0
5271	40.0
5272	40.0
5273	40.0
5274	40.0
5275	40.0
5276	40.0
5277	40.0
5278	40.0
5279	40.0
5280	40.0
5281	40.0
5282	40.0
5283	40.0
5284	40.0
5285	40.0
5286	40.0
5287	40.0
5288	40.0
5289	40.0
5290	40.0
5291	40.0
5292	40.0
5293	40.0
5294	40.0
5295	40.0
5296	40.0
5297	40.0
5298	40.0
5299	40.0
5300	40.0
5301	40.0
5302	40.0
5303	40.0
5304	40.0
5305	40.0
5306	40.0
5307	40.0
5308	40.0
5309	40.0
5310	40.0
5311	40.0
5312	40.0
5313	40.0
5314	40.0
5315	40.0
5316	40.0
5317	40.0
5318	40.0
5319	40.0
5320	40.0
5321	40.0
5322	40.0
5323	40.0
5324	40.0
5325	40.0
5326	40.0
5327	40.0
5328	40.0
5329	40.0
5330	40.0
5331	40.0
5332	40.0
5333	40.0
5334	40.0
5335	40.0
5336	40.0
5337	40.0
5338	40.0
5339	40.0
5340	40.0
5341	40.0
5342	40.0
5343	40.0
5344	40.0
5345	40.0
5346	40.0
5347	40.0
5348	40.0
5349	40.0
5350	40.0
5351	40.0
5352	40.0
5353	40.0
5354	40.0
5355	40.0
5356	40.0
5357	40.0
5358	40.0
5359	40.0
5360	40.0
5361	40.0
5362	40.0
5363	40.0
5364	40.0
5365	40.0
5366	40.0
5367	40.0
5368	40.0
5369	40.0
5370	40.0
5371	40.0
5372	40.0
5373	40.0
5374	40.0
5375	40.0
5376	40.0
5377	40.0
5378	40.0
5379	40.0
5380	40.0
5381	40.0
5382	40.0
5383	40.0
5384	40.0
5385	40.0
5386	40.0
5387	40.0
5388	40.0
5389	40.0
5390	40.0
5391	40.0
5392	40.0
5393	40.0
5394	40.0
5395	40.0
5396	40.0
5397	40.0
5398	40.0
5399	40.0
5400	40.0
5401	40.0
5402	40.0
5403	40.0
5404	40.0
5405	40.0
5406	40.0
5407	40.0
5408	40.0
5409	40.0
5410	40.0
5411	40.0
5412	40.0
5413	40.0
5414	40.0
5415	40.0
5416	40.0
5417	40.0
5418	40.0
5419	40.0
5420	40.0
5421	40.0
5422	40.0
5423	40.0
5424	40.0
5425	40.0
5426	40.0
5427	40.0
5428	40.0
5429	40.0
5430	40.0
5431	40.0
5432	40.0
5433	40.0
5434	40.0
5435	40.0
5436	40.0
5437	40.0
5438	40.0
5439	40.0
5440	40.0
5441	40.0
5442	40.0
5443	40.0
5444	40.0
5445	40.0
5446	40.0
5447	40.0
5448	40.0
5449	40.0
5450	40.0
5451	40.0
5452	40.0
5453	40.0
5454	40.0
5455	40.0
5456	40.0
5457	40.0
5458	40.0
5459	40.0
5460	40.0
5461	40.0
5462	40.0
5463	40.0
5464	40.0
5465	40.0
5466	40.0
5467	40.0
5468	40.0
5469	40.0
5470	40.0
5471	40.0
5472	40.0
5473	40.0
5474	40.0
5475	40.0
5476	40.0
5477	40.0
5478	40.0
5479	40.0
5480	40.0
5481	40.0
5482	40.0
5483	40.0
5484	40.0
5485	40.0
5486	40.0
5487	40.0
5488	40.0
5489	40.0
5490	40.0
5491	40.0
5492	40.0
5493	40.0
5494	40.0
5495	40.0
5496	40.0
5497	40.0
5498	40.0
5499	40.0
5500	40.0
5501	40.0
5502	40.0
5503	40.0
5504	40.0
5505	40.0
5506	40.0
5507	40.0
5508	40.0
5509	40.0
5510	40.0
5511	40.0
5512	40.0
5513	40.0
5514	40.0
5515	40.0
5516	40.0
5517	40.0
5518	40.0
5519	40.0
5520	40.0
5521	40.0
5522	40.0
5523	40.0
5524	40.0
5525	40.0
5526	40.0
5527	40.0
5528	40.0
5529	40.0
5530	40.0
5531	40.0
5532	40.0
5533	40.0
5534	40.0
5535	40.0
5536	40.0
5537	40.0
5538	40.0
5539	40.0
5540	40.0
5541	40.0
5542	40.0
5543	40.0
5544	40.0
5545	40.0
5546	40.0
5547	40.0
5548	40.0
5549	40.0
5550	40.0
5551	40.0
5552	40.0
5553	40.0
5554	40.0
5555	40.0
5556	40.0
5557	40.0
5558	40.0
5559	40.0
5560	40.0
5561	40.0
5562	40.0
5563	40.0
5564	40.0
5565	40.0
5566	40.0
5567	40.0
5568	40.0
5569	40.0
5570	40.0
5571	40.0
5572	40.0
5573	40.0
5574	40.0
5575	40.0
5576	40.0
5577	40.0
5578	40.0
5579	40.0
5580	40.0
5581	40.0
5582	40.0
5583	40.0
5584	40.0
5585	40.0
5586	40.0
5587	40.0
5588	40.0
5589	40.0
5590	40.0
5591	40.0
5592	40.0
5593	40.0
5594	40.0
5595	40.0
5596	40.0
5597	40.0
5598	40.0
5599	40.0
5600	40.0
5601	40.0
5602	40.0
5603	40.0
5604	40.0
5605	40.0
5606	40.0
5607	40.0
5608	40.0
5609	40.0
5610	40.0
5611	40.0
5612	40.0
5613	40.0
5614	40.0
5615	40.0
5616	40.0
5617	40.0
5618	40.0
5619	40.0
5620	40.0
5621	40.0
5622	40.0
5623	40.0
5624	40.0
5625	40.0
5626	40.0
5627	40.0
5628	40.0
5629	40.0
5630	40.0
5631	40.0
5632	40.0
5633	40.0
5634	40.0
5635	40.0
5636	40.0
5637	40.0
5638	40.0
5639	40.0
5640	40.0
5641	40.0
5642	40.0
5643	40.0
5644	40.0
5645	40.0
5646	40.0
5647	40.0
5648	40.0
5649	40.0
5650	40.0
5651	40.0
5652	40.0
5653	40.0
5654	40.0
5655	40.0
5656	40.0
5657	40.0
5658	40.0
5659	40.0
5660	40.0
5661	40.0
5662	40.0
5663	40.0
5664	40.0
5665	40.0
5666	40.0
5667	40.0
5668	40.0
5669	40.0
5670	40.0
5671	40.0
5672	40.0
5673	40.0
5674	40.0
5675	40.0
5676	40.0
5677	40.0
5678	40.0
5679	40.0
5680	40.0
5681	40.0
5682	40.0
5683	40.0
5684	40.0
5685	40.0
5686	40.0
5687	40.0
5688	40.0
5689	40.0
5690	40.0
5691	40.0
5692	40.0
5693	40.0
5694	40.0
5695	40.0
5696	40.0
5697	40.0
5698	40.0
5699	40.0
5700	40.0
5701	40.0
5702	40.0
5703	40.0
5704	40.0
5705	40.0
5706	40.0
5707	40.0
5708	40.0
5709	40.0
5710	40.0
5711	40.0
5712	40.0
5713	40.0
5714	40.0
5715	40.0
5716	40.0
5717	40.0
5718	40.0
5719	40.0
5720	40.0
5721	40.0
5722	40.0
5723	40.0
5724	40.0
5725	40.0
5726	40.0
5727	40.0
5728	40.0
5729	40.0
5730	40.0
5731	40.0
5732	40.0
5733	40.0
5734	40.0
5735	40.0
5736	40.0
5737	40.0
5738	40.0
5739	40.0
5740	40.0
5741	40.0
5742	40.0
5743	40.0
5744	40.0
5745	40.0
5746	40.0
5747	40.0
5748	40.0
5749	40.0
5750	40.0
5751	40.0
5752	40.0
5753	40.0
5754	40.0
5755	40.0
5756	40.0
5757	40.0
5758	40.0
5759	40.0
5760	40.0
5761	40.0
5762	40.0
5763	40.0
5764	40.0
5765	40.0
5766	40.0
5767	40.0
5768	40.0
5769	40.0
5770	40.0
5771	40.0
5772	40.0
5773	40.0
5774	40.0
5775	40.0
5776	40.0
5777	40.0
5778	40.0
5779	40.0
5780	40.0
5781	40.0
5782	40.0
5783	40.0
5784	40.0
5785	40.0
5786	40.0
5787	40.0
5788	40.0
5789	40.0
5790	40.0
5791	40.0
5792	40.0
5793	40.0
5794	40.0
5795	40.0
5796	40.0
5797	40.0
5798	40.0
5799	40.0
5800	40.0
5801	40.0
5802	40.0
5803	40.0
5804	40.0
5805	40.0
5806	40.0
5807	40.0
5808	40.0
5809	40.0
5810	40.0
5811	40.0
5812	40.0
5813	40.0
5814	40.0
5815	40.0
5816	40.0
5817	40.0
5818	40.0
5819	40.0
5820	40.0
5821	40.0
5822	40.0
5823	40.0
5824	40.0
5825	40.0
5826	40.0
5827	40.0
5828	40.0
5829	40.0
5830	40.0
5831	40.0
5832	40.0
5833	40.0
5834	40.0
5835	40.0
5836	40.0
5837	40.0
5838	40.0
5839	40.0
5840	40.0
5841	40.0
5842	40.0
5843	40.0
5844	40.0
5845	40.0
5846	40.0
5847	40.0
5848	40.0
5849	40.0
5850	40.0
5851	40.0
5852	40.0
5853	40.0
5854	40.0
5855	40.0
5856	40.0
5857	40.0
5858	40.0
5859	40.0
5860	40.0
5861	40.0
5862	40.0
5863	40.0
5864	40.0
5865	40.0
5866	40.0
5867	40.0
5868	40.0
5869	40.0
5870	40.0
5871	40.0
5872	40.0
5873	40.0
5874	40.0
5875	40.0
5876	40.0
5877	40.0
5878	40.0
5879	40.0
5880	40.0
5881	40.0
5882	40.0
5883	40.0
5884	40.0
5885	40.0
5886	40.0
5887	40.0
5888	40.0
5889	40.0
5890	40.0
5891	40.0
5892	40.0
5893	40.0
5894	40.0
5895	40.0
5896	40.0
5897	40.0
5898	40.0
5899	40.0
5900	40.0
5901	40.0
5902	40.0
5903	40.0
5904	40.0
5905	40.0
5906	40.0
5907	40.0
5908	40.0
5909	40.0
5910	40.0
5911	40.0
5912	40.0
5913	40.0
5914	40.0
5915	40.0
5916	40.0
5917	40.0
5918	40.0
5919	40.0
5920	40.0
5921	40.0
5922	40.0
5923	40.0
5924	40.0
5925	40.0
5926	40.0
5927	40.0
5928	40.0
5929	40.0
5930	40.0
5931	40.0
5932	40.0
5933	40.0
5934	40.0
5935	40.0
5936	40.0
5937	40.0
5938	40.0
5939	40.0
5940	40.0
5941	40.0
5942	40.0
5943	40.0
5944	40.0
5945	40.0
5946	40.0
5947	40.0
5948	40.0
5949	40.0
5950	40.0
5951	40.0
5952	40.0
5953	40.0
5954	40.0
5955	40.0
5956	40.0
5957	40.0
5958	40.0
5959	40.0
5960	40.0
5961	40.0
5962	40.0
5963	40.0
5964	40.0
5965	40.0
5966	40.0
5967	40.0
5968	40.0
5969	40.0
5970	40.0
5971	40.0
5972	40.0
5973	40.0
5974	40.0
5975	40.0
5976	40.0
5977	40.0
5978	40.0
5979	40.0
5980	40.0
5981	40.0
5982	40.0
5983	40.0
5984	40.0
5985	40.0
5986	40.0
5987	40.0
5988	40.0
5989	40.0
5990	40.0
5991	40.0
5992	40.0
5993	40.0
5994	40.0
5995	40.0
5996	40.0
5997	40.0
5998	40.0
5999	40.0
6000	40.0
6001	40.0
6002	40.0
6003	40.0
6004	40.0
6005	40.0
6006	40.0
6007	40.0
6008	40.0
6009	40.0
6010	40.0
6011	40.0
6012	40.0
6013	40.0
6014	40.0
6015	40.0
6016	40.0
6017	40.0
6018	40.0
6019	40.0
6020	40.0
6021	40.0
6022	40.0
6023	40.0
6024	40.0
6025	40.0
6026	40.0
6027	40.0
6028	40.0
6029	40.0
6030	40.0
6031	40.0
6032	40.0
6033	40.0
6034	40.0
6035	40.0
6036	40.0
6037	40.0
6038	40.0
6039	40.0
6040	40.0
6041	40.0
6042	40.0
6043	40.0
6044	40.0
6045	40.0
6046	40.0
6047	40.0
6048	40.0
6049	40.0
6050	40.0
6051	40.0
6052	40.0
6053	40.0
6054	40.0
6055	40.0
6056	40.0
6057	40.0
6058	40.0
6059	40.0
6060	40.0
6061	40.0
6062	40.0
6063	40.0
6064	40.0
6065	40.0
6066	40.0
6067	40.0
6068	40.0
6069	40.0
6070	40.0
6071	40.0
6072	40.0
6073	40.0
6074	40.0
6075	40.0
6076	40.0
6077	40.0
6078	40.0
6079	40.0
6080	40.0
6081	40.0
6082	40.0
6083	40.0
6084	40.0
6085	40.0
6086	40.0
6087	40.0
6088	40.0
6089	40.0
6090	40.0
6091	40.0
6092	40.0
6093	40.0
6094	40.0
6095	40.0
6096	40.0
6097	40.0
6098	40.0
6099	40.0
6100	40.0
6101	40.0
6102	40.0
6103	40.0
6104	40.0
6105	40.0
6106	40.0
6107	40.0
6108	40.0
6109	40.0
6110	40.0
6111	40.0
6112	40.0
6113	40.0
6114	40.0
6115	40.0
6116	40.0
6117	40.0
6118	40.0
6119	40.0
6120	40.0
6121	40.0
6122	40.0
6123	40.0
6124	40.0
6125	40.0
6126	40.0
6127	40.0
6128	40.0
6129	40.0
6130	40.0
6131	40.0
6132	40.0
6133	40.0
6134	40.0
6135	40.0
6136	40.0
6137	40.0
6138	40.0
6139	40.0
6140	40.0
6141	40.0
6142	40.0
6143	40.0
6144	40.0
6145	40.0
6146	40.0
6147	40.0
6148	40.0
6149	40.0
6150	40.0
6151	40.0
6152	40.0
6153	40.0
6154	40.0
6155	40.0
6156	40.0
6157	40.0
6158	40.0
6159	40.0
6160	40.0
6161	40.0
6162	40.0
6163	40.0
6164	40.0
6165	40.0
6166	40.0
6167	40.0
6168	40.0
6169	40.0
6170	40.0
6171	40.0
6172	40.0
6173	40.0
6174	40.0
6175	40.0
6176	40.0
6177	40.0
6178	40.0
6179	40.0
6180	40.0
6181	40.0
6182	40.0
6183	40.0
6184	40.0
6185	40.0
6186	40.0
6187	40.0
6188	40.0
6189	40.0
6190	40.0
6191	40.0
6192	40.0
6193	40.0
6194	40.0
6195	40.0
6196	40.0
6197	40.0
6198	40.0
6199	40.0
6200	40.0
6201	40.0
6202	40.0
6203	40.0
6204	40.0
6205	40.0
6206	40.0
6207	40.0
6208	40.0
6209	40.0
6210	40.0
6211	40.0
6212	40.0
6213	40.0
6214	40.0
6215	40.0
6216	40.0
6217	40.0
6218	40.0
6219	40.0
6220	40.0
6221	40.0
6222	40.0
6223	40.0
6224	40.0
6225	40.0
6226	40.0
6227	40.0
6228	40.0
6229	40.0
6230	40.0
6231	40.0
6232	40.0
6233	40.0
6234	40.0
6235	40.0
6236	40.0
6237	40.0
6238	40.0
6239	40.0
6240	40.0
6241	40.0
6242	40.0
6243	40.0
6244	40.0
6245	40.0
6246	40.0
6247	40.0
6248	40.0
6249	40.0
6250	40.0
6251	40.0
6252	40.0
6253	40.0
6254	40.0
6255	40.0
6256	40.0
6257	40.0
6258	40.0
6259	40.0
6260	40.0
6261	40.0
6262	40.0
6263	40.0
6264	40.0
6265	40.0
6266	40.0
6267	40.0
6268	40.0
6269	40.0
6270	40.0
6271	40.0
6272	40.0
6273	40.0
6274	40.0
6275	40.0
6276	40.0
6277	40.0
6278	40.0
6279	40.0
6280	40.0
6281	40.0
6282	40.0
6283	40.0
6284	40.0
6285	40.0
6286	40.0
6287	40.0
6288	40.0
6289	40.0
6290	40.0
6291	40.0
6292	40.0
6293	40.0
6294	40.0
6295	40.0
6296	40.0
6297	40.0
6298	40.0
6299	40.0
6300	40.0
6301	40.0
6302	40.0
6303	40.0
6304	40.0
6305	40.0
6306	40.0
6307	40.0
6308	40.0
6309	40.0
6310	40.0
6311	40.0
6312	40.0
6313	40.0
6314	40.0
6315	40.0
6316	40.0
6317	40.0
6318	40.0
6319	40.0
6320	40.0
6321	40.0
6322	40.0
6323	40.0
6324	40.0
6325	40.0
6326	40.0
6327	40.0
6328	40.0
6329	40.0
6330	40.0
6331	40.0
6332	40.0
6333	40.0
6334	40.0
6335	40.0
6336	40.0
6337	40.0
6338	40.0
6339	40.0
6340	40.0
6341	40.0
6342	40.0
6343	40.0
6344	40.0
6345	40.0
6346	40.0
6347	40.0
6348	40.0
6349	40.0
6350	40.0
6351	40.0
6352	40.0
6353	40.0
6354	40.0
6355	40.0
6356	40.0
6357	40.0
6358	40.0
6359	40.0
6360	40.0
6361	40.0
6362	40.0
6363	40.0
6364	40.0
6365	40.0
6366	40.0
6367	40.0
6368	40.0
6369	40.0
6370	40.0
6371	40.0
6372	40.0
6373	40.0
6374	40.0
6375	40.0
6376	40.0
6377	40.0
6378	40.0
6379	40.0
6380	40.0
6381	40.0
6382	40.0
6383	40.0
6384	40.0
6385	40.0
6386	40.0
6387	40.0
6388	40.0
6389	40.0
6390	40.0
6391	40.0
6392	40.0
6393	40.0
6394	40.0
6395	40.0
6396	40.0
6397	40.0
6398	40.0
6399	40.0
6400	40.0
6401	40.0
6402	40.0
6403	40.0
6404	40.0
6405	40.0
6406	40.0
6407	40.0
6408	40.0
6409	40.0
6410	40.0
6411	40.0
6412	40.0
6413	40.0
6414	40.0
6415	40.0
6416	40.0
6417	40.0
6418	40.0
6419	40.0
6420	40.0
6421	40.0
6422	40.0
6423	40.0
6424	40.0
6425	40.0
6426	40.0
6427	40.0
6428	40.0
6429	40.0
6430	40.0
6431	40.0
6432	40.0
6433	40.0
6434	40.0
6435	40.0
6436	40.0
6437	40.0
6438	40.0
6439	40.0
6440	40.0
6441	40.0
6442	40.0
6443	40.0
6444	40.0
6445	40.0
6446	40.0
6447	40.0
6448	40.0
6449	40.0
6450	40.0
6451	40.0
6452	40.0
6453	40.0
6454	40.0
6455	40.0
6456	40.0
6457	40.0
6458	40.0
6459	40.0
6460	40.0
6461	40.0
6462	40.0
6463	40.0
6464	40.0
6465	40.0
6466	40.0
6467	40.0
6468	40.0
6469	40.0
6470	40.0
6471	40.0
6472	40.0
6473	40.0
6474	40.0
6475	40.0
6476	40.0
6477	40.0
6478	40.0
6479	40.0
6480	40.0
6481	40.0
6482	40.0
6483	40.0
6484	40.0
6485	40.0
6486	40.0
6487	40.0
6488	40.0
6489	40.0
6490	40.0
6491	40.0
6492	40.0
6493	40.0
6494	40.0
6495	40.0
6496	40.0
6497	40.0
6498	40.0
6499	40.0
6500	40.0
6501	40.0
6502	40.0
6503	40.0
6504	40.0
6505	40.0
6506	40.0
6507	40.0
6508	40.0
6509	40.0
6510	40.0
6511	40.0
6512	40.0
6513	40.0
6514	40.0
6515	40.0
6516	40.0
6517	40.0
6518	40.0
6519	40.0
6520	40.0
6521	40.0
6522	40.0
6523	40.0
6524	40.0
6525	40.0
6526	40.0
6527	40.0
6528	40.0
6529	40.0
6530	40.0
6531	40.0
6532	40.0
6533	40.0
6534	40.0
6535	40.0
6536	40.0
6537	40.0
6538	40.0
6539	40.0
6540	40.0
6541	40.0
6542	40.0
6543	40.0
6544	40.0
6545	40.0
6546	40.0
6547	40.0
6548	40.0
6549	40.0
6550	40.0
6551	40.0
6552	40.0
6553	40.0
6554	40.0
6555	40.0
6556	40.0
6557	40.0
6558	40.0
6559	40.0
6560	40.0
6561	40.0
6562	40.0
6563	40.0
6564	40.0
6565	40.0
6566	40.0
6567	40.0
6568	40.0
6569	40.0
6570	40.0
6571	40.0
6572	40.0
6573	40.0
6574	40.0
6575	40.0
6576	40.0
6577	40.0
6578	40.0
6579	40.0
6580	40.0
6581	40.0
6582	40.0
6583	40.0
6584	40.0
6585	40.0
6586	40.0
6587	40.0
6588	40.0
6589	40.0
6590	40.0
6591	40.0
6592	40.0
6593	40.0
6594	40.0
6595	40.0
6596	40.0
6597	40.0
6598	40.0
6599	40.0
6600	40.0
6601	40.0
6602	40.0
6603	40.0
6604	40.0
6605	40.0
6606	40.0
6607	40.0
6608	40.0
6609	40.0
6610	40.0
6611	40.0
6612	40.0
6613	40.0
6614	40.0
6615	40.0
6616	40.0
6617	40.0
6618	40.0
6619	40.0
6620	40.0
6621	40.0
6622	40.0
6623	40.0
6624	40.0
6625	40.0
6626	40.0
6627	40.0
6628	40.0
6629	40.0
6630	40.0
6631	40.0
6632	40.0
6633	40.0
6634	40.0
6635	40.0
6636	40.0
6637	40.0
6638	40.0
6639	40.0
6640	40.0
6641	40.0
6642	40.0
6643	40.0
6644	40.0
6645	40.0
6646	40.0
6647	40.0
6648	40.0
6649	40.0
6650	40.0
6651	40.0
6652	40.0
6653	40.0
6654	40.0
6655	40.0
6656	40.0
6657	40.0
6658	40.0
6659	40.0
6660	40.0
6661	40.0
6662	40.0
6663	40.0
6664	40.0
6665	40.0
6666	40.0
6667	40.0
6668	40.0
6669	40.0
6670	40.0
6671	40.0
6672	40.0
6673	40.0
6674	40.0
6675	40.0
6676	40.0
6677	40.0
6678	40.0
6679	40.0
6680	40.0
6681	40.0
6682	40.0
6683	40.0
6684	40.0
6685	40.0
6686	40.0
6687	40.0
6688	40.0
6689	40.0
6690	40.0
6691	40.0
6692	40.0
6693	40.0
6694	40.0
6695	40.0
6696	40.0
6697	40.0
6698	40.0
6699	40.0
6700	40.0
6701	40.0
6702	40.0
6703	40.0
6704	40.0
6705	40.0
6706	40.0
6707	40.0
6708	40.0
6709	40.0
6710	40.0
6711	40.0
6712	40.0
6713	40.0
6714	40.0
6715	40.0
6716	40.0
6717	40.0
6718	40.0
6719	40.0
6720	40.0
6721	40.0
6722	40.0
6723	40.0
6724	40.0
6725	40.0
6726	40.0
6727	40.0
6728	40.0
6729	40.0
6730	40.0
6731	40.0
6732	40.0
6733	40.0
6734	40.0
6735	40.0
6736	40.0
6737	40.0
6738	40.0
6739	40.0
6740	40.0
6741	40.0
6742	40.0
6743	40.0
6744	40.0
6745	40.0
6746	40.0
6747	40.0
6748	40.0
6749	40.0
6750	40.0
6751	40.0
6752	40.0
6753	40.0
6754	40.0
6755	40.0
6756	40.0
6757	40.0
6758	40.0
6759	40.0
6760	40.0
6761	40.0
6762	40.0
6763	40.0
6764	40.0
6765	40.0
6766	40.0
6767	40.0
6768	40.0
6769	40.0
6770	40.0
6771	40.0
6772	40.0
6773	40.0
6774	40.0
6775	40.0
6776	40.0
6777	40.0
6778	40.0
6779	40.0
6780	40.0
6781	40.0
6782	40.0
6783	40.0
6784	40.0
6785	40.0
6786	40.0
6787	40.0
6788	40.0
6789	40.0
6790	40.0
6791	40.0
6792	40.0
6793	40.0
6794	40.0
6795	40.0
6796	40.0
6797	40.0
6798	40.0
6799	40.0
6800	40.0
6801	40.0
6802	40.0
6803	40.0
6804	40.0
6805	40.0
6806	40.0
6807	40.0
6808	40.0
6809	40.0
6810	40.0
6811	40.0
6812	40.0
6813	40.0
6814	40.0
6815	40.0
6816	40.0
6817	40.0
6818	40.0
6819	40.0
6820	40.0
6821	40.0
6822	40.0
6823	40.0
6824	40.0
6825	40.0
6826	40.0
6827	40.0
6828	40.0
6829	40.0
6830	40.0
6831	40.0
6832	40.0
6833	40.0
6834	40.0
6835	40.0
6836	40.0
6837	40.0
6838	40.0
6839	40.0
6840	40.0
6841	40.0
6842	40.0
6843	40.0
6844	40.0
6845	40.0
6846	40.0
6847	40.0
6848	40.0
6849	40.0
6850	40.0
6851	40.0
6852	40.0
6853	40.0
6854	40.0
6855	40.0
6856	40.0
6857	40.0
6858	40.0
6859	40.0
6860	40.0
6861	40.0
6862	40.0
6863	40.0
6864	40.0
6865	40.0
6866	40.0
6867	40.0
6868	40.0
6869	40.0
6870	40.0
6871	40.0
6872	40.0
6873	40.0
6874	40.0
6875	40.0
6876	40.0
6877	40.0
6878	40.0
6879	40.0
6880	40.0
6881	40.0
6882	40.0
6883	40.0
6884	40.0
6885	40.0
6886	40.0
6887	40.0
6888	40.0
6889	40.0
6890	40.0
6891	40.0
6892	40.0
6893	40.0
6894	40.0
6895	40.0
6896	40.0
6897	40.0
6898	40.0
6899	40.0
6900	40.0
6901	40.0
6902	40.0
6903	40.0
6904	40.0
6905	40.0
6906	40.0
6907	40.0
6908	40.0
6909	40.0
6910	40.0
6911	40.0
6912	40.0
6913	40.0
6914	40.0
6915	40.0
6916	40.0
6917	40.0
6918	40.0
6919	40.0
6920	40.0
6921	40.0
6922	40.0
6923	40.0
6924	40.0
6925	40.0
6926	40.0
6927	40.0
6928	40.0
6929	40.0
6930	40.0
6931	40.0
6932	40.0
6933	40.0
6934	40.0
6935	40.0
6936	40.0
6937	40.0
6938	40.0
6939	40.0
6940	40.0
6941	40.0
6942	40.0
6943	40.0
6944	40.0
6945	40.0
6946	40.0
6947	40.0
6948	40.0
6949	40.0
6950	40.0
6951	40.0
6952	40.0
6953	40.0
6954	40.0
6955	40.0
6956	40.0
6957	40.0
6958	40.0
6959	40.0
6960	40.0
6961	40.0
6962	40.0
6963	40.0
6964	40.0
6965	40.0
6966	40.0
6967	40.0
6968	40.0
6969	40.0
6970	40.0
6971	40.0
6972	40.0
6973	40.0
6974	40.0
6975	40.0
6976	40.0
6977	40.0
6978	40.0
6979	40.0
6980	40.0
6981	40.0
6982	40.0
6983	40.0
6984	40.0
6985	40.0
6986	40.0
6987	40.0
6988	40.0
6989	40.0
6990	40.0
6991	40.0
6992	40.0
6993	40.0
6994	40.0
6995	40.0
6996	40.0
6997	40.0
6998	40.0
6999	40.0
7000	40.0
7001	40.0
7002	40.0
7003	40.0
7004	40.0
7005	40.0
7006	40.0
7007	40.0
7008	40.0
7009	40.0
7010	40.0
7011	40.0
7012	40.0
7013	40.0
7014	40.0
7015	40.0
7016	40.0
7017	40.0
7018	40.0
7019	40.0
7020	40.0
7021	40.0
7022	40.0
7023	40.0
7024	40.0
7025	40.0
7026	40.0
7027	40.0
7028	40.0
7029	40.0
7030	40.0
7031	40.0
7032	40.0
7033	40.0
7034	40.0
7035	40.0
7036	40.0
7037	40.0
7038	40.0
7039	40.0
7040	40.0
7041	40.0
7042	40.0
7043	40.0
7044	40.0
7045	40.0
7046	40.0
7047	40.0
7048	40.0
7049	40.0
7050	40.0
7051	40.0
7052	40.0
7053	40.0
7054	40.0
7055	40.0
7056	40.0
7057	40.0
7058	40.0
7059	40.0
7060	40.0
7061	40.0
7062	40.0
7063	40.0
7064	40.0
7065	40.0
7066	40.0
7067	40.0
7068	40.0
7069	40.0
7070	40.0
7071	40.0
7072	40.0
7073	40.0
7074	40.0
7075	40.0
7076	40.0
7077	40.0
7078	40.0
7079	40.0
7080	40.0
7081	40.0
7082	40.0
7083	40.0
7084	40.0
7085	40.0
7086	40.0
7087	40.0
7088	40.0
7089	40.0
7090	40.0
7091	40.0
7092	40.0
7093	40.0
7094	40.0
7095	40.0
7096	40.0
7097	40.0
7098	40.0
7099	40.0
7100	40.0
7101	40.0
7102	40.0
7103	40.0
7104	40.0
7105	40.0
7106	40.0
7107	40.0
7108	40.0
7109	40.0
7110	40.0
7111	40.0
7112	40.0
7113	40.0
7114	40.0
7115	40.0
7116	40.0
7117	40.0
7118	40.0
7119	40.0
7120	40.0
7121	40.0
7122	40.0
7123	40.0
7124	40.0
7125	40.0
7126	40.0
7127	40.0
7128	40.0
7129	40.0
7130	40.0
7131	40.0
7132	40.0
7133	40.0
7134	40.0
7135	40.0
7136	40.0
7137	40.0
7138	40.0
7139	40.0
7140	40.0
7141	40.0
7142	40.0
7143	40.0
7144	40.0
7145	40.0
7146	40.0
7147	40.0
7148	40.0
7149	40.0
7150	40.0
7151	40.0
7152	40.0
7153	40.0
7154	40.0
7155	40.0
7156	40.0
7157	40.0
7158	40.0
7159	40.0
7160	40.0
7161	40.0
7162	40.0
7163	40.0
7164	40.0
7165	40.0
7166	40.0
7167	40.0
7168	40.0
7169	40.0
7170	40.0
7171	40.0
7172	40.0
7173	40.0
7174	40.0
7175	40.0
7176	40.0
7177	40.0
7178	40.0
7179	40.0
7180	40.0
7181	40.0
7182	40.0
7183	40.0
7184	40.0
7185	40.0
7186	40.0
7187	40.0
7188	40.0
7189	40.0
7190	40.0
7191	40.0
7192	40.0
7193	40.0
7194	40.0
7195	40.0
7196	40.0
7197	40.0
7198	40.0
7199	40.0
7200	40.0
7201	40.0
7202	40.0
7203	40.0
7204	40.0
7205	40.0
7206	40.0
7207	40.0
7208	40.0
7209	40.0
7210	40.0
7211	40.0
7212	40.0
7213	40.0
7214	40.0
7215	40.0
7216	40.0
7217	40.0
7218	40.0
7219	40.0
7220	40.0
7221	40.0
7222	40.0
7223	40.0
7224	40.0
7225	40.0
7226	40.0
7227	40.0
7228	40.0
7229	40.0
7230	40.0
7231	40.0
7232	40.0
7233	40.0
7234	40.0
7235	40.0
7236	40.0
7237	40.0
7238	40.0
7239	40.0
7240	40.0
7241	40.0
7242	40.0
7243	40.0
7244	40.0
7245	40.0
7246	40.0
7247	40.0
7248	40.0
7249	40.0
7250	40.0
7251	40.0
7252	40.0
7253	40.0
7254	40.0
7255	40.0
7256	40.0
7257	40.0
7258	40.0
7259	40.0
7260	40.0
7261	40.0
7262	40.0
7263	40.0
7264	40.0
7265	40.0
7266	40.0
7267	40.0
7268	40.0
7269	40.0
7270	40.0
7271	40.0
7272	40.0
7273	40.0
7274	40.0
7275	40.0
7276	40.0
7277	40.0
7278	40.0
7279	40.0
7280	40.0
7281	40.0
7282	40.0
7283	40.0
7284	40.0
7285	40.0
7286	40.0
7287	40.0
7288	40.0
7289	40.0
7290	40.0
7291	40.0
7292	40.0
7293	40.0
7294	40.0
7295	40.0
7296	40.0
7297	40.0
7298	40.0
7299	40.0
7300	40.0
7301	40.0
7302	40.0
7303	40.0
7304	40.0
7305	40.0
7306	40.0
7307	40.0
7308	40.0
7309	40.0
7310	40.0
7311	40.0
7312	40.0
7313	40.0
7314	40.0
7315	40.0
7316	40.0
7317	40.0
7318	40.0
7319	40.0
7320	40.0
7321	40.0
7322	40.0
7323	40.0
7324	40.0
7325	40.0
7326	40.0
7327	40.0
7328	40.0
7329	40.0
7330	40.0
7331	40.0
7332	40.0
7333	40.0
7334	40.0
7335	40.0
7336	40.0
7337	40.0
7338	40.0
7339	40.0
7340	40.0
7341	40.0
7342	40.0
7343	40.0
7344	40.0
7345	40.0
7346	40.0
7347	40.0
7348	40.0
7349	40.0
7350	40.0
7351	40.0
7352	40.0
7353	40.0
7354	40.0
7355	40.0
7356	40.0
7357	40.0
7358	40.0
7359	40.0
7360	40.0
7361	40.0
7362	40.0
7363	40.0
7364	40.0
7365	40.0
7366	40.0
7367	40.0
7368	40.0
7369	40.0
7370	40.0
7371	40.0
7372	40.0
7373	40.0
7374	40.0
7375	40.0
7376	40.0
7377	40.0
7378	40.0
7379	40.0
7380	40.0
7381	40.0
7382	40.0
7383	40.0
7384	40.0
7385	40.0
7386	40.0
7387	40.0
7388	40.0
7389	40.0
7390	40.0
7391	40.0
7392	40.0
7393	40.0
7394	40.0
7395	40.0
7396	40.0
7397	40.0
7398	40.0
7399	40.0
7400	40.0
7401	40.0
7402	40.0
7403	40.0
7404	40.0
7405	40.0
7406	40.0
7407	40.0
7408	40.0
7409	40.0
7410	40.0
7411	40.0
7412	40.0
7413	40.0
7414	40.0
7415	40.0
7416	40.0
7417	40.0
7418	40.0
7419	40.0
7420	40.0
7421	40.0
7422	40.0
7423	40.0
7424	40.0
7425	40.0
7426	40.0
7427	40.0
7428	40.0
7429	40.0
7430	40.0
7431	40.0
7432	40.0
7433	40.0
7434	40.0
7435	40.0
7436	40.0
7437	40.0
7438	40.0
7439	40.0
7440	40.0
7441	40.0
7442	40.0
7443	40.0
7444	40.0
7445	40.0
7446	40.0
7447	40.0
7448	40.0
7449	40.0
7450	40.0
7451	40.0
7452	40.0
7453	40.0
7454	40.0
7455	40.0
7456	40.0
7457	40.0
7458	40.0
7459	40.0
7460	40.0
7461	40.0
7462	40.0
7463	40.0
7464	40.0
7465	40.0
7466	40.0
7467	40.0
7468	40.0
7469	40.0
7470	40.0
7471	40.0
7472	40.0
7473	40.0
7474	40.0
7475	40.0
7476	40.0
7477	40.0
7478	40.0
7479	40.0
7480	40.0
7481	40.0
7482	40.0
7483	40.0
7484	40.0
7485	40.0
7486	40.0
7487	40.0
7488	40.0
7489	40.0
7490	40.0
7491	40.0
7492	40.0
7493	40.0
7494	40.0
7495	40.0
7496	40.0
7497	40.0
7498	40.0
7499	40.0
7500	40.0
7501	40.0
7502	40.0
7503	40.0
7504	40.0
7505	40.0
7506	40.0
7507	40.0
7508	40.0
7509	40.0
7510	40.0
7511	40.0
7512	40.0
7513	40.0
7514	40.0
7515	40.0
7516	40.0
7517	40.0
7518	40.0
7519	40.0
7520	40.0
7521	40.0
7522	40.0
7523	40.0
7524	40.0
7525	40.0
7526	40.0
7527	40.0
7528	40.0
7529	40.0
7530	40.0
7531	40.0
7532	40.0
7533	40.0
7534	40.0
7535	40.0
7536	40.0
7537	40.0
7538	40.0
7539	40.0
7540	40.0
7541	40.0
7542	40.0
7543	40.0
7544	40.0
7545	40.0
7546	40.0
7547	40.0
7548	40.0
7549	40.0
7550	40.0
7551	40.0
7552	40.0
7553	40.0
7554	40.0
7555	40.0
7556	40.0
7557	40.0
7558	40.0
7559	40.0
7560	40.0
7561	40.0
7562	40.0
7563	40.0
7564	40.0
7565	40.0
7566	40.0
7567	40.0
7568	40.0
7569	40.0
7570	40.0
7571	40.0
7572	40.0
7573	40.0
7574	40.0
7575	40.0
7576	40.0
7577	40.0
7578	40.0
7579	40.0
7580	40.0
7581	40.0
7582	40.0
7583	40.0
7584	40.0
7585	40.0
7586	40.0
7587	40.0
7588	40.0
7589	40.0
7590	40.0
7591	40.0
7592	40.0
7593	40.0
7594	40.0
7595	40.0
7596	40.0
7597	40.0
7598	40.0
7599	40.0
7600	40.0
7601	40.0
7602	40.0
7603	40.0
7604	40.0
7605	40.0
7606	40.0
7607	40.0
7608	40.0
7609	40.0
7610	40.0
7611	40.0
7612	40.0
7613	40.0
7614	40.0
7615	40.0
7616	40.0
7617	40.0
7618	40.0
7619	40.0
7620	40.0
7621	40.0
7622	40.0
7623	40.0
7624	40.0
7625	40.0
7626	40.0
7627	40.0
7628	40.0
7629	40.0
7630	40.0
7631	40.0
7632	40.0
7633	40.0
7634	40.0
7635	40.0
7636	40.0
7637	40.0
7638	40.0
7639	40.0
7640	40.0
7641	40.0
7642	40.0
7643	40.0
7644	40.0
7645	40.0
7646	40.0
7647	40.0
7648	40.0
7649	40.0
7650	40.0
7651	40.0
7652	40.0
7653	40.0
7654	40.0
7655	40.0
7656	40.0
7657	40.0
7658	40.0
7659	40.0
7660	40.0
7661	40.0
7662	40.0
7663	40.0
7664	40.0
7665	40.0
7666	40.0
7667	40.0
7668	40.0
7669	40.0
7670	40.0
7671	40.0
7672	40.0
7673	40.0
7674	40.0
7675	40.0
7676	40.0
7677	40.0
7678	40.0
7679	40.0
7680	40.0
7681	40.0
7682	40.0
7683	40.0
7684	40.0
7685	40.0
7686	40.0
7687	40.0
7688	40.0
7689	40.0
7690	40.0
7691	40.0
7692	40.0
7693	40.0
7694	40.0
7695	40.0
7696	40.0
7697	40.0
7698	40.0
7699	40.0
7700	40.0
7701	40.0
7702	40.0
7703	40.0
7704	40.0
7705	40.0
7706	40.0
7707	40.0
7708	40.0
7709	40.0
7710	40.0
7711	40.0
7712	40.0
7713	40.0
7714	40.0
7715	40.0
7716	40.0
7717	40.0
7718	40.0
7719	40.0
7720	40.0
7721	40.0
7722	40.0
7723	40.0
7724	40.0
7725	40.0
7726	40.0
7727	40.0
7728	40.0
7729	40.0
7730	40.0
7731	40.0
7732	40.0
7733	40.0
7734	40.0
7735	40.0
7736	40.0
7737	40.0
7738	40.0
7739	40.0
7740	40.0
7741	40.0
7742	40.0
7743	40.0
7744	40.0
7745	40.0
7746	40.0
7747	40.0
7748	40.0
7749	40.0
7750	40.0
7751	40.0
7752	40.0
7753	40.0
7754	40.0
7755	40.0
7756	40.0
7757	40.0
7758	40.0
7759	40.0
7760	40.0
7761	40.0
7762	40.0
7763	40.0
7764	40.0
7765	40.0
7766	40.0
7767	40.0
7768	40.0
7769	40.0
7770	40.0
7771	40.0
7772	40.0
7773	40.0
7774	40.0
7775	40.0
7776	40.0
7777	40.0
7778	40.0
7779	40.0
7780	40.0
7781	40.0
7782	40.0
7783	40.0
7784	40.0
7785	40.0
7786	40.0
7787	40.0
7788	40.0
7789	40.0
7790	40.0
7791	40.0
7792	40.0
7793	40.0
7794	40.0
7795	40.0
7796	40.0
7797	40.0
7798	40.0
7799	40.0
7800	40.0
7801	40.0
7802	40.0
7803	40.0
7804	40.0
7805	40.0
7806	40.0
7807	40.0
7808	40.0
7809	40.0
7810	40.0
7811	40.0
7812	40.0
7813	40.0
7814	40.0
7815	40.0
7816	40.0
7817	40.0
7818	40.0
7819	40.0
7820	40.0
7821	40.0
7822	40.0
7823	40.0
7824	40.0
7825	40.0
7826	40.0
7827	40.0
7828	40.0
7829	40.0
7830	40.0
7831	40.0
7832	40.0
7833	40.0
7834	40.0
7835	40.0
7836	40.0
7837	40.0
7838	40.0
7839	40.0
7840	40.0
7841	40.0
7842	40.0
7843	40.0
7844	40.0
7845	40.0
7846	40.0
7847	40.0
7848	40.0
7849	40.0
7850	40.0
7851	40.0
7852	40.0
7853	40.0
7854	40.0
7855	40.0
7856	40.0
7857	40.0
7858	40.0
7859	40.0
7860	40.0
7861	40.0
7862	40.0
7863	40.0
7864	40.0
7865	40.0
7866	40.0
7867	40.0
7868	40.0
7869	40.0
7870	40.0
7871	40.0
7872	40.0
7873	40.0
7874	40.0
7875	40.0
7876	40.0
7877	40.0
7878	40.0
7879	40.0
7880	40.0
7881	40.0
7882	40.0
7883	40.0
7884	40.0
7885	40.0
7886	40.0
7887	40.0
7888	40.0
7889	40.0
7890	40.0
7891	40.0
7892	40.0
7893	40.0
7894	40.0
7895	40.0
7896	40.0
7897	40.0
7898	40.0
7899	40.0
7900	40.0
7901	40.0
7902	40.0
7903	40.0
7904	40.0
7905	40.0
7906	40.0
7907	40.0
7908	40.0
7909	40.0
7910	40.0
7911	40.0
7912	40.0
7913	40.0
7914	40.0
7915	40.0
7916	40.0
7917	40.0
7918	40.0
7919	40.0
7920	40.0
7921	40.0
7922	40.0
7923	40.0
7924	40.0
7925	40.0
7926	40.0
7927	40.0
7928	40.0
7929	40.0
7930	40.0
7931	40.0
7932	40.0
7933	40.0
7934	40.0
7935	40.0
7936	40.0
7937	40.0
7938	40.0
7939	40.0
7940	40.0
7941	40.0
7942	40.0
7943	40.0
7944	40.0
7945	40.0
7946	40.0
7947	40.0
7948	40.0
7949	40.0
7950	40.0
7951	40.0
7952	40.0
7953	40.0
7954	40.0
7955	40.0
7956	40.0
7957	40.0
7958	40.0
7959	40.0
7960	40.0
7961	40.0
7962	40.0
7963	40.0
7964	40.0
7965	40.0
7966	40.0
7967	40.0
7968	40.0
7969	40.0
7970	40.0
7971	40.0
7972	40.0
7973	40.0
7974	40.0
7975	40.0
7976	40.0
7977	40.0
7978	40.0
7979	40.0
7980	40.0
7981	40.0
7982	40.0
7983	40.0
7984	40.0
7985	40.0
7986	40.0
7987	40.0
7988	40.0
7989	40.0
7990	40.0
7991	40.0
7992	40.0
7993	40.0
7994	40.0
7995	40.0
7996	40.0
7997	40.0
7998	40.0
7999	40.0
8000	40.0
8001	40.0
8002	40.0
8003	40.0
8004	40.0
8005	40.0
8006	40.0
8007	40.0
8008	40.0
8009	40.0
8010	40.0
8011	40.0
8012	40.0
8013	40.0
8014	40.0
8015	40.0
8016	40.0
8017	40.0
8018	40.0
8019	40.0
8020	40.0
8021	40.0
8022	40.0
8023	40.0
8024	40.0
8025	40.0
8026	40.0
8027	40.0
8028	40.0
8029	40.0
8030	40.0
8031	40.0
8032	40.0
8033	40.0
8034	40.0
8035	40.0
8036	40.0
8037	40.0
8038	40.0
8039	40.0
8040	40.0
8041	40.0
8042	40.0
8043	40.0
8044	40.0
8045	40.0
8046	40.0
8047	40.0
8048	40.0
8049	40.0
8050	40.0
8051	40.0
8052	40.0
8053	40.0
8054	40.0
8055	40.0
8056	40.0
8057	40.0
8058	40.0
8059	40.0
8060	40.0
8061	40.0
8062	40.0
8063	40.0
8064	40.0
8065	40.0
8066	40.0
8067	40.0
8068	40.0
8069	40.0
8070	40.0
8071	40.0
8072	40.0
8073	40.0
8074	40.0
8075	40.0
8076	40.0
8077	40.0
8078	40.0
8079	40.0
8080	40.0
8081	40.0
8082	40.0
8083	40.0
8084	40.0
8085	40.0
8086	40.0
8087	40.0
8088	40.0
8089	40.0
8090	40.0
8091	40.0
8092	40.0
8093	40.0
8094	40.0
8095	40.0
8096	40.0
8097	40.0
8098	40.0
8099	40.0
8100	40.0
8101	40.0
8102	40.0
8103	40.0
8104	40.0
8105	40.0
8106	40.0
8107	40.0
8108	40.0
8109	40.0
8110	40.0
8111	40.0
8112	40.0
8113	40.0
8114	40.0
8115	40.0
8116	40.0
8117	40.0
8118	40.0
8119	40.0
8120	40.0
8121	40.0
8122	40.0
8123	40.0
8124	40.0
8125	40.0
8126	40.0
8127	40.0
8128	40.0
8129	40.0
8130	40.0
8131	40.0
8132	40.0
8133	40.0
8134	40.0
8135	40.0
8136	40.0
8137	40.0
8138	40.0
8139	40.0
8140	40.0
8141	40.0
8142	40.0
8143	40.0
8144	40.0
8145	40.0
8146	40.0
8147	40.0
8148	40.0
8149	40.0
8150	40.0
8151	40.0
8152	40.0
8153	40.0
8154	40.0
8155	40.0
8156	40.0
8157	40.0
8158	40.0
8159	40.0
8160	40.0
8161	40.0
8162	40.0
8163	40.0
8164	40.0
8165	40.0
8166	40.0
8167	40.0
8168	40.0
8169	40.0
8170	40.0
8171	40.0
8172	40.0
8173	40.0
8174	40.0
8175	40.0
8176	40.0
8177	40.0
8178	40.0
8179	40.0
8180	40.0
8181	40.0
8182	40.0
8183	40.0
8184	40.0
8185	40.0
8186	40.0
8187	40.0
8188	40.0
8189	40.0
8190	40.0
8191	40.0
8192	40.0
8193	40.0
8194	40.0
8195	40.0
8196	40.0
8197	40.0
8198	40.0
8199	40.0
8200	40.0
8201	40.0
8202	40.0
8203	40.0
8204	40.0
8205	40.0
8206	40.0
8207	40.0
8208	40.0
8209	40.0
8210	40.0
8211	40.0
8212	40.0
8213	40.0
8214	40.0
8215	40.0
8216	40.0
8217	40.0
8218	40.0
8219	40.0
8220	40.0
8221	40.0
8222	40.0
8223	40.0
8224	40.0
8225	40.0
8226	40.0
8227	40.0
8228	40.0
8229	40.0
8230	40.0
8231	40.0
8232	40.0
8233	40.0
8234	40.0
8235	40.0
8236	40.0
8237	40.0
8238	40.0
8239	40.0
8240	40.0
8241	40.0
8242	40.0
8243	40.0
8244	40.0
8245	40.0
8246	40.0
8247	40.0
8248	40.0
8249	40.0
8250	40.0
8251	40.0
8252	40.0
8253	40.0
8254	40.0
8255	40.0
8256	40.0
8257	40.0
8258	40.0
8259	40.0
8260	40.0
8261	40.0
8262	40.0
8263	40.0
8264	40.0
8265	40.0
8266	40.0
8267	40.0
8268	40.0
8269	40.0
8270	40.0
8271	40.0
8272	40.0
8273	40.0
8274	40.0
8275	40.0
8276	40.0
8277	40.0
8278	40.0
8279	40.0
8280	40.0
8281	40.0
8282	40.0
8283	40.0
8284	40.0
8285	40.0
8286	40.0
8287	40.0
8288	40.0
8289	40.0
8290	40.0
8291	40.0
8292	40.0
8293	40.0
8294	40.0
8295	40.0
8296	40.0
8297	40.0
8298	40.0
8299	40.0
8300	40.0
8301	40.0
8302	40.0
8303	40.0
8304	40.0
8305	40.0
8306	40.0
8307	40.0
8308	40.0
8309	40.0
8310	40.0
8311	40.0
8312	40.0
8313	40.0
8314	40.0
8315	40.0
8316	40.0
8317	40.0
8318	40.0
8319	40.0
8320	40.0
8321	40.0
8322	40.0
8323	40.0
8324	40.0
8325	40.0
8326	40.0
8327	40.0
8328	40.0
8329	40.0
8330	40.0
8331	40.0
8332	40.0
8333	40.0
8334	40.0
8335	40.0
8336	40.0
8337	40.0
8338	40.0
8339	40.0
8340	40.0
8341	40.0
8342	40.0
8343	40.0
8344	40.0
8345	40.0
8346	40.0
8347	40.0
8348	40.0
8349	40.0
8350	40.0
8351	40.0
8352	40.0
8353	40.0
8354	40.0
8355	40.0
8356	40.0
8357	40.0
8358	40.0
8359	40.0
8360	40.0
8361	40.0
8362	40.0
8363	40.0
8364	40.0
8365	40.0
8366	40.0
8367	40.0
8368	40.0
8369	40.0
8370	40.0
8371	40.0
8372	40.0
8373	40.0
8374	40.0
8375	40.0
8376	40.0
8377	40.0
8378	40.0
8379	40.0
8380	40.0
8381	40.0
8382	40.0
8383	40.0
8384	40.0
8385	40.0
8386	40.0
8387	40.0
8388	40.0
8389	40.0
8390	40.0
8391	40.0
8392	40.0
8393	40.0
8394	40.0
8395	40.0
8396	40.0
8397	40.0
8398	40.0
8399	40.0
8400	40.0
8401	40.0
8402	40.0
8403	40.0
8404	40.0
8405	40.0
8406	40.0
8407	40.0
8408	40.0
8409	40.0
8410	40.0
8411	40.0
8412	40.0
8413	40.0
8414	40.0
8415	40.0
8416	40.0
8417	40.0
8418	40.0
8419	40.0
8420	40.0
8421	40.0
8422	40.0
8423	40.0
8424	40.0
8425	40.0
8426	40.0
8427	40.0
8428	40.0
8429	40.0
8430	40.0
8431	40.0
8432	40.0
8433	40.0
8434	40.0
8435	40.0
8436	40.0
8437	40.0
8438	40.0
8439	40.0
8440	40.0
8441	40.0
8442	40.0
8443	40.0
8444	40.0
8445	40.0
8446	40.0
8447	40.0
8448	40.0
8449	40.0
8450	40.0
8451	40.0
8452	40.0
8453	40.0
8454	40.0
8455	40.0
8456	40.0
8457	40.0
8458	40.0
8459	40.0
8460	40.0
8461	40.0
8462	40.0
8463	40.0
8464	40.0
8465	40.0
8466	40.0
8467	40.0
8468	40.0
8469	40.0
8470	40.0
8471	40.0
8472	40.0
8473	40.0
8474	40.0
8475	40.0
8476	40.0
8477	40.0
8478	40.0
8479	40.0
8480	40.0
8481	40.0
8482	40.0
8483	40.0
8484	40.0
8485	40.0
8486	40.0
8487	40.0
8488	40.0
8489	40.0
8490	40.0
8491	40.0
8492	40.0
8493	40.0
8494	40.0
8495	40.0
8496	40.0
8497	40.0
8498	40.0
8499	40.0
8500	40.0
8501	40.0
8502	40.0
8503	40.0
8504	40.0
8505	40.0
8506	40.0
8507	40.0
8508	40.0
8509	40.0
8510	40.0
8511	40.0
8512	40.0
8513	40.0
8514	40.0
8515	40.0
8516	40.0
8517	40.0
8518	40.0
8519	40.0
8520	40.0
8521	40.0
8522	40.0
8523	40.0
8524	40.0
8525	40.0
8526	40.0
8527	40.0
8528	40.0
8529	40.0
8530	40.0
8531	40.0
8532	40.0
8533	40.0
8534	40.0
8535	40.0
8536	40.0
8537	40.0
8538	40.0
8539	40.0
8540	40.0
8541	40.0
8542	40.0
8543	40.0
8544	40.0
8545	40.0
8546	40.0
8547	40.0
8548	40.0
8549	40.0
8550	40.0
8551	40.0
8552	40.0
8553	40.0
8554	40.0
8555	40.0
8556	40.0
8557	40.0
8558	40.0
8559	40.0
8560	40.0
8561	40.0
8562	40.0
8563	40.0
8564	40.0
8565	40.0
8566	40.0
8567	40.0
8568	40.0
8569	40.0
8570	40.0
8571	40.0
8572	40.0
8573	40.0
8574	40.0
8575	40.0
8576	40.0
8577	40.0
8578	40.0
8579	40.0
8580	40.0
8581	40.0
8582	40.0
8583	40.0
8584	40.0
8585	40.0
8586	40.0
8587	40.0
8588	40.0
8589	40.0
8590	40.0
8591	40.0
8592	40.0
8593	40.0
8594	40.0
8595	40.0
8596	40.0
8597	40.0
8598	40.0
8599	40.0
8600	40.0
8601	40.0
8602	40.0
8603	40.0
8604	40.0
8605	40.0
8606	40.0
8607	40.0
8608	40.0
8609	40.0
8610	40.0
8611	40.0
8612	40.0
8613	40.0
8614	40.0
8615	40.0
8616	40.0
8617	40.0
8618	40.0
8619	40.0
8620	40.0
8621	40.0
8622	40.0
8623	40.0
8624	40.0
8625	40.0
8626	40.0
8627	40.0
8628	40.0
8629	40.0
8630	40.0
8631	40.0
8632	40.0
8633	40.0
8634	40.0
8635	40.0
8636	40.0
8637	40.0
8638	40.0
8639	40.0
8640	40.0
8641	40.0
8642	40.0
8643	40.0
8644	40.0
8645	40.0
8646	40.0
8647	40.0
8648	40.0
8649	40.0
8650	40.0
8651	40.0
8652	40.0
8653	40.0
8654	40.0
8655	40.0
8656	40.0
8657	40.0
8658	40.0
8659	40.0
8660	40.0
8661	40.0
8662	40.0
8663	40.0
8664	40.0
8665	40.0
8666	40.0
8667	40.0
8668	40.0
8669	40.0
8670	40.0
8671	40.0
8672	40.0
8673	40.0
8674	40.0
8675	40.0
8676	40.0
8677	40.0
8678	40.0
8679	40.0
8680	40.0
8681	40.0
8682	40.0
8683	40.0
8684	40.0
8685	40.0
8686	40.0
8687	40.0
8688	40.0
8689	40.0
8690	40.0
8691	40.0
8692	40.0
8693	40.0
8694	40.0
8695	40.0
8696	40.0
8697	40.0
8698	40.0
8699	40.0
8700	40.0
8701	40.0
8702	40.0
8703	40.0
8704	40.0
8705	40.0
8706	40.0
8707	40.0
8708	40.0
8709	40.0
8710	40.0
8711	40.0
8712	40.0
8713	40.0
8714	40.0
8715	40.0
8716	40.0
8717	40.0
8718	40.0
8719	40.0
8720	40.0
8721	40.0
8722	40.0
8723	40.0
8724	40.0
8725	40.0
8726	40.0
8727	40.0
8728	40.0
8729	40.0
8730	40.0
8731	40.0
8732	40.0
8733	40.0
8734	40.0
8735	40.0
8736	40.0
8737	40.0
8738	40.0
8739	40.0
8740	40.0
8741	40.0
8742	40.0
8743	40.0
8744	40.0
8745	40.0
8746	40.0
8747	40.0
8748	40.0
8749	40.0
8750	40.0
8751	40.0
8752	40.0
8753	40.0
8754	40.0
8755	40.0
8756	40.0
8757	40.0
8758	40.0
8759	40.0
8760	40.0
8761	40.0
8762	40.0
8763	40.0
8764	40.0
8765	40.0
8766	40.0
8767	40.0
8768	40.0
8769	40.0
8770	40.0
8771	40.0
8772	40.0
8773	40.0
8774	40.0
8775	40.0
8776	40.0
8777	40.0
8778	40.0
8779	40.0
8780	40.0
8781	40.0
8782	40.0
8783	40.0
8784	40.0
8785	40.0
8786	40.0
8787	40.0
8788	40.0
8789	40.0
8790	40.0
8791	40.0
8792	40.0
8793	40.0
8794	40.0
8795	40.0
8796	40.0
8797	40.0
8798	40.0
8799	40.0
8800	40.0
8801	40.0
8802	40.0
8803	40.0
8804	40.0
8805	40.0
8806	40.0
8807	40.0
8808	40.0
8809	40.0
8810	40.0
8811	40.0
8812	40.0
8813	40.0
8814	40.0
8815	40.0
8816	40.0
8817	40.0
8818	40.0
8819	40.0
8820	40.0
8821	40.0
8822	40.0
8823	40.0
8824	40.0
8825	40.0
8826	40.0
8827	40.0
8828	40.0
8829	40.0
8830	40.0
8831	40.0
8832	40.0
8833	40.0
8834	40.0
8835	40.0
8836	40.0
8837	40.0
8838	40.0
8839	40.0
8840	40.0
8841	40.0
8842	40.0
8843	40.0
8844	40.0
8845	40.0
8846	40.0
8847	40.0
8848	40.0
8849	40.0
8850	40.0
8851	40.0
8852	40.0
8853	40.0
8854	40.0
8855	40.0
8856	40.0
8857	40.0
8858	40.0
8859	40.0
8860	40.0
8861	40.0
8862	40.0
8863	40.0
8864	40.0
8865	40.0
8866	40.0
8867	40.0
8868	40.0
8869	40.0
8870	40.0
8871	40.0
8872	40.0
8873	40.0
8874	40.0
8875	40.0
8876	40.0
8877	40.0
8878	40.0
8879	40.0
8880	40.0
8881	40.0
8882	40.0
8883	40.0
8884	40.0
8885	40.0
8886	40.0
8887	40.0
8888	40.0
8889	40.0
8890	40.0
8891	40.0
8892	40.0
8893	40.0
8894	40.0
8895	40.0
8896	40.0
8897	40.0
8898	40.0
8899	40.0
8900	40.0
8901	40.0
8902	40.0
8903	40.0
8904	40.0
8905	40.0
8906	40.0
8907	40.0
8908	40.0
8909	40.0
8910	40.0
8911	40.0
8912	40.0
8913	40.0
8914	40.0
8915	40.0
8916	40.0
8917	40.0
8918	40.0
8919	40.0
8920	40.0
8921	40.0
8922	40.0
8923	40.0
8924	40.0
8925	40.0
8926	40.0
8927	40.0
8928	40.0
8929	40.0
8930	40.0
8931	40.0
8932	40.0
8933	40.0
8934	40.0
8935	40.0
8936	40.0
8937	40.0
8938	40.0
8939	40.0
8940	40.0
8941	40.0
8942	40.0
8943	40.0
8944	40.0
8945	40.0
8946	40.0
8947	40.0
8948	40.0
8949	40.0
8950	40.0
8951	40.0
8952	40.0
8953	40.0
8954	40.0
8955	40.0
8956	40.0
8957	40.0
8958	40.0
8959	40.0
8960	40.0
8961	40.0
8962	40.0
8963	40.0
8964	40.0
8965	40.0
8966	40.0
8967	40.0
8968	40.0
8969	40.0
8970	40.0
8971	40.0
8972	40.0
8973	40.0
8974	40.0
8975	40.0
8976	40.0
8977	40.0
8978	40.0
8979	40.0
8980	40.0
8981	40.0
8982	40.0
8983	40.0
8984	40.0
8985	40.0
8986	40.0
8987	40.0
8988	40.0
8989	40.0
8990	40.0
8991	40.0
8992	40.0
8993	40.0
8994	40.0
8995	40.0
8996	40.0
8997	40.0
8998	40.0
8999	40.0
9000	40.0
9001	40.0
9002	40.0
9003	40.0
9004	40.0
9005	40.0
9006	40.0
9007	40.0
9008	40.0
9009	40.0
9010	40.0
9011	40.0
9012	40.0
9013	40.0
9014	40.0
9015	40.0
9016	40.0
9017	40.0
9018	40.0
9019	40.0
9020	40.0
9021	40.0
9022	40.0
9023	40.0
9024	40.0
9025	40.0
9026	40.0
9027	40.0
9028	40.0
9029	40.0
9030	40.0
9031	40.0
9032	40.0
9033	40.0
9034	40.0
9035	40.0
9036	40.0
9037	40.0
9038	40.0
9039	40.0
9040	40.0
9041	40.0
9042	40.0
9043	40.0
9044	40.0
9045	40.0
9046	40.0
9047	40.0
9048	40.0
9049	40.0
9050	40.0
9051	40.0
9052	40.0
9053	40.0
9054	40.0
9055	40.0
9056	40.0
9057	40.0
9058	40.0
9059	40.0
9060	40.0
9061	40.0
9062	40.0
9063	40.0
9064	40.0
9065	40.0
9066	40.0
9067	40.0
9068	40.0
9069	40.0
9070	40.0
9071	40.0
9072	40.0
9073	40.0
9074	40.0
9075	40.0
9076	40.0
9077	40.0
9078	40.0
9079	40.0
9080	40.0
9081	40.0
9082	40.0
9083	40.0
9084	40.0
9085	40.0
9086	40.0
9087	40.0
9088	40.0
9089	40.0
9090	40.0
9091	40.0
9092	40.0
9093	40.0
9094	40.0
9095	40.0
9096	40.0
9097	40.0
9098	40.0
9099	40.0
9100	40.0
9101	40.0
9102	40.0
9103	40.0
9104	40.0
9105	40.0
9106	40.0
9107	40.0
9108	40.0
9109	40.0
9110	40.0
9111	40.0
9112	40.0
9113	40.0
9114	40.0
9115	40.0
9116	40.0
9117	40.0
9118	40.0
9119	40.0
9120	40.0
9121	40.0
9122	40.0
9123	40.0
9124	40.0
9125	40.0
9126	40.0
9127	40.0
9128	40.0
9129	40.0
9130	40.0
9131	40.0
9132	40.0
9133	40.0
9134	40.0
9135	40.0
9136	40.0
9137	40.0
9138	40.0
9139	40.0
9140	40.0
9141	40.0
9142	40.0
9143	40.0
9144	40.0
9145	40.0
9146	40.0
9147	40.0
9148	40.0
9149	40.0
9150	40.0
9151	40.0
9152	40.0
9153	40.0
9154	40.0
9155	40.0
9156	40.0
9157	40.0
9158	40.0
9159	40.0
9160	40.0
9161	40.0
9162	40.0
9163	40.0
9164	40.0
9165	40.0
9166	40.0
9167	40.0
9168	40.0
9169	40.0
9170	40.0
9171	40.0
9172	40.0
9173	40.0
9174	40.0
9175	40.0
9176	40.0
9177	40.0
9178	40.0
9179	40.0
9180	40.0
9181	40.0
9182	40.0
9183	40.0
9184	40.0
9185	40.0
9186	40.0
9187	40.0
9188	40.0
9189	40.0
9190	40.0
9191	40.0
9192	40.0
9193	40.0
9194	40.0
9195	40.0
9196	40.0
9197	40.0
9198	40.0
9199	40.0
9200	40.0
9201	40.0
9202	40.0
9203	40.0
9204	40.0
9205	40.0
9206	40.0
9207	40.0
9208	40.0
9209	40.0
9210	40.0
9211	40.0
9212	40.0
9213	40.0
9214	40.0
9215	40.0
9216	40.0
9217	40.0
9218	40.0
9219	40.0
9220	40.0
9221	40.0
9222	40.0
9223	40.0
9224	40.0
9225	40.0
9226	40.0
9227	40.0
9228	40.0
9229	40.0
9230	40.0
9231	40.0
9232	40.0
9233	40.0
9234	40.0
9235	40.0
9236	40.0
9237	40.0
9238	40.0
9239	40.0
9240	40.0
9241	40.0
9242	40.0
9243	40.0
9244	40.0
9245	40.0
9246	40.0
9247	40.0
9248	40.0
9249	40.0
9250	40.0
9251	40.0
9252	40.0
9253	40.0
9254	40.0
9255	40.0
9256	40.0
9257	40.0
9258	40.0
9259	40.0
9260	40.0
9261	40.0
9262	40.0
9263	40.0
9264	40.0
9265	40.0
9266	40.0
9267	40.0
9268	40.0
9269	40.0
9270	40.0
9271	40.0
9272	40.0
9273	40.0
9274	40.0
9275	40.0
9276	40.0
9277	40.0
9278	40.0
9279	40.0
9280	40.0
9281	40.0
9282	40.0
9283	40.0
9284	40.0
9285	40.0
9286	40.0
9287	40.0
9288	40.0
9289	40.0
9290	40.0
9291	40.0
9292	40.0
9293	40.0
9294	40.0
9295	40.0
9296	40.0
9297	40.0
9298	40.0
9299	40.0
9300	40.0
9301	40.0
9302	40.0
9303	40.0
9304	40.0
9305	40.0
9306	40.0
9307	40.0
9308	40.0
9309	40.0
9310	40.0
9311	40.0
9312	40.0
9313	40.0
9314	40.0
9315	40.0
9316	40.0
9317	40.0
9318	40.0
9319	40.0
9320	40.0
9321	40.0
9322	40.0
9323	40.0
9324	40.0
9325	40.0
9326	40.0
9327	40.0
9328	40.0
9329	40.0
9330	40.0
9331	40.0
9332	40.0
9333	40.0
9334	40.0
9335	40.0
9336	40.0
9337	40.0
9338	40.0
9339	40.0
9340	40.0
9341	40.0
9342	40.0
9343	40.0
9344	40.0
9345	40.0
9346	40.0
9347	40.0
9348	40.0
9349	40.0
9350	40.0
9351	40.0
9352	40.0
9353	40.0
9354	40.0
9355	40.0
9356	40.0
9357	40.0
9358	40.0
9359	40.0
9360	40.0
9361	40.0
9362	40.0
9363	40.0
9364	40.0
9365	40.0
9366	40.0
9367	40.0
9368	40.0
9369	40.0
9370	40.0
9371	40.0
9372	40.0
9373	40.0
9374	40.0
9375	40.0
9376	40.0
9377	40.0
9378	40.0
9379	40.0
9380	40.0
9381	40.0
9382	40.0
9383	40.0
9384	40.0
9385	40.0
9386	40.0
9387	40.0
9388	40.0
9389	40.0
9390	40.0
9391	40.0
9392	40.0
9393	40.0
9394	40.0
9395	40.0
9396	40.0
9397	40.0
9398	40.0
9399	40.0
9400	40.0
9401	40.0
9402	40.0
9403	40.0
9404	40.0
9405	40.0
9406	40.0
9407	40.0
9408	40.0
9409	40.0
9410	40.0
9411	40.0
9412	40.0
9413	40.0
9414	40.0
9415	40.0
9416	40.0
9417	40.0
9418	40.0
9419	40.0
9420	40.0
9421	40.0
9422	40.0
9423	40.0
9424	40.0
9425	40.0
9426	40.0
9427	40.0
9428	40.0
9429	40.0
9430	40.0
9431	40.0
9432	40.0
9433	40.0
9434	40.0
9435	40.0
9436	40.0
9437	40.0
9438	40.0
9439	40.0
9440	40.0
9441	40.0
9442	40.0
9443	40.0
9444	40.0
9445	40.0
9446	40.0
9447	40.0
9448	40.0
9449	40.0
9450	40.0
9451	40.0
9452	40.0
9453	40.0
9454	40.0
9455	40.0
9456	40.0
9457	40.0
9458	40.0
9459	40.0
9460	40.0
9461	40.0
9462	40.0
9463	40.0
9464	40.0
9465	40.0
9466	40.0
9467	40.0
9468	40.0
9469	40.0
9470	40.0
9471	40.0
9472	40.0
9473	40.0
9474	40.0
9475	40.0
9476	40.0
9477	40.0
9478	40.0
9479	40.0
9480	40.0
9481	40.0
9482	40.0
9483	40.0
9484	40.0
9485	40.0
9486	40.0
9487	40.0
9488	40.0
9489	40.0
9490	40.0
9491	40.0
9492	40.0
9493	40.0
9494	40.0
9495	40.0
9496	40.0
9497	40.0
9498	40.0
9499	40.0
9500	40.0
9501	40.0
9502	40.0
9503	40.0
9504	40.0
9505	40.0
9506	40.0
9507	40.0
9508	40.0
9509	40.0
9510	40.0
9511	40.0
9512	40.0
9513	40.0
9514	40.0
9515	40.0
9516	40.0
9517	40.0
9518	40.0
9519	40.0
9520	40.0
9521	40.0
9522	40.0
9523	40.0
9524	40.0
9525	40.0
9526	40.0
9527	40.0
9528	40.0
9529	40.0
9530	40.0
9531	40.0
9532	40.0
9533	40.0
9534	40.0
9535	40.0
9536	40.0
9537	40.0
9538	40.0
9539	40.0
9540	40.0
9541	40.0
9542	40.0
9543	40.0
9544	40.0
9545	40.0
9546	40.0
9547	40.0
9548	40.0
9549	40.0
9550	40.0
9551	40.0
9552	40.0
9553	40.0
9554	40.0
9555	40.0
9556	40.0
9557	40.0
9558	40.0
9559	40.0
9560	40.0
9561	40.0
9562	40.0
9563	40.0
9564	40.0
9565	40.0
9566	40.0
9567	40.0
9568	40.0
9569	40.0
9570	40.0
9571	40.0
9572	40.0
9573	40.0
9574	40.0
9575	40.0
9576	40.0
9577	40.0
9578	40.0
9579	40.0
9580	40.0
9581	40.0
9582	40.0
9583	40.0
9584	40.0
9585	40.0
9586	40.0
9587	40.0
9588	40.0
9589	40.0
9590	40.0
9591	40.0
9592	40.0
9593	40.0
9594	40.0
9595	40.0
9596	40.0
9597	40.0
9598	40.0
9599	40.0
9600	40.0
9601	40.0
9602	40.0
9603	40.0
9604	40.0
9605	40.0
9606	40.0
9607	40.0
9608	40.0
9609	40.0
9610	40.0
9611	40.0
9612	40.0
9613	40.0
9614	40.0
9615	40.0
9616	40.0
9617	40.0
9618	40.0
9619	40.0
9620	40.0
9621	40.0
9622	40.0
9623	40.0
9624	40.0
9625	40.0
9626	40.0
9627	40.0
9628	40.0
9629	40.0
9630	40.0
9631	40.0
9632	40.0
9633	40.0
9634	40.0
9635	40.0
9636	40.0
9637	40.0
9638	40.0
9639	40.0
9640	40.0
9641	40.0
9642	40.0
9643	40.0
9644	40.0
9645	40.0
9646	40.0
9647	40.0
9648	40.0
9649	40.0
9650	40.0
9651	40.0
9652	40.0
9653	40.0
9654	40.0
9655	40.0
9656	40.0
9657	40.0
9658	40.0
9659	40.0
9660	40.0
9661	40.0
9662	40.0
9663	40.0
9664	40.0
9665	40.0
9666	40.0
9667	40.0
9668	40.0
9669	40.0
9670	40.0
9671	40.0
9672	40.0
9673	40.0
9674	40.0
9675	40.0
9676	40.0
9677	40.0
9678	40.0
9679	40.0
9680	40.0
9681	40.0
9682	40.0
9683	40.0
9684	40.0
9685	40.0
9686	40.0
9687	40.0
9688	40.0
9689	40.0
9690	40.0
9691	40.0
9692	40.0
9693	40.0
9694	40.0
9695	40.0
9696	40.0
9697	40.0
9698	40.0
9699	40.0
9700	40.0
9701	40.0
9702	40.0
9703	40.0
9704	40.0
9705	40.0
9706	40.0
9707	40.0
9708	40.0
9709	40.0
9710	40.0
9711	40.0
9712	40.0
9713	40.0
9714	40.0
9715	40.0
9716	40.0
9717	40.0
9718	40.0
9719	40.0
9720	40.0
9721	40.0
9722	40.0
9723	40.0
9724	40.0
9725	40.0
9726	40.0
9727	40.0
9728	40.0
9729	40.0
9730	40.0
9731	40.0
9732	40.0
9733	40.0
9734	40.0
9735	40.0
9736	40.0
9737	40.0
9738	40.0
9739	40.0
9740	40.0
9741	40.0
9742	40.0
9743	40.0
9744	40.0
9745	40.0
9746	40.0
9747	40.0
9748	40.0
9749	40.0
9750	40.0
9751	40.0
9752	40.0
9753	40.0
9754	40.0
9755	40.0
9756	40.0
9757	40.0
9758	40.0
9759	40.0
9760	40.0
9761	40.0
9762	40.0
9763	40.0
9764	40.0
9765	40.0
9766	40.0
9767	40.0
9768	40.0
9769	40.0
9770	40.0
9771	40.0
9772	40.0
9773	40.0
9774	40.0
9775	40.0
9776	40.0
9777	40.0
9778	40.0
9779	40.0
9780	40.0
9781	40.0
9782	40.0
9783	40.0
9784	40.0
9785	40.0
9786	40.0
9787	40.0
9788	40.0
9789	40.0
9790	40.0
9791	40.0
9792	40.0
9793	40.0
9794	40.0
9795	40.0
9796	40.0
9797	40.0
9798	40.0
9799	40.0
9800	40.0
9801	40.0
9802	40.0
9803	40.0
9804	40.0
9805	40.0
9806	40.0
9807	40.0
9808	40.0
9809	40.0
9810	40.0
9811	40.0
9812	40.0
9813	40.0
9814	40.0
9815	40.0
9816	40.0
9817	40.0
9818	40.0
9819	40.0
9820	40.0
9821	40.0
9822	40.0
9823	40.0
9824	40.0
9825	40.0
9826	40.0
9827	40.0
9828	40.0
9829	40.0
9830	40.0
9831	40.0
9832	40.0
9833	40.0
9834	40.0
9835	40.0
9836	40.0
9837	40.0
9838	40.0
9839	40.0
9840	40.0
9841	40.0
9842	40.0
9843	40.0
9844	40.0
9845	40.0
9846	40.0
9847	40.0
9848	40.0
9849	40.0
9850	40.0
9851	40.0
9852	40.0
9853	40.0
9854	40.0
9855	40.0
9856	40.0
9857	40.0
9858	40.0
9859	40.0
9860	40.0
9861	40.0
9862	40.0
9863	40.0
9864	40.0
9865	40.0
9866	40.0
9867	40.0
9868	40.0
9869	40.0
9870	40.0
9871	40.0
9872	40.0
9873	40.0
9874	40.0
9875	40.0
9876	40.0
9877	40.0
9878	40.0
9879	40.0
9880	40.0
9881	40.0
9882	40.0
9883	40.0
9884	40.0
9885	40.0
9886	40.0
9887	40.0
9888	40.0
9889	40.0
9890	40.0
9891	40.0
9892	40.0
9893	40.0
9894	40.0
9895	40.0
9896	40.0
9897	40.0
9898	40.0
9899	40.0
9900	40.0
9901	40.0
9902	40.0
9903	40.0
9904	40.0
9905	40.0
9906	40.0
9907	40.0
9908	40.0
9909	40.0
9910	40.0
9911	40.0
9912	40.0
9913	40.0
9914	40.0
9915	40.0
9916	40.0
9917	40.0
9918	40.0
9919	40.0
9920	40.0
9921	40.0
9922	40.0
9923	40.0
9924	40.0
9925	40.0
9926	40.0
9927	40.0
9928	40.0
9929	40.0
9930	40.0
9931	40.0
9932	40.0
9933	40.0
9934	40.0
9935	40.0
9936	40.0
9937	40.0
9938	40.0
9939	40.0
9940	40.0
9941	40.0
9942	40.0
9943	40.0
9944	40.0
9945	40.0
9946	40.0
9947	40.0
9948	40.0
9949	40.0
9950	40.0
9951	40.0
9952	40.0
9953	40.0
9954	40.0
9955	40.0
9956	40.0
9957	40.0
9958	40.0
9959	40.0
9960	40.0
9961	40.0
9962	40.0
9963	40.0
9964	40.0
9965	40.0
9966	40.0
9967	40.0
9968	40.0
9969	40.0
9970	40.0
9971	40.0
9972	40.0
9973	40.0
9974	40.0
9975	40.0
9976	40.0
9977	40.0
9978	40.0
9979	40.0
9980	40.0
9981	40.0
9982	40.0
9983	40.0
9984	40.0
9985	40.0
9986	40.0
9987	40.0
9988	40.0
9989	40.0
9990	40.0
