0	90.0
1	90.0
2	90.0
3	90.0
4	90.0
5	90.0
6	90.0
7	90.0
8	90.0
9	90.0
10	90.0
11	90.0
12	90.0
13	90.0
14	90.0
15	90.0
16	90.0
17	90.0
18	90.0
19	90.0
20	90.0
21	90.0
22	90.0
23	90.0
24	90.0
25	90.0
26	90.0
27	90.0
28	90.0
29	90.0
30	90.0
31	90.0
32	90.0
33	90.0
34	90.0
35	90.0
36	90.0
37	90.0
38	90.0
39	90.0
40	90.0
41	90.0
42	90.0
43	90.0
44	90.0
45	90.0
46	90.0
47	90.0
48	90.0
49	90.0
50	90.0
51	90.0
52	90.0
53	90.0
54	90.0
55	90.0
56	90.0
57	90.0
58	90.0
59	90.0
60	90.0
61	90.0
62	90.0
63	90.0
64	90.0
65	90.0
66	90.0
67	90.0
68	90.0
69	90.0
70	90.0
71	90.0
72	90.0
73	90.0
74	90.0
75	90.0
76	90.0
77	90.0
78	90.0
79	90.0
80	90.0
81	90.0
82	90.0
83	90.0
84	90.0
85	90.0
86	90.0
87	90.0
88	90.0
89	90.0
90	90.0
91	90.0
92	90.0
93	90.0
94	90.0
95	90.0
96	90.0
97	90.0
98	90.0
99	90.0
100	90.0
101	90.0
102	90.0
103	90.0
104	90.0
105	90.0
106	90.0
107	90.0
108	90.0
109	90.0
110	90.0
111	90.0
112	90.0
113	90.0
114	90.0
115	90.0
116	90.0
117	90.0
118	90.0
119	90.0
120	90.0
121	90.0
122	90.0
123	90.0
124	90.0
125	90.0
126	90.0
127	90.0
128	90.0
129	90.0
130	90.0
131	90.0
132	90.0
133	90.0
134	90.0
135	90.0
136	90.0
137	90.0
138	90.0
139	90.0
140	90.0
141	90.0
142	90.0
143	90.0
144	90.0
145	90.0
146	90.0
147	90.0
148	90.0
149	90.0
150	90.0
151	90.0
152	90.0
153	90.0
154	90.0
155	90.0
156	90.0
157	90.0
158	90.0
159	90.0
160	90.0
161	90.0
162	90.0
163	90.0
164	90.0
165	90.0
166	90.0
167	90.0
168	90.0
169	90.0
170	90.0
171	90.0
172	90.0
173	90.0
174	90.0
175	90.0
176	90.0
177	90.0
178	90.0
179	90.0
180	90.0
181	90.0
182	90.0
183	90.0
184	90.0
185	90.0
186	90.0
187	90.0
188	90.0
189	90.0
190	90.0
191	90.0
192	90.0
193	90.0
194	90.0
195	90.0
196	90.0
197	90.0
198	90.0
199	90.0
200	90.0
201	90.0
202	90.0
203	90.0
204	90.0
205	90.0
206	90.0
207	90.0
208	90.0
209	90.0
210	90.0
211	90.0
212	90.0
213	90.0
214	90.0
215	90.0
216	90.0
217	90.0
218	90.0
219	90.0
220	90.0
221	90.0
222	90.0
223	90.0
224	90.0
225	90.0
226	90.0
227	90.0
228	90.0
229	90.0
230	90.0
231	90.0
232	90.0
233	90.0
234	90.0
235	90.0
236	90.0
237	90.0
238	90.0
239	90.0
240	90.0
241	90.0
242	90.0
243	90.0
244	90.0
245	90.0
246	90.0
247	90.0
248	90.0
249	90.0
250	90.0
251	90.0
252	90.0
253	90.0
254	90.0
255	90.0
256	90.0
257	90.0
258	90.0
259	90.0
260	90.0
261	90.0
262	90.0
263	90.0
264	90.0
265	90.0
266	90.0
267	90.0
268	90.0
269	90.0
270	90.0
271	90.0
272	90.0
273	90.0
274	90.0
275	90.0
276	90.0
277	90.0
278	90.0
279	90.0
280	90.0
281	90.0
282	90.0
283	90.0
284	90.0
285	90.0
286	90.0
287	90.0
288	90.0
289	90.0
290	90.0
291	90.0
292	90.0
293	90.0
294	90.0
295	90.0
296	90.0
297	90.0
298	90.0
299	90.0
300	90.0
301	90.0
302	90.0
303	90.0
304	90.0
305	90.0
306	90.0
307	90.0
308	90.0
309	90.0
310	90.0
311	90.0
312	90.0
313	90.0
314	90.0
315	90.0
316	90.0
317	90.0
318	90.0
319	90.0
320	90.0
321	90.0
322	90.0
323	90.0
324	90.0
325	90.0
326	90.0
327	90.0
328	90.0
329	90.0
330	90.0
331	90.0
332	90.0
333	90.0
334	90.0
335	90.0
336	90.0
337	90.0
338	90.0
339	90.0
340	90.0
341	90.0
342	90.0
343	90.0
344	90.0
345	90.0
346	90.0
347	90.0
348	90.0
349	90.0
350	90.0
351	90.0
352	90.0
353	90.0
354	90.0
355	90.0
356	90.0
357	90.0
358	90.0
359	90.0
360	90.0
361	90.0
362	90.0
363	90.0
364	90.0
365	90.0
366	90.0
367	90.0
368	90.0
369	90.0
370	90.0
371	90.0
372	90.0
373	90.0
374	90.0
375	90.0
376	90.0
377	90.0
378	90.0
379	90.0
380	90.0
381	90.0
382	90.0
383	90.0
384	90.0
385	90.0
386	90.0
387	90.0
388	90.0
389	90.0
390	90.0
391	90.0
392	90.0
393	90.0
394	90.0
395	90.0
396	90.0
397	90.0
398	90.0
399	90.0
400	90.0
401	90.0
402	90.0
403	90.0
404	90.0
405	90.0
406	90.0
407	90.0
408	90.0
409	90.0
410	90.0
411	90.0
412	90.0
413	90.0
414	90.0
415	90.0
416	90.0
417	90.0
418	90.0
419	90.0
420	90.0
421	90.0
422	90.0
423	90.0
424	90.0
425	90.0
426	90.0
427	90.0
428	90.0
429	90.0
430	90.0
431	90.0
432	90.0
433	90.0
434	90.0
435	90.0
436	90.0
437	90.0
438	90.0
439	90.0
440	90.0
441	90.0
442	90.0
443	90.0
444	90.0
445	90.0
446	90.0
447	90.0
448	90.0
449	90.0
450	90.0
451	90.0
452	90.0
453	90.0
454	90.0
455	90.0
456	90.0
457	90.0
458	90.0
459	90.0
460	90.0
461	90.0
462	90.0
463	90.0
464	90.0
465	90.0
466	90.0
467	90.0
468	90.0
469	90.0
470	90.0
471	90.0
472	90.0
473	90.0
474	90.0
475	90.0
476	90.0
477	90.0
478	90.0
479	90.0
480	90.0
481	90.0
482	90.0
483	90.0
484	90.0
485	90.0
486	90.0
487	90.0
488	90.0
489	90.0
490	90.0
491	90.0
492	90.0
493	90.0
494	90.0
495	90.0
496	90.0
497	90.0
498	90.0
499	90.0
500	90.0
501	90.0
502	90.0
503	90.0
504	90.0
505	90.0
506	90.0
507	90.0
508	90.0
509	90.0
510	90.0
511	90.0
512	90.0
513	90.0
514	90.0
515	90.0
516	90.0
517	90.0
518	90.0
519	90.0
520	90.0
521	90.0
522	90.0
523	90.0
524	90.0
525	90.0
526	90.0
527	90.0
528	90.0
529	90.0
530	90.0
531	90.0
532	90.0
533	90.0
534	90.0
535	90.0
536	90.0
537	90.0
538	90.0
539	90.0
540	90.0
541	90.0
542	90.0
543	90.0
544	90.0
545	90.0
546	90.0
547	90.0
548	90.0
549	90.0
550	90.0
551	90.0
552	90.0
553	90.0
554	90.0
555	90.0
556	90.0
557	90.0
558	90.0
559	90.0
560	90.0
561	90.0
562	90.0
563	90.0
564	90.0
565	90.0
566	90.0
567	90.0
568	90.0
569	90.0
570	90.0
571	90.0
572	90.0
573	90.0
574	90.0
575	90.0
576	90.0
577	90.0
578	90.0
579	90.0
580	90.0
581	90.0
582	90.0
583	90.0
584	90.0
585	90.0
586	90.0
587	90.0
588	90.0
589	90.0
590	90.0
591	90.0
592	90.0
593	90.0
594	90.0
595	90.0
596	90.0
597	90.0
598	90.0
599	90.0
600	90.0
601	90.0
602	90.0
603	90.0
604	90.0
605	90.0
606	90.0
607	90.0
608	90.0
609	90.0
610	90.0
611	90.0
612	90.0
613	90.0
614	90.0
615	90.0
616	90.0
617	90.0
618	90.0
619	90.0
620	90.0
621	90.0
622	90.0
623	90.0
624	90.0
625	90.0
626	90.0
627	90.0
628	90.0
629	90.0
630	90.0
631	90.0
632	90.0
633	90.0
634	90.0
635	90.0
636	90.0
637	90.0
638	90.0
639	90.0
640	90.0
641	90.0
642	90.0
643	90.0
644	90.0
645	90.0
646	90.0
647	90.0
648	90.0
649	90.0
650	90.0
651	90.0
652	90.0
653	90.0
654	90.0
655	90.0
656	90.0
657	90.0
658	90.0
659	90.0
660	90.0
661	90.0
662	90.0
663	90.0
664	90.0
665	90.0
666	90.0
667	90.0
668	90.0
669	90.0
670	90.0
671	90.0
672	90.0
673	90.0
674	90.0
675	90.0
676	90.0
677	90.0
678	90.0
679	90.0
680	90.0
681	90.0
682	90.0
683	90.0
684	90.0
685	90.0
686	90.0
687	90.0
688	90.0
689	90.0
690	90.0
691	90.0
692	90.0
693	90.0
694	90.0
695	90.0
696	90.0
697	90.0
698	90.0
699	90.0
700	90.0
701	90.0
702	90.0
703	90.0
704	90.0
705	90.0
706	90.0
707	90.0
708	90.0
709	90.0
710	90.0
711	90.0
712	90.0
713	90.0
714	90.0
715	90.0
716	90.0
717	90.0
718	90.0
719	90.0
720	90.0
721	90.0
722	90.0
723	90.0
724	90.0
725	90.0
726	90.0
727	90.0
728	90.0
729	90.0
730	90.0
731	90.0
732	90.0
733	90.0
734	90.0
735	90.0
736	90.0
737	90.0
738	90.0
739	90.0
740	90.0
741	90.0
742	90.0
743	90.0
744	90.0
745	90.0
746	90.0
747	90.0
748	90.0
749	90.0
750	90.0
751	90.0
752	90.0
753	90.0
754	90.0
755	90.0
756	90.0
757	90.0
758	90.0
759	90.0
760	90.0
761	90.0
762	90.0
763	90.0
764	90.0
765	90.0
766	90.0
767	90.0
768	90.0
769	90.0
770	90.0
771	90.0
772	90.0
773	90.0
774	90.0
775	90.0
776	90.0
777	90.0
778	90.0
779	90.0
780	90.0
781	90.0
782	90.0
783	90.0
784	90.0
785	90.0
786	90.0
787	90.0
788	90.0
789	90.0
790	90.0
791	90.0
792	90.0
793	90.0
794	90.0
795	90.0
796	90.0
797	90.0
798	90.0
799	90.0
800	90.0
801	90.0
802	90.0
803	90.0
804	90.0
805	90.0
806	90.0
807	90.0
808	90.0
809	90.0
810	90.0
811	90.0
812	90.0
813	90.0
814	90.0
815	90.0
816	90.0
817	90.0
818	90.0
819	90.0
820	90.0
821	90.0
822	90.0
823	90.0
824	90.0
825	90.0
826	90.0
827	90.0
828	90.0
829	90.0
830	90.0
831	90.0
832	90.0
833	90.0
834	90.0
835	90.0
836	90.0
837	90.0
838	90.0
839	90.0
840	90.0
841	90.0
842	90.0
843	90.0
844	90.0
845	90.0
846	90.0
847	90.0
848	90.0
849	90.0
850	90.0
851	90.0
852	90.0
853	90.0
854	90.0
855	90.0
856	90.0
857	90.0
858	90.0
859	90.0
860	90.0
861	90.0
862	90.0
863	90.0
864	90.0
865	90.0
866	90.0
867	90.0
868	90.0
869	90.0
870	90.0
871	90.0
872	90.0
873	90.0
874	90.0
875	90.0
876	90.0
877	90.0
878	90.0
879	90.0
880	90.0
881	90.0
882	90.0
883	90.0
884	90.0
885	90.0
886	90.0
887	90.0
888	90.0
889	90.0
890	90.0
891	90.0
892	90.0
893	90.0
894	90.0
895	90.0
896	90.0
897	90.0
898	90.0
899	90.0
900	90.0
901	90.0
902	90.0
903	90.0
904	90.0
905	90.0
906	90.0
907	90.0
908	90.0
909	90.0
910	90.0
911	90.0
912	90.0
913	90.0
914	90.0
915	90.0
916	90.0
917	90.0
918	90.0
919	90.0
920	90.0
921	90.0
922	90.0
923	90.0
924	90.0
925	90.0
926	90.0
927	90.0
928	90.0
929	90.0
930	90.0
931	90.0
932	90.0
933	90.0
934	90.0
935	90.0
936	90.0
937	90.0
938	90.0
939	90.0
940	90.0
941	90.0
942	90.0
943	90.0
944	90.0
945	90.0
946	90.0
947	90.0
948	90.0
949	90.0
950	90.0
951	90.0
952	90.0
953	90.0
954	90.0
955	90.0
956	90.0
957	90.0
958	90.0
959	90.0
960	90.0
961	90.0
962	90.0
963	90.0
964	90.0
965	90.0
966	90.0
967	90.0
968	90.0
969	90.0
970	90.0
971	90.0
972	90.0
973	90.0
974	90.0
975	90.0
976	90.0
977	90.0
978	90.0
979	90.0
980	90.0
981	90.0
982	90.0
983	90.0
984	90.0
985	90.0
986	90.0
987	90.0
988	90.0
989	90.0
990	90.0
991	90.0
992	90.0
993	90.0
994	90.0
995	90.0
996	90.0
997	90.0
998	90.0
999	90.0
1000	90.0
1001	90.0
1002	90.0
1003	90.0
1004	90.0
1005	90.0
1006	90.0
1007	90.0
1008	90.0
1009	90.0
1010	90.0
1011	90.0
1012	90.0
1013	90.0
1014	90.0
1015	90.0
1016	90.0
1017	90.0
1018	90.0
1019	90.0
1020	90.0
1021	90.0
1022	90.0
1023	90.0
1024	90.0
1025	90.0
1026	90.0
1027	90.0
1028	90.0
1029	90.0
1030	90.0
1031	90.0
1032	90.0
1033	90.0
1034	90.0
1035	90.0
1036	90.0
1037	90.0
1038	90.0
1039	90.0
1040	90.0
1041	90.0
1042	90.0
1043	90.0
1044	90.0
1045	90.0
1046	90.0
1047	90.0
1048	90.0
1049	90.0
1050	90.0
1051	90.0
1052	90.0
1053	90.0
1054	90.0
1055	90.0
1056	90.0
1057	90.0
1058	90.0
1059	90.0
1060	90.0
1061	90.0
1062	90.0
1063	90.0
1064	90.0
1065	90.0
1066	90.0
1067	90.0
1068	90.0
1069	90.0
1070	90.0
1071	90.0
1072	90.0
1073	90.0
1074	90.0
1075	90.0
1076	90.0
1077	90.0
1078	90.0
1079	90.0
1080	90.0
1081	90.0
1082	90.0
1083	90.0
1084	90.0
1085	90.0
1086	90.0
1087	90.0
1088	90.0
1089	90.0
1090	90.0
1091	90.0
1092	90.0
1093	90.0
1094	90.0
1095	90.0
1096	90.0
1097	90.0
1098	90.0
1099	90.0
1100	90.0
1101	90.0
1102	90.0
1103	90.0
1104	90.0
1105	90.0
1106	90.0
1107	90.0
1108	90.0
1109	90.0
1110	90.0
1111	90.0
1112	90.0
1113	90.0
1114	90.0
1115	90.0
1116	90.0
1117	90.0
1118	90.0
1119	90.0
1120	90.0
1121	90.0
1122	90.0
1123	90.0
1124	90.0
1125	90.0
1126	90.0
1127	90.0
1128	90.0
1129	90.0
1130	90.0
1131	90.0
1132	90.0
1133	90.0
1134	90.0
1135	90.0
1136	90.0
1137	90.0
1138	90.0
1139	90.0
1140	90.0
1141	90.0
1142	90.0
1143	90.0
1144	90.0
1145	90.0
1146	90.0
1147	90.0
1148	90.0
1149	90.0
1150	90.0
1151	90.0
1152	90.0
1153	90.0
1154	90.0
1155	90.0
1156	90.0
1157	90.0
1158	90.0
1159	90.0
1160	90.0
1161	90.0
1162	90.0
1163	90.0
1164	90.0
1165	90.0
1166	90.0
1167	90.0
1168	90.0
1169	90.0
1170	90.0
1171	90.0
1172	90.0
1173	90.0
1174	90.0
1175	90.0
1176	90.0
1177	90.0
1178	90.0
1179	90.0
1180	90.0
1181	90.0
1182	90.0
1183	90.0
1184	90.0
1185	90.0
1186	90.0
1187	90.0
1188	90.0
1189	90.0
1190	90.0
1191	90.0
1192	90.0
1193	90.0
1194	90.0
1195	90.0
1196	90.0
1197	90.0
1198	90.0
1199	90.0
1200	90.0
1201	90.0
1202	90.0
1203	90.0
1204	90.0
1205	90.0
1206	90.0
1207	90.0
1208	90.0
1209	90.0
1210	90.0
1211	90.0
1212	90.0
1213	90.0
1214	90.0
1215	90.0
1216	90.0
1217	90.0
1218	90.0
1219	90.0
1220	90.0
1221	90.0
1222	90.0
1223	90.0
1224	90.0
1225	90.0
1226	90.0
1227	90.0
1228	90.0
1229	90.0
1230	90.0
1231	90.0
1232	90.0
1233	90.0
1234	90.0
1235	90.0
1236	90.0
1237	90.0
1238	90.0
1239	90.0
1240	90.0
1241	90.0
1242	90.0
1243	90.0
1244	90.0
1245	90.0
1246	90.0
1247	90.0
1248	90.0
1249	90.0
1250	90.0
1251	90.0
1252	90.0
1253	90.0
1254	90.0
1255	90.0
1256	90.0
1257	90.0
1258	90.0
1259	90.0
1260	90.0
1261	90.0
1262	90.0
1263	90.0
1264	90.0
1265	90.0
1266	90.0
1267	90.0
1268	90.0
1269	90.0
1270	90.0
1271	90.0
1272	90.0
1273	90.0
1274	90.0
1275	90.0
1276	90.0
1277	90.0
1278	90.0
1279	90.0
1280	90.0
1281	90.0
1282	90.0
1283	90.0
1284	90.0
1285	90.0
1286	90.0
1287	90.0
1288	90.0
1289	90.0
1290	90.0
1291	90.0
1292	90.0
1293	90.0
1294	90.0
1295	90.0
1296	90.0
1297	90.0
1298	90.0
1299	90.0
1300	90.0
1301	90.0
1302	90.0
1303	90.0
1304	90.0
1305	90.0
1306	90.0
1307	90.0
1308	90.0
1309	90.0
1310	90.0
1311	90.0
1312	90.0
1313	90.0
1314	90.0
1315	90.0
1316	90.0
1317	90.0
1318	90.0
1319	90.0
1320	90.0
1321	90.0
1322	90.0
1323	90.0
1324	90.0
1325	90.0
1326	90.0
1327	90.0
1328	90.0
1329	90.0
1330	90.0
1331	90.0
1332	90.0
1333	90.0
1334	90.0
1335	90.0
1336	90.0
1337	90.0
1338	90.0
1339	90.0
1340	90.0
1341	90.0
1342	90.0
1343	90.0
1344	90.0
1345	90.0
1346	90.0
1347	90.0
1348	90.0
1349	90.0
1350	90.0
1351	90.0
1352	90.0
1353	90.0
1354	90.0
1355	90.0
1356	90.0
1357	90.0
1358	90.0
1359	90.0
1360	90.0
1361	90.0
1362	90.0
1363	90.0
1364	90.0
1365	90.0
1366	90.0
1367	90.0
1368	90.0
1369	90.0
1370	90.0
1371	90.0
1372	90.0
1373	90.0
1374	90.0
1375	90.0
1376	90.0
1377	90.0
1378	90.0
1379	90.0
1380	90.0
1381	90.0
1382	90.0
1383	90.0
1384	90.0
1385	90.0
1386	90.0
1387	90.0
1388	90.0
1389	90.0
1390	90.0
1391	90.0
1392	90.0
1393	90.0
1394	90.0
1395	90.0
1396	90.0
1397	90.0
1398	90.0
1399	90.0
1400	90.0
1401	90.0
1402	90.0
1403	90.0
1404	90.0
1405	90.0
1406	90.0
1407	90.0
1408	90.0
1409	90.0
1410	90.0
1411	90.0
1412	90.0
1413	90.0
1414	90.0
1415	90.0
1416	90.0
1417	90.0
1418	90.0
1419	90.0
1420	90.0
1421	90.0
1422	90.0
1423	90.0
1424	90.0
1425	90.0
1426	90.0
1427	90.0
1428	90.0
1429	90.0
1430	90.0
1431	90.0
1432	90.0
1433	90.0
1434	90.0
1435	90.0
1436	90.0
1437	90.0
1438	90.0
1439	90.0
1440	90.0
1441	90.0
1442	90.0
1443	90.0
1444	90.0
1445	90.0
1446	90.0
1447	90.0
1448	90.0
1449	90.0
1450	90.0
1451	90.0
1452	90.0
1453	90.0
1454	90.0
1455	90.0
1456	90.0
1457	90.0
1458	90.0
1459	90.0
1460	90.0
1461	90.0
1462	90.0
1463	90.0
1464	90.0
1465	90.0
1466	90.0
1467	90.0
1468	90.0
1469	90.0
1470	90.0
1471	90.0
1472	90.0
1473	90.0
1474	90.0
1475	90.0
1476	90.0
1477	90.0
1478	90.0
1479	90.0
1480	90.0
1481	90.0
1482	90.0
1483	90.0
1484	90.0
1485	90.0
1486	90.0
1487	90.0
1488	90.0
1489	90.0
1490	90.0
1491	90.0
1492	90.0
1493	90.0
1494	90.0
1495	90.0
1496	90.0
1497	90.0
1498	90.0
1499	90.0
1500	90.0
1501	90.0
1502	90.0
1503	90.0
1504	90.0
1505	90.0
1506	90.0
1507	90.0
1508	90.0
1509	90.0
1510	90.0
1511	90.0
1512	90.0
1513	90.0
1514	90.0
1515	90.0
1516	90.0
1517	90.0
1518	90.0
1519	90.0
1520	90.0
1521	90.0
1522	90.0
1523	90.0
1524	90.0
1525	90.0
1526	90.0
1527	90.0
1528	90.0
1529	90.0
1530	90.0
1531	90.0
1532	90.0
1533	90.0
1534	90.0
1535	90.0
1536	90.0
1537	90.0
1538	90.0
1539	90.0
1540	90.0
1541	90.0
1542	90.0
1543	90.0
1544	90.0
1545	90.0
1546	90.0
1547	90.0
1548	90.0
1549	90.0
1550	90.0
1551	90.0
1552	90.0
1553	90.0
1554	90.0
1555	90.0
1556	90.0
1557	90.0
1558	90.0
1559	90.0
1560	90.0
1561	90.0
1562	90.0
1563	90.0
1564	90.0
1565	90.0
1566	90.0
1567	90.0
1568	90.0
1569	90.0
1570	90.0
1571	90.0
1572	90.0
1573	90.0
1574	90.0
1575	90.0
1576	90.0
1577	90.0
1578	90.0
1579	90.0
1580	90.0
1581	90.0
1582	90.0
1583	90.0
1584	90.0
1585	90.0
1586	90.0
1587	90.0
1588	90.0
1589	90.0
1590	90.0
1591	90.0
1592	90.0
1593	90.0
1594	90.0
1595	90.0
1596	90.0
1597	90.0
1598	90.0
1599	90.0
1600	90.0
1601	90.0
1602	90.0
1603	90.0
1604	90.0
1605	90.0
1606	90.0
1607	90.0
1608	90.0
1609	90.0
1610	90.0
1611	90.0
1612	90.0
1613	90.0
1614	90.0
1615	90.0
1616	90.0
1617	90.0
1618	90.0
1619	90.0
1620	90.0
1621	90.0
1622	90.0
1623	90.0
1624	90.0
1625	90.0
1626	90.0
1627	90.0
1628	90.0
1629	90.0
1630	90.0
1631	90.0
1632	90.0
1633	90.0
1634	90.0
1635	90.0
1636	90.0
1637	90.0
1638	90.0
1639	90.0
1640	90.0
1641	90.0
1642	90.0
1643	90.0
1644	90.0
1645	90.0
1646	90.0
1647	90.0
1648	90.0
1649	90.0
1650	90.0
1651	90.0
1652	90.0
1653	90.0
1654	90.0
1655	90.0
1656	90.0
1657	90.0
1658	90.0
1659	90.0
1660	90.0
1661	90.0
1662	90.0
1663	90.0
1664	90.0
1665	90.0
1666	90.0
1667	90.0
1668	90.0
1669	90.0
1670	90.0
1671	90.0
1672	90.0
1673	90.0
1674	90.0
1675	90.0
1676	90.0
1677	90.0
1678	90.0
1679	90.0
1680	90.0
1681	90.0
1682	90.0
1683	90.0
1684	90.0
1685	90.0
1686	90.0
1687	90.0
1688	90.0
1689	90.0
1690	90.0
1691	90.0
1692	90.0
1693	90.0
1694	90.0
1695	90.0
1696	90.0
1697	90.0
1698	90.0
1699	90.0
1700	90.0
1701	90.0
1702	90.0
1703	90.0
1704	90.0
1705	90.0
1706	90.0
1707	90.0
1708	90.0
1709	90.0
1710	90.0
1711	90.0
1712	90.0
1713	90.0
1714	90.0
1715	90.0
1716	90.0
1717	90.0
1718	90.0
1719	90.0
1720	90.0
1721	90.0
1722	90.0
1723	90.0
1724	90.0
1725	90.0
1726	90.0
1727	90.0
1728	90.0
1729	90.0
1730	90.0
1731	90.0
1732	90.0
1733	90.0
1734	90.0
1735	90.0
1736	90.0
1737	90.0
1738	90.0
1739	90.0
1740	90.0
1741	90.0
1742	90.0
1743	90.0
1744	90.0
1745	90.0
1746	90.0
1747	90.0
1748	90.0
1749	90.0
1750	90.0
1751	90.0
1752	90.0
1753	90.0
1754	90.0
1755	90.0
1756	90.0
1757	90.0
1758	90.0
1759	90.0
1760	90.0
1761	90.0
1762	90.0
1763	90.0
1764	90.0
1765	90.0
1766	90.0
1767	90.0
1768	90.0
1769	90.0
1770	90.0
1771	90.0
1772	90.0
1773	90.0
1774	90.0
1775	90.0
1776	90.0
1777	90.0
1778	90.0
1779	90.0
1780	90.0
1781	90.0
1782	90.0
1783	90.0
1784	90.0
1785	90.0
1786	90.0
1787	90.0
1788	90.0
1789	90.0
1790	90.0
1791	90.0
1792	90.0
1793	90.0
1794	90.0
1795	90.0
1796	90.0
1797	90.0
1798	90.0
1799	90.0
1800	90.0
1801	90.0
1802	90.0
1803	90.0
1804	90.0
1805	90.0
1806	90.0
1807	90.0
1808	90.0
1809	90.0
1810	90.0
1811	90.0
1812	90.0
1813	90.0
1814	90.0
1815	90.0
1816	90.0
1817	90.0
1818	90.0
1819	90.0
1820	90.0
1821	90.0
1822	90.0
1823	90.0
1824	90.0
1825	90.0
1826	90.0
1827	90.0
1828	90.0
1829	90.0
1830	90.0
1831	90.0
1832	90.0
1833	90.0
1834	90.0
1835	90.0
1836	90.0
1837	90.0
1838	90.0
1839	90.0
1840	90.0
1841	90.0
1842	90.0
1843	90.0
1844	90.0
1845	90.0
1846	90.0
1847	90.0
1848	90.0
1849	90.0
1850	90.0
1851	90.0
1852	90.0
1853	90.0
1854	90.0
1855	90.0
1856	90.0
1857	90.0
1858	90.0
1859	90.0
1860	90.0
1861	90.0
1862	90.0
1863	90.0
1864	90.0
1865	90.0
1866	90.0
1867	90.0
1868	90.0
1869	90.0
1870	90.0
1871	90.0
1872	90.0
1873	90.0
1874	90.0
1875	90.0
1876	90.0
1877	90.0
1878	90.0
1879	90.0
1880	90.0
1881	90.0
1882	90.0
1883	90.0
1884	90.0
1885	90.0
1886	90.0
1887	90.0
1888	90.0
1889	90.0
1890	90.0
1891	90.0
1892	90.0
1893	90.0
1894	90.0
1895	90.0
1896	90.0
1897	90.0
1898	90.0
1899	90.0
1900	90.0
1901	90.0
1902	90.0
1903	90.0
1904	90.0
1905	90.0
1906	90.0
1907	90.0
1908	90.0
1909	90.0
1910	90.0
1911	90.0
1912	90.0
1913	90.0
1914	90.0
1915	90.0
1916	90.0
1917	90.0
1918	90.0
1919	90.0
1920	90.0
1921	90.0
1922	90.0
1923	90.0
1924	90.0
1925	90.0
1926	90.0
1927	90.0
1928	90.0
1929	90.0
1930	90.0
1931	90.0
1932	90.0
1933	90.0
1934	90.0
1935	90.0
1936	90.0
1937	90.0
1938	90.0
1939	90.0
1940	90.0
1941	90.0
1942	90.0
1943	90.0
1944	90.0
1945	90.0
1946	90.0
1947	90.0
1948	90.0
1949	90.0
1950	90.0
1951	90.0
1952	90.0
1953	90.0
1954	90.0
1955	90.0
1956	90.0
1957	90.0
1958	90.0
1959	90.0
1960	90.0
1961	90.0
1962	90.0
1963	90.0
1964	90.0
1965	90.0
1966	90.0
1967	90.0
1968	90.0
1969	90.0
1970	90.0
1971	90.0
1972	90.0
1973	90.0
1974	90.0
1975	90.0
1976	90.0
1977	90.0
1978	90.0
1979	90.0
1980	90.0
1981	90.0
1982	90.0
1983	90.0
1984	90.0
1985	90.0
1986	90.0
1987	90.0
1988	90.0
1989	90.0
1990	90.0
1991	90.0
1992	90.0
1993	90.0
1994	90.0
1995	90.0
1996	90.0
1997	90.0
1998	90.0
1999	90.0
2000	90.0
2001	90.0
2002	90.0
2003	90.0
2004	90.0
2005	90.0
2006	90.0
2007	90.0
2008	90.0
2009	90.0
2010	90.0
2011	90.0
2012	90.0
2013	90.0
2014	90.0
2015	90.0
2016	90.0
2017	90.0
2018	90.0
2019	90.0
2020	90.0
2021	90.0
2022	90.0
2023	90.0
2024	90.0
2025	90.0
2026	90.0
2027	90.0
2028	90.0
2029	90.0
2030	90.0
2031	90.0
2032	90.0
2033	90.0
2034	90.0
2035	90.0
2036	90.0
2037	90.0
2038	90.0
2039	90.0
2040	90.0
2041	90.0
2042	90.0
2043	90.0
2044	90.0
2045	90.0
2046	90.0
2047	90.0
2048	90.0
2049	90.0
2050	90.0
2051	90.0
2052	90.0
2053	90.0
2054	90.0
2055	90.0
2056	90.0
2057	90.0
2058	90.0
2059	90.0
2060	90.0
2061	90.0
2062	90.0
2063	90.0
2064	90.0
2065	90.0
2066	90.0
2067	90.0
2068	90.0
2069	90.0
2070	90.0
2071	90.0
2072	90.0
2073	90.0
2074	90.0
2075	90.0
2076	90.0
2077	90.0
2078	90.0
2079	90.0
2080	90.0
2081	90.0
2082	90.0
2083	90.0
2084	90.0
2085	90.0
2086	90.0
2087	90.0
2088	90.0
2089	90.0
2090	90.0
2091	90.0
2092	90.0
2093	90.0
2094	90.0
2095	90.0
2096	90.0
2097	90.0
2098	90.0
2099	90.0
2100	90.0
2101	90.0
2102	90.0
2103	90.0
2104	90.0
2105	90.0
2106	90.0
2107	90.0
2108	90.0
2109	90.0
2110	90.0
2111	90.0
2112	90.0
2113	90.0
2114	90.0
2115	90.0
2116	90.0
2117	90.0
2118	90.0
2119	90.0
2120	90.0
2121	90.0
2122	90.0
2123	90.0
2124	90.0
2125	90.0
2126	90.0
2127	90.0
2128	90.0
2129	90.0
2130	90.0
2131	90.0
2132	90.0
2133	90.0
2134	90.0
2135	90.0
2136	90.0
2137	90.0
2138	90.0
2139	90.0
2140	90.0
2141	90.0
2142	90.0
2143	90.0
2144	90.0
2145	90.0
2146	90.0
2147	90.0
2148	90.0
2149	90.0
2150	90.0
2151	90.0
2152	90.0
2153	90.0
2154	90.0
2155	90.0
2156	90.0
2157	90.0
2158	90.0
2159	90.0
2160	90.0
2161	90.0
2162	90.0
2163	90.0
2164	90.0
2165	90.0
2166	90.0
2167	90.0
2168	90.0
2169	90.0
2170	90.0
2171	90.0
2172	90.0
2173	90.0
2174	90.0
2175	90.0
2176	90.0
2177	90.0
2178	90.0
2179	90.0
2180	90.0
2181	90.0
2182	90.0
2183	90.0
2184	90.0
2185	90.0
2186	90.0
2187	90.0
2188	90.0
2189	90.0
2190	90.0
2191	90.0
2192	90.0
2193	90.0
2194	90.0
2195	90.0
2196	90.0
2197	90.0
2198	90.0
2199	90.0
2200	90.0
2201	90.0
2202	90.0
2203	90.0
2204	90.0
2205	90.0
2206	90.0
2207	90.0
2208	90.0
2209	90.0
2210	90.0
2211	90.0
2212	90.0
2213	90.0
2214	90.0
2215	90.0
2216	90.0
2217	90.0
2218	90.0
2219	90.0
2220	90.0
2221	90.0
2222	90.0
2223	90.0
2224	90.0
2225	90.0
2226	90.0
2227	90.0
2228	90.0
2229	90.0
2230	90.0
2231	90.0
2232	90.0
2233	90.0
2234	90.0
2235	90.0
2236	90.0
2237	90.0
2238	90.0
2239	90.0
2240	90.0
2241	90.0
2242	90.0
2243	90.0
2244	90.0
2245	90.0
2246	90.0
2247	90.0
2248	90.0
2249	90.0
2250	90.0
2251	90.0
2252	90.0
2253	90.0
2254	90.0
2255	90.0
2256	90.0
2257	90.0
2258	90.0
2259	90.0
2260	90.0
2261	90.0
2262	90.0
2263	90.0
2264	90.0
2265	90.0
2266	90.0
2267	90.0
2268	90.0
2269	90.0
2270	90.0
2271	90.0
2272	90.0
2273	90.0
2274	90.0
2275	90.0
2276	90.0
2277	90.0
2278	90.0
2279	90.0
2280	90.0
2281	90.0
2282	90.0
2283	90.0
2284	90.0
2285	90.0
2286	90.0
2287	90.0
2288	90.0
2289	90.0
2290	90.0
2291	90.0
2292	90.0
2293	90.0
2294	90.0
2295	90.0
2296	90.0
2297	90.0
2298	90.0
2299	90.0
2300	90.0
2301	90.0
2302	90.0
2303	90.0
2304	90.0
2305	90.0
2306	90.0
2307	90.0
2308	90.0
2309	90.0
2310	90.0
2311	90.0
2312	90.0
2313	90.0
2314	90.0
2315	90.0
2316	90.0
2317	90.0
2318	90.0
2319	90.0
2320	90.0
2321	90.0
2322	90.0
2323	90.0
2324	90.0
2325	90.0
2326	90.0
2327	90.0
2328	90.0
2329	90.0
2330	90.0
2331	90.0
2332	90.0
2333	90.0
2334	90.0
2335	90.0
2336	90.0
2337	90.0
2338	90.0
2339	90.0
2340	90.0
2341	90.0
2342	90.0
2343	90.0
2344	90.0
2345	90.0
2346	90.0
2347	90.0
2348	90.0
2349	90.0
2350	90.0
2351	90.0
2352	90.0
2353	90.0
2354	90.0
2355	90.0
2356	90.0
2357	90.0
2358	90.0
2359	90.0
2360	90.0
2361	90.0
2362	90.0
2363	90.0
2364	90.0
2365	90.0
2366	90.0
2367	90.0
2368	90.0
2369	90.0
2370	90.0
2371	90.0
2372	90.0
2373	90.0
2374	90.0
2375	90.0
2376	90.0
2377	90.0
2378	90.0
2379	90.0
2380	90.0
2381	90.0
2382	90.0
2383	90.0
2384	90.0
2385	90.0
2386	90.0
2387	90.0
2388	90.0
2389	90.0
2390	90.0
2391	90.0
2392	90.0
2393	90.0
2394	90.0
2395	90.0
2396	90.0
2397	90.0
2398	90.0
2399	90.0
2400	90.0
2401	90.0
2402	90.0
2403	90.0
2404	90.0
2405	90.0
2406	90.0
2407	90.0
2408	90.0
2409	90.0
2410	90.0
2411	90.0
2412	90.0
2413	90.0
2414	90.0
2415	90.0
2416	90.0
2417	90.0
2418	90.0
2419	90.0
2420	90.0
2421	90.0
2422	90.0
2423	90.0
2424	90.0
2425	90.0
2426	90.0
2427	90.0
2428	90.0
2429	90.0
2430	90.0
2431	90.0
2432	90.0
2433	90.0
2434	90.0
2435	90.0
2436	90.0
2437	90.0
2438	90.0
2439	90.0
2440	90.0
2441	90.0
2442	90.0
2443	90.0
2444	90.0
2445	90.0
2446	90.0
2447	90.0
2448	90.0
2449	90.0
2450	90.0
2451	90.0
2452	90.0
2453	90.0
2454	90.0
2455	90.0
2456	90.0
2457	90.0
2458	90.0
2459	90.0
2460	90.0
2461	90.0
2462	90.0
2463	90.0
2464	90.0
2465	90.0
2466	90.0
2467	90.0
2468	90.0
2469	90.0
2470	90.0
2471	90.0
2472	90.0
2473	90.0
2474	90.0
2475	90.0
2476	90.0
2477	90.0
2478	90.0
2479	90.0
2480	90.0
2481	90.0
2482	90.0
2483	90.0
2484	90.0
2485	90.0
2486	90.0
2487	90.0
2488	90.0
2489	90.0
2490	90.0
2491	90.0
2492	90.0
2493	90.0
2494	90.0
2495	90.0
2496	90.0
2497	90.0
2498	90.0
2499	90.0
2500	90.0
2501	90.0
2502	90.0
2503	90.0
2504	90.0
2505	90.0
2506	90.0
2507	90.0
2508	90.0
2509	90.0
2510	90.0
2511	90.0
2512	90.0
2513	90.0
2514	90.0
2515	90.0
2516	90.0
2517	90.0
2518	90.0
2519	90.0
2520	90.0
2521	90.0
2522	90.0
2523	90.0
2524	90.0
2525	90.0
2526	90.0
2527	90.0
2528	90.0
2529	90.0
2530	90.0
2531	90.0
2532	90.0
2533	90.0
2534	90.0
2535	90.0
2536	90.0
2537	90.0
2538	90.0
2539	90.0
2540	90.0
2541	90.0
2542	90.0
2543	90.0
2544	90.0
2545	90.0
2546	90.0
2547	90.0
2548	90.0
2549	90.0
2550	90.0
2551	90.0
2552	90.0
2553	90.0
2554	90.0
2555	90.0
2556	90.0
2557	90.0
2558	90.0
2559	90.0
2560	90.0
2561	90.0
2562	90.0
2563	90.0
2564	90.0
2565	90.0
2566	90.0
2567	90.0
2568	90.0
2569	90.0
2570	90.0
2571	90.0
2572	90.0
2573	90.0
2574	90.0
2575	90.0
2576	90.0
2577	90.0
2578	90.0
2579	90.0
2580	90.0
2581	90.0
2582	90.0
2583	90.0
2584	90.0
2585	90.0
2586	90.0
2587	90.0
2588	90.0
2589	90.0
2590	90.0
2591	90.0
2592	90.0
2593	90.0
2594	90.0
2595	90.0
2596	90.0
2597	90.0
2598	90.0
2599	90.0
2600	90.0
2601	90.0
2602	90.0
2603	90.0
2604	90.0
2605	90.0
2606	90.0
2607	90.0
2608	90.0
2609	90.0
2610	90.0
2611	90.0
2612	90.0
2613	90.0
2614	90.0
2615	90.0
2616	90.0
2617	90.0
2618	90.0
2619	90.0
2620	90.0
2621	90.0
2622	90.0
2623	90.0
2624	90.0
2625	90.0
2626	90.0
2627	90.0
2628	90.0
2629	90.0
2630	90.0
2631	90.0
2632	90.0
2633	90.0
2634	90.0
2635	90.0
2636	90.0
2637	90.0
2638	90.0
2639	90.0
2640	90.0
2641	90.0
2642	90.0
2643	90.0
2644	90.0
2645	90.0
2646	90.0
2647	90.0
2648	90.0
2649	90.0
2650	90.0
2651	90.0
2652	90.0
2653	90.0
2654	90.0
2655	90.0
2656	90.0
2657	90.0
2658	90.0
2659	90.0
2660	90.0
2661	90.0
2662	90.0
2663	90.0
2664	90.0
2665	90.0
2666	90.0
2667	90.0
2668	90.0
2669	90.0
2670	90.0
2671	90.0
2672	90.0
2673	90.0
2674	90.0
2675	90.0
2676	90.0
2677	90.0
2678	90.0
2679	90.0
2680	90.0
2681	90.0
2682	90.0
2683	90.0
2684	90.0
2685	90.0
2686	90.0
2687	90.0
2688	90.0
2689	90.0
2690	90.0
2691	90.0
2692	90.0
2693	90.0
2694	90.0
2695	90.0
2696	90.0
2697	90.0
2698	90.0
2699	90.0
2700	90.0
2701	90.0
2702	90.0
2703	90.0
2704	90.0
2705	90.0
2706	90.0
2707	90.0
2708	90.0
2709	90.0
2710	90.0
2711	90.0
2712	90.0
2713	90.0
2714	90.0
2715	90.0
2716	90.0
2717	90.0
2718	90.0
2719	90.0
2720	90.0
2721	90.0
2722	90.0
2723	90.0
2724	90.0
2725	90.0
2726	90.0
2727	90.0
2728	90.0
2729	90.0
2730	90.0
2731	90.0
2732	90.0
2733	90.0
2734	90.0
2735	90.0
2736	90.0
2737	90.0
2738	90.0
2739	90.0
2740	90.0
2741	90.0
2742	90.0
2743	90.0
2744	90.0
2745	90.0
2746	90.0
2747	90.0
2748	90.0
2749	90.0
2750	90.0
2751	90.0
2752	90.0
2753	90.0
2754	90.0
2755	90.0
2756	90.0
2757	90.0
2758	90.0
2759	90.0
2760	90.0
2761	90.0
2762	90.0
2763	90.0
2764	90.0
2765	90.0
2766	90.0
2767	90.0
2768	90.0
2769	90.0
2770	90.0
2771	90.0
2772	90.0
2773	90.0
2774	90.0
2775	90.0
2776	90.0
2777	90.0
2778	90.0
2779	90.0
2780	90.0
2781	90.0
2782	90.0
2783	90.0
2784	90.0
2785	90.0
2786	90.0
2787	90.0
2788	90.0
2789	90.0
2790	90.0
2791	90.0
2792	90.0
2793	90.0
2794	90.0
2795	90.0
2796	90.0
2797	90.0
2798	90.0
2799	90.0
2800	90.0
2801	90.0
2802	90.0
2803	90.0
2804	90.0
2805	90.0
2806	90.0
2807	90.0
2808	90.0
2809	90.0
2810	90.0
2811	90.0
2812	90.0
2813	90.0
2814	90.0
2815	90.0
2816	90.0
2817	90.0
2818	90.0
2819	90.0
2820	90.0
2821	90.0
2822	90.0
2823	90.0
2824	90.0
2825	90.0
2826	90.0
2827	90.0
2828	90.0
2829	90.0
2830	90.0
2831	90.0
2832	90.0
2833	90.0
2834	90.0
2835	90.0
2836	90.0
2837	90.0
2838	90.0
2839	90.0
2840	90.0
2841	90.0
2842	90.0
2843	90.0
2844	90.0
2845	90.0
2846	90.0
2847	90.0
2848	90.0
2849	90.0
2850	90.0
2851	90.0
2852	90.0
2853	90.0
2854	90.0
2855	90.0
2856	90.0
2857	90.0
2858	90.0
2859	90.0
2860	90.0
2861	90.0
2862	90.0
2863	90.0
2864	90.0
2865	90.0
2866	90.0
2867	90.0
2868	90.0
2869	90.0
2870	90.0
2871	90.0
2872	90.0
2873	90.0
2874	90.0
2875	90.0
2876	90.0
2877	90.0
2878	90.0
2879	90.0
2880	90.0
2881	90.0
2882	90.0
2883	90.0
2884	90.0
2885	90.0
2886	90.0
2887	90.0
2888	90.0
2889	90.0
2890	90.0
2891	90.0
2892	90.0
2893	90.0
2894	90.0
2895	90.0
2896	90.0
2897	90.0
2898	90.0
2899	90.0
2900	90.0
2901	90.0
2902	90.0
2903	90.0
2904	90.0
2905	90.0
2906	90.0
2907	90.0
2908	90.0
2909	90.0
2910	90.0
2911	90.0
2912	90.0
2913	90.0
2914	90.0
2915	90.0
2916	90.0
2917	90.0
2918	90.0
2919	90.0
2920	90.0
2921	90.0
2922	90.0
2923	90.0
2924	90.0
2925	90.0
2926	90.0
2927	90.0
2928	90.0
2929	90.0
2930	90.0
2931	90.0
2932	90.0
2933	90.0
2934	90.0
2935	90.0
2936	90.0
2937	90.0
2938	90.0
2939	90.0
2940	90.0
2941	90.0
2942	90.0
2943	90.0
2944	90.0
2945	90.0
2946	90.0
2947	90.0
2948	90.0
2949	90.0
2950	90.0
2951	90.0
2952	90.0
2953	90.0
2954	90.0
2955	90.0
2956	90.0
2957	90.0
2958	90.0
2959	90.0
2960	90.0
2961	90.0
2962	90.0
2963	90.0
2964	90.0
2965	90.0
2966	90.0
2967	90.0
2968	90.0
2969	90.0
2970	90.0
2971	90.0
2972	90.0
2973	90.0
2974	90.0
2975	90.0
2976	90.0
2977	90.0
2978	90.0
2979	90.0
2980	90.0
2981	90.0
2982	90.0
2983	90.0
2984	90.0
2985	90.0
2986	90.0
2987	90.0
2988	90.0
2989	90.0
2990	90.0
2991	90.0
2992	90.0
2993	90.0
2994	90.0
2995	90.0
2996	90.0
2997	90.0
2998	90.0
2999	90.0
3000	90.0
3001	90.0
3002	90.0
3003	90.0
3004	90.0
3005	90.0
3006	90.0
3007	90.0
3008	90.0
3009	90.0
3010	90.0
3011	90.0
3012	90.0
3013	90.0
3014	90.0
3015	90.0
3016	90.0
3017	90.0
3018	90.0
3019	90.0
3020	90.0
3021	90.0
3022	90.0
3023	90.0
3024	90.0
3025	90.0
3026	90.0
3027	90.0
3028	90.0
3029	90.0
3030	90.0
3031	90.0
3032	90.0
3033	90.0
3034	90.0
3035	90.0
3036	90.0
3037	90.0
3038	90.0
3039	90.0
3040	90.0
3041	90.0
3042	90.0
3043	90.0
3044	90.0
3045	90.0
3046	90.0
3047	90.0
3048	90.0
3049	90.0
3050	90.0
3051	90.0
3052	90.0
3053	90.0
3054	90.0
3055	90.0
3056	90.0
3057	90.0
3058	90.0
3059	90.0
3060	90.0
3061	90.0
3062	90.0
3063	90.0
3064	90.0
3065	90.0
3066	90.0
3067	90.0
3068	90.0
3069	90.0
3070	90.0
3071	90.0
3072	90.0
3073	90.0
3074	90.0
3075	90.0
3076	90.0
3077	90.0
3078	90.0
3079	90.0
3080	90.0
3081	90.0
3082	90.0
3083	90.0
3084	90.0
3085	90.0
3086	90.0
3087	90.0
3088	90.0
3089	90.0
3090	90.0
3091	90.0
3092	90.0
3093	90.0
3094	90.0
3095	90.0
3096	90.0
3097	90.0
3098	90.0
3099	90.0
3100	90.0
3101	90.0
3102	90.0
3103	90.0
3104	90.0
3105	90.0
3106	90.0
3107	90.0
3108	90.0
3109	90.0
3110	90.0
3111	90.0
3112	90.0
3113	90.0
3114	90.0
3115	90.0
3116	90.0
3117	90.0
3118	90.0
3119	90.0
3120	90.0
3121	90.0
3122	90.0
3123	90.0
3124	90.0
3125	90.0
3126	90.0
3127	90.0
3128	90.0
3129	90.0
3130	90.0
3131	90.0
3132	90.0
3133	90.0
3134	90.0
3135	90.0
3136	90.0
3137	90.0
3138	90.0
3139	90.0
3140	90.0
3141	90.0
3142	90.0
3143	90.0
3144	90.0
3145	90.0
3146	90.0
3147	90.0
3148	90.0
3149	90.0
3150	90.0
3151	90.0
3152	90.0
3153	90.0
3154	90.0
3155	90.0
3156	90.0
3157	90.0
3158	90.0
3159	90.0
3160	90.0
3161	90.0
3162	90.0
3163	90.0
3164	90.0
3165	90.0
3166	90.0
3167	90.0
3168	90.0
3169	90.0
3170	90.0
3171	90.0
3172	90.0
3173	90.0
3174	90.0
3175	90.0
3176	90.0
3177	90.0
3178	90.0
3179	90.0
3180	90.0
3181	90.0
3182	90.0
3183	90.0
3184	90.0
3185	90.0
3186	90.0
3187	90.0
3188	90.0
3189	90.0
3190	90.0
3191	90.0
3192	90.0
3193	90.0
3194	90.0
3195	90.0
3196	90.0
3197	90.0
3198	90.0
3199	90.0
3200	90.0
3201	90.0
3202	90.0
3203	90.0
3204	90.0
3205	90.0
3206	90.0
3207	90.0
3208	90.0
3209	90.0
3210	90.0
3211	90.0
3212	90.0
3213	90.0
3214	90.0
3215	90.0
3216	90.0
3217	90.0
3218	90.0
3219	90.0
3220	90.0
3221	90.0
3222	90.0
3223	90.0
3224	90.0
3225	90.0
3226	90.0
3227	90.0
3228	90.0
3229	90.0
3230	90.0
3231	90.0
3232	90.0
3233	90.0
3234	90.0
3235	90.0
3236	90.0
3237	90.0
3238	90.0
3239	90.0
3240	90.0
3241	90.0
3242	90.0
3243	90.0
3244	90.0
3245	90.0
3246	90.0
3247	90.0
3248	90.0
3249	90.0
3250	90.0
3251	90.0
3252	90.0
3253	90.0
3254	90.0
3255	90.0
3256	90.0
3257	90.0
3258	90.0
3259	90.0
3260	90.0
3261	90.0
3262	90.0
3263	90.0
3264	90.0
3265	90.0
3266	90.0
3267	90.0
3268	90.0
3269	90.0
3270	90.0
3271	90.0
3272	90.0
3273	90.0
3274	90.0
3275	90.0
3276	90.0
3277	90.0
3278	90.0
3279	90.0
3280	90.0
3281	90.0
3282	90.0
3283	90.0
3284	90.0
3285	90.0
3286	90.0
3287	90.0
3288	90.0
3289	90.0
3290	90.0
3291	90.0
3292	90.0
3293	90.0
3294	90.0
3295	90.0
3296	90.0
3297	90.0
3298	90.0
3299	90.0
3300	90.0
3301	90.0
3302	90.0
3303	90.0
3304	90.0
3305	90.0
3306	90.0
3307	90.0
3308	90.0
3309	90.0
3310	90.0
3311	90.0
3312	90.0
3313	90.0
3314	90.0
3315	90.0
3316	90.0
3317	90.0
3318	90.0
3319	90.0
3320	90.0
3321	90.0
3322	90.0
3323	90.0
3324	90.0
3325	90.0
3326	90.0
3327	90.0
3328	90.0
3329	90.0
3330	90.0
3331	90.0
3332	90.0
3333	90.0
3334	90.0
3335	90.0
3336	90.0
3337	90.0
3338	90.0
3339	90.0
3340	90.0
3341	90.0
3342	90.0
3343	90.0
3344	90.0
3345	90.0
3346	90.0
3347	90.0
3348	90.0
3349	90.0
3350	90.0
3351	90.0
3352	90.0
3353	90.0
3354	90.0
3355	90.0
3356	90.0
3357	90.0
3358	90.0
3359	90.0
3360	90.0
3361	90.0
3362	90.0
3363	90.0
3364	90.0
3365	90.0
3366	90.0
3367	90.0
3368	90.0
3369	90.0
3370	90.0
3371	90.0
3372	90.0
3373	90.0
3374	90.0
3375	90.0
3376	90.0
3377	90.0
3378	90.0
3379	90.0
3380	90.0
3381	90.0
3382	90.0
3383	90.0
3384	90.0
3385	90.0
3386	90.0
3387	90.0
3388	90.0
3389	90.0
3390	90.0
3391	90.0
3392	90.0
3393	90.0
3394	90.0
3395	90.0
3396	90.0
3397	90.0
3398	90.0
3399	90.0
3400	90.0
3401	90.0
3402	90.0
3403	90.0
3404	90.0
3405	90.0
3406	90.0
3407	90.0
3408	90.0
3409	90.0
3410	90.0
3411	90.0
3412	90.0
3413	90.0
3414	90.0
3415	90.0
3416	90.0
3417	90.0
3418	90.0
3419	90.0
3420	90.0
3421	90.0
3422	90.0
3423	90.0
3424	90.0
3425	90.0
3426	90.0
3427	90.0
3428	90.0
3429	90.0
3430	90.0
3431	90.0
3432	90.0
3433	90.0
3434	90.0
3435	90.0
3436	90.0
3437	90.0
3438	90.0
3439	90.0
3440	90.0
3441	90.0
3442	90.0
3443	90.0
3444	90.0
3445	90.0
3446	90.0
3447	90.0
3448	90.0
3449	90.0
3450	90.0
3451	90.0
3452	90.0
3453	90.0
3454	90.0
3455	90.0
3456	90.0
3457	90.0
3458	90.0
3459	90.0
3460	90.0
3461	90.0
3462	90.0
3463	90.0
3464	90.0
3465	90.0
3466	90.0
3467	90.0
3468	90.0
3469	90.0
3470	90.0
3471	90.0
3472	90.0
3473	90.0
3474	90.0
3475	90.0
3476	90.0
3477	90.0
3478	90.0
3479	90.0
3480	90.0
3481	90.0
3482	90.0
3483	90.0
3484	90.0
3485	90.0
3486	90.0
3487	90.0
3488	90.0
3489	90.0
3490	90.0
3491	90.0
3492	90.0
3493	90.0
3494	90.0
3495	90.0
3496	90.0
3497	90.0
3498	90.0
3499	90.0
3500	90.0
3501	90.0
3502	90.0
3503	90.0
3504	90.0
3505	90.0
3506	90.0
3507	90.0
3508	90.0
3509	90.0
3510	90.0
3511	90.0
3512	90.0
3513	90.0
3514	90.0
3515	90.0
3516	90.0
3517	90.0
3518	90.0
3519	90.0
3520	90.0
3521	90.0
3522	90.0
3523	90.0
3524	90.0
3525	90.0
3526	90.0
3527	90.0
3528	90.0
3529	90.0
3530	90.0
3531	90.0
3532	90.0
3533	90.0
3534	90.0
3535	90.0
3536	90.0
3537	90.0
3538	90.0
3539	90.0
3540	90.0
3541	90.0
3542	90.0
3543	90.0
3544	90.0
3545	90.0
3546	90.0
3547	90.0
3548	90.0
3549	90.0
3550	90.0
3551	90.0
3552	90.0
3553	90.0
3554	90.0
3555	90.0
3556	90.0
3557	90.0
3558	90.0
3559	90.0
3560	90.0
3561	90.0
3562	90.0
3563	90.0
3564	90.0
3565	90.0
3566	90.0
3567	90.0
3568	90.0
3569	90.0
3570	90.0
3571	90.0
3572	90.0
3573	90.0
3574	90.0
3575	90.0
3576	90.0
3577	90.0
3578	90.0
3579	90.0
3580	90.0
3581	90.0
3582	90.0
3583	90.0
3584	90.0
3585	90.0
3586	90.0
3587	90.0
3588	90.0
3589	90.0
3590	90.0
3591	90.0
3592	90.0
3593	90.0
3594	90.0
3595	90.0
3596	90.0
3597	90.0
3598	90.0
3599	90.0
3600	90.0
3601	90.0
3602	90.0
3603	90.0
3604	90.0
3605	90.0
3606	90.0
3607	90.0
3608	90.0
3609	90.0
3610	90.0
3611	90.0
3612	90.0
3613	90.0
3614	90.0
3615	90.0
3616	90.0
3617	90.0
3618	90.0
3619	90.0
3620	90.0
3621	90.0
3622	90.0
3623	90.0
3624	90.0
3625	90.0
3626	90.0
3627	90.0
3628	90.0
3629	90.0
3630	90.0
3631	90.0
3632	90.0
3633	90.0
3634	90.0
3635	90.0
3636	90.0
3637	90.0
3638	90.0
3639	90.0
3640	90.0
3641	90.0
3642	90.0
3643	90.0
3644	90.0
3645	90.0
3646	90.0
3647	90.0
3648	90.0
3649	90.0
3650	90.0
3651	90.0
3652	90.0
3653	90.0
3654	90.0
3655	90.0
3656	90.0
3657	90.0
3658	90.0
3659	90.0
3660	90.0
3661	90.0
3662	90.0
3663	90.0
3664	90.0
3665	90.0
3666	90.0
3667	90.0
3668	90.0
3669	90.0
3670	90.0
3671	90.0
3672	90.0
3673	90.0
3674	90.0
3675	90.0
3676	90.0
3677	90.0
3678	90.0
3679	90.0
3680	90.0
3681	90.0
3682	90.0
3683	90.0
3684	90.0
3685	90.0
3686	90.0
3687	90.0
3688	90.0
3689	90.0
3690	90.0
3691	90.0
3692	90.0
3693	90.0
3694	90.0
3695	90.0
3696	90.0
3697	90.0
3698	90.0
3699	90.0
3700	90.0
3701	90.0
3702	90.0
3703	90.0
3704	90.0
3705	90.0
3706	90.0
3707	90.0
3708	90.0
3709	90.0
3710	90.0
3711	90.0
3712	90.0
3713	90.0
3714	90.0
3715	90.0
3716	90.0
3717	90.0
3718	90.0
3719	90.0
3720	90.0
3721	90.0
3722	90.0
3723	90.0
3724	90.0
3725	90.0
3726	90.0
3727	90.0
3728	90.0
3729	90.0
3730	90.0
3731	90.0
3732	90.0
3733	90.0
3734	90.0
3735	90.0
3736	90.0
3737	90.0
3738	90.0
3739	90.0
3740	90.0
3741	90.0
3742	90.0
3743	90.0
3744	90.0
3745	90.0
3746	90.0
3747	90.0
3748	90.0
3749	90.0
3750	90.0
3751	90.0
3752	90.0
3753	90.0
3754	90.0
3755	90.0
3756	90.0
3757	90.0
3758	90.0
3759	90.0
3760	90.0
3761	90.0
3762	90.0
3763	90.0
3764	90.0
3765	90.0
3766	90.0
3767	90.0
3768	90.0
3769	90.0
3770	90.0
3771	90.0
3772	90.0
3773	90.0
3774	90.0
3775	90.0
3776	90.0
3777	90.0
3778	90.0
3779	90.0
3780	90.0
3781	90.0
3782	90.0
3783	90.0
3784	90.0
3785	90.0
3786	90.0
3787	90.0
3788	90.0
3789	90.0
3790	90.0
3791	90.0
3792	90.0
3793	90.0
3794	90.0
3795	90.0
3796	90.0
3797	90.0
3798	90.0
3799	90.0
3800	90.0
3801	90.0
3802	90.0
3803	90.0
3804	90.0
3805	90.0
3806	90.0
3807	90.0
3808	90.0
3809	90.0
3810	90.0
3811	90.0
3812	90.0
3813	90.0
3814	90.0
3815	90.0
3816	90.0
3817	90.0
3818	90.0
3819	90.0
3820	90.0
3821	90.0
3822	90.0
3823	90.0
3824	90.0
3825	90.0
3826	90.0
3827	90.0
3828	90.0
3829	90.0
3830	90.0
3831	90.0
3832	90.0
3833	90.0
3834	90.0
3835	90.0
3836	90.0
3837	90.0
3838	90.0
3839	90.0
3840	90.0
3841	90.0
3842	90.0
3843	90.0
3844	90.0
3845	90.0
3846	90.0
3847	90.0
3848	90.0
3849	90.0
3850	90.0
3851	90.0
3852	90.0
3853	90.0
3854	90.0
3855	90.0
3856	90.0
3857	90.0
3858	90.0
3859	90.0
3860	90.0
3861	90.0
3862	90.0
3863	90.0
3864	90.0
3865	90.0
3866	90.0
3867	90.0
3868	90.0
3869	90.0
3870	90.0
3871	90.0
3872	90.0
3873	90.0
3874	90.0
3875	90.0
3876	90.0
3877	90.0
3878	90.0
3879	90.0
3880	90.0
3881	90.0
3882	90.0
3883	90.0
3884	90.0
3885	90.0
3886	90.0
3887	90.0
3888	90.0
3889	90.0
3890	90.0
3891	90.0
3892	90.0
3893	90.0
3894	90.0
3895	90.0
3896	90.0
3897	90.0
3898	90.0
3899	90.0
3900	90.0
3901	90.0
3902	90.0
3903	90.0
3904	90.0
3905	90.0
3906	90.0
3907	90.0
3908	90.0
3909	90.0
3910	90.0
3911	90.0
3912	90.0
3913	90.0
3914	90.0
3915	90.0
3916	90.0
3917	90.0
3918	90.0
3919	90.0
3920	90.0
3921	90.0
3922	90.0
3923	90.0
3924	90.0
3925	90.0
3926	90.0
3927	90.0
3928	90.0
3929	90.0
3930	90.0
3931	90.0
3932	90.0
3933	90.0
3934	90.0
3935	90.0
3936	90.0
3937	90.0
3938	90.0
3939	90.0
3940	90.0
3941	90.0
3942	90.0
3943	90.0
3944	90.0
3945	90.0
3946	90.0
3947	90.0
3948	90.0
3949	90.0
3950	90.0
3951	90.0
3952	90.0
3953	90.0
3954	90.0
3955	90.0
3956	90.0
3957	90.0
3958	90.0
3959	90.0
3960	90.0
3961	90.0
3962	90.0
3963	90.0
3964	90.0
3965	90.0
3966	90.0
3967	90.0
3968	90.0
3969	90.0
3970	90.0
3971	90.0
3972	90.0
3973	90.0
3974	90.0
3975	90.0
3976	90.0
3977	90.0
3978	90.0
3979	90.0
3980	90.0
3981	90.0
3982	90.0
3983	90.0
3984	90.0
3985	90.0
3986	90.0
3987	90.0
3988	90.0
3989	90.0
3990	90.0
3991	90.0
3992	90.0
3993	90.0
3994	90.0
3995	90.0
3996	90.0
3997	90.0
3998	90.0
3999	90.0
4000	90.0
4001	90.0
4002	90.0
4003	90.0
4004	90.0
4005	90.0
4006	90.0
4007	90.0
4008	90.0
4009	90.0
4010	90.0
4011	90.0
4012	90.0
4013	90.0
4014	90.0
4015	90.0
4016	90.0
4017	90.0
4018	90.0
4019	90.0
4020	90.0
4021	90.0
4022	90.0
4023	90.0
4024	90.0
4025	90.0
4026	90.0
4027	90.0
4028	90.0
4029	90.0
4030	90.0
4031	90.0
4032	90.0
4033	90.0
4034	90.0
4035	90.0
4036	90.0
4037	90.0
4038	90.0
4039	90.0
4040	90.0
4041	90.0
4042	90.0
4043	90.0
4044	90.0
4045	90.0
4046	90.0
4047	90.0
4048	90.0
4049	90.0
4050	90.0
4051	90.0
4052	90.0
4053	90.0
4054	90.0
4055	90.0
4056	90.0
4057	90.0
4058	90.0
4059	90.0
4060	90.0
4061	90.0
4062	90.0
4063	90.0
4064	90.0
4065	90.0
4066	90.0
4067	90.0
4068	90.0
4069	90.0
4070	90.0
4071	90.0
4072	90.0
4073	90.0
4074	90.0
4075	90.0
4076	90.0
4077	90.0
4078	90.0
4079	90.0
4080	90.0
4081	90.0
4082	90.0
4083	90.0
4084	90.0
4085	90.0
4086	90.0
4087	90.0
4088	90.0
4089	90.0
4090	90.0
4091	90.0
4092	90.0
4093	90.0
4094	90.0
4095	90.0
4096	90.0
4097	90.0
4098	90.0
4099	90.0
4100	90.0
4101	90.0
4102	90.0
4103	90.0
4104	90.0
4105	90.0
4106	90.0
4107	90.0
4108	90.0
4109	90.0
4110	90.0
4111	90.0
4112	90.0
4113	90.0
4114	90.0
4115	90.0
4116	90.0
4117	90.0
4118	90.0
4119	90.0
4120	90.0
4121	90.0
4122	90.0
4123	90.0
4124	90.0
4125	90.0
4126	90.0
4127	90.0
4128	90.0
4129	90.0
4130	90.0
4131	90.0
4132	90.0
4133	90.0
4134	90.0
4135	90.0
4136	90.0
4137	90.0
4138	90.0
4139	90.0
4140	90.0
4141	90.0
4142	90.0
4143	90.0
4144	90.0
4145	90.0
4146	90.0
4147	90.0
4148	90.0
4149	90.0
4150	90.0
4151	90.0
4152	90.0
4153	90.0
4154	90.0
4155	90.0
4156	90.0
4157	90.0
4158	90.0
4159	90.0
4160	90.0
4161	90.0
4162	90.0
4163	90.0
4164	90.0
4165	90.0
4166	90.0
4167	90.0
4168	90.0
4169	90.0
4170	90.0
4171	90.0
4172	90.0
4173	90.0
4174	90.0
4175	90.0
4176	90.0
4177	90.0
4178	90.0
4179	90.0
4180	90.0
4181	90.0
4182	90.0
4183	90.0
4184	90.0
4185	90.0
4186	90.0
4187	90.0
4188	90.0
4189	90.0
4190	90.0
4191	90.0
4192	90.0
4193	90.0
4194	90.0
4195	90.0
4196	90.0
4197	90.0
4198	90.0
4199	90.0
4200	90.0
4201	90.0
4202	90.0
4203	90.0
4204	90.0
4205	90.0
4206	90.0
4207	90.0
4208	90.0
4209	90.0
4210	90.0
4211	90.0
4212	90.0
4213	90.0
4214	90.0
4215	90.0
4216	90.0
4217	90.0
4218	90.0
4219	90.0
4220	90.0
4221	90.0
4222	90.0
4223	90.0
4224	90.0
4225	90.0
4226	90.0
4227	90.0
4228	90.0
4229	90.0
4230	90.0
4231	90.0
4232	90.0
4233	90.0
4234	90.0
4235	90.0
4236	90.0
4237	90.0
4238	90.0
4239	90.0
4240	90.0
4241	90.0
4242	90.0
4243	90.0
4244	90.0
4245	90.0
4246	90.0
4247	90.0
4248	90.0
4249	90.0
4250	90.0
4251	90.0
4252	90.0
4253	90.0
4254	90.0
4255	90.0
4256	90.0
4257	90.0
4258	90.0
4259	90.0
4260	90.0
4261	90.0
4262	90.0
4263	90.0
4264	90.0
4265	90.0
4266	90.0
4267	90.0
4268	90.0
4269	90.0
4270	90.0
4271	90.0
4272	90.0
4273	90.0
4274	90.0
4275	90.0
4276	90.0
4277	90.0
4278	90.0
4279	90.0
4280	90.0
4281	90.0
4282	90.0
4283	90.0
4284	90.0
4285	90.0
4286	90.0
4287	90.0
4288	90.0
4289	90.0
4290	90.0
4291	90.0
4292	90.0
4293	90.0
4294	90.0
4295	90.0
4296	90.0
4297	90.0
4298	90.0
4299	90.0
4300	90.0
4301	90.0
4302	90.0
4303	90.0
4304	90.0
4305	90.0
4306	90.0
4307	90.0
4308	90.0
4309	90.0
4310	90.0
4311	90.0
4312	90.0
4313	90.0
4314	90.0
4315	90.0
4316	90.0
4317	90.0
4318	90.0
4319	90.0
4320	90.0
4321	90.0
4322	90.0
4323	90.0
4324	90.0
4325	90.0
4326	90.0
4327	90.0
4328	90.0
4329	90.0
4330	90.0
4331	90.0
4332	90.0
4333	90.0
4334	90.0
4335	90.0
4336	90.0
4337	90.0
4338	90.0
4339	90.0
4340	90.0
4341	90.0
4342	90.0
4343	90.0
4344	90.0
4345	90.0
4346	90.0
4347	90.0
4348	90.0
4349	90.0
4350	90.0
4351	90.0
4352	90.0
4353	90.0
4354	90.0
4355	90.0
4356	90.0
4357	90.0
4358	90.0
4359	90.0
4360	90.0
4361	90.0
4362	90.0
4363	90.0
4364	90.0
4365	90.0
4366	90.0
4367	90.0
4368	90.0
4369	90.0
4370	90.0
4371	90.0
4372	90.0
4373	90.0
4374	90.0
4375	90.0
4376	90.0
4377	90.0
4378	90.0
4379	90.0
4380	90.0
4381	90.0
4382	90.0
4383	90.0
4384	90.0
4385	90.0
4386	90.0
4387	90.0
4388	90.0
4389	90.0
4390	90.0
4391	90.0
4392	90.0
4393	90.0
4394	90.0
4395	90.0
4396	90.0
4397	90.0
4398	90.0
4399	90.0
4400	90.0
4401	90.0
4402	90.0
4403	90.0
4404	90.0
4405	90.0
4406	90.0
4407	90.0
4408	90.0
4409	90.0
4410	90.0
4411	90.0
4412	90.0
4413	90.0
4414	90.0
4415	90.0
4416	90.0
4417	90.0
4418	90.0
4419	90.0
4420	90.0
4421	90.0
4422	90.0
4423	90.0
4424	90.0
4425	90.0
4426	90.0
4427	90.0
4428	90.0
4429	90.0
4430	90.0
4431	90.0
4432	90.0
4433	90.0
4434	90.0
4435	90.0
4436	90.0
4437	90.0
4438	90.0
4439	90.0
4440	90.0
4441	90.0
4442	90.0
4443	90.0
4444	90.0
4445	90.0
4446	90.0
4447	90.0
4448	90.0
4449	90.0
4450	90.0
4451	90.0
4452	90.0
4453	90.0
4454	90.0
4455	90.0
4456	90.0
4457	90.0
4458	90.0
4459	90.0
4460	90.0
4461	90.0
4462	90.0
4463	90.0
4464	90.0
4465	90.0
4466	90.0
4467	90.0
4468	90.0
4469	90.0
4470	90.0
4471	90.0
4472	90.0
4473	90.0
4474	90.0
4475	90.0
4476	90.0
4477	90.0
4478	90.0
4479	90.0
4480	90.0
4481	90.0
4482	90.0
4483	90.0
4484	90.0
4485	90.0
4486	90.0
4487	90.0
4488	90.0
4489	90.0
4490	90.0
4491	90.0
4492	90.0
4493	90.0
4494	90.0
4495	90.0
4496	90.0
4497	90.0
4498	90.0
4499	90.0
4500	90.0
4501	90.0
4502	90.0
4503	90.0
4504	90.0
4505	90.0
4506	90.0
4507	90.0
4508	90.0
4509	90.0
4510	90.0
4511	90.0
4512	90.0
4513	90.0
4514	90.0
4515	90.0
4516	90.0
4517	90.0
4518	90.0
4519	90.0
4520	90.0
4521	90.0
4522	90.0
4523	90.0
4524	90.0
4525	90.0
4526	90.0
4527	90.0
4528	90.0
4529	90.0
4530	90.0
4531	90.0
4532	90.0
4533	90.0
4534	90.0
4535	90.0
4536	90.0
4537	90.0
4538	90.0
4539	90.0
4540	90.0
4541	90.0
4542	90.0
4543	90.0
4544	90.0
4545	90.0
4546	90.0
4547	90.0
4548	90.0
4549	90.0
4550	90.0
4551	90.0
4552	90.0
4553	90.0
4554	90.0
4555	90.0
4556	90.0
4557	90.0
4558	90.0
4559	90.0
4560	90.0
4561	90.0
4562	90.0
4563	90.0
4564	90.0
4565	90.0
4566	90.0
4567	90.0
4568	90.0
4569	90.0
4570	90.0
4571	90.0
4572	90.0
4573	90.0
4574	90.0
4575	90.0
4576	90.0
4577	90.0
4578	90.0
4579	90.0
4580	90.0
4581	90.0
4582	90.0
4583	90.0
4584	90.0
4585	90.0
4586	90.0
4587	90.0
4588	90.0
4589	90.0
4590	90.0
4591	90.0
4592	90.0
4593	90.0
4594	90.0
4595	90.0
4596	90.0
4597	90.0
4598	90.0
4599	90.0
4600	90.0
4601	90.0
4602	90.0
4603	90.0
4604	90.0
4605	90.0
4606	90.0
4607	90.0
4608	90.0
4609	90.0
4610	90.0
4611	90.0
4612	90.0
4613	90.0
4614	90.0
4615	90.0
4616	90.0
4617	90.0
4618	90.0
4619	90.0
4620	90.0
4621	90.0
4622	90.0
4623	90.0
4624	90.0
4625	90.0
4626	90.0
4627	90.0
4628	90.0
4629	90.0
4630	90.0
4631	90.0
4632	90.0
4633	90.0
4634	90.0
4635	90.0
4636	90.0
4637	90.0
4638	90.0
4639	90.0
4640	90.0
4641	90.0
4642	90.0
4643	90.0
4644	90.0
4645	90.0
4646	90.0
4647	90.0
4648	90.0
4649	90.0
4650	90.0
4651	90.0
4652	90.0
4653	90.0
4654	90.0
4655	90.0
4656	90.0
4657	90.0
4658	90.0
4659	90.0
4660	90.0
4661	90.0
4662	90.0
4663	90.0
4664	90.0
4665	90.0
4666	90.0
4667	90.0
4668	90.0
4669	90.0
4670	90.0
4671	90.0
4672	90.0
4673	90.0
4674	90.0
4675	90.0
4676	90.0
4677	90.0
4678	90.0
4679	90.0
4680	90.0
4681	90.0
4682	90.0
4683	90.0
4684	90.0
4685	90.0
4686	90.0
4687	90.0
4688	90.0
4689	90.0
4690	90.0
4691	90.0
4692	90.0
4693	90.0
4694	90.0
4695	90.0
4696	90.0
4697	90.0
4698	90.0
4699	90.0
4700	90.0
4701	90.0
4702	90.0
4703	90.0
4704	90.0
4705	90.0
4706	90.0
4707	90.0
4708	90.0
4709	90.0
4710	90.0
4711	90.0
4712	90.0
4713	90.0
4714	90.0
4715	90.0
4716	90.0
4717	90.0
4718	90.0
4719	90.0
4720	90.0
4721	90.0
4722	90.0
4723	90.0
4724	90.0
4725	90.0
4726	90.0
4727	90.0
4728	90.0
4729	90.0
4730	90.0
4731	90.0
4732	90.0
4733	90.0
4734	90.0
4735	90.0
4736	90.0
4737	90.0
4738	90.0
4739	90.0
4740	90.0
4741	90.0
4742	90.0
4743	90.0
4744	90.0
4745	90.0
4746	90.0
4747	90.0
4748	90.0
4749	90.0
4750	90.0
4751	90.0
4752	90.0
4753	90.0
4754	90.0
4755	90.0
4756	90.0
4757	90.0
4758	90.0
4759	90.0
4760	90.0
4761	90.0
4762	90.0
4763	90.0
4764	90.0
4765	90.0
4766	90.0
4767	90.0
4768	90.0
4769	90.0
4770	90.0
4771	90.0
4772	90.0
4773	90.0
4774	90.0
4775	90.0
4776	90.0
4777	90.0
4778	90.0
4779	90.0
4780	90.0
4781	90.0
4782	90.0
4783	90.0
4784	90.0
4785	90.0
4786	90.0
4787	90.0
4788	90.0
4789	90.0
4790	90.0
4791	90.0
4792	90.0
4793	90.0
4794	90.0
4795	90.0
4796	90.0
4797	90.0
4798	90.0
4799	90.0
4800	90.0
4801	90.0
4802	90.0
4803	90.0
4804	90.0
4805	90.0
4806	90.0
4807	90.0
4808	90.0
4809	90.0
4810	90.0
4811	90.0
4812	90.0
4813	90.0
4814	90.0
4815	90.0
4816	90.0
4817	90.0
4818	90.0
4819	90.0
4820	90.0
4821	90.0
4822	90.0
4823	90.0
4824	90.0
4825	90.0
4826	90.0
4827	90.0
4828	90.0
4829	90.0
4830	90.0
4831	90.0
4832	90.0
4833	90.0
4834	90.0
4835	90.0
4836	90.0
4837	90.0
4838	90.0
4839	90.0
4840	90.0
4841	90.0
4842	90.0
4843	90.0
4844	90.0
4845	90.0
4846	90.0
4847	90.0
4848	90.0
4849	90.0
4850	90.0
4851	90.0
4852	90.0
4853	90.0
4854	90.0
4855	90.0
4856	90.0
4857	90.0
4858	90.0
4859	90.0
4860	90.0
4861	90.0
4862	90.0
4863	90.0
4864	90.0
4865	90.0
4866	90.0
4867	90.0
4868	90.0
4869	90.0
4870	90.0
4871	90.0
4872	90.0
4873	90.0
4874	90.0
4875	90.0
4876	90.0
4877	90.0
4878	90.0
4879	90.0
4880	90.0
4881	90.0
4882	90.0
4883	90.0
4884	90.0
4885	90.0
4886	90.0
4887	90.0
4888	90.0
4889	90.0
4890	90.0
4891	90.0
4892	90.0
4893	90.0
4894	90.0
4895	90.0
4896	90.0
4897	90.0
4898	90.0
4899	90.0
4900	90.0
4901	90.0
4902	90.0
4903	90.0
4904	90.0
4905	90.0
4906	90.0
4907	90.0
4908	90.0
4909	90.0
4910	90.0
4911	90.0
4912	90.0
4913	90.0
4914	90.0
4915	90.0
4916	90.0
4917	90.0
4918	90.0
4919	90.0
4920	90.0
4921	90.0
4922	90.0
4923	90.0
4924	90.0
4925	90.0
4926	90.0
4927	90.0
4928	90.0
4929	90.0
4930	90.0
4931	90.0
4932	90.0
4933	90.0
4934	90.0
4935	90.0
4936	90.0
4937	90.0
4938	90.0
4939	90.0
4940	90.0
4941	90.0
4942	90.0
4943	90.0
4944	90.0
4945	90.0
4946	90.0
4947	90.0
4948	90.0
4949	90.0
4950	90.0
4951	90.0
4952	90.0
4953	90.0
4954	90.0
4955	90.0
4956	90.0
4957	90.0
4958	90.0
4959	90.0
4960	90.0
4961	90.0
4962	90.0
4963	90.0
4964	90.0
4965	90.0
4966	90.0
4967	90.0
4968	90.0
4969	90.0
4970	90.0
4971	90.0
4972	90.0
4973	90.0
4974	90.0
4975	90.0
4976	90.0
4977	90.0
4978	90.0
4979	90.0
4980	90.0
4981	90.0
4982	90.0
4983	90.0
4984	90.0
4985	90.0
4986	90.0
4987	90.0
4988	90.0
4989	90.0
4990	90.0
4991	90.0
4992	90.0
4993	90.0
4994	90.0
4995	90.0
4996	90.0
4997	90.0
4998	90.0
4999	90.0
5000	90.0
5001	90.0
5002	90.0
5003	90.0
5004	90.0
5005	90.0
5006	90.0
5007	90.0
5008	90.0
5009	90.0
5010	90.0
5011	90.0
5012	90.0
5013	90.0
5014	90.0
5015	90.0
5016	90.0
5017	90.0
5018	90.0
5019	90.0
5020	90.0
5021	90.0
5022	90.0
5023	90.0
5024	90.0
5025	90.0
5026	90.0
5027	90.0
5028	90.0
5029	90.0
5030	90.0
5031	90.0
5032	90.0
5033	90.0
5034	90.0
5035	90.0
5036	90.0
5037	90.0
5038	90.0
5039	90.0
5040	90.0
5041	90.0
5042	90.0
5043	90.0
5044	90.0
5045	90.0
5046	90.0
5047	90.0
5048	90.0
5049	90.0
5050	90.0
5051	90.0
5052	90.0
5053	90.0
5054	90.0
5055	90.0
5056	90.0
5057	90.0
5058	90.0
5059	90.0
5060	90.0
5061	90.0
5062	90.0
5063	90.0
5064	90.0
5065	90.0
5066	90.0
5067	90.0
5068	90.0
5069	90.0
5070	90.0
5071	90.0
5072	90.0
5073	90.0
5074	90.0
5075	90.0
5076	90.0
5077	90.0
5078	90.0
5079	90.0
5080	90.0
5081	90.0
5082	90.0
5083	90.0
5084	90.0
5085	90.0
5086	90.0
5087	90.0
5088	90.0
5089	90.0
5090	90.0
5091	90.0
5092	90.0
5093	90.0
5094	90.0
5095	90.0
5096	90.0
5097	90.0
5098	90.0
5099	90.0
5100	90.0
5101	90.0
5102	90.0
5103	90.0
5104	90.0
5105	90.0
5106	90.0
5107	90.0
5108	90.0
5109	90.0
5110	90.0
5111	90.0
5112	90.0
5113	90.0
5114	90.0
5115	90.0
5116	90.0
5117	90.0
5118	90.0
5119	90.0
5120	90.0
5121	90.0
5122	90.0
5123	90.0
5124	90.0
5125	90.0
5126	90.0
5127	90.0
5128	90.0
5129	90.0
5130	90.0
5131	90.0
5132	90.0
5133	90.0
5134	90.0
5135	90.0
5136	90.0
5137	90.0
5138	90.0
5139	90.0
5140	90.0
5141	90.0
5142	90.0
5143	90.0
5144	90.0
5145	90.0
5146	90.0
5147	90.0
5148	90.0
5149	90.0
5150	90.0
5151	90.0
5152	90.0
5153	90.0
5154	90.0
5155	90.0
5156	90.0
5157	90.0
5158	90.0
5159	90.0
5160	90.0
5161	90.0
5162	90.0
5163	90.0
5164	90.0
5165	90.0
5166	90.0
5167	90.0
5168	90.0
5169	90.0
5170	90.0
5171	90.0
5172	90.0
5173	90.0
5174	90.0
5175	90.0
5176	90.0
5177	90.0
5178	90.0
5179	90.0
5180	90.0
5181	90.0
5182	90.0
5183	90.0
5184	90.0
5185	90.0
5186	90.0
5187	90.0
5188	90.0
5189	90.0
5190	90.0
5191	90.0
5192	90.0
5193	90.0
5194	90.0
5195	90.0
5196	90.0
5197	90.0
5198	90.0
5199	90.0
5200	90.0
5201	90.0
5202	90.0
5203	90.0
5204	90.0
5205	90.0
5206	90.0
5207	90.0
5208	90.0
5209	90.0
5210	90.0
5211	90.0
5212	90.0
5213	90.0
5214	90.0
5215	90.0
5216	90.0
5217	90.0
5218	90.0
5219	90.0
5220	90.0
5221	90.0
5222	90.0
5223	90.0
5224	90.0
5225	90.0
5226	90.0
5227	90.0
5228	90.0
5229	90.0
5230	90.0
5231	90.0
5232	90.0
5233	90.0
5234	90.0
5235	90.0
5236	90.0
5237	90.0
5238	90.0
5239	90.0
5240	90.0
5241	90.0
5242	90.0
5243	90.0
5244	90.0
5245	90.0
5246	90.0
5247	90.0
5248	90.0
5249	90.0
5250	90.0
5251	90.0
5252	90.0
5253	90.0
5254	90.0
5255	90.0
5256	90.0
5257	90.0
5258	90.0
5259	90.0
5260	90.0
5261	90.0
5262	90.0
5263	90.0
5264	90.0
5265	90.0
5266	90.0
5267	90.0
5268	90.0
5269	90.0
5270	90.0
5271	90.0
5272	90.0
5273	90.0
5274	90.0
5275	90.0
5276	90.0
5277	90.0
5278	90.0
5279	90.0
5280	90.0
5281	90.0
5282	90.0
5283	90.0
5284	90.0
5285	90.0
5286	90.0
5287	90.0
5288	90.0
5289	90.0
5290	90.0
5291	90.0
5292	90.0
5293	90.0
5294	90.0
5295	90.0
5296	90.0
5297	90.0
5298	90.0
5299	90.0
5300	90.0
5301	90.0
5302	90.0
5303	90.0
5304	90.0
5305	90.0
5306	90.0
5307	90.0
5308	90.0
5309	90.0
5310	90.0
5311	90.0
5312	90.0
5313	90.0
5314	90.0
5315	90.0
5316	90.0
5317	90.0
5318	90.0
5319	90.0
5320	90.0
5321	90.0
5322	90.0
5323	90.0
5324	90.0
5325	90.0
5326	90.0
5327	90.0
5328	90.0
5329	90.0
5330	90.0
5331	90.0
5332	90.0
5333	90.0
5334	90.0
5335	90.0
5336	90.0
5337	90.0
5338	90.0
5339	90.0
5340	90.0
5341	90.0
5342	90.0
5343	90.0
5344	90.0
5345	90.0
5346	90.0
5347	90.0
5348	90.0
5349	90.0
5350	90.0
5351	90.0
5352	90.0
5353	90.0
5354	90.0
5355	90.0
5356	90.0
5357	90.0
5358	90.0
5359	90.0
5360	90.0
5361	90.0
5362	90.0
5363	90.0
5364	90.0
5365	90.0
5366	90.0
5367	90.0
5368	90.0
5369	90.0
5370	90.0
5371	90.0
5372	90.0
5373	90.0
5374	90.0
5375	90.0
5376	90.0
5377	90.0
5378	90.0
5379	90.0
5380	90.0
5381	90.0
5382	90.0
5383	90.0
5384	90.0
5385	90.0
5386	90.0
5387	90.0
5388	90.0
5389	90.0
5390	90.0
5391	90.0
5392	90.0
5393	90.0
5394	90.0
5395	90.0
5396	90.0
5397	90.0
5398	90.0
5399	90.0
5400	90.0
5401	90.0
5402	90.0
5403	90.0
5404	90.0
5405	90.0
5406	90.0
5407	90.0
5408	90.0
5409	90.0
5410	90.0
5411	90.0
5412	90.0
5413	90.0
5414	90.0
5415	90.0
5416	90.0
5417	90.0
5418	90.0
5419	90.0
5420	90.0
5421	90.0
5422	90.0
5423	90.0
5424	90.0
5425	90.0
5426	90.0
5427	90.0
5428	90.0
5429	90.0
5430	90.0
5431	90.0
5432	90.0
5433	90.0
5434	90.0
5435	90.0
5436	90.0
5437	90.0
5438	90.0
5439	90.0
5440	90.0
5441	90.0
5442	90.0
5443	90.0
5444	90.0
5445	90.0
5446	90.0
5447	90.0
5448	90.0
5449	90.0
5450	90.0
5451	90.0
5452	90.0
5453	90.0
5454	90.0
5455	90.0
5456	90.0
5457	90.0
5458	90.0
5459	90.0
5460	90.0
5461	90.0
5462	90.0
5463	90.0
5464	90.0
5465	90.0
5466	90.0
5467	90.0
5468	90.0
5469	90.0
5470	90.0
5471	90.0
5472	90.0
5473	90.0
5474	90.0
5475	90.0
5476	90.0
5477	90.0
5478	90.0
5479	90.0
5480	90.0
5481	90.0
5482	90.0
5483	90.0
5484	90.0
5485	90.0
5486	90.0
5487	90.0
5488	90.0
5489	90.0
5490	90.0
5491	90.0
5492	90.0
5493	90.0
5494	90.0
5495	90.0
5496	90.0
5497	90.0
5498	90.0
5499	90.0
5500	90.0
5501	90.0
5502	90.0
5503	90.0
5504	90.0
5505	90.0
5506	90.0
5507	90.0
5508	90.0
5509	90.0
5510	90.0
5511	90.0
5512	90.0
5513	90.0
5514	90.0
5515	90.0
5516	90.0
5517	90.0
5518	90.0
5519	90.0
5520	90.0
5521	90.0
5522	90.0
5523	90.0
5524	90.0
5525	90.0
5526	90.0
5527	90.0
5528	90.0
5529	90.0
5530	90.0
5531	90.0
5532	90.0
5533	90.0
5534	90.0
5535	90.0
5536	90.0
5537	90.0
5538	90.0
5539	90.0
5540	90.0
5541	90.0
5542	90.0
5543	90.0
5544	90.0
5545	90.0
5546	90.0
5547	90.0
5548	90.0
5549	90.0
5550	90.0
5551	90.0
5552	90.0
5553	90.0
5554	90.0
5555	90.0
5556	90.0
5557	90.0
5558	90.0
5559	90.0
5560	90.0
5561	90.0
5562	90.0
5563	90.0
5564	90.0
5565	90.0
5566	90.0
5567	90.0
5568	90.0
5569	90.0
5570	90.0
5571	90.0
5572	90.0
5573	90.0
5574	90.0
5575	90.0
5576	90.0
5577	90.0
5578	90.0
5579	90.0
5580	90.0
5581	90.0
5582	90.0
5583	90.0
5584	90.0
5585	90.0
5586	90.0
5587	90.0
5588	90.0
5589	90.0
5590	90.0
5591	90.0
5592	90.0
5593	90.0
5594	90.0
5595	90.0
5596	90.0
5597	90.0
5598	90.0
5599	90.0
5600	90.0
5601	90.0
5602	90.0
5603	90.0
5604	90.0
5605	90.0
5606	90.0
5607	90.0
5608	90.0
5609	90.0
5610	90.0
5611	90.0
5612	90.0
5613	90.0
5614	90.0
5615	90.0
5616	90.0
5617	90.0
5618	90.0
5619	90.0
5620	90.0
5621	90.0
5622	90.0
5623	90.0
5624	90.0
5625	90.0
5626	90.0
5627	90.0
5628	90.0
5629	90.0
5630	90.0
5631	90.0
5632	90.0
5633	90.0
5634	90.0
5635	90.0
5636	90.0
5637	90.0
5638	90.0
5639	90.0
5640	90.0
5641	90.0
5642	90.0
5643	90.0
5644	90.0
5645	90.0
5646	90.0
5647	90.0
5648	90.0
5649	90.0
5650	90.0
5651	90.0
5652	90.0
5653	90.0
5654	90.0
5655	90.0
5656	90.0
5657	90.0
5658	90.0
5659	90.0
5660	90.0
5661	90.0
5662	90.0
5663	90.0
5664	90.0
5665	90.0
5666	90.0
5667	90.0
5668	90.0
5669	90.0
5670	90.0
5671	90.0
5672	90.0
5673	90.0
5674	90.0
5675	90.0
5676	90.0
5677	90.0
5678	90.0
5679	90.0
5680	90.0
5681	90.0
5682	90.0
5683	90.0
5684	90.0
5685	90.0
5686	90.0
5687	90.0
5688	90.0
5689	90.0
5690	90.0
5691	90.0
5692	90.0
5693	90.0
5694	90.0
5695	90.0
5696	90.0
5697	90.0
5698	90.0
5699	90.0
5700	90.0
5701	90.0
5702	90.0
5703	90.0
5704	90.0
5705	90.0
5706	90.0
5707	90.0
5708	90.0
5709	90.0
5710	90.0
5711	90.0
5712	90.0
5713	90.0
5714	90.0
5715	90.0
5716	90.0
5717	90.0
5718	90.0
5719	90.0
5720	90.0
5721	90.0
5722	90.0
5723	90.0
5724	90.0
5725	90.0
5726	90.0
5727	90.0
5728	90.0
5729	90.0
5730	90.0
5731	90.0
5732	90.0
5733	90.0
5734	90.0
5735	90.0
5736	90.0
5737	90.0
5738	90.0
5739	90.0
5740	90.0
5741	90.0
5742	90.0
5743	90.0
5744	90.0
5745	90.0
5746	90.0
5747	90.0
5748	90.0
5749	90.0
5750	90.0
5751	90.0
5752	90.0
5753	90.0
5754	90.0
5755	90.0
5756	90.0
5757	90.0
5758	90.0
5759	90.0
5760	90.0
5761	90.0
5762	90.0
5763	90.0
5764	90.0
5765	90.0
5766	90.0
5767	90.0
5768	90.0
5769	90.0
5770	90.0
5771	90.0
5772	90.0
5773	90.0
5774	90.0
5775	90.0
5776	90.0
5777	90.0
5778	90.0
5779	90.0
5780	90.0
5781	90.0
5782	90.0
5783	90.0
5784	90.0
5785	90.0
5786	90.0
5787	90.0
5788	90.0
5789	90.0
5790	90.0
5791	90.0
5792	90.0
5793	90.0
5794	90.0
5795	90.0
5796	90.0
5797	90.0
5798	90.0
5799	90.0
5800	90.0
5801	90.0
5802	90.0
5803	90.0
5804	90.0
5805	90.0
5806	90.0
5807	90.0
5808	90.0
5809	90.0
5810	90.0
5811	90.0
5812	90.0
5813	90.0
5814	90.0
5815	90.0
5816	90.0
5817	90.0
5818	90.0
5819	90.0
5820	90.0
5821	90.0
5822	90.0
5823	90.0
5824	90.0
5825	90.0
5826	90.0
5827	90.0
5828	90.0
5829	90.0
5830	90.0
5831	90.0
5832	90.0
5833	90.0
5834	90.0
5835	90.0
5836	90.0
5837	90.0
5838	90.0
5839	90.0
5840	90.0
5841	90.0
5842	90.0
5843	90.0
5844	90.0
5845	90.0
5846	90.0
5847	90.0
5848	90.0
5849	90.0
5850	90.0
5851	90.0
5852	90.0
5853	90.0
5854	90.0
5855	90.0
5856	90.0
5857	90.0
5858	90.0
5859	90.0
5860	90.0
5861	90.0
5862	90.0
5863	90.0
5864	90.0
5865	90.0
5866	90.0
5867	90.0
5868	90.0
5869	90.0
5870	90.0
5871	90.0
5872	90.0
5873	90.0
5874	90.0
5875	90.0
5876	90.0
5877	90.0
5878	90.0
5879	90.0
5880	90.0
5881	90.0
5882	90.0
5883	90.0
5884	90.0
5885	90.0
5886	90.0
5887	90.0
5888	90.0
5889	90.0
5890	90.0
5891	90.0
5892	90.0
5893	90.0
5894	90.0
5895	90.0
5896	90.0
5897	90.0
5898	90.0
5899	90.0
5900	90.0
5901	90.0
5902	90.0
5903	90.0
5904	90.0
5905	90.0
5906	90.0
5907	90.0
5908	90.0
5909	90.0
5910	90.0
5911	90.0
5912	90.0
5913	90.0
5914	90.0
5915	90.0
5916	90.0
5917	90.0
5918	90.0
5919	90.0
5920	90.0
5921	90.0
5922	90.0
5923	90.0
5924	90.0
5925	90.0
5926	90.0
5927	90.0
5928	90.0
5929	90.0
5930	90.0
5931	90.0
5932	90.0
5933	90.0
5934	90.0
5935	90.0
5936	90.0
5937	90.0
5938	90.0
5939	90.0
5940	90.0
5941	90.0
5942	90.0
5943	90.0
5944	90.0
5945	90.0
5946	90.0
5947	90.0
5948	90.0
5949	90.0
5950	90.0
5951	90.0
5952	90.0
5953	90.0
5954	90.0
5955	90.0
5956	90.0
5957	90.0
5958	90.0
5959	90.0
5960	90.0
5961	90.0
5962	90.0
5963	90.0
5964	90.0
5965	90.0
5966	90.0
5967	90.0
5968	90.0
5969	90.0
5970	90.0
5971	90.0
5972	90.0
5973	90.0
5974	90.0
5975	90.0
5976	90.0
5977	90.0
5978	90.0
5979	90.0
5980	90.0
5981	90.0
5982	90.0
5983	90.0
5984	90.0
5985	90.0
5986	90.0
5987	90.0
5988	90.0
5989	90.0
5990	90.0
5991	90.0
5992	90.0
5993	90.0
5994	90.0
5995	90.0
5996	90.0
5997	90.0
5998	90.0
5999	90.0
6000	90.0
6001	90.0
6002	90.0
6003	90.0
6004	90.0
6005	90.0
6006	90.0
6007	90.0
6008	90.0
6009	90.0
6010	90.0
6011	90.0
6012	90.0
6013	90.0
6014	90.0
6015	90.0
6016	90.0
6017	90.0
6018	90.0
6019	90.0
6020	90.0
6021	90.0
6022	90.0
6023	90.0
6024	90.0
6025	90.0
6026	90.0
6027	90.0
6028	90.0
6029	90.0
6030	90.0
6031	90.0
6032	90.0
6033	90.0
6034	90.0
6035	90.0
6036	90.0
6037	90.0
6038	90.0
6039	90.0
6040	90.0
6041	90.0
6042	90.0
6043	90.0
6044	90.0
6045	90.0
6046	90.0
6047	90.0
6048	90.0
6049	90.0
6050	90.0
6051	90.0
6052	90.0
6053	90.0
6054	90.0
6055	90.0
6056	90.0
6057	90.0
6058	90.0
6059	90.0
6060	90.0
6061	90.0
6062	90.0
6063	90.0
6064	90.0
6065	90.0
6066	90.0
6067	90.0
6068	90.0
6069	90.0
6070	90.0
6071	90.0
6072	90.0
6073	90.0
6074	90.0
6075	90.0
6076	90.0
6077	90.0
6078	90.0
6079	90.0
6080	90.0
6081	90.0
6082	90.0
6083	90.0
6084	90.0
6085	90.0
6086	90.0
6087	90.0
6088	90.0
6089	90.0
6090	90.0
6091	90.0
6092	90.0
6093	90.0
6094	90.0
6095	90.0
6096	90.0
6097	90.0
6098	90.0
6099	90.0
6100	90.0
6101	90.0
6102	90.0
6103	90.0
6104	90.0
6105	90.0
6106	90.0
6107	90.0
6108	90.0
6109	90.0
6110	90.0
6111	90.0
6112	90.0
6113	90.0
6114	90.0
6115	90.0
6116	90.0
6117	90.0
6118	90.0
6119	90.0
6120	90.0
6121	90.0
6122	90.0
6123	90.0
6124	90.0
6125	90.0
6126	90.0
6127	90.0
6128	90.0
6129	90.0
6130	90.0
6131	90.0
6132	90.0
6133	90.0
6134	90.0
6135	90.0
6136	90.0
6137	90.0
6138	90.0
6139	90.0
6140	90.0
6141	90.0
6142	90.0
6143	90.0
6144	90.0
6145	90.0
6146	90.0
6147	90.0
6148	90.0
6149	90.0
6150	90.0
6151	90.0
6152	90.0
6153	90.0
6154	90.0
6155	90.0
6156	90.0
6157	90.0
6158	90.0
6159	90.0
6160	90.0
6161	90.0
6162	90.0
6163	90.0
6164	90.0
6165	90.0
6166	90.0
6167	90.0
6168	90.0
6169	90.0
6170	90.0
6171	90.0
6172	90.0
6173	90.0
6174	90.0
6175	90.0
6176	90.0
6177	90.0
6178	90.0
6179	90.0
6180	90.0
6181	90.0
6182	90.0
6183	90.0
6184	90.0
6185	90.0
6186	90.0
6187	90.0
6188	90.0
6189	90.0
6190	90.0
6191	90.0
6192	90.0
6193	90.0
6194	90.0
6195	90.0
6196	90.0
6197	90.0
6198	90.0
6199	90.0
6200	90.0
6201	90.0
6202	90.0
6203	90.0
6204	90.0
6205	90.0
6206	90.0
6207	90.0
6208	90.0
6209	90.0
6210	90.0
6211	90.0
6212	90.0
6213	90.0
6214	90.0
6215	90.0
6216	90.0
6217	90.0
6218	90.0
6219	90.0
6220	90.0
6221	90.0
6222	90.0
6223	90.0
6224	90.0
6225	90.0
6226	90.0
6227	90.0
6228	90.0
6229	90.0
6230	90.0
6231	90.0
6232	90.0
6233	90.0
6234	90.0
6235	90.0
6236	90.0
6237	90.0
6238	90.0
6239	90.0
6240	90.0
6241	90.0
6242	90.0
6243	90.0
6244	90.0
6245	90.0
6246	90.0
6247	90.0
6248	90.0
6249	90.0
6250	90.0
6251	90.0
6252	90.0
6253	90.0
6254	90.0
6255	90.0
6256	90.0
6257	90.0
6258	90.0
6259	90.0
6260	90.0
6261	90.0
6262	90.0
6263	90.0
6264	90.0
6265	90.0
6266	90.0
6267	90.0
6268	90.0
6269	90.0
6270	90.0
6271	90.0
6272	90.0
6273	90.0
6274	90.0
6275	90.0
6276	90.0
6277	90.0
6278	90.0
6279	90.0
6280	90.0
6281	90.0
6282	90.0
6283	90.0
6284	90.0
6285	90.0
6286	90.0
6287	90.0
6288	90.0
6289	90.0
6290	90.0
6291	90.0
6292	90.0
6293	90.0
6294	90.0
6295	90.0
6296	90.0
6297	90.0
6298	90.0
6299	90.0
6300	90.0
6301	90.0
6302	90.0
6303	90.0
6304	90.0
6305	90.0
6306	90.0
6307	90.0
6308	90.0
6309	90.0
6310	90.0
6311	90.0
6312	90.0
6313	90.0
6314	90.0
6315	90.0
6316	90.0
6317	90.0
6318	90.0
6319	90.0
6320	90.0
6321	90.0
6322	90.0
6323	90.0
6324	90.0
6325	90.0
6326	90.0
6327	90.0
6328	90.0
6329	90.0
6330	90.0
6331	90.0
6332	90.0
6333	90.0
6334	90.0
6335	90.0
6336	90.0
6337	90.0
6338	90.0
6339	90.0
6340	90.0
6341	90.0
6342	90.0
6343	90.0
6344	90.0
6345	90.0
6346	90.0
6347	90.0
6348	90.0
6349	90.0
6350	90.0
6351	90.0
6352	90.0
6353	90.0
6354	90.0
6355	90.0
6356	90.0
6357	90.0
6358	90.0
6359	90.0
6360	90.0
6361	90.0
6362	90.0
6363	90.0
6364	90.0
6365	90.0
6366	90.0
6367	90.0
6368	90.0
6369	90.0
6370	90.0
6371	90.0
6372	90.0
6373	90.0
6374	90.0
6375	90.0
6376	90.0
6377	90.0
6378	90.0
6379	90.0
6380	90.0
6381	90.0
6382	90.0
6383	90.0
6384	90.0
6385	90.0
6386	90.0
6387	90.0
6388	90.0
6389	90.0
6390	90.0
6391	90.0
6392	90.0
6393	90.0
6394	90.0
6395	90.0
6396	90.0
6397	90.0
6398	90.0
6399	90.0
6400	90.0
6401	90.0
6402	90.0
6403	90.0
6404	90.0
6405	90.0
6406	90.0
6407	90.0
6408	90.0
6409	90.0
6410	90.0
6411	90.0
6412	90.0
6413	90.0
6414	90.0
6415	90.0
6416	90.0
6417	90.0
6418	90.0
6419	90.0
6420	90.0
6421	90.0
6422	90.0
6423	90.0
6424	90.0
6425	90.0
6426	90.0
6427	90.0
6428	90.0
6429	90.0
6430	90.0
6431	90.0
6432	90.0
6433	90.0
6434	90.0
6435	90.0
6436	90.0
6437	90.0
6438	90.0
6439	90.0
6440	90.0
6441	90.0
6442	90.0
6443	90.0
6444	90.0
6445	90.0
6446	90.0
6447	90.0
6448	90.0
6449	90.0
6450	90.0
6451	90.0
6452	90.0
6453	90.0
6454	90.0
6455	90.0
6456	90.0
6457	90.0
6458	90.0
6459	90.0
6460	90.0
6461	90.0
6462	90.0
6463	90.0
6464	90.0
6465	90.0
6466	90.0
6467	90.0
6468	90.0
6469	90.0
6470	90.0
6471	90.0
6472	90.0
6473	90.0
6474	90.0
6475	90.0
6476	90.0
6477	90.0
6478	90.0
6479	90.0
6480	90.0
6481	90.0
6482	90.0
6483	90.0
6484	90.0
6485	90.0
6486	90.0
6487	90.0
6488	90.0
6489	90.0
6490	90.0
6491	90.0
6492	90.0
6493	90.0
6494	90.0
6495	90.0
6496	90.0
6497	90.0
6498	90.0
6499	90.0
6500	90.0
6501	90.0
6502	90.0
6503	90.0
6504	90.0
6505	90.0
6506	90.0
6507	90.0
6508	90.0
6509	90.0
6510	90.0
6511	90.0
6512	90.0
6513	90.0
6514	90.0
6515	90.0
6516	90.0
6517	90.0
6518	90.0
6519	90.0
6520	90.0
6521	90.0
6522	90.0
6523	90.0
6524	90.0
6525	90.0
6526	90.0
6527	90.0
6528	90.0
6529	90.0
6530	90.0
6531	90.0
6532	90.0
6533	90.0
6534	90.0
6535	90.0
6536	90.0
6537	90.0
6538	90.0
6539	90.0
6540	90.0
6541	90.0
6542	90.0
6543	90.0
6544	90.0
6545	90.0
6546	90.0
6547	90.0
6548	90.0
6549	90.0
6550	90.0
6551	90.0
6552	90.0
6553	90.0
6554	90.0
6555	90.0
6556	90.0
6557	90.0
6558	90.0
6559	90.0
6560	90.0
6561	90.0
6562	90.0
6563	90.0
6564	90.0
6565	90.0
6566	90.0
6567	90.0
6568	90.0
6569	90.0
6570	90.0
6571	90.0
6572	90.0
6573	90.0
6574	90.0
6575	90.0
6576	90.0
6577	90.0
6578	90.0
6579	90.0
6580	90.0
6581	90.0
6582	90.0
6583	90.0
6584	90.0
6585	90.0
6586	90.0
6587	90.0
6588	90.0
6589	90.0
6590	90.0
6591	90.0
6592	90.0
6593	90.0
6594	90.0
6595	90.0
6596	90.0
6597	90.0
6598	90.0
6599	90.0
6600	90.0
6601	90.0
6602	90.0
6603	90.0
6604	90.0
6605	90.0
6606	90.0
6607	90.0
6608	90.0
6609	90.0
6610	90.0
6611	90.0
6612	90.0
6613	90.0
6614	90.0
6615	90.0
6616	90.0
6617	90.0
6618	90.0
6619	90.0
6620	90.0
6621	90.0
6622	90.0
6623	90.0
6624	90.0
6625	90.0
6626	90.0
6627	90.0
6628	90.0
6629	90.0
6630	90.0
6631	90.0
6632	90.0
6633	90.0
6634	90.0
6635	90.0
6636	90.0
6637	90.0
6638	90.0
6639	90.0
6640	90.0
6641	90.0
6642	90.0
6643	90.0
6644	90.0
6645	90.0
6646	90.0
6647	90.0
6648	90.0
6649	90.0
6650	90.0
6651	90.0
6652	90.0
6653	90.0
6654	90.0
6655	90.0
6656	90.0
6657	90.0
6658	90.0
6659	90.0
6660	90.0
6661	90.0
6662	90.0
6663	90.0
6664	90.0
6665	90.0
6666	90.0
6667	90.0
6668	90.0
6669	90.0
6670	90.0
6671	90.0
6672	90.0
6673	90.0
6674	90.0
6675	90.0
6676	90.0
6677	90.0
6678	90.0
6679	90.0
6680	90.0
6681	90.0
6682	90.0
6683	90.0
6684	90.0
6685	90.0
6686	90.0
6687	90.0
6688	90.0
6689	90.0
6690	90.0
6691	90.0
6692	90.0
6693	90.0
6694	90.0
6695	90.0
6696	90.0
6697	90.0
6698	90.0
6699	90.0
6700	90.0
6701	90.0
6702	90.0
6703	90.0
6704	90.0
6705	90.0
6706	90.0
6707	90.0
6708	90.0
6709	90.0
6710	90.0
6711	90.0
6712	90.0
6713	90.0
6714	90.0
6715	90.0
6716	90.0
6717	90.0
6718	90.0
6719	90.0
6720	90.0
6721	90.0
6722	90.0
6723	90.0
6724	90.0
6725	90.0
6726	90.0
6727	90.0
6728	90.0
6729	90.0
6730	90.0
6731	90.0
6732	90.0
6733	90.0
6734	90.0
6735	90.0
6736	90.0
6737	90.0
6738	90.0
6739	90.0
6740	90.0
6741	90.0
6742	90.0
6743	90.0
6744	90.0
6745	90.0
6746	90.0
6747	90.0
6748	90.0
6749	90.0
6750	90.0
6751	90.0
6752	90.0
6753	90.0
6754	90.0
6755	90.0
6756	90.0
6757	90.0
6758	90.0
6759	90.0
6760	90.0
6761	90.0
6762	90.0
6763	90.0
6764	90.0
6765	90.0
6766	90.0
6767	90.0
6768	90.0
6769	90.0
6770	90.0
6771	90.0
6772	90.0
6773	90.0
6774	90.0
6775	90.0
6776	90.0
6777	90.0
6778	90.0
6779	90.0
6780	90.0
6781	90.0
6782	90.0
6783	90.0
6784	90.0
6785	90.0
6786	90.0
6787	90.0
6788	90.0
6789	90.0
6790	90.0
6791	90.0
6792	90.0
6793	90.0
6794	90.0
6795	90.0
6796	90.0
6797	90.0
6798	90.0
6799	90.0
6800	90.0
6801	90.0
6802	90.0
6803	90.0
6804	90.0
6805	90.0
6806	90.0
6807	90.0
6808	90.0
6809	90.0
6810	90.0
6811	90.0
6812	90.0
6813	90.0
6814	90.0
6815	90.0
6816	90.0
6817	90.0
6818	90.0
6819	90.0
6820	90.0
6821	90.0
6822	90.0
6823	90.0
6824	90.0
6825	90.0
6826	90.0
6827	90.0
6828	90.0
6829	90.0
6830	90.0
6831	90.0
6832	90.0
6833	90.0
6834	90.0
6835	90.0
6836	90.0
6837	90.0
6838	90.0
6839	90.0
6840	90.0
6841	90.0
6842	90.0
6843	90.0
6844	90.0
6845	90.0
6846	90.0
6847	90.0
6848	90.0
6849	90.0
6850	90.0
6851	90.0
6852	90.0
6853	90.0
6854	90.0
6855	90.0
6856	90.0
6857	90.0
6858	90.0
6859	90.0
6860	90.0
6861	90.0
6862	90.0
6863	90.0
6864	90.0
6865	90.0
6866	90.0
6867	90.0
6868	90.0
6869	90.0
6870	90.0
6871	90.0
6872	90.0
6873	90.0
6874	90.0
6875	90.0
6876	90.0
6877	90.0
6878	90.0
6879	90.0
6880	90.0
6881	90.0
6882	90.0
6883	90.0
6884	90.0
6885	90.0
6886	90.0
6887	90.0
6888	90.0
6889	90.0
6890	90.0
6891	90.0
6892	90.0
6893	90.0
6894	90.0
6895	90.0
6896	90.0
6897	90.0
6898	90.0
6899	90.0
6900	90.0
6901	90.0
6902	90.0
6903	90.0
6904	90.0
6905	90.0
6906	90.0
6907	90.0
6908	90.0
6909	90.0
6910	90.0
6911	90.0
6912	90.0
6913	90.0
6914	90.0
6915	90.0
6916	90.0
6917	90.0
6918	90.0
6919	90.0
6920	90.0
6921	90.0
6922	90.0
6923	90.0
6924	90.0
6925	90.0
6926	90.0
6927	90.0
6928	90.0
6929	90.0
6930	90.0
6931	90.0
6932	90.0
6933	90.0
6934	90.0
6935	90.0
6936	90.0
6937	90.0
6938	90.0
6939	90.0
6940	90.0
6941	90.0
6942	90.0
6943	90.0
6944	90.0
6945	90.0
6946	90.0
6947	90.0
6948	90.0
6949	90.0
6950	90.0
6951	90.0
6952	90.0
6953	90.0
6954	90.0
6955	90.0
6956	90.0
6957	90.0
6958	90.0
6959	90.0
6960	90.0
6961	90.0
6962	90.0
6963	90.0
6964	90.0
6965	90.0
6966	90.0
6967	90.0
6968	90.0
6969	90.0
6970	90.0
6971	90.0
6972	90.0
6973	90.0
6974	90.0
6975	90.0
6976	90.0
6977	90.0
6978	90.0
6979	90.0
6980	90.0
6981	90.0
6982	90.0
6983	90.0
6984	90.0
6985	90.0
6986	90.0
6987	90.0
6988	90.0
6989	90.0
6990	90.0
6991	90.0
6992	90.0
6993	90.0
6994	90.0
6995	90.0
6996	90.0
6997	90.0
6998	90.0
6999	90.0
7000	90.0
7001	90.0
7002	90.0
7003	90.0
7004	90.0
7005	90.0
7006	90.0
7007	90.0
7008	90.0
7009	90.0
7010	90.0
7011	90.0
7012	90.0
7013	90.0
7014	90.0
7015	90.0
7016	90.0
7017	90.0
7018	90.0
7019	90.0
7020	90.0
7021	90.0
7022	90.0
7023	90.0
7024	90.0
7025	90.0
7026	90.0
7027	90.0
7028	90.0
7029	90.0
7030	90.0
7031	90.0
7032	90.0
7033	90.0
7034	90.0
7035	90.0
7036	90.0
7037	90.0
7038	90.0
7039	90.0
7040	90.0
7041	90.0
7042	90.0
7043	90.0
7044	90.0
7045	90.0
7046	90.0
7047	90.0
7048	90.0
7049	90.0
7050	90.0
7051	90.0
7052	90.0
7053	90.0
7054	90.0
7055	90.0
7056	90.0
7057	90.0
7058	90.0
7059	90.0
7060	90.0
7061	90.0
7062	90.0
7063	90.0
7064	90.0
7065	90.0
7066	90.0
7067	90.0
7068	90.0
7069	90.0
7070	90.0
7071	90.0
7072	90.0
7073	90.0
7074	90.0
7075	90.0
7076	90.0
7077	90.0
7078	90.0
7079	90.0
7080	90.0
7081	90.0
7082	90.0
7083	90.0
7084	90.0
7085	90.0
7086	90.0
7087	90.0
7088	90.0
7089	90.0
7090	90.0
7091	90.0
7092	90.0
7093	90.0
7094	90.0
7095	90.0
7096	90.0
7097	90.0
7098	90.0
7099	90.0
7100	90.0
7101	90.0
7102	90.0
7103	90.0
7104	90.0
7105	90.0
7106	90.0
7107	90.0
7108	90.0
7109	90.0
7110	90.0
7111	90.0
7112	90.0
7113	90.0
7114	90.0
7115	90.0
7116	90.0
7117	90.0
7118	90.0
7119	90.0
7120	90.0
7121	90.0
7122	90.0
7123	90.0
7124	90.0
7125	90.0
7126	90.0
7127	90.0
7128	90.0
7129	90.0
7130	90.0
7131	90.0
7132	90.0
7133	90.0
7134	90.0
7135	90.0
7136	90.0
7137	90.0
7138	90.0
7139	90.0
7140	90.0
7141	90.0
7142	90.0
7143	90.0
7144	90.0
7145	90.0
7146	90.0
7147	90.0
7148	90.0
7149	90.0
7150	90.0
7151	90.0
7152	90.0
7153	90.0
7154	90.0
7155	90.0
7156	90.0
7157	90.0
7158	90.0
7159	90.0
7160	90.0
7161	90.0
7162	90.0
7163	90.0
7164	90.0
7165	90.0
7166	90.0
7167	90.0
7168	90.0
7169	90.0
7170	90.0
7171	90.0
7172	90.0
7173	90.0
7174	90.0
7175	90.0
7176	90.0
7177	90.0
7178	90.0
7179	90.0
7180	90.0
7181	90.0
7182	90.0
7183	90.0
7184	90.0
7185	90.0
7186	90.0
7187	90.0
7188	90.0
7189	90.0
7190	90.0
7191	90.0
7192	90.0
7193	90.0
7194	90.0
7195	90.0
7196	90.0
7197	90.0
7198	90.0
7199	90.0
7200	90.0
7201	90.0
7202	90.0
7203	90.0
7204	90.0
7205	90.0
7206	90.0
7207	90.0
7208	90.0
7209	90.0
7210	90.0
7211	90.0
7212	90.0
7213	90.0
7214	90.0
7215	90.0
7216	90.0
7217	90.0
7218	90.0
7219	90.0
7220	90.0
7221	90.0
7222	90.0
7223	90.0
7224	90.0
7225	90.0
7226	90.0
7227	90.0
7228	90.0
7229	90.0
7230	90.0
7231	90.0
7232	90.0
7233	90.0
7234	90.0
7235	90.0
7236	90.0
7237	90.0
7238	90.0
7239	90.0
7240	90.0
7241	90.0
7242	90.0
7243	90.0
7244	90.0
7245	90.0
7246	90.0
7247	90.0
7248	90.0
7249	90.0
7250	90.0
7251	90.0
7252	90.0
7253	90.0
7254	90.0
7255	90.0
7256	90.0
7257	90.0
7258	90.0
7259	90.0
7260	90.0
7261	90.0
7262	90.0
7263	90.0
7264	90.0
7265	90.0
7266	90.0
7267	90.0
7268	90.0
7269	90.0
7270	90.0
7271	90.0
7272	90.0
7273	90.0
7274	90.0
7275	90.0
7276	90.0
7277	90.0
7278	90.0
7279	90.0
7280	90.0
7281	90.0
7282	90.0
7283	90.0
7284	90.0
7285	90.0
7286	90.0
7287	90.0
7288	90.0
7289	90.0
7290	90.0
7291	90.0
7292	90.0
7293	90.0
7294	90.0
7295	90.0
7296	90.0
7297	90.0
7298	90.0
7299	90.0
7300	90.0
7301	90.0
7302	90.0
7303	90.0
7304	90.0
7305	90.0
7306	90.0
7307	90.0
7308	90.0
7309	90.0
7310	90.0
7311	90.0
7312	90.0
7313	90.0
7314	90.0
7315	90.0
7316	90.0
7317	90.0
7318	90.0
7319	90.0
7320	90.0
7321	90.0
7322	90.0
7323	90.0
7324	90.0
7325	90.0
7326	90.0
7327	90.0
7328	90.0
7329	90.0
7330	90.0
7331	90.0
7332	90.0
7333	90.0
7334	90.0
7335	90.0
7336	90.0
7337	90.0
7338	90.0
7339	90.0
7340	90.0
7341	90.0
7342	90.0
7343	90.0
7344	90.0
7345	90.0
7346	90.0
7347	90.0
7348	90.0
7349	90.0
7350	90.0
7351	90.0
7352	90.0
7353	90.0
7354	90.0
7355	90.0
7356	90.0
7357	90.0
7358	90.0
7359	90.0
7360	90.0
7361	90.0
7362	90.0
7363	90.0
7364	90.0
7365	90.0
7366	90.0
7367	90.0
7368	90.0
7369	90.0
7370	90.0
7371	90.0
7372	90.0
7373	90.0
7374	90.0
7375	90.0
7376	90.0
7377	90.0
7378	90.0
7379	90.0
7380	90.0
7381	90.0
7382	90.0
7383	90.0
7384	90.0
7385	90.0
7386	90.0
7387	90.0
7388	90.0
7389	90.0
7390	90.0
7391	90.0
7392	90.0
7393	90.0
7394	90.0
7395	90.0
7396	90.0
7397	90.0
7398	90.0
7399	90.0
7400	90.0
7401	90.0
7402	90.0
7403	90.0
7404	90.0
7405	90.0
7406	90.0
7407	90.0
7408	90.0
7409	90.0
7410	90.0
7411	90.0
7412	90.0
7413	90.0
7414	90.0
7415	90.0
7416	90.0
7417	90.0
7418	90.0
7419	90.0
7420	90.0
7421	90.0
7422	90.0
7423	90.0
7424	90.0
7425	90.0
7426	90.0
7427	90.0
7428	90.0
7429	90.0
7430	90.0
7431	90.0
7432	90.0
7433	90.0
7434	90.0
7435	90.0
7436	90.0
7437	90.0
7438	90.0
7439	90.0
7440	90.0
7441	90.0
7442	90.0
7443	90.0
7444	90.0
7445	90.0
7446	90.0
7447	90.0
7448	90.0
7449	90.0
7450	90.0
7451	90.0
7452	90.0
7453	90.0
7454	90.0
7455	90.0
7456	90.0
7457	90.0
7458	90.0
7459	90.0
7460	90.0
7461	90.0
7462	90.0
7463	90.0
7464	90.0
7465	90.0
7466	90.0
7467	90.0
7468	90.0
7469	90.0
7470	90.0
7471	90.0
7472	90.0
7473	90.0
7474	90.0
7475	90.0
7476	90.0
7477	90.0
7478	90.0
7479	90.0
7480	90.0
7481	90.0
7482	90.0
7483	90.0
7484	90.0
7485	90.0
7486	90.0
7487	90.0
7488	90.0
7489	90.0
7490	90.0
7491	90.0
7492	90.0
7493	90.0
7494	90.0
7495	90.0
7496	90.0
7497	90.0
7498	90.0
7499	90.0
7500	90.0
7501	90.0
7502	90.0
7503	90.0
7504	90.0
7505	90.0
7506	90.0
7507	90.0
7508	90.0
7509	90.0
7510	90.0
7511	90.0
7512	90.0
7513	90.0
7514	90.0
7515	90.0
7516	90.0
7517	90.0
7518	90.0
7519	90.0
7520	90.0
7521	90.0
7522	90.0
7523	90.0
7524	90.0
7525	90.0
7526	90.0
7527	90.0
7528	90.0
7529	90.0
7530	90.0
7531	90.0
7532	90.0
7533	90.0
7534	90.0
7535	90.0
7536	90.0
7537	90.0
7538	90.0
7539	90.0
7540	90.0
7541	90.0
7542	90.0
7543	90.0
7544	90.0
7545	90.0
7546	90.0
7547	90.0
7548	90.0
7549	90.0
7550	90.0
7551	90.0
7552	90.0
7553	90.0
7554	90.0
7555	90.0
7556	90.0
7557	90.0
7558	90.0
7559	90.0
7560	90.0
7561	90.0
7562	90.0
7563	90.0
7564	90.0
7565	90.0
7566	90.0
7567	90.0
7568	90.0
7569	90.0
7570	90.0
7571	90.0
7572	90.0
7573	90.0
7574	90.0
7575	90.0
7576	90.0
7577	90.0
7578	90.0
7579	90.0
7580	90.0
7581	90.0
7582	90.0
7583	90.0
7584	90.0
7585	90.0
7586	90.0
7587	90.0
7588	90.0
7589	90.0
7590	90.0
7591	90.0
7592	90.0
7593	90.0
7594	90.0
7595	90.0
7596	90.0
7597	90.0
7598	90.0
7599	90.0
7600	90.0
7601	90.0
7602	90.0
7603	90.0
7604	90.0
7605	90.0
7606	90.0
7607	90.0
7608	90.0
7609	90.0
7610	90.0
7611	90.0
7612	90.0
7613	90.0
7614	90.0
7615	90.0
7616	90.0
7617	90.0
7618	90.0
7619	90.0
7620	90.0
7621	90.0
7622	90.0
7623	90.0
7624	90.0
7625	90.0
7626	90.0
7627	90.0
7628	90.0
7629	90.0
7630	90.0
7631	90.0
7632	90.0
7633	90.0
7634	90.0
7635	90.0
7636	90.0
7637	90.0
7638	90.0
7639	90.0
7640	90.0
7641	90.0
7642	90.0
7643	90.0
7644	90.0
7645	90.0
7646	90.0
7647	90.0
7648	90.0
7649	90.0
7650	90.0
7651	90.0
7652	90.0
7653	90.0
7654	90.0
7655	90.0
7656	90.0
7657	90.0
7658	90.0
7659	90.0
7660	90.0
7661	90.0
7662	90.0
7663	90.0
7664	90.0
7665	90.0
7666	90.0
7667	90.0
7668	90.0
7669	90.0
7670	90.0
7671	90.0
7672	90.0
7673	90.0
7674	90.0
7675	90.0
7676	90.0
7677	90.0
7678	90.0
7679	90.0
7680	90.0
7681	90.0
7682	90.0
7683	90.0
7684	90.0
7685	90.0
7686	90.0
7687	90.0
7688	90.0
7689	90.0
7690	90.0
7691	90.0
7692	90.0
7693	90.0
7694	90.0
7695	90.0
7696	90.0
7697	90.0
7698	90.0
7699	90.0
7700	90.0
7701	90.0
7702	90.0
7703	90.0
7704	90.0
7705	90.0
7706	90.0
7707	90.0
7708	90.0
7709	90.0
7710	90.0
7711	90.0
7712	90.0
7713	90.0
7714	90.0
7715	90.0
7716	90.0
7717	90.0
7718	90.0
7719	90.0
7720	90.0
7721	90.0
7722	90.0
7723	90.0
7724	90.0
7725	90.0
7726	90.0
7727	90.0
7728	90.0
7729	90.0
7730	90.0
7731	90.0
7732	90.0
7733	90.0
7734	90.0
7735	90.0
7736	90.0
7737	90.0
7738	90.0
7739	90.0
7740	90.0
7741	90.0
7742	90.0
7743	90.0
7744	90.0
7745	90.0
7746	90.0
7747	90.0
7748	90.0
7749	90.0
7750	90.0
7751	90.0
7752	90.0
7753	90.0
7754	90.0
7755	90.0
7756	90.0
7757	90.0
7758	90.0
7759	90.0
7760	90.0
7761	90.0
7762	90.0
7763	90.0
7764	90.0
7765	90.0
7766	90.0
7767	90.0
7768	90.0
7769	90.0
7770	90.0
7771	90.0
7772	90.0
7773	90.0
7774	90.0
7775	90.0
7776	90.0
7777	90.0
7778	90.0
7779	90.0
7780	90.0
7781	90.0
7782	90.0
7783	90.0
7784	90.0
7785	90.0
7786	90.0
7787	90.0
7788	90.0
7789	90.0
7790	90.0
7791	90.0
7792	90.0
7793	90.0
7794	90.0
7795	90.0
7796	90.0
7797	90.0
7798	90.0
7799	90.0
7800	90.0
7801	90.0
7802	90.0
7803	90.0
7804	90.0
7805	90.0
7806	90.0
7807	90.0
7808	90.0
7809	90.0
7810	90.0
7811	90.0
7812	90.0
7813	90.0
7814	90.0
7815	90.0
7816	90.0
7817	90.0
7818	90.0
7819	90.0
7820	90.0
7821	90.0
7822	90.0
7823	90.0
7824	90.0
7825	90.0
7826	90.0
7827	90.0
7828	90.0
7829	90.0
7830	90.0
7831	90.0
7832	90.0
7833	90.0
7834	90.0
7835	90.0
7836	90.0
7837	90.0
7838	90.0
7839	90.0
7840	90.0
7841	90.0
7842	90.0
7843	90.0
7844	90.0
7845	90.0
7846	90.0
7847	90.0
7848	90.0
7849	90.0
7850	90.0
7851	90.0
7852	90.0
7853	90.0
7854	90.0
7855	90.0
7856	90.0
7857	90.0
7858	90.0
7859	90.0
7860	90.0
7861	90.0
7862	90.0
7863	90.0
7864	90.0
7865	90.0
7866	90.0
7867	90.0
7868	90.0
7869	90.0
7870	90.0
7871	90.0
7872	90.0
7873	90.0
7874	90.0
7875	90.0
7876	90.0
7877	90.0
7878	90.0
7879	90.0
7880	90.0
7881	90.0
7882	90.0
7883	90.0
7884	90.0
7885	90.0
7886	90.0
7887	90.0
7888	90.0
7889	90.0
7890	90.0
7891	90.0
7892	90.0
7893	90.0
7894	90.0
7895	90.0
7896	90.0
7897	90.0
7898	90.0
7899	90.0
7900	90.0
7901	90.0
7902	90.0
7903	90.0
7904	90.0
7905	90.0
7906	90.0
7907	90.0
7908	90.0
7909	90.0
7910	90.0
7911	90.0
7912	90.0
7913	90.0
7914	90.0
7915	90.0
7916	90.0
7917	90.0
7918	90.0
7919	90.0
7920	90.0
7921	90.0
7922	90.0
7923	90.0
7924	90.0
7925	90.0
7926	90.0
7927	90.0
7928	90.0
7929	90.0
7930	90.0
7931	90.0
7932	90.0
7933	90.0
7934	90.0
7935	90.0
7936	90.0
7937	90.0
7938	90.0
7939	90.0
7940	90.0
7941	90.0
7942	90.0
7943	90.0
7944	90.0
7945	90.0
7946	90.0
7947	90.0
7948	90.0
7949	90.0
7950	90.0
7951	90.0
7952	90.0
7953	90.0
7954	90.0
7955	90.0
7956	90.0
7957	90.0
7958	90.0
7959	90.0
7960	90.0
7961	90.0
7962	90.0
7963	90.0
7964	90.0
7965	90.0
7966	90.0
7967	90.0
7968	90.0
7969	90.0
7970	90.0
7971	90.0
7972	90.0
7973	90.0
7974	90.0
7975	90.0
7976	90.0
7977	90.0
7978	90.0
7979	90.0
7980	90.0
7981	90.0
7982	90.0
7983	90.0
7984	90.0
7985	90.0
7986	90.0
7987	90.0
7988	90.0
7989	90.0
7990	90.0
7991	90.0
7992	90.0
7993	90.0
7994	90.0
7995	90.0
7996	90.0
7997	90.0
7998	90.0
7999	90.0
8000	90.0
8001	90.0
8002	90.0
8003	90.0
8004	90.0
8005	90.0
8006	90.0
8007	90.0
8008	90.0
8009	90.0
8010	90.0
8011	90.0
8012	90.0
8013	90.0
8014	90.0
8015	90.0
8016	90.0
8017	90.0
8018	90.0
8019	90.0
8020	90.0
8021	90.0
8022	90.0
8023	90.0
8024	90.0
8025	90.0
8026	90.0
8027	90.0
8028	90.0
8029	90.0
8030	90.0
8031	90.0
8032	90.0
8033	90.0
8034	90.0
8035	90.0
8036	90.0
8037	90.0
8038	90.0
8039	90.0
8040	90.0
8041	90.0
8042	90.0
8043	90.0
8044	90.0
8045	90.0
8046	90.0
8047	90.0
8048	90.0
8049	90.0
8050	90.0
8051	90.0
8052	90.0
8053	90.0
8054	90.0
8055	90.0
8056	90.0
8057	90.0
8058	90.0
8059	90.0
8060	90.0
8061	90.0
8062	90.0
8063	90.0
8064	90.0
8065	90.0
8066	90.0
8067	90.0
8068	90.0
8069	90.0
8070	90.0
8071	90.0
8072	90.0
8073	90.0
8074	90.0
8075	90.0
8076	90.0
8077	90.0
8078	90.0
8079	90.0
8080	90.0
8081	90.0
8082	90.0
8083	90.0
8084	90.0
8085	90.0
8086	90.0
8087	90.0
8088	90.0
8089	90.0
8090	90.0
8091	90.0
8092	90.0
8093	90.0
8094	90.0
8095	90.0
8096	90.0
8097	90.0
8098	90.0
8099	90.0
8100	90.0
8101	90.0
8102	90.0
8103	90.0
8104	90.0
8105	90.0
8106	90.0
8107	90.0
8108	90.0
8109	90.0
8110	90.0
8111	90.0
8112	90.0
8113	90.0
8114	90.0
8115	90.0
8116	90.0
8117	90.0
8118	90.0
8119	90.0
8120	90.0
8121	90.0
8122	90.0
8123	90.0
8124	90.0
8125	90.0
8126	90.0
8127	90.0
8128	90.0
8129	90.0
8130	90.0
8131	90.0
8132	90.0
8133	90.0
8134	90.0
8135	90.0
8136	90.0
8137	90.0
8138	90.0
8139	90.0
8140	90.0
8141	90.0
8142	90.0
8143	90.0
8144	90.0
8145	90.0
8146	90.0
8147	90.0
8148	90.0
8149	90.0
8150	90.0
8151	90.0
8152	90.0
8153	90.0
8154	90.0
8155	90.0
8156	90.0
8157	90.0
8158	90.0
8159	90.0
8160	90.0
8161	90.0
8162	90.0
8163	90.0
8164	90.0
8165	90.0
8166	90.0
8167	90.0
8168	90.0
8169	90.0
8170	90.0
8171	90.0
8172	90.0
8173	90.0
8174	90.0
8175	90.0
8176	90.0
8177	90.0
8178	90.0
8179	90.0
8180	90.0
8181	90.0
8182	90.0
8183	90.0
8184	90.0
8185	90.0
8186	90.0
8187	90.0
8188	90.0
8189	90.0
8190	90.0
8191	90.0
8192	90.0
8193	90.0
8194	90.0
8195	90.0
8196	90.0
8197	90.0
8198	90.0
8199	90.0
8200	90.0
8201	90.0
8202	90.0
8203	90.0
8204	90.0
8205	90.0
8206	90.0
8207	90.0
8208	90.0
8209	90.0
8210	90.0
8211	90.0
8212	90.0
8213	90.0
8214	90.0
8215	90.0
8216	90.0
8217	90.0
8218	90.0
8219	90.0
8220	90.0
8221	90.0
8222	90.0
8223	90.0
8224	90.0
8225	90.0
8226	90.0
8227	90.0
8228	90.0
8229	90.0
8230	90.0
8231	90.0
8232	90.0
8233	90.0
8234	90.0
8235	90.0
8236	90.0
8237	90.0
8238	90.0
8239	90.0
8240	90.0
8241	90.0
8242	90.0
8243	90.0
8244	90.0
8245	90.0
8246	90.0
8247	90.0
8248	90.0
8249	90.0
8250	90.0
8251	90.0
8252	90.0
8253	90.0
8254	90.0
8255	90.0
8256	90.0
8257	90.0
8258	90.0
8259	90.0
8260	90.0
8261	90.0
8262	90.0
8263	90.0
8264	90.0
8265	90.0
8266	90.0
8267	90.0
8268	90.0
8269	90.0
8270	90.0
8271	90.0
8272	90.0
8273	90.0
8274	90.0
8275	90.0
8276	90.0
8277	90.0
8278	90.0
8279	90.0
8280	90.0
8281	90.0
8282	90.0
8283	90.0
8284	90.0
8285	90.0
8286	90.0
8287	90.0
8288	90.0
8289	90.0
8290	90.0
8291	90.0
8292	90.0
8293	90.0
8294	90.0
8295	90.0
8296	90.0
8297	90.0
8298	90.0
8299	90.0
8300	90.0
8301	90.0
8302	90.0
8303	90.0
8304	90.0
8305	90.0
8306	90.0
8307	90.0
8308	90.0
8309	90.0
8310	90.0
8311	90.0
8312	90.0
8313	90.0
8314	90.0
8315	90.0
8316	90.0
8317	90.0
8318	90.0
8319	90.0
8320	90.0
8321	90.0
8322	90.0
8323	90.0
8324	90.0
8325	90.0
8326	90.0
8327	90.0
8328	90.0
8329	90.0
8330	90.0
8331	90.0
8332	90.0
8333	90.0
8334	90.0
8335	90.0
8336	90.0
8337	90.0
8338	90.0
8339	90.0
8340	90.0
8341	90.0
8342	90.0
8343	90.0
8344	90.0
8345	90.0
8346	90.0
8347	90.0
8348	90.0
8349	90.0
8350	90.0
8351	90.0
8352	90.0
8353	90.0
8354	90.0
8355	90.0
8356	90.0
8357	90.0
8358	90.0
8359	90.0
8360	90.0
8361	90.0
8362	90.0
8363	90.0
8364	90.0
8365	90.0
8366	90.0
8367	90.0
8368	90.0
8369	90.0
8370	90.0
8371	90.0
8372	90.0
8373	90.0
8374	90.0
8375	90.0
8376	90.0
8377	90.0
8378	90.0
8379	90.0
8380	90.0
8381	90.0
8382	90.0
8383	90.0
8384	90.0
8385	90.0
8386	90.0
8387	90.0
8388	90.0
8389	90.0
8390	90.0
8391	90.0
8392	90.0
8393	90.0
8394	90.0
8395	90.0
8396	90.0
8397	90.0
8398	90.0
8399	90.0
8400	90.0
8401	90.0
8402	90.0
8403	90.0
8404	90.0
8405	90.0
8406	90.0
8407	90.0
8408	90.0
8409	90.0
8410	90.0
8411	90.0
8412	90.0
8413	90.0
8414	90.0
8415	90.0
8416	90.0
8417	90.0
8418	90.0
8419	90.0
8420	90.0
8421	90.0
8422	90.0
8423	90.0
8424	90.0
8425	90.0
8426	90.0
8427	90.0
8428	90.0
8429	90.0
8430	90.0
8431	90.0
8432	90.0
8433	90.0
8434	90.0
8435	90.0
8436	90.0
8437	90.0
8438	90.0
8439	90.0
8440	90.0
8441	90.0
8442	90.0
8443	90.0
8444	90.0
8445	90.0
8446	90.0
8447	90.0
8448	90.0
8449	90.0
8450	90.0
8451	90.0
8452	90.0
8453	90.0
8454	90.0
8455	90.0
8456	90.0
8457	90.0
8458	90.0
8459	90.0
8460	90.0
8461	90.0
8462	90.0
8463	90.0
8464	90.0
8465	90.0
8466	90.0
8467	90.0
8468	90.0
8469	90.0
8470	90.0
8471	90.0
8472	90.0
8473	90.0
8474	90.0
8475	90.0
8476	90.0
8477	90.0
8478	90.0
8479	90.0
8480	90.0
8481	90.0
8482	90.0
8483	90.0
8484	90.0
8485	90.0
8486	90.0
8487	90.0
8488	90.0
8489	90.0
8490	90.0
8491	90.0
8492	90.0
8493	90.0
8494	90.0
8495	90.0
8496	90.0
8497	90.0
8498	90.0
8499	90.0
8500	90.0
8501	90.0
8502	90.0
8503	90.0
8504	90.0
8505	90.0
8506	90.0
8507	90.0
8508	90.0
8509	90.0
8510	90.0
8511	90.0
8512	90.0
8513	90.0
8514	90.0
8515	90.0
8516	90.0
8517	90.0
8518	90.0
8519	90.0
8520	90.0
8521	90.0
8522	90.0
8523	90.0
8524	90.0
8525	90.0
8526	90.0
8527	90.0
8528	90.0
8529	90.0
8530	90.0
8531	90.0
8532	90.0
8533	90.0
8534	90.0
8535	90.0
8536	90.0
8537	90.0
8538	90.0
8539	90.0
8540	90.0
8541	90.0
8542	90.0
8543	90.0
8544	90.0
8545	90.0
8546	90.0
8547	90.0
8548	90.0
8549	90.0
8550	90.0
8551	90.0
8552	90.0
8553	90.0
8554	90.0
8555	90.0
8556	90.0
8557	90.0
8558	90.0
8559	90.0
8560	90.0
8561	90.0
8562	90.0
8563	90.0
8564	90.0
8565	90.0
8566	90.0
8567	90.0
8568	90.0
8569	90.0
8570	90.0
8571	90.0
8572	90.0
8573	90.0
8574	90.0
8575	90.0
8576	90.0
8577	90.0
8578	90.0
8579	90.0
8580	90.0
8581	90.0
8582	90.0
8583	90.0
8584	90.0
8585	90.0
8586	90.0
8587	90.0
8588	90.0
8589	90.0
8590	90.0
8591	90.0
8592	90.0
8593	90.0
8594	90.0
8595	90.0
8596	90.0
8597	90.0
8598	90.0
8599	90.0
8600	90.0
8601	90.0
8602	90.0
8603	90.0
8604	90.0
8605	90.0
8606	90.0
8607	90.0
8608	90.0
8609	90.0
8610	90.0
8611	90.0
8612	90.0
8613	90.0
8614	90.0
8615	90.0
8616	90.0
8617	90.0
8618	90.0
8619	90.0
8620	90.0
8621	90.0
8622	90.0
8623	90.0
8624	90.0
8625	90.0
8626	90.0
8627	90.0
8628	90.0
8629	90.0
8630	90.0
8631	90.0
8632	90.0
8633	90.0
8634	90.0
8635	90.0
8636	90.0
8637	90.0
8638	90.0
8639	90.0
8640	90.0
8641	90.0
8642	90.0
8643	90.0
8644	90.0
8645	90.0
8646	90.0
8647	90.0
8648	90.0
8649	90.0
8650	90.0
8651	90.0
8652	90.0
8653	90.0
8654	90.0
8655	90.0
8656	90.0
8657	90.0
8658	90.0
8659	90.0
8660	90.0
8661	90.0
8662	90.0
8663	90.0
8664	90.0
8665	90.0
8666	90.0
8667	90.0
8668	90.0
8669	90.0
8670	90.0
8671	90.0
8672	90.0
8673	90.0
8674	90.0
8675	90.0
8676	90.0
8677	90.0
8678	90.0
8679	90.0
8680	90.0
8681	90.0
8682	90.0
8683	90.0
8684	90.0
8685	90.0
8686	90.0
8687	90.0
8688	90.0
8689	90.0
8690	90.0
8691	90.0
8692	90.0
8693	90.0
8694	90.0
8695	90.0
8696	90.0
8697	90.0
8698	90.0
8699	90.0
8700	90.0
8701	90.0
8702	90.0
8703	90.0
8704	90.0
8705	90.0
8706	90.0
8707	90.0
8708	90.0
8709	90.0
8710	90.0
8711	90.0
8712	90.0
8713	90.0
8714	90.0
8715	90.0
8716	90.0
8717	90.0
8718	90.0
8719	90.0
8720	90.0
8721	90.0
8722	90.0
8723	90.0
8724	90.0
8725	90.0
8726	90.0
8727	90.0
8728	90.0
8729	90.0
8730	90.0
8731	90.0
8732	90.0
8733	90.0
8734	90.0
8735	90.0
8736	90.0
8737	90.0
8738	90.0
8739	90.0
8740	90.0
8741	90.0
8742	90.0
8743	90.0
8744	90.0
8745	90.0
8746	90.0
8747	90.0
8748	90.0
8749	90.0
8750	90.0
8751	90.0
8752	90.0
8753	90.0
8754	90.0
8755	90.0
8756	90.0
8757	90.0
8758	90.0
8759	90.0
8760	90.0
8761	90.0
8762	90.0
8763	90.0
8764	90.0
8765	90.0
8766	90.0
8767	90.0
8768	90.0
8769	90.0
8770	90.0
8771	90.0
8772	90.0
8773	90.0
8774	90.0
8775	90.0
8776	90.0
8777	90.0
8778	90.0
8779	90.0
8780	90.0
8781	90.0
8782	90.0
8783	90.0
8784	90.0
8785	90.0
8786	90.0
8787	90.0
8788	90.0
8789	90.0
8790	90.0
8791	90.0
8792	90.0
8793	90.0
8794	90.0
8795	90.0
8796	90.0
8797	90.0
8798	90.0
8799	90.0
8800	90.0
8801	90.0
8802	90.0
8803	90.0
8804	90.0
8805	90.0
8806	90.0
8807	90.0
8808	90.0
8809	90.0
8810	90.0
8811	90.0
8812	90.0
8813	90.0
8814	90.0
8815	90.0
8816	90.0
8817	90.0
8818	90.0
8819	90.0
8820	90.0
8821	90.0
8822	90.0
8823	90.0
8824	90.0
8825	90.0
8826	90.0
8827	90.0
8828	90.0
8829	90.0
8830	90.0
8831	90.0
8832	90.0
8833	90.0
8834	90.0
8835	90.0
8836	90.0
8837	90.0
8838	90.0
8839	90.0
8840	90.0
8841	90.0
8842	90.0
8843	90.0
8844	90.0
8845	90.0
8846	90.0
8847	90.0
8848	90.0
8849	90.0
8850	90.0
8851	90.0
8852	90.0
8853	90.0
8854	90.0
8855	90.0
8856	90.0
8857	90.0
8858	90.0
8859	90.0
8860	90.0
8861	90.0
8862	90.0
8863	90.0
8864	90.0
8865	90.0
8866	90.0
8867	90.0
8868	90.0
8869	90.0
8870	90.0
8871	90.0
8872	90.0
8873	90.0
8874	90.0
8875	90.0
8876	90.0
8877	90.0
8878	90.0
8879	90.0
8880	90.0
8881	90.0
8882	90.0
8883	90.0
8884	90.0
8885	90.0
8886	90.0
8887	90.0
8888	90.0
8889	90.0
8890	90.0
8891	90.0
8892	90.0
8893	90.0
8894	90.0
8895	90.0
8896	90.0
8897	90.0
8898	90.0
8899	90.0
8900	90.0
8901	90.0
8902	90.0
8903	90.0
8904	90.0
8905	90.0
8906	90.0
8907	90.0
8908	90.0
8909	90.0
8910	90.0
8911	90.0
8912	90.0
8913	90.0
8914	90.0
8915	90.0
8916	90.0
8917	90.0
8918	90.0
8919	90.0
8920	90.0
8921	90.0
8922	90.0
8923	90.0
8924	90.0
8925	90.0
8926	90.0
8927	90.0
8928	90.0
8929	90.0
8930	90.0
8931	90.0
8932	90.0
8933	90.0
8934	90.0
8935	90.0
8936	90.0
8937	90.0
8938	90.0
8939	90.0
8940	90.0
8941	90.0
8942	90.0
8943	90.0
8944	90.0
8945	90.0
8946	90.0
8947	90.0
8948	90.0
8949	90.0
8950	90.0
8951	90.0
8952	90.0
8953	90.0
8954	90.0
8955	90.0
8956	90.0
8957	90.0
8958	90.0
8959	90.0
8960	90.0
8961	90.0
8962	90.0
8963	90.0
8964	90.0
8965	90.0
8966	90.0
8967	90.0
8968	90.0
8969	90.0
8970	90.0
8971	90.0
8972	90.0
8973	90.0
8974	90.0
8975	90.0
8976	90.0
8977	90.0
8978	90.0
8979	90.0
8980	90.0
8981	90.0
8982	90.0
8983	90.0
8984	90.0
8985	90.0
8986	90.0
8987	90.0
8988	90.0
8989	90.0
8990	90.0
8991	90.0
8992	90.0
8993	90.0
8994	90.0
8995	90.0
8996	90.0
8997	90.0
8998	90.0
8999	90.0
9000	90.0
9001	90.0
9002	90.0
9003	90.0
9004	90.0
9005	90.0
9006	90.0
9007	90.0
9008	90.0
9009	90.0
9010	90.0
9011	90.0
9012	90.0
9013	90.0
9014	90.0
9015	90.0
9016	90.0
9017	90.0
9018	90.0
9019	90.0
9020	90.0
9021	90.0
9022	90.0
9023	90.0
9024	90.0
9025	90.0
9026	90.0
9027	90.0
9028	90.0
9029	90.0
9030	90.0
9031	90.0
9032	90.0
9033	90.0
9034	90.0
9035	90.0
9036	90.0
9037	90.0
9038	90.0
9039	90.0
9040	90.0
9041	90.0
9042	90.0
9043	90.0
9044	90.0
9045	90.0
9046	90.0
9047	90.0
9048	90.0
9049	90.0
9050	90.0
9051	90.0
9052	90.0
9053	90.0
9054	90.0
9055	90.0
9056	90.0
9057	90.0
9058	90.0
9059	90.0
9060	90.0
9061	90.0
9062	90.0
9063	90.0
9064	90.0
9065	90.0
9066	90.0
9067	90.0
9068	90.0
9069	90.0
9070	90.0
9071	90.0
9072	90.0
9073	90.0
9074	90.0
9075	90.0
9076	90.0
9077	90.0
9078	90.0
9079	90.0
9080	90.0
9081	90.0
9082	90.0
9083	90.0
9084	90.0
9085	90.0
9086	90.0
9087	90.0
9088	90.0
9089	90.0
9090	90.0
9091	90.0
9092	90.0
9093	90.0
9094	90.0
9095	90.0
9096	90.0
9097	90.0
9098	90.0
9099	90.0
9100	90.0
9101	90.0
9102	90.0
9103	90.0
9104	90.0
9105	90.0
9106	90.0
9107	90.0
9108	90.0
9109	90.0
9110	90.0
9111	90.0
9112	90.0
9113	90.0
9114	90.0
9115	90.0
9116	90.0
9117	90.0
9118	90.0
9119	90.0
9120	90.0
9121	90.0
9122	90.0
9123	90.0
9124	90.0
9125	90.0
9126	90.0
9127	90.0
9128	90.0
9129	90.0
9130	90.0
9131	90.0
9132	90.0
9133	90.0
9134	90.0
9135	90.0
9136	90.0
9137	90.0
9138	90.0
9139	90.0
9140	90.0
9141	90.0
9142	90.0
9143	90.0
9144	90.0
9145	90.0
9146	90.0
9147	90.0
9148	90.0
9149	90.0
9150	90.0
9151	90.0
9152	90.0
9153	90.0
9154	90.0
9155	90.0
9156	90.0
9157	90.0
9158	90.0
9159	90.0
9160	90.0
9161	90.0
9162	90.0
9163	90.0
9164	90.0
9165	90.0
9166	90.0
9167	90.0
9168	90.0
9169	90.0
9170	90.0
9171	90.0
9172	90.0
9173	90.0
9174	90.0
9175	90.0
9176	90.0
9177	90.0
9178	90.0
9179	90.0
9180	90.0
9181	90.0
9182	90.0
9183	90.0
9184	90.0
9185	90.0
9186	90.0
9187	90.0
9188	90.0
9189	90.0
9190	90.0
9191	90.0
9192	90.0
9193	90.0
9194	90.0
9195	90.0
9196	90.0
9197	90.0
9198	90.0
9199	90.0
9200	90.0
9201	90.0
9202	90.0
9203	90.0
9204	90.0
9205	90.0
9206	90.0
9207	90.0
9208	90.0
9209	90.0
9210	90.0
9211	90.0
9212	90.0
9213	90.0
9214	90.0
9215	90.0
9216	90.0
9217	90.0
9218	90.0
9219	90.0
9220	90.0
9221	90.0
9222	90.0
9223	90.0
9224	90.0
9225	90.0
9226	90.0
9227	90.0
9228	90.0
9229	90.0
9230	90.0
9231	90.0
9232	90.0
9233	90.0
9234	90.0
9235	90.0
9236	90.0
9237	90.0
9238	90.0
9239	90.0
9240	90.0
9241	90.0
9242	90.0
9243	90.0
9244	90.0
9245	90.0
9246	90.0
9247	90.0
9248	90.0
9249	90.0
9250	90.0
9251	90.0
9252	90.0
9253	90.0
9254	90.0
9255	90.0
9256	90.0
9257	90.0
9258	90.0
9259	90.0
9260	90.0
9261	90.0
9262	90.0
9263	90.0
9264	90.0
9265	90.0
9266	90.0
9267	90.0
9268	90.0
9269	90.0
9270	90.0
9271	90.0
9272	90.0
9273	90.0
9274	90.0
9275	90.0
9276	90.0
9277	90.0
9278	90.0
9279	90.0
9280	90.0
9281	90.0
9282	90.0
9283	90.0
9284	90.0
9285	90.0
9286	90.0
9287	90.0
9288	90.0
9289	90.0
9290	90.0
9291	90.0
9292	90.0
9293	90.0
9294	90.0
9295	90.0
9296	90.0
9297	90.0
9298	90.0
9299	90.0
9300	90.0
9301	90.0
9302	90.0
9303	90.0
9304	90.0
9305	90.0
9306	90.0
9307	90.0
9308	90.0
9309	90.0
9310	90.0
9311	90.0
9312	90.0
9313	90.0
9314	90.0
9315	90.0
9316	90.0
9317	90.0
9318	90.0
9319	90.0
9320	90.0
9321	90.0
9322	90.0
9323	90.0
9324	90.0
9325	90.0
9326	90.0
9327	90.0
9328	90.0
9329	90.0
9330	90.0
9331	90.0
9332	90.0
9333	90.0
9334	90.0
9335	90.0
9336	90.0
9337	90.0
9338	90.0
9339	90.0
9340	90.0
9341	90.0
9342	90.0
9343	90.0
9344	90.0
9345	90.0
9346	90.0
9347	90.0
9348	90.0
9349	90.0
9350	90.0
9351	90.0
9352	90.0
9353	90.0
9354	90.0
9355	90.0
9356	90.0
9357	90.0
9358	90.0
9359	90.0
9360	90.0
9361	90.0
9362	90.0
9363	90.0
9364	90.0
9365	90.0
9366	90.0
9367	90.0
9368	90.0
9369	90.0
9370	90.0
9371	90.0
9372	90.0
9373	90.0
9374	90.0
9375	90.0
9376	90.0
9377	90.0
9378	90.0
9379	90.0
9380	90.0
9381	90.0
9382	90.0
9383	90.0
9384	90.0
9385	90.0
9386	90.0
9387	90.0
9388	90.0
9389	90.0
9390	90.0
9391	90.0
9392	90.0
9393	90.0
9394	90.0
9395	90.0
9396	90.0
9397	90.0
9398	90.0
9399	90.0
9400	90.0
9401	90.0
9402	90.0
9403	90.0
9404	90.0
9405	90.0
9406	90.0
9407	90.0
9408	90.0
9409	90.0
9410	90.0
9411	90.0
9412	90.0
9413	90.0
9414	90.0
9415	90.0
9416	90.0
9417	90.0
9418	90.0
9419	90.0
9420	90.0
9421	90.0
9422	90.0
9423	90.0
9424	90.0
9425	90.0
9426	90.0
9427	90.0
9428	90.0
9429	90.0
9430	90.0
9431	90.0
9432	90.0
9433	90.0
9434	90.0
9435	90.0
9436	90.0
9437	90.0
9438	90.0
9439	90.0
9440	90.0
9441	90.0
9442	90.0
9443	90.0
9444	90.0
9445	90.0
9446	90.0
9447	90.0
9448	90.0
9449	90.0
9450	90.0
9451	90.0
9452	90.0
9453	90.0
9454	90.0
9455	90.0
9456	90.0
9457	90.0
9458	90.0
9459	90.0
9460	90.0
9461	90.0
9462	90.0
9463	90.0
9464	90.0
9465	90.0
9466	90.0
9467	90.0
9468	90.0
9469	90.0
9470	90.0
9471	90.0
9472	90.0
9473	90.0
9474	90.0
9475	90.0
9476	90.0
9477	90.0
9478	90.0
9479	90.0
9480	90.0
9481	90.0
9482	90.0
9483	90.0
9484	90.0
9485	90.0
9486	90.0
9487	90.0
9488	90.0
9489	90.0
9490	90.0
9491	90.0
9492	90.0
9493	90.0
9494	90.0
9495	90.0
9496	90.0
9497	90.0
9498	90.0
9499	90.0
9500	90.0
9501	90.0
9502	90.0
9503	90.0
9504	90.0
9505	90.0
9506	90.0
9507	90.0
9508	90.0
9509	90.0
9510	90.0
9511	90.0
9512	90.0
9513	90.0
9514	90.0
9515	90.0
9516	90.0
9517	90.0
9518	90.0
9519	90.0
9520	90.0
9521	90.0
9522	90.0
9523	90.0
9524	90.0
9525	90.0
9526	90.0
9527	90.0
9528	90.0
9529	90.0
9530	90.0
9531	90.0
9532	90.0
9533	90.0
9534	90.0
9535	90.0
9536	90.0
9537	90.0
9538	90.0
9539	90.0
9540	90.0
9541	90.0
9542	90.0
9543	90.0
9544	90.0
9545	90.0
9546	90.0
9547	90.0
9548	90.0
9549	90.0
9550	90.0
9551	90.0
9552	90.0
9553	90.0
9554	90.0
9555	90.0
9556	90.0
9557	90.0
9558	90.0
9559	90.0
9560	90.0
9561	90.0
9562	90.0
9563	90.0
9564	90.0
9565	90.0
9566	90.0
9567	90.0
9568	90.0
9569	90.0
9570	90.0
9571	90.0
9572	90.0
9573	90.0
9574	90.0
9575	90.0
9576	90.0
9577	90.0
9578	90.0
9579	90.0
9580	90.0
9581	90.0
9582	90.0
9583	90.0
9584	90.0
9585	90.0
9586	90.0
9587	90.0
9588	90.0
9589	90.0
9590	90.0
9591	90.0
9592	90.0
9593	90.0
9594	90.0
9595	90.0
9596	90.0
9597	90.0
9598	90.0
9599	90.0
9600	90.0
9601	90.0
9602	90.0
9603	90.0
9604	90.0
9605	90.0
9606	90.0
9607	90.0
9608	90.0
9609	90.0
9610	90.0
9611	90.0
9612	90.0
9613	90.0
9614	90.0
9615	90.0
9616	90.0
9617	90.0
9618	90.0
9619	90.0
9620	90.0
9621	90.0
9622	90.0
9623	90.0
9624	90.0
9625	90.0
9626	90.0
9627	90.0
9628	90.0
9629	90.0
9630	90.0
9631	90.0
9632	90.0
9633	90.0
9634	90.0
9635	90.0
9636	90.0
9637	90.0
9638	90.0
9639	90.0
9640	90.0
9641	90.0
9642	90.0
9643	90.0
9644	90.0
9645	90.0
9646	90.0
9647	90.0
9648	90.0
9649	90.0
9650	90.0
9651	90.0
9652	90.0
9653	90.0
9654	90.0
9655	90.0
9656	90.0
9657	90.0
9658	90.0
9659	90.0
9660	90.0
9661	90.0
9662	90.0
9663	90.0
9664	90.0
9665	90.0
9666	90.0
9667	90.0
9668	90.0
9669	90.0
9670	90.0
9671	90.0
9672	90.0
9673	90.0
9674	90.0
9675	90.0
9676	90.0
9677	90.0
9678	90.0
9679	90.0
9680	90.0
9681	90.0
9682	90.0
9683	90.0
9684	90.0
9685	90.0
9686	90.0
9687	90.0
9688	90.0
9689	90.0
9690	90.0
9691	90.0
9692	90.0
9693	90.0
9694	90.0
9695	90.0
9696	90.0
9697	90.0
9698	90.0
9699	90.0
9700	90.0
9701	90.0
9702	90.0
9703	90.0
9704	90.0
9705	90.0
9706	90.0
9707	90.0
9708	90.0
9709	90.0
9710	90.0
9711	90.0
9712	90.0
9713	90.0
9714	90.0
9715	90.0
9716	90.0
9717	90.0
9718	90.0
9719	90.0
9720	90.0
9721	90.0
9722	90.0
9723	90.0
9724	90.0
9725	90.0
9726	90.0
9727	90.0
9728	90.0
9729	90.0
9730	90.0
9731	90.0
9732	90.0
9733	90.0
9734	90.0
9735	90.0
9736	90.0
9737	90.0
9738	90.0
9739	90.0
9740	90.0
9741	90.0
9742	90.0
9743	90.0
9744	90.0
9745	90.0
9746	90.0
9747	90.0
9748	90.0
9749	90.0
9750	90.0
9751	90.0
9752	90.0
9753	90.0
9754	90.0
9755	90.0
9756	90.0
9757	90.0
9758	90.0
9759	90.0
9760	90.0
9761	90.0
9762	90.0
9763	90.0
9764	90.0
9765	90.0
9766	90.0
9767	90.0
9768	90.0
9769	90.0
9770	90.0
9771	90.0
9772	90.0
9773	90.0
9774	90.0
9775	90.0
9776	90.0
9777	90.0
9778	90.0
9779	90.0
9780	90.0
9781	90.0
9782	90.0
9783	90.0
9784	90.0
9785	90.0
9786	90.0
9787	90.0
9788	90.0
9789	90.0
9790	90.0
9791	90.0
9792	90.0
9793	90.0
9794	90.0
9795	90.0
9796	90.0
9797	90.0
9798	90.0
9799	90.0
9800	90.0
9801	90.0
9802	90.0
9803	90.0
9804	90.0
9805	90.0
9806	90.0
9807	90.0
9808	90.0
9809	90.0
9810	90.0
9811	90.0
9812	90.0
9813	90.0
9814	90.0
9815	90.0
9816	90.0
9817	90.0
9818	90.0
9819	90.0
9820	90.0
9821	90.0
9822	90.0
9823	90.0
9824	90.0
9825	90.0
9826	90.0
9827	90.0
9828	90.0
9829	90.0
9830	90.0
9831	90.0
9832	90.0
9833	90.0
9834	90.0
9835	90.0
9836	90.0
9837	90.0
9838	90.0
9839	90.0
9840	90.0
9841	90.0
9842	90.0
9843	90.0
9844	90.0
9845	90.0
9846	90.0
9847	90.0
9848	90.0
9849	90.0
9850	90.0
9851	90.0
9852	90.0
9853	90.0
9854	90.0
9855	90.0
9856	90.0
9857	90.0
9858	90.0
9859	90.0
9860	90.0
9861	90.0
9862	90.0
9863	90.0
9864	90.0
9865	90.0
9866	90.0
9867	90.0
9868	90.0
9869	90.0
9870	90.0
9871	90.0
9872	90.0
9873	90.0
9874	90.0
9875	90.0
9876	90.0
9877	90.0
9878	90.0
9879	90.0
9880	90.0
9881	90.0
9882	90.0
9883	90.0
9884	90.0
9885	90.0
9886	90.0
9887	90.0
9888	90.0
9889	90.0
9890	90.0
9891	90.0
9892	90.0
9893	90.0
9894	90.0
9895	90.0
9896	90.0
9897	90.0
9898	90.0
9899	90.0
9900	90.0
9901	90.0
9902	90.0
9903	90.0
9904	90.0
9905	90.0
9906	90.0
9907	90.0
9908	90.0
9909	90.0
9910	90.0
9911	90.0
9912	90.0
9913	90.0
9914	90.0
9915	90.0
9916	90.0
9917	90.0
9918	90.0
9919	90.0
9920	90.0
9921	90.0
9922	90.0
9923	90.0
9924	90.0
9925	90.0
9926	90.0
9927	90.0
9928	90.0
9929	90.0
9930	90.0
9931	90.0
9932	90.0
9933	90.0
9934	90.0
9935	90.0
9936	90.0
9937	90.0
9938	90.0
9939	90.0
9940	90.0
9941	90.0
9942	90.0
9943	90.0
9944	90.0
9945	90.0
9946	90.0
9947	90.0
9948	90.0
9949	90.0
9950	90.0
9951	90.0
9952	90.0
9953	90.0
9954	90.0
9955	90.0
9956	90.0
9957	90.0
9958	90.0
9959	90.0
9960	90.0
9961	90.0
9962	90.0
9963	90.0
9964	90.0
9965	90.0
9966	90.0
9967	90.0
9968	90.0
9969	90.0
9970	90.0
9971	90.0
9972	90.0
9973	90.0
9974	90.0
9975	90.0
9976	90.0
9977	90.0
9978	90.0
9979	90.0
9980	90.0
9981	90.0
9982	90.0
9983	90.0
9984	90.0
9985	90.0
9986	90.0
9987	90.0
9988	90.0
9989	90.0
