0	88.56
1	88.56
2	88.56
3	88.56
4	88.56
5	88.56
6	88.56
7	88.56
8	88.56
9	88.56
10	88.56
11	88.56
12	88.56
13	88.56
14	88.56
15	88.56
16	88.56
17	88.56
18	88.56
19	88.56
20	88.56
21	88.56
22	88.56
23	88.56
24	88.56
25	88.56
26	88.56
27	88.56
28	88.56
29	88.56
30	88.56
31	88.56
32	88.56
33	88.56
34	88.56
35	88.56
36	88.56
37	88.56
38	88.56
39	88.56
40	88.56
41	88.56
42	88.56
43	88.56
44	88.56
45	88.56
46	88.56
47	88.56
48	88.56
49	88.56
50	88.56
51	88.56
52	88.56
53	88.56
54	88.56
55	88.56
56	88.56
57	88.56
58	88.56
59	88.56
60	88.56
61	88.56
62	88.56
63	88.56
64	88.56
65	88.56
66	88.56
67	88.56
68	88.56
69	88.56
70	88.56
71	88.56
72	88.56
73	88.56
74	88.56
75	88.56
76	88.56
77	88.56
78	88.56
79	88.56
80	88.56
81	88.56
82	88.56
83	88.56
84	88.56
85	88.56
86	88.56
87	88.56
88	88.56
89	88.56
90	88.56
91	88.56
92	88.56
93	88.56
94	88.56
95	88.56
96	88.56
97	88.56
98	88.56
99	88.56
100	88.56
101	88.56
102	88.56
103	88.56
104	88.56
105	88.56
106	88.56
107	88.56
108	88.56
109	88.56
110	88.56
111	88.56
112	88.56
113	88.56
114	88.56
115	88.56
116	88.56
117	88.56
118	88.56
119	88.56
120	88.56
121	88.56
122	88.56
123	88.56
124	88.56
125	88.56
126	88.56
127	88.56
128	88.56
129	88.56
130	88.56
131	88.56
132	88.56
133	88.56
134	88.56
135	88.56
136	88.56
137	88.56
138	88.56
139	88.56
140	88.56
141	88.56
142	88.56
143	88.56
144	88.56
145	88.56
146	88.56
147	88.56
148	88.56
149	88.56
150	88.56
151	88.56
152	88.56
153	88.56
154	88.56
155	88.56
156	88.56
157	88.56
158	88.56
159	88.56
160	88.56
161	88.56
162	88.56
163	88.56
164	88.56
165	88.56
166	88.56
167	88.56
168	88.56
169	88.56
170	88.56
171	88.56
172	88.56
173	88.56
174	88.56
175	88.56
176	88.56
177	88.56
178	88.56
179	88.56
180	88.56
181	88.56
182	88.56
183	88.56
184	88.56
185	88.56
186	88.56
187	88.56
188	88.56
189	88.56
190	88.56
191	88.56
192	88.56
193	88.56
194	88.56
195	88.56
196	88.56
197	88.56
198	88.56
199	88.56
200	88.56
201	88.56
202	88.56
203	88.56
204	88.56
205	88.56
206	88.56
207	88.56
208	88.56
209	88.56
210	88.56
211	88.56
212	88.56
213	88.56
214	88.56
215	88.56
216	88.56
217	88.56
218	88.56
219	88.56
220	88.56
221	88.56
222	88.56
223	88.56
224	88.56
225	88.56
226	88.56
227	88.56
228	88.56
229	88.56
230	88.56
231	88.56
232	88.56
233	88.56
234	88.56
235	88.56
236	88.56
237	88.56
238	88.56
239	88.56
240	88.56
241	88.56
242	88.56
243	88.56
244	88.56
245	88.56
246	88.56
247	88.56
248	88.56
249	88.56
250	88.56
251	88.56
252	88.56
253	88.56
254	88.56
255	88.56
256	88.56
257	88.56
258	88.56
259	88.56
260	88.56
261	88.56
262	88.56
263	88.56
264	88.56
265	88.56
266	88.56
267	88.56
268	88.56
269	88.56
270	88.56
271	88.56
272	88.56
273	88.56
274	88.56
275	88.56
276	88.56
277	88.56
278	88.56
279	88.56
280	88.56
281	88.56
282	88.56
283	88.56
284	88.56
285	88.56
286	88.56
287	88.56
288	88.56
289	88.56
290	88.56
291	88.56
292	88.56
293	88.56
294	88.56
295	88.56
296	88.56
297	88.56
298	88.56
299	88.56
300	88.56
301	88.56
302	88.56
303	88.56
304	88.56
305	88.56
306	88.56
307	88.56
308	88.56
309	88.56
310	88.56
311	88.56
312	88.56
313	88.56
314	88.56
315	88.56
316	88.56
317	88.56
318	88.56
319	88.56
320	88.56
321	88.56
322	88.56
323	88.56
324	88.56
325	88.56
326	88.56
327	88.56
328	88.56
329	88.56
330	88.56
331	88.56
332	88.56
333	88.56
334	88.56
335	88.56
336	88.56
337	88.56
338	88.56
339	88.56
340	88.56
341	88.56
342	88.56
343	88.56
344	88.56
345	88.56
346	88.56
347	88.56
348	88.56
349	88.56
350	88.56
351	88.56
352	88.56
353	88.56
354	88.56
355	88.56
356	88.56
357	88.56
358	88.56
359	88.56
360	88.56
361	88.56
362	88.56
363	88.56
364	88.56
365	88.56
366	88.56
367	88.56
368	88.56
369	88.56
370	88.56
371	88.56
372	88.56
373	88.56
374	88.56
375	88.56
376	88.56
377	88.56
378	88.56
379	88.56
380	88.56
381	88.56
382	88.56
383	88.56
384	88.56
385	88.56
386	88.56
387	88.56
388	88.56
389	88.56
390	88.56
391	88.56
392	88.56
393	88.56
394	88.56
395	88.56
396	88.56
397	88.56
398	88.56
399	88.56
400	88.56
401	88.56
402	88.56
403	88.56
404	88.56
405	88.56
406	88.56
407	88.56
408	88.56
409	88.56
410	88.56
411	88.56
412	88.56
413	88.56
414	88.56
415	88.56
416	88.56
417	88.56
418	88.56
419	88.56
420	88.56
421	88.56
422	88.56
423	88.56
424	88.56
425	88.56
426	88.56
427	88.56
428	88.56
429	88.56
430	88.56
431	88.56
432	88.56
433	88.56
434	88.56
435	88.56
436	88.56
437	88.56
438	88.56
439	88.56
440	88.56
441	88.56
442	88.56
443	88.56
444	88.56
445	88.56
446	88.56
447	88.56
448	88.56
449	88.56
450	88.56
451	88.56
452	88.56
453	88.56
454	88.56
455	88.56
456	88.56
457	88.56
458	88.56
459	88.56
460	88.56
461	88.56
462	88.56
463	88.56
464	88.56
465	88.56
466	88.56
467	88.56
468	88.56
469	88.56
470	88.56
471	88.56
472	88.56
473	88.56
474	88.56
475	88.56
476	88.56
477	88.56
478	88.56
479	88.56
480	88.56
481	88.56
482	88.56
483	88.56
484	88.56
485	88.56
486	88.56
487	88.56
488	88.56
489	88.56
490	88.56
491	88.56
492	88.56
493	88.56
494	88.56
495	88.56
496	88.56
497	88.56
498	88.56
499	88.56
500	88.56
501	88.56
502	88.56
503	88.56
504	88.56
505	88.56
506	88.56
507	88.56
508	88.56
509	88.56
510	88.56
511	88.56
512	88.56
513	88.56
514	88.56
515	88.56
516	88.56
517	88.56
518	88.56
519	88.56
520	88.56
521	88.56
522	88.56
523	88.56
524	88.56
525	88.56
526	88.56
527	88.56
528	88.56
529	88.56
530	88.56
531	88.56
532	88.56
533	88.56
534	88.56
535	88.56
536	88.56
537	88.56
538	88.56
539	88.56
540	88.56
541	88.56
542	88.56
543	88.56
544	88.56
545	88.56
546	88.56
547	88.56
548	88.56
549	88.56
550	88.56
551	88.56
552	88.56
553	88.56
554	88.56
555	88.56
556	88.56
557	88.56
558	88.56
559	88.56
560	88.56
561	88.56
562	88.56
563	88.56
564	88.56
565	88.56
566	88.56
567	88.56
568	88.56
569	88.56
570	88.56
571	88.56
572	88.56
573	88.56
574	88.56
575	88.56
576	88.56
577	88.56
578	88.56
579	88.56
580	88.56
581	88.56
582	88.56
583	88.56
584	88.56
585	88.56
586	88.56
587	88.56
588	88.56
589	88.56
590	88.56
591	88.56
592	88.56
593	88.56
594	88.56
595	88.56
596	88.56
597	88.56
598	88.56
599	88.56
600	88.56
601	88.56
602	88.56
603	88.56
604	88.56
605	88.56
606	88.56
607	88.56
608	88.56
609	88.56
610	88.56
611	88.56
612	88.56
613	88.56
614	88.56
615	88.56
616	88.56
617	88.56
618	88.56
619	88.56
620	88.56
621	88.56
622	88.56
623	88.56
624	88.56
625	88.56
626	88.56
627	88.56
628	88.56
629	88.56
630	88.56
631	88.56
632	88.56
633	88.56
634	88.56
635	88.56
636	88.56
637	88.56
638	88.56
639	88.56
640	88.56
641	88.56
642	88.56
643	88.56
644	88.56
645	88.56
646	88.56
647	88.56
648	88.56
649	88.56
650	88.56
651	88.56
652	88.56
653	88.56
654	88.56
655	88.56
656	88.56
657	88.56
658	88.56
659	88.56
660	88.56
661	88.56
662	88.56
663	88.56
664	88.56
665	88.56
666	88.56
667	88.56
668	88.56
669	88.56
670	88.56
671	88.56
672	88.56
673	88.56
674	88.56
675	88.56
676	88.56
677	88.56
678	88.56
679	88.56
680	88.56
681	88.56
682	88.56
683	88.56
684	88.56
685	88.56
686	88.56
687	88.56
688	88.56
689	88.56
690	88.56
691	88.56
692	88.56
693	88.56
694	88.56
695	88.56
696	88.56
697	88.56
698	88.56
699	88.56
700	88.56
701	88.56
702	88.56
703	88.56
704	88.56
705	88.56
706	88.56
707	88.56
708	88.56
709	88.56
710	88.56
711	88.56
712	88.56
713	88.56
714	88.56
715	88.56
716	88.56
717	88.56
718	88.56
719	88.56
720	88.56
721	88.56
722	88.56
723	88.56
724	88.56
725	88.56
726	88.56
727	88.56
728	88.56
729	88.56
730	88.56
731	88.56
732	88.56
733	88.56
734	88.56
735	88.56
736	88.56
737	88.56
738	88.56
739	88.56
740	88.56
741	88.56
742	88.56
743	88.56
744	88.56
745	88.56
746	88.56
747	88.56
748	88.56
749	88.56
750	88.56
751	88.56
752	88.56
753	88.56
754	88.56
755	88.56
756	88.56
757	88.56
758	88.56
759	88.56
760	88.56
761	88.56
762	88.56
763	88.56
764	88.56
765	88.56
766	88.56
767	88.56
768	88.56
769	88.56
770	88.56
771	88.56
772	88.56
773	88.56
774	88.56
775	88.56
776	88.56
777	88.56
778	88.56
779	88.56
780	88.56
781	88.56
782	88.56
783	88.56
784	88.56
785	88.56
786	88.56
787	88.56
788	88.56
789	88.56
790	88.56
791	88.56
792	88.56
793	88.56
794	88.56
795	88.56
796	88.56
797	88.56
798	88.56
799	88.56
800	88.56
801	88.56
802	88.56
803	88.56
804	88.56
805	88.56
806	88.56
807	88.56
808	88.56
809	88.56
810	88.56
811	88.56
812	88.56
813	88.56
814	88.56
815	88.56
816	88.56
817	88.56
818	88.56
819	88.56
820	88.56
821	88.56
822	88.56
823	88.56
824	88.56
825	88.56
826	88.56
827	88.56
828	88.56
829	88.56
830	88.56
831	88.56
832	88.56
833	88.56
834	88.56
835	88.56
836	88.56
837	88.56
838	88.56
839	88.56
840	88.56
841	88.56
842	88.56
843	88.56
844	88.56
845	88.56
846	88.56
847	88.56
848	88.56
849	88.56
850	88.56
851	88.56
852	88.56
853	88.56
854	88.56
855	88.56
856	88.56
857	88.56
858	88.56
859	88.56
860	88.56
861	88.56
862	88.56
863	88.56
864	88.56
865	88.56
866	88.56
867	88.56
868	88.56
869	88.56
870	88.56
871	88.56
872	88.56
873	88.56
874	88.56
875	88.56
876	88.56
877	88.56
878	88.56
879	88.56
880	88.56
881	88.56
882	88.56
883	88.56
884	88.56
885	88.56
886	88.56
887	88.56
888	88.56
889	88.56
890	88.56
891	88.56
892	88.56
893	88.56
894	88.56
895	88.56
896	88.56
897	88.56
898	88.56
899	88.56
900	88.56
901	88.56
902	88.56
903	88.56
904	88.56
905	88.56
906	88.56
907	88.56
908	88.56
909	88.56
910	88.56
911	88.56
912	88.56
913	88.56
914	88.56
915	88.56
916	88.56
917	88.56
918	88.56
919	88.56
920	88.56
921	88.56
922	88.56
923	88.56
924	88.56
925	88.56
926	88.56
927	88.56
928	88.56
929	88.56
930	88.56
931	88.56
932	88.56
933	88.56
934	88.56
935	88.56
936	88.56
937	88.56
938	88.56
939	88.56
940	88.56
941	88.56
942	88.56
943	88.56
944	88.56
945	88.56
946	88.56
947	88.56
948	88.56
949	88.56
950	88.56
951	88.56
952	88.56
953	88.56
954	88.56
955	88.56
956	88.56
957	88.56
958	88.56
959	88.56
960	88.56
961	88.56
962	88.56
963	88.56
964	88.56
965	88.56
966	88.56
967	88.56
968	88.56
969	88.56
970	88.56
971	88.56
972	88.56
973	88.56
974	88.56
975	88.56
976	88.56
977	88.56
978	88.56
979	88.56
980	88.56
981	88.56
982	88.56
983	88.56
984	88.56
985	88.56
986	88.56
987	88.56
988	88.56
989	88.56
990	88.56
991	88.56
992	88.56
993	88.56
994	88.56
995	88.56
996	88.56
997	88.56
998	88.56
999	88.56
1000	88.56
1001	88.56
1002	88.56
1003	88.56
1004	88.56
1005	88.56
1006	88.56
1007	88.56
1008	88.56
1009	88.56
1010	88.56
1011	88.56
1012	88.56
1013	88.56
1014	88.56
1015	88.56
1016	88.56
1017	88.56
1018	88.56
1019	88.56
1020	88.56
1021	88.56
1022	88.56
1023	88.56
1024	88.56
1025	88.56
1026	88.56
1027	88.56
1028	88.56
1029	88.56
1030	88.56
1031	88.56
1032	88.56
1033	88.56
1034	88.56
1035	88.56
1036	88.56
1037	88.56
1038	88.56
1039	88.56
1040	88.56
1041	88.56
1042	88.56
1043	88.56
1044	88.56
1045	88.56
1046	88.56
1047	88.56
1048	88.56
1049	88.56
1050	88.56
1051	88.56
1052	88.56
1053	88.56
1054	88.56
1055	88.56
1056	88.56
1057	88.56
1058	88.56
1059	88.56
1060	88.56
1061	88.56
1062	88.56
1063	88.56
1064	88.56
1065	88.56
1066	88.56
1067	88.56
1068	88.56
1069	88.56
1070	88.56
1071	88.56
1072	88.56
1073	88.56
1074	88.56
1075	88.56
1076	88.56
1077	88.56
1078	88.56
1079	88.56
1080	88.56
1081	88.56
1082	88.56
1083	88.56
1084	88.56
1085	88.56
1086	88.56
1087	88.56
1088	88.56
1089	88.56
1090	88.56
1091	88.56
1092	88.56
1093	88.56
1094	88.56
1095	88.56
1096	88.56
1097	88.56
1098	88.56
1099	88.56
1100	88.56
1101	88.56
1102	88.56
1103	88.56
1104	88.56
1105	88.56
1106	88.56
1107	88.56
1108	88.56
1109	88.56
1110	88.56
1111	88.56
1112	88.56
1113	88.56
1114	88.56
1115	88.56
1116	88.56
1117	88.56
1118	88.56
1119	88.56
1120	88.56
1121	88.56
1122	88.56
1123	88.56
1124	88.56
1125	88.56
1126	88.56
1127	88.56
1128	88.56
1129	88.56
1130	88.56
1131	88.56
1132	88.56
1133	88.56
1134	88.56
1135	88.56
1136	88.56
1137	88.56
1138	88.56
1139	88.56
1140	88.56
1141	88.56
1142	88.56
1143	88.56
1144	88.56
1145	88.56
1146	88.56
1147	88.56
1148	88.56
1149	88.56
1150	88.56
1151	88.56
1152	88.56
1153	88.56
1154	88.56
1155	88.56
1156	88.56
1157	88.56
1158	88.56
1159	88.56
1160	88.56
1161	88.56
1162	88.56
1163	88.56
1164	88.56
1165	88.56
1166	88.56
1167	88.56
1168	88.56
1169	88.56
1170	88.56
1171	88.56
1172	88.56
1173	88.56
1174	88.56
1175	88.56
1176	88.56
1177	88.56
1178	88.56
1179	88.56
1180	88.56
1181	88.56
1182	88.56
1183	88.56
1184	88.56
1185	88.56
1186	88.56
1187	88.56
1188	88.56
1189	88.56
1190	88.56
1191	88.56
1192	88.56
1193	88.56
1194	88.56
1195	88.56
1196	88.56
1197	88.56
1198	88.56
1199	88.56
1200	88.56
1201	88.56
1202	88.56
1203	88.56
1204	88.56
1205	88.56
1206	88.56
1207	88.56
1208	88.56
1209	88.56
1210	88.56
1211	88.56
1212	88.56
1213	88.56
1214	88.56
1215	88.56
1216	88.56
1217	88.56
1218	88.56
1219	88.56
1220	88.56
1221	88.56
1222	88.56
1223	88.56
1224	88.56
1225	88.56
1226	88.56
1227	88.56
1228	88.56
1229	88.56
1230	88.56
1231	88.56
1232	88.56
1233	88.56
1234	88.56
1235	88.56
1236	88.56
1237	88.56
1238	88.56
1239	88.56
1240	88.56
1241	88.56
1242	88.56
1243	88.56
1244	88.56
1245	88.56
1246	88.56
1247	88.56
1248	88.56
1249	88.56
1250	88.56
1251	88.56
1252	88.56
1253	88.56
1254	88.56
1255	88.56
1256	88.56
1257	88.56
1258	88.56
1259	88.56
1260	88.56
1261	88.56
1262	88.56
1263	88.56
1264	88.56
1265	88.56
1266	88.56
1267	88.56
1268	88.56
1269	88.56
1270	88.56
1271	88.56
1272	88.56
1273	88.56
1274	88.56
1275	88.56
1276	88.56
1277	88.56
1278	88.56
1279	88.56
1280	88.56
1281	88.56
1282	88.56
1283	88.56
1284	88.56
1285	88.56
1286	88.56
1287	88.56
1288	88.56
1289	88.56
1290	88.56
1291	88.56
1292	88.56
1293	88.56
1294	88.56
1295	88.56
1296	88.56
1297	88.56
1298	88.56
1299	88.56
1300	88.56
1301	88.56
1302	88.56
1303	88.56
1304	88.56
1305	88.56
1306	88.56
1307	88.56
1308	88.56
1309	88.56
1310	88.56
1311	88.56
1312	88.56
1313	88.56
1314	88.56
1315	88.56
1316	88.56
1317	88.56
1318	88.56
1319	88.56
1320	88.56
1321	88.56
1322	88.56
1323	88.56
1324	88.56
1325	88.56
1326	88.56
1327	88.56
1328	88.56
1329	88.56
1330	88.56
1331	88.56
1332	88.56
1333	88.56
1334	88.56
1335	88.56
1336	88.56
1337	88.56
1338	88.56
1339	88.56
1340	88.56
1341	88.56
1342	88.56
1343	88.56
1344	88.56
1345	88.56
1346	88.56
1347	88.56
1348	88.56
1349	88.56
1350	88.56
1351	88.56
1352	88.56
1353	88.56
1354	88.56
1355	88.56
1356	88.56
1357	88.56
1358	88.56
1359	88.56
1360	88.56
1361	88.56
1362	88.56
1363	88.56
1364	88.56
1365	88.56
1366	88.56
1367	88.56
1368	88.56
1369	88.56
1370	88.56
1371	88.56
1372	88.56
1373	88.56
1374	88.56
1375	88.56
1376	88.56
1377	88.56
1378	88.56
1379	88.56
1380	88.56
1381	88.56
1382	88.56
1383	88.56
1384	88.56
1385	88.56
1386	88.56
1387	88.56
1388	88.56
1389	88.56
1390	88.56
1391	88.56
1392	88.56
1393	88.56
1394	88.56
1395	88.56
1396	88.56
1397	88.56
1398	88.56
1399	88.56
1400	88.56
1401	88.56
1402	88.56
1403	88.56
1404	88.56
1405	88.56
1406	88.56
1407	88.56
1408	88.56
1409	88.56
1410	88.56
1411	88.56
1412	88.56
1413	88.56
1414	88.56
1415	88.56
1416	88.56
1417	88.56
1418	88.56
1419	88.56
1420	88.56
1421	88.56
1422	88.56
1423	88.56
1424	88.56
1425	88.56
1426	88.56
1427	88.56
1428	88.56
1429	88.56
1430	88.56
1431	88.56
1432	88.56
1433	88.56
1434	88.56
1435	88.56
1436	88.56
1437	88.56
1438	88.56
1439	88.56
1440	88.56
1441	88.56
1442	88.56
1443	88.56
1444	88.56
1445	88.56
1446	88.56
1447	88.56
1448	88.56
1449	88.56
1450	88.56
1451	88.56
1452	88.56
1453	88.56
1454	88.56
1455	88.56
1456	88.56
1457	88.56
1458	88.56
1459	88.56
1460	88.56
1461	88.56
1462	88.56
1463	88.56
1464	88.56
1465	88.56
1466	88.56
1467	88.56
1468	88.56
1469	88.56
1470	88.56
1471	88.56
1472	88.56
1473	88.56
1474	88.56
1475	88.56
1476	88.56
1477	88.56
1478	88.56
1479	88.56
1480	88.56
1481	88.56
1482	88.56
1483	88.56
1484	88.56
1485	88.56
1486	88.56
1487	88.56
1488	88.56
1489	88.56
1490	88.56
1491	88.56
1492	88.56
1493	88.56
1494	88.56
1495	88.56
1496	88.56
1497	88.56
1498	88.56
1499	88.56
1500	88.56
1501	88.56
1502	88.56
1503	88.56
1504	88.56
1505	88.56
1506	88.56
1507	88.56
1508	88.56
1509	88.56
1510	88.56
1511	88.56
1512	88.56
1513	88.56
1514	88.56
1515	88.56
1516	88.56
1517	88.56
1518	88.56
1519	88.56
1520	88.56
1521	88.56
1522	88.56
1523	88.56
1524	88.56
1525	88.56
1526	88.56
1527	88.56
1528	88.56
1529	88.56
1530	88.56
1531	88.56
1532	88.56
1533	88.56
1534	88.56
1535	88.56
1536	88.56
1537	88.56
1538	88.56
1539	88.56
1540	88.56
1541	88.56
1542	88.56
1543	88.56
1544	88.56
1545	88.56
1546	88.56
1547	88.56
1548	88.56
1549	88.56
1550	88.56
1551	88.56
1552	88.56
1553	88.56
1554	88.56
1555	88.56
1556	88.56
1557	88.56
1558	88.56
1559	88.56
1560	88.56
1561	88.56
1562	88.56
1563	88.56
1564	88.56
1565	88.56
1566	88.56
1567	88.56
1568	88.56
1569	88.56
1570	88.56
1571	88.56
1572	88.56
1573	88.56
1574	88.56
1575	88.56
1576	88.56
1577	88.56
1578	88.56
1579	88.56
1580	88.56
1581	88.56
1582	88.56
1583	88.56
1584	88.56
1585	88.56
1586	88.56
1587	88.56
1588	88.56
1589	88.56
1590	88.56
1591	88.56
1592	88.56
1593	88.56
1594	88.56
1595	88.56
1596	88.56
1597	88.56
1598	88.56
1599	88.56
1600	88.56
1601	88.56
1602	88.56
1603	88.56
1604	88.56
1605	88.56
1606	88.56
1607	88.56
1608	88.56
1609	88.56
1610	88.56
1611	88.56
1612	88.56
1613	88.56
1614	88.56
1615	88.56
1616	88.56
1617	88.56
1618	88.56
1619	88.56
1620	88.56
1621	88.56
1622	88.56
1623	88.56
1624	88.56
1625	88.56
1626	88.56
1627	88.56
1628	88.56
1629	88.56
1630	88.56
1631	88.56
1632	88.56
1633	88.56
1634	88.56
1635	88.56
1636	88.56
1637	88.56
1638	88.56
1639	88.56
1640	88.56
1641	88.56
1642	88.56
1643	88.56
1644	88.56
1645	88.56
1646	88.56
1647	88.56
1648	88.56
1649	88.56
1650	88.56
1651	88.56
1652	88.56
1653	88.56
1654	88.56
1655	88.56
1656	88.56
1657	88.56
1658	88.56
1659	88.56
1660	88.56
1661	88.56
1662	88.56
1663	88.56
1664	88.56
1665	88.56
1666	88.56
1667	88.56
1668	88.56
1669	88.56
1670	88.56
1671	88.56
1672	88.56
1673	88.56
1674	88.56
1675	88.56
1676	88.56
1677	88.56
1678	88.56
1679	88.56
1680	88.56
1681	88.56
1682	88.56
1683	88.56
1684	88.56
1685	88.56
1686	88.56
1687	88.56
1688	88.56
1689	88.56
1690	88.56
1691	88.56
1692	88.56
1693	88.56
1694	88.56
1695	88.56
1696	88.56
1697	88.56
1698	88.56
1699	88.56
1700	88.56
1701	88.56
1702	88.56
1703	88.56
1704	88.56
1705	88.56
1706	88.56
1707	88.56
1708	88.56
1709	88.56
1710	88.56
1711	88.56
1712	88.56
1713	88.56
1714	88.56
1715	88.56
1716	88.56
1717	88.56
1718	88.56
1719	88.56
1720	88.56
1721	88.56
1722	88.56
1723	88.56
1724	88.56
1725	88.56
1726	88.56
1727	88.56
1728	88.56
1729	88.56
1730	88.56
1731	88.56
1732	88.56
1733	88.56
1734	88.56
1735	88.56
1736	88.56
1737	88.56
1738	88.56
1739	88.56
1740	88.56
1741	88.56
1742	88.56
1743	88.56
1744	88.56
1745	88.56
1746	88.56
1747	88.56
1748	88.56
1749	88.56
1750	88.56
1751	88.56
1752	88.56
1753	88.56
1754	88.56
1755	88.56
1756	88.56
1757	88.56
1758	88.56
1759	88.56
1760	88.56
1761	88.56
1762	88.56
1763	88.56
1764	88.56
1765	88.56
1766	88.56
1767	88.56
1768	88.56
1769	88.56
1770	88.56
1771	88.56
1772	88.56
1773	88.56
1774	88.56
1775	88.56
1776	88.56
1777	88.56
1778	88.56
1779	88.56
1780	88.56
1781	88.56
1782	88.56
1783	88.56
1784	88.56
1785	88.56
1786	88.56
1787	88.56
1788	88.56
1789	88.56
1790	88.56
1791	88.56
1792	88.56
1793	88.56
1794	88.56
1795	88.56
1796	88.56
1797	88.56
1798	88.56
1799	88.56
1800	88.56
1801	88.56
1802	88.56
1803	88.56
1804	88.56
1805	88.56
1806	88.56
1807	88.56
1808	88.56
1809	88.56
1810	88.56
1811	88.56
1812	88.56
1813	88.56
1814	88.56
1815	88.56
1816	88.56
1817	88.56
1818	88.56
1819	88.56
1820	88.56
1821	88.56
1822	88.56
1823	88.56
1824	88.56
1825	88.56
1826	88.56
1827	88.56
1828	88.56
1829	88.56
1830	88.56
1831	88.56
1832	88.56
1833	88.56
1834	88.56
1835	88.56
1836	88.56
1837	88.56
1838	88.56
1839	88.56
1840	88.56
1841	88.56
1842	88.56
1843	88.56
1844	88.56
1845	88.56
1846	88.56
1847	88.56
1848	88.56
1849	88.56
1850	88.56
1851	88.56
1852	88.56
1853	88.56
1854	88.56
1855	88.56
1856	88.56
1857	88.56
1858	88.56
1859	88.56
1860	88.56
1861	88.56
1862	88.56
1863	88.56
1864	88.56
1865	88.56
1866	88.56
1867	88.56
1868	88.56
1869	88.56
1870	88.56
1871	88.56
1872	88.56
1873	88.56
1874	88.56
1875	88.56
1876	88.56
1877	88.56
1878	88.56
1879	88.56
1880	88.56
1881	88.56
1882	88.56
1883	88.56
1884	88.56
1885	88.56
1886	88.56
1887	88.56
1888	88.56
1889	88.56
1890	88.56
1891	88.56
1892	88.56
1893	88.56
1894	88.56
1895	88.56
1896	88.56
1897	88.56
1898	88.56
1899	88.56
1900	88.56
1901	88.56
1902	88.56
1903	88.56
1904	88.56
1905	88.56
1906	88.56
1907	88.56
1908	88.56
1909	88.56
1910	88.56
1911	88.56
1912	88.56
1913	88.56
1914	88.56
1915	88.56
1916	88.56
1917	88.56
1918	88.56
1919	88.56
1920	88.56
1921	88.56
1922	88.56
1923	88.56
1924	88.56
1925	88.56
1926	88.56
1927	88.56
1928	88.56
1929	88.56
1930	88.56
1931	88.56
1932	88.56
1933	88.56
1934	88.56
1935	88.56
1936	88.56
1937	88.56
1938	88.56
1939	88.56
1940	88.56
1941	88.56
1942	88.56
1943	88.56
1944	88.56
1945	88.56
1946	88.56
1947	88.56
1948	88.56
1949	88.56
1950	88.56
1951	88.56
1952	88.56
1953	88.56
1954	88.56
1955	88.56
1956	88.56
1957	88.56
1958	88.56
1959	88.56
1960	88.56
1961	88.56
1962	88.56
1963	88.56
1964	88.56
1965	88.56
1966	88.56
1967	88.56
1968	88.56
1969	88.56
1970	88.56
1971	88.56
1972	88.56
1973	88.56
1974	88.56
1975	88.56
1976	88.56
1977	88.56
1978	88.56
1979	88.56
1980	88.56
1981	88.56
1982	88.56
1983	88.56
1984	88.56
1985	88.56
1986	88.56
1987	88.56
1988	88.56
1989	88.56
1990	88.56
1991	88.56
1992	88.56
1993	88.56
1994	88.56
1995	88.56
1996	88.56
1997	88.56
1998	88.56
1999	88.56
2000	88.56
2001	88.56
2002	88.56
2003	88.56
2004	88.56
2005	88.56
2006	88.56
2007	88.56
2008	88.56
2009	88.56
2010	88.56
2011	88.56
2012	88.56
2013	88.56
2014	88.56
2015	88.56
2016	88.56
2017	88.56
2018	88.56
2019	88.56
2020	88.56
2021	88.56
2022	88.56
2023	88.56
2024	88.56
2025	88.56
2026	88.56
2027	88.56
2028	88.56
2029	88.56
2030	88.56
2031	88.56
2032	88.56
2033	88.56
2034	88.56
2035	88.56
2036	88.56
2037	88.56
2038	88.56
2039	88.56
2040	88.56
2041	88.56
2042	88.56
2043	88.56
2044	88.56
2045	88.56
2046	88.56
2047	88.56
2048	88.56
2049	88.56
2050	88.56
2051	88.56
2052	88.56
2053	88.56
2054	88.56
2055	88.56
2056	88.56
2057	88.56
2058	88.56
2059	88.56
2060	88.56
2061	88.56
2062	88.56
2063	88.56
2064	88.56
2065	88.56
2066	88.56
2067	88.56
2068	88.56
2069	88.56
2070	88.56
2071	88.56
2072	88.56
2073	88.56
2074	88.56
2075	88.56
2076	88.56
2077	88.56
2078	88.56
2079	88.56
2080	88.56
2081	88.56
2082	88.56
2083	88.56
2084	88.56
2085	88.56
2086	88.56
2087	88.56
2088	88.56
2089	88.56
2090	88.56
2091	88.56
2092	88.56
2093	88.56
2094	88.56
2095	88.56
2096	88.56
2097	88.56
2098	88.56
2099	88.56
2100	88.56
2101	88.56
2102	88.56
2103	88.56
2104	88.56
2105	88.56
2106	88.56
2107	88.56
2108	88.56
2109	88.56
2110	88.56
2111	88.56
2112	88.56
2113	88.56
2114	88.56
2115	88.56
2116	88.56
2117	88.56
2118	88.56
2119	88.56
2120	88.56
2121	88.56
2122	88.56
2123	88.56
2124	88.56
2125	88.56
2126	88.56
2127	88.56
2128	88.56
2129	88.56
2130	88.56
2131	88.56
2132	88.56
2133	88.56
2134	88.56
2135	88.56
2136	88.56
2137	88.56
2138	88.56
2139	88.56
2140	88.56
2141	88.56
2142	88.56
2143	88.56
2144	88.56
2145	88.56
2146	88.56
2147	88.56
2148	88.56
2149	88.56
2150	88.56
2151	88.56
2152	88.56
2153	88.56
2154	88.56
2155	88.56
2156	88.56
2157	88.56
2158	88.56
2159	88.56
2160	88.56
2161	88.56
2162	88.56
2163	88.56
2164	88.56
2165	88.56
2166	88.56
2167	88.56
2168	88.56
2169	88.56
2170	88.56
2171	88.56
2172	88.56
2173	88.56
2174	88.56
2175	88.56
2176	88.56
2177	88.56
2178	88.56
2179	88.56
2180	88.56
2181	88.56
2182	88.56
2183	88.56
2184	88.56
2185	88.56
2186	88.56
2187	88.56
2188	88.56
2189	88.56
2190	88.56
2191	88.56
2192	88.56
2193	88.56
2194	88.56
2195	88.56
2196	88.56
2197	88.56
2198	88.56
2199	88.56
2200	88.56
2201	88.56
2202	88.56
2203	88.56
2204	88.56
2205	88.56
2206	88.56
2207	88.56
2208	88.56
2209	88.56
2210	88.56
2211	88.56
2212	88.56
2213	88.56
2214	88.56
2215	88.56
2216	88.56
2217	88.56
2218	88.56
2219	88.56
2220	88.56
2221	88.56
2222	88.56
2223	88.56
2224	88.56
2225	88.56
2226	88.56
2227	88.56
2228	88.56
2229	88.56
2230	88.56
2231	88.56
2232	88.56
2233	88.56
2234	88.56
2235	88.56
2236	88.56
2237	88.56
2238	88.56
2239	88.56
2240	88.56
2241	88.56
2242	88.56
2243	88.56
2244	88.56
2245	88.56
2246	88.56
2247	88.56
2248	88.56
2249	88.56
2250	88.56
2251	88.56
2252	88.56
2253	88.56
2254	88.56
2255	88.56
2256	88.56
2257	88.56
2258	88.56
2259	88.56
2260	88.56
2261	88.56
2262	88.56
2263	88.56
2264	88.56
2265	88.56
2266	88.56
2267	88.56
2268	88.56
2269	88.56
2270	88.56
2271	88.56
2272	88.56
2273	88.56
2274	88.56
2275	88.56
2276	88.56
2277	88.56
2278	88.56
2279	88.56
2280	88.56
2281	88.56
2282	88.56
2283	88.56
2284	88.56
2285	88.56
2286	88.56
2287	88.56
2288	88.56
2289	88.56
2290	88.56
2291	88.56
2292	88.56
2293	88.56
2294	88.56
2295	88.56
2296	88.56
2297	88.56
2298	88.56
2299	88.56
2300	88.56
2301	88.56
2302	88.56
2303	88.56
2304	88.56
2305	88.56
2306	88.56
2307	88.56
2308	88.56
2309	88.56
2310	88.56
2311	88.56
2312	88.56
2313	88.56
2314	88.56
2315	88.56
2316	88.56
2317	88.56
2318	88.56
2319	88.56
2320	88.56
2321	88.56
2322	88.56
2323	88.56
2324	88.56
2325	88.56
2326	88.56
2327	88.56
2328	88.56
2329	88.56
2330	88.56
2331	88.56
2332	88.56
2333	88.56
2334	88.56
2335	88.56
2336	88.56
2337	88.56
2338	88.56
2339	88.56
2340	88.56
2341	88.56
2342	88.56
2343	88.56
2344	88.56
2345	88.56
2346	88.56
2347	88.56
2348	88.56
2349	88.56
2350	88.56
2351	88.56
2352	88.56
2353	88.56
2354	88.56
2355	88.56
2356	88.56
2357	88.56
2358	88.56
2359	88.56
2360	88.56
2361	88.56
2362	88.56
2363	88.56
2364	88.56
2365	88.56
2366	88.56
2367	88.56
2368	88.56
2369	88.56
2370	88.56
2371	88.56
2372	88.56
2373	88.56
2374	88.56
2375	88.56
2376	88.56
2377	88.56
2378	88.56
2379	88.56
2380	88.56
2381	88.56
2382	88.56
2383	88.56
2384	88.56
2385	88.56
2386	88.56
2387	88.56
2388	88.56
2389	88.56
2390	88.56
2391	88.56
2392	88.56
2393	88.56
2394	88.56
2395	88.56
2396	88.56
2397	88.56
2398	88.56
2399	88.56
2400	88.56
2401	88.56
2402	88.56
2403	88.56
2404	88.56
2405	88.56
2406	88.56
2407	88.56
2408	88.56
2409	88.56
2410	88.56
2411	88.56
2412	88.56
2413	88.56
2414	88.56
2415	88.56
2416	88.56
2417	88.56
2418	88.56
2419	88.56
2420	88.56
2421	88.56
2422	88.56
2423	88.56
2424	88.56
2425	88.56
2426	88.56
2427	88.56
2428	88.56
2429	88.56
2430	88.56
2431	88.56
2432	88.56
2433	88.56
2434	88.56
2435	88.56
2436	88.56
2437	88.56
2438	88.56
2439	88.56
2440	88.56
2441	88.56
2442	88.56
2443	88.56
2444	88.56
2445	88.56
2446	88.56
2447	88.56
2448	88.56
2449	88.56
2450	88.56
2451	88.56
2452	88.56
2453	88.56
2454	88.56
2455	88.56
2456	88.56
2457	88.56
2458	88.56
2459	88.56
2460	88.56
2461	88.56
2462	88.56
2463	88.56
2464	88.56
2465	88.56
2466	88.56
2467	88.56
2468	88.56
2469	88.56
2470	88.56
2471	88.56
2472	88.56
2473	88.56
2474	88.56
2475	88.56
2476	88.56
2477	88.56
2478	88.56
2479	88.56
2480	88.56
2481	88.56
2482	88.56
2483	88.56
2484	88.56
2485	88.56
2486	88.56
2487	88.56
2488	88.56
2489	88.56
2490	88.56
2491	88.56
2492	88.56
2493	88.56
2494	88.56
2495	88.56
2496	88.56
2497	88.56
2498	88.56
2499	88.56
2500	88.56
2501	88.56
2502	88.56
2503	88.56
2504	88.56
2505	88.56
2506	88.56
2507	88.56
2508	88.56
2509	88.56
2510	88.56
2511	88.56
2512	88.56
2513	88.56
2514	88.56
2515	88.56
2516	88.56
2517	88.56
2518	88.56
2519	88.56
2520	88.56
2521	88.56
2522	88.56
2523	88.56
2524	88.56
2525	88.56
2526	88.56
2527	88.56
2528	88.56
2529	88.56
2530	88.56
2531	88.56
2532	88.56
2533	88.56
2534	88.56
2535	88.56
2536	88.56
2537	88.56
2538	88.56
2539	88.56
2540	88.56
2541	88.56
2542	88.56
2543	88.56
2544	88.56
2545	88.56
2546	88.56
2547	88.56
2548	88.56
2549	88.56
2550	88.56
2551	88.56
2552	88.56
2553	88.56
2554	88.56
2555	88.56
2556	88.56
2557	88.56
2558	88.56
2559	88.56
2560	88.56
2561	88.56
2562	88.56
2563	88.56
2564	88.56
2565	88.56
2566	88.56
2567	88.56
2568	88.56
2569	88.56
2570	88.56
2571	88.56
2572	88.56
2573	88.56
2574	88.56
2575	88.56
2576	88.56
2577	88.56
2578	88.56
2579	88.56
2580	88.56
2581	88.56
2582	88.56
2583	88.56
2584	88.56
2585	88.56
2586	88.56
2587	88.56
2588	88.56
2589	88.56
2590	88.56
2591	88.56
2592	88.56
2593	88.56
2594	88.56
2595	88.56
2596	88.56
2597	88.56
2598	88.56
2599	88.56
2600	88.56
2601	88.56
2602	88.56
2603	88.56
2604	88.56
2605	88.56
2606	88.56
2607	88.56
2608	88.56
2609	88.56
2610	88.56
2611	88.56
2612	88.56
2613	88.56
2614	88.56
2615	88.56
2616	88.56
2617	88.56
2618	88.56
2619	88.56
2620	88.56
2621	88.56
2622	88.56
2623	88.56
2624	88.56
2625	88.56
2626	88.56
2627	88.56
2628	88.56
2629	88.56
2630	88.56
2631	88.56
2632	88.56
2633	88.56
2634	88.56
2635	88.56
2636	88.56
2637	88.56
2638	88.56
2639	88.56
2640	88.56
2641	88.56
2642	88.56
2643	88.56
2644	88.56
2645	88.56
2646	88.56
2647	88.56
2648	88.56
2649	88.56
2650	88.56
2651	88.56
2652	88.56
2653	88.56
2654	88.56
2655	88.56
2656	88.56
2657	88.56
2658	88.56
2659	88.56
2660	88.56
2661	88.56
2662	88.56
2663	88.56
2664	88.56
2665	88.56
2666	88.56
2667	88.56
2668	88.56
2669	88.56
2670	88.56
2671	88.56
2672	88.56
2673	88.56
2674	88.56
2675	88.56
2676	88.56
2677	88.56
2678	88.56
2679	88.56
2680	88.56
2681	88.56
2682	88.56
2683	88.56
2684	88.56
2685	88.56
2686	88.56
2687	88.56
2688	88.56
2689	88.56
2690	88.56
2691	88.56
2692	88.56
2693	88.56
2694	88.56
2695	88.56
2696	88.56
2697	88.56
2698	88.56
2699	88.56
2700	88.56
2701	88.56
2702	88.56
2703	88.56
2704	88.56
2705	88.56
2706	88.56
2707	88.56
2708	88.56
2709	88.56
2710	88.56
2711	88.56
2712	88.56
2713	88.56
2714	88.56
2715	88.56
2716	88.56
2717	88.56
2718	88.56
2719	88.56
2720	88.56
2721	88.56
2722	88.56
2723	88.56
2724	88.56
2725	88.56
2726	88.56
2727	88.56
2728	88.56
2729	88.56
2730	88.56
2731	88.56
2732	88.56
2733	88.56
2734	88.56
2735	88.56
2736	88.56
2737	88.56
2738	88.56
2739	88.56
2740	88.56
2741	88.56
2742	88.56
2743	88.56
2744	88.56
2745	88.56
2746	88.56
2747	88.56
2748	88.56
2749	88.56
2750	88.56
2751	88.56
2752	88.56
2753	88.56
2754	88.56
2755	88.56
2756	88.56
2757	88.56
2758	88.56
2759	88.56
2760	88.56
2761	88.56
2762	88.56
2763	88.56
2764	88.56
2765	88.56
2766	88.56
2767	88.56
2768	88.56
2769	88.56
2770	88.56
2771	88.56
2772	88.56
2773	88.56
2774	88.56
2775	88.56
2776	88.56
2777	88.56
2778	88.56
2779	88.56
2780	88.56
2781	88.56
2782	88.56
2783	88.56
2784	88.56
2785	88.56
2786	88.56
2787	88.56
2788	88.56
2789	88.56
2790	88.56
2791	88.56
2792	88.56
2793	88.56
2794	88.56
2795	88.56
2796	88.56
2797	88.56
2798	88.56
2799	88.56
2800	88.56
2801	88.56
2802	88.56
2803	88.56
2804	88.56
2805	88.56
2806	88.56
2807	88.56
2808	88.56
2809	88.56
2810	88.56
2811	88.56
2812	88.56
2813	88.56
2814	88.56
2815	88.56
2816	88.56
2817	88.56
2818	88.56
2819	88.56
2820	88.56
2821	88.56
2822	88.56
2823	88.56
2824	88.56
2825	88.56
2826	88.56
2827	88.56
2828	88.56
2829	88.56
2830	88.56
2831	88.56
2832	88.56
2833	88.56
2834	88.56
2835	88.56
2836	88.56
2837	88.56
2838	88.56
2839	88.56
2840	88.56
2841	88.56
2842	88.56
2843	88.56
2844	88.56
2845	88.56
2846	88.56
2847	88.56
2848	88.56
2849	88.56
2850	88.56
2851	88.56
2852	88.56
2853	88.56
2854	88.56
2855	88.56
2856	88.56
2857	88.56
2858	88.56
2859	88.56
2860	88.56
2861	88.56
2862	88.56
2863	88.56
2864	88.56
2865	88.56
2866	88.56
2867	88.56
2868	88.56
2869	88.56
2870	88.56
2871	88.56
2872	88.56
2873	88.56
2874	88.56
2875	88.56
2876	88.56
2877	88.56
2878	88.56
2879	88.56
2880	88.56
2881	88.56
2882	88.56
2883	88.56
2884	88.56
2885	88.56
2886	88.56
2887	88.56
2888	88.56
2889	88.56
2890	88.56
2891	88.56
2892	88.56
2893	88.56
2894	88.56
2895	88.56
2896	88.56
2897	88.56
2898	88.56
2899	88.56
2900	88.56
2901	88.56
2902	88.56
2903	88.56
2904	88.56
2905	88.56
2906	88.56
2907	88.56
2908	88.56
2909	88.56
2910	88.56
2911	88.56
2912	88.56
2913	88.56
2914	88.56
2915	88.56
2916	88.56
2917	88.56
2918	88.56
2919	88.56
2920	88.56
2921	88.56
2922	88.56
2923	88.56
2924	88.56
2925	88.56
2926	88.56
2927	88.56
2928	88.56
2929	88.56
2930	88.56
2931	88.56
2932	88.56
2933	88.56
2934	88.56
2935	88.56
2936	88.56
2937	88.56
2938	88.56
2939	88.56
2940	88.56
2941	88.56
2942	88.56
2943	88.56
2944	88.56
2945	88.56
2946	88.56
2947	88.56
2948	88.56
2949	88.56
2950	88.56
2951	88.56
2952	88.56
2953	88.56
2954	88.56
2955	88.56
2956	88.56
2957	88.56
2958	88.56
2959	88.56
2960	88.56
2961	88.56
2962	88.56
2963	88.56
2964	88.56
2965	88.56
2966	88.56
2967	88.56
2968	88.56
2969	88.56
2970	88.56
2971	88.56
2972	88.56
2973	88.56
2974	88.56
2975	88.56
2976	88.56
2977	88.56
2978	88.56
2979	88.56
2980	88.56
2981	88.56
2982	88.56
2983	88.56
2984	88.56
2985	88.56
2986	88.56
2987	88.56
2988	88.56
2989	88.56
2990	88.56
2991	88.56
2992	88.56
2993	88.56
2994	88.56
2995	88.56
2996	88.56
2997	88.56
2998	88.56
2999	88.56
3000	88.56
3001	88.56
3002	88.56
3003	88.56
3004	88.56
3005	88.56
3006	88.56
3007	88.56
3008	88.56
3009	88.56
3010	88.56
3011	88.56
3012	88.56
3013	88.56
3014	88.56
3015	88.56
3016	88.56
3017	88.56
3018	88.56
3019	88.56
3020	88.56
3021	88.56
3022	88.56
3023	88.56
3024	88.56
3025	88.56
3026	88.56
3027	88.56
3028	88.56
3029	88.56
3030	88.56
3031	88.56
3032	88.56
3033	88.56
3034	88.56
3035	88.56
3036	88.56
3037	88.56
3038	88.56
3039	88.56
3040	88.56
3041	88.56
3042	88.56
3043	88.56
3044	88.56
3045	88.56
3046	88.56
3047	88.56
3048	88.56
3049	88.56
3050	88.56
3051	88.56
3052	88.56
3053	88.56
3054	88.56
3055	88.56
3056	88.56
3057	88.56
3058	88.56
3059	88.56
3060	88.56
3061	88.56
3062	88.56
3063	88.56
3064	88.56
3065	88.56
3066	88.56
3067	88.56
3068	88.56
3069	88.56
3070	88.56
3071	88.56
3072	88.56
3073	88.56
3074	88.56
3075	88.56
3076	88.56
3077	88.56
3078	88.56
3079	88.56
3080	88.56
3081	88.56
3082	88.56
3083	88.56
3084	88.56
3085	88.56
3086	88.56
3087	88.56
3088	88.56
3089	88.56
3090	88.56
3091	88.56
3092	88.56
3093	88.56
3094	88.56
3095	88.56
3096	88.56
3097	88.56
3098	88.56
3099	88.56
3100	88.56
3101	88.56
3102	88.56
3103	88.56
3104	88.56
3105	88.56
3106	88.56
3107	88.56
3108	88.56
3109	88.56
3110	88.56
3111	88.56
3112	88.56
3113	88.56
3114	88.56
3115	88.56
3116	88.56
3117	88.56
3118	88.56
3119	88.56
3120	88.56
3121	88.56
3122	88.56
3123	88.56
3124	88.56
3125	88.56
3126	88.56
3127	88.56
3128	88.56
3129	88.56
3130	88.56
3131	88.56
3132	88.56
3133	88.56
3134	88.56
3135	88.56
3136	88.56
3137	88.56
3138	88.56
3139	88.56
3140	88.56
3141	88.56
3142	88.56
3143	88.56
3144	88.56
3145	88.56
3146	88.56
3147	88.56
3148	88.56
3149	88.56
3150	88.56
3151	88.56
3152	88.56
3153	88.56
3154	88.56
3155	88.56
3156	88.56
3157	88.56
3158	88.56
3159	88.56
3160	88.56
3161	88.56
3162	88.56
3163	88.56
3164	88.56
3165	88.56
3166	88.56
3167	88.56
3168	88.56
3169	88.56
3170	88.56
3171	88.56
3172	88.56
3173	88.56
3174	88.56
3175	88.56
3176	88.56
3177	88.56
3178	88.56
3179	88.56
3180	88.56
3181	88.56
3182	88.56
3183	88.56
3184	88.56
3185	88.56
3186	88.56
3187	88.56
3188	88.56
3189	88.56
3190	88.56
3191	88.56
3192	88.56
3193	88.56
3194	88.56
3195	88.56
3196	88.56
3197	88.56
3198	88.56
3199	88.56
3200	88.56
3201	88.56
3202	88.56
3203	88.56
3204	88.56
3205	88.56
3206	88.56
3207	88.56
3208	88.56
3209	88.56
3210	88.56
3211	88.56
3212	88.56
3213	88.56
3214	88.56
3215	88.56
3216	88.56
3217	88.56
3218	88.56
3219	88.56
3220	88.56
3221	88.56
3222	88.56
3223	88.56
3224	88.56
3225	88.56
3226	88.56
3227	88.56
3228	88.56
3229	88.56
3230	88.56
3231	88.56
3232	88.56
3233	88.56
3234	88.56
3235	88.56
3236	88.56
3237	88.56
3238	88.56
3239	88.56
3240	88.56
3241	88.56
3242	88.56
3243	88.56
3244	88.56
3245	88.56
3246	88.56
3247	88.56
3248	88.56
3249	88.56
3250	88.56
3251	88.56
3252	88.56
3253	88.56
3254	88.56
3255	88.56
3256	88.56
3257	88.56
3258	88.56
3259	88.56
3260	88.56
3261	88.56
3262	88.56
3263	88.56
3264	88.56
3265	88.56
3266	88.56
3267	88.56
3268	88.56
3269	88.56
3270	88.56
3271	88.56
3272	88.56
3273	88.56
3274	88.56
3275	88.56
3276	88.56
3277	88.56
3278	88.56
3279	88.56
3280	88.56
3281	88.56
3282	88.56
3283	88.56
3284	88.56
3285	88.56
3286	88.56
3287	88.56
3288	88.56
3289	88.56
3290	88.56
3291	88.56
3292	88.56
3293	88.56
3294	88.56
3295	88.56
3296	88.56
3297	88.56
3298	88.56
3299	88.56
3300	88.56
3301	88.56
3302	88.56
3303	88.56
3304	88.56
3305	88.56
3306	88.56
3307	88.56
3308	88.56
3309	88.56
3310	88.56
3311	88.56
3312	88.56
3313	88.56
3314	88.56
3315	88.56
3316	88.56
3317	88.56
3318	88.56
3319	88.56
3320	88.56
3321	88.56
3322	88.56
3323	88.56
3324	88.56
3325	88.56
3326	88.56
3327	88.56
3328	88.56
3329	88.56
3330	88.56
3331	88.56
3332	88.56
3333	88.56
3334	88.56
3335	88.56
3336	88.56
3337	88.56
3338	88.56
3339	88.56
3340	88.56
3341	88.56
3342	88.56
3343	88.56
3344	88.56
3345	88.56
3346	88.56
3347	88.56
3348	88.56
3349	88.56
3350	88.56
3351	88.56
3352	88.56
3353	88.56
3354	88.56
3355	88.56
3356	88.56
3357	88.56
3358	88.56
3359	88.56
3360	88.56
3361	88.56
3362	88.56
3363	88.56
3364	88.56
3365	88.56
3366	88.56
3367	88.56
3368	88.56
3369	88.56
3370	88.56
3371	88.56
3372	88.56
3373	88.56
3374	88.56
3375	88.56
3376	88.56
3377	88.56
3378	88.56
3379	88.56
3380	88.56
3381	88.56
3382	88.56
3383	88.56
3384	88.56
3385	88.56
3386	88.56
3387	88.56
3388	88.56
3389	88.56
3390	88.56
3391	88.56
3392	88.56
3393	88.56
3394	88.56
3395	88.56
3396	88.56
3397	88.56
3398	88.56
3399	88.56
3400	88.56
3401	88.56
3402	88.56
3403	88.56
3404	88.56
3405	88.56
3406	88.56
3407	88.56
3408	88.56
3409	88.56
3410	88.56
3411	88.56
3412	88.56
3413	88.56
3414	88.56
3415	88.56
3416	88.56
3417	88.56
3418	88.56
3419	88.56
3420	88.56
3421	88.56
3422	88.56
3423	88.56
3424	88.56
3425	88.56
3426	88.56
3427	88.56
3428	88.56
3429	88.56
3430	88.56
3431	88.56
3432	88.56
3433	88.56
3434	88.56
3435	88.56
3436	88.56
3437	88.56
3438	88.56
3439	88.56
3440	88.56
3441	88.56
3442	88.56
3443	88.56
3444	88.56
3445	88.56
3446	88.56
3447	88.56
3448	88.56
3449	88.56
3450	88.56
3451	88.56
3452	88.56
3453	88.56
3454	88.56
3455	88.56
3456	88.56
3457	88.56
3458	88.56
3459	88.56
3460	88.56
3461	88.56
3462	88.56
3463	88.56
3464	88.56
3465	88.56
3466	88.56
3467	88.56
3468	88.56
3469	88.56
3470	88.56
3471	88.56
3472	88.56
3473	88.56
3474	88.56
3475	88.56
3476	88.56
3477	88.56
3478	88.56
3479	88.56
3480	88.56
3481	88.56
3482	88.56
3483	88.56
3484	88.56
3485	88.56
3486	88.56
3487	88.56
3488	88.56
3489	88.56
3490	88.56
3491	88.56
3492	88.56
3493	88.56
3494	88.56
3495	88.56
3496	88.56
3497	88.56
3498	88.56
3499	88.56
3500	88.56
3501	88.56
3502	88.56
3503	88.56
3504	88.56
3505	88.56
3506	88.56
3507	88.56
3508	88.56
3509	88.56
3510	88.56
3511	88.56
3512	88.56
3513	88.56
3514	88.56
3515	88.56
3516	88.56
3517	88.56
3518	88.56
3519	88.56
3520	88.56
3521	88.56
3522	88.56
3523	88.56
3524	88.56
3525	88.56
3526	88.56
3527	88.56
3528	88.56
3529	88.56
3530	88.56
3531	88.56
3532	88.56
3533	88.56
3534	88.56
3535	88.56
3536	88.56
3537	88.56
3538	88.56
3539	88.56
3540	88.56
3541	88.56
3542	88.56
3543	88.56
3544	88.56
3545	88.56
3546	88.56
3547	88.56
3548	88.56
3549	88.56
3550	88.56
3551	88.56
3552	88.56
3553	88.56
3554	88.56
3555	88.56
3556	88.56
3557	88.56
3558	88.56
3559	88.56
3560	88.56
3561	88.56
3562	88.56
3563	88.56
3564	88.56
3565	88.56
3566	88.56
3567	88.56
3568	88.56
3569	88.56
3570	88.56
3571	88.56
3572	88.56
3573	88.56
3574	88.56
3575	88.56
3576	88.56
3577	88.56
3578	88.56
3579	88.56
3580	88.56
3581	88.56
3582	88.56
3583	88.56
3584	88.56
3585	88.56
3586	88.56
3587	88.56
3588	88.56
3589	88.56
3590	88.56
3591	88.56
3592	88.56
3593	88.56
3594	88.56
3595	88.56
3596	88.56
3597	88.56
3598	88.56
3599	88.56
3600	88.56
3601	88.56
3602	88.56
3603	88.56
3604	88.56
3605	88.56
3606	88.56
3607	88.56
3608	88.56
3609	88.56
3610	88.56
3611	88.56
3612	88.56
3613	88.56
3614	88.56
3615	88.56
3616	88.56
3617	88.56
3618	88.56
3619	88.56
3620	88.56
3621	88.56
3622	88.56
3623	88.56
3624	88.56
3625	88.56
3626	88.56
3627	88.56
3628	88.56
3629	88.56
3630	88.56
3631	88.56
3632	88.56
3633	88.56
3634	88.56
3635	88.56
3636	88.56
3637	88.56
3638	88.56
3639	88.56
3640	88.56
3641	88.56
3642	88.56
3643	88.56
3644	88.56
3645	88.56
3646	88.56
3647	88.56
3648	88.56
3649	88.56
3650	88.56
3651	88.56
3652	88.56
3653	88.56
3654	88.56
3655	88.56
3656	88.56
3657	88.56
3658	88.56
3659	88.56
3660	88.56
3661	88.56
3662	88.56
3663	88.56
3664	88.56
3665	88.56
3666	88.56
3667	88.56
3668	88.56
3669	88.56
3670	88.56
3671	88.56
3672	88.56
3673	88.56
3674	88.56
3675	88.56
3676	88.56
3677	88.56
3678	88.56
3679	88.56
3680	88.56
3681	88.56
3682	88.56
3683	88.56
3684	88.56
3685	88.56
3686	88.56
3687	88.56
3688	88.56
3689	88.56
3690	88.56
3691	88.56
3692	88.56
3693	88.56
3694	88.56
3695	88.56
3696	88.56
3697	88.56
3698	88.56
3699	88.56
3700	88.56
3701	88.56
3702	88.56
3703	88.56
3704	88.56
3705	88.56
3706	88.56
3707	88.56
3708	88.56
3709	88.56
3710	88.56
3711	88.56
3712	88.56
3713	88.56
3714	88.56
3715	88.56
3716	88.56
3717	88.56
3718	88.56
3719	88.56
3720	88.56
3721	88.56
3722	88.56
3723	88.56
3724	88.56
3725	88.56
3726	88.56
3727	88.56
3728	88.56
3729	88.56
3730	88.56
3731	88.56
3732	88.56
3733	88.56
3734	88.56
3735	88.56
3736	88.56
3737	88.56
3738	88.56
3739	88.56
3740	88.56
3741	88.56
3742	88.56
3743	88.56
3744	88.56
3745	88.56
3746	88.56
3747	88.56
3748	88.56
3749	88.56
3750	88.56
3751	88.56
3752	88.56
3753	88.56
3754	88.56
3755	88.56
3756	88.56
3757	88.56
3758	88.56
3759	88.56
3760	88.56
3761	88.56
3762	88.56
3763	88.56
3764	88.56
3765	88.56
3766	88.56
3767	88.56
3768	88.56
3769	88.56
3770	88.56
3771	88.56
3772	88.56
3773	88.56
3774	88.56
3775	88.56
3776	88.56
3777	88.56
3778	88.56
3779	88.56
3780	88.56
3781	88.56
3782	88.56
3783	88.56
3784	88.56
3785	88.56
3786	88.56
3787	88.56
3788	88.56
3789	88.56
3790	88.56
3791	88.56
3792	88.56
3793	88.56
3794	88.56
3795	88.56
3796	88.56
3797	88.56
3798	88.56
3799	88.56
3800	88.56
3801	88.56
3802	88.56
3803	88.56
3804	88.56
3805	88.56
3806	88.56
3807	88.56
3808	88.56
3809	88.56
3810	88.56
3811	88.56
3812	88.56
3813	88.56
3814	88.56
3815	88.56
3816	88.56
3817	88.56
3818	88.56
3819	88.56
3820	88.56
3821	88.56
3822	88.56
3823	88.56
3824	88.56
3825	88.56
3826	88.56
3827	88.56
3828	88.56
3829	88.56
3830	88.56
3831	88.56
3832	88.56
3833	88.56
3834	88.56
3835	88.56
3836	88.56
3837	88.56
3838	88.56
3839	88.56
3840	88.56
3841	88.56
3842	88.56
3843	88.56
3844	88.56
3845	88.56
3846	88.56
3847	88.56
3848	88.56
3849	88.56
3850	88.56
3851	88.56
3852	88.56
3853	88.56
3854	88.56
3855	88.56
3856	88.56
3857	88.56
3858	88.56
3859	88.56
3860	88.56
3861	88.56
3862	88.56
3863	88.56
3864	88.56
3865	88.56
3866	88.56
3867	88.56
3868	88.56
3869	88.56
3870	88.56
3871	88.56
3872	88.56
3873	88.56
3874	88.56
3875	88.56
3876	88.56
3877	88.56
3878	88.56
3879	88.56
3880	88.56
3881	88.56
3882	88.56
3883	88.56
3884	88.56
3885	88.56
3886	88.56
3887	88.56
3888	88.56
3889	88.56
3890	88.56
3891	88.56
3892	88.56
3893	88.56
3894	88.56
3895	88.56
3896	88.56
3897	88.56
3898	88.56
3899	88.56
3900	88.56
3901	88.56
3902	88.56
3903	88.56
3904	88.56
3905	88.56
3906	88.56
3907	88.56
3908	88.56
3909	88.56
3910	88.56
3911	88.56
3912	88.56
3913	88.56
3914	88.56
3915	88.56
3916	88.56
3917	88.56
3918	88.56
3919	88.56
3920	88.56
3921	88.56
3922	88.56
3923	88.56
3924	88.56
3925	88.56
3926	88.56
3927	88.56
3928	88.56
3929	88.56
3930	88.56
3931	88.56
3932	88.56
3933	88.56
3934	88.56
3935	88.56
3936	88.56
3937	88.56
3938	88.56
3939	88.56
3940	88.56
3941	88.56
3942	88.56
3943	88.56
3944	88.56
3945	88.56
3946	88.56
3947	88.56
3948	88.56
3949	88.56
3950	88.56
3951	88.56
3952	88.56
3953	88.56
3954	88.56
3955	88.56
3956	88.56
3957	88.56
3958	88.56
3959	88.56
3960	88.56
3961	88.56
3962	88.56
3963	88.56
3964	88.56
3965	88.56
3966	88.56
3967	88.56
3968	88.56
3969	88.56
3970	88.56
3971	88.56
3972	88.56
3973	88.56
3974	88.56
3975	88.56
3976	88.56
3977	88.56
3978	88.56
3979	88.56
3980	88.56
3981	88.56
3982	88.56
3983	88.56
3984	88.56
3985	88.56
3986	88.56
3987	88.56
3988	88.56
3989	88.56
3990	88.56
3991	88.56
3992	88.56
3993	88.56
3994	88.56
3995	88.56
3996	88.56
3997	88.56
3998	88.56
3999	88.56
4000	88.56
4001	88.56
4002	88.56
4003	88.56
4004	88.56
4005	88.56
4006	88.56
4007	88.56
4008	88.56
4009	88.56
4010	88.56
4011	88.56
4012	88.56
4013	88.56
4014	88.56
4015	88.56
4016	88.56
4017	88.56
4018	88.56
4019	88.56
4020	88.56
4021	88.56
4022	88.56
4023	88.56
4024	88.56
4025	88.56
4026	88.56
4027	88.56
4028	88.56
4029	88.56
4030	88.56
4031	88.56
4032	88.56
4033	88.56
4034	88.56
4035	88.56
4036	88.56
4037	88.56
4038	88.56
4039	88.56
4040	88.56
4041	88.56
4042	88.56
4043	88.56
4044	88.56
4045	88.56
4046	88.56
4047	88.56
4048	88.56
4049	88.56
4050	88.56
4051	88.56
4052	88.56
4053	88.56
4054	88.56
4055	88.56
4056	88.56
4057	88.56
4058	88.56
4059	88.56
4060	88.56
4061	88.56
4062	88.56
4063	88.56
4064	88.56
4065	88.56
4066	88.56
4067	88.56
4068	88.56
4069	88.56
4070	88.56
4071	88.56
4072	88.56
4073	88.56
4074	88.56
4075	88.56
4076	88.56
4077	88.56
4078	88.56
4079	88.56
4080	88.56
4081	88.56
4082	88.56
4083	88.56
4084	88.56
4085	88.56
4086	88.56
4087	88.56
4088	88.56
4089	88.56
4090	88.56
4091	88.56
4092	88.56
4093	88.56
4094	88.56
4095	88.56
4096	88.56
4097	88.56
4098	88.56
4099	88.56
4100	88.56
4101	88.56
4102	88.56
4103	88.56
4104	88.56
4105	88.56
4106	88.56
4107	88.56
4108	88.56
4109	88.56
4110	88.56
4111	88.56
4112	88.56
4113	88.56
4114	88.56
4115	88.56
4116	88.56
4117	88.56
4118	88.56
4119	88.56
4120	88.56
4121	88.56
4122	88.56
4123	88.56
4124	88.56
4125	88.56
4126	88.56
4127	88.56
4128	88.56
4129	88.56
4130	88.56
4131	88.56
4132	88.56
4133	88.56
4134	88.56
4135	88.56
4136	88.56
4137	88.56
4138	88.56
4139	88.56
4140	88.56
4141	88.56
4142	88.56
4143	88.56
4144	88.56
4145	88.56
4146	88.56
4147	88.56
4148	88.56
4149	88.56
4150	88.56
4151	88.56
4152	88.56
4153	88.56
4154	88.56
4155	88.56
4156	88.56
4157	88.56
4158	88.56
4159	88.56
4160	88.56
4161	88.56
4162	88.56
4163	88.56
4164	88.56
4165	88.56
4166	88.56
4167	88.56
4168	88.56
4169	88.56
4170	88.56
4171	88.56
4172	88.56
4173	88.56
4174	88.56
4175	88.56
4176	88.56
4177	88.56
4178	88.56
4179	88.56
4180	88.56
4181	88.56
4182	88.56
4183	88.56
4184	88.56
4185	88.56
4186	88.56
4187	88.56
4188	88.56
4189	88.56
4190	88.56
4191	88.56
4192	88.56
4193	88.56
4194	88.56
4195	88.56
4196	88.56
4197	88.56
4198	88.56
4199	88.56
4200	88.56
4201	88.56
4202	88.56
4203	88.56
4204	88.56
4205	88.56
4206	88.56
4207	88.56
4208	88.56
4209	88.56
4210	88.56
4211	88.56
4212	88.56
4213	88.56
4214	88.56
4215	88.56
4216	88.56
4217	88.56
4218	88.56
4219	88.56
4220	88.56
4221	88.56
4222	88.56
4223	88.56
4224	88.56
4225	88.56
4226	88.56
4227	88.56
4228	88.56
4229	88.56
4230	88.56
4231	88.56
4232	88.56
4233	88.56
4234	88.56
4235	88.56
4236	88.56
4237	88.56
4238	88.56
4239	88.56
4240	88.56
4241	88.56
4242	88.56
4243	88.56
4244	88.56
4245	88.56
4246	88.56
4247	88.56
4248	88.56
4249	88.56
4250	88.56
4251	88.56
4252	88.56
4253	88.56
4254	88.56
4255	88.56
4256	88.56
4257	88.56
4258	88.56
4259	88.56
4260	88.56
4261	88.56
4262	88.56
4263	88.56
4264	88.56
4265	88.56
4266	88.56
4267	88.56
4268	88.56
4269	88.56
4270	88.56
4271	88.56
4272	88.56
4273	88.56
4274	88.56
4275	88.56
4276	88.56
4277	88.56
4278	88.56
4279	88.56
4280	88.56
4281	88.56
4282	88.56
4283	88.56
4284	88.56
4285	88.56
4286	88.56
4287	88.56
4288	88.56
4289	88.56
4290	88.56
4291	88.56
4292	88.56
4293	88.56
4294	88.56
4295	88.56
4296	88.56
4297	88.56
4298	88.56
4299	88.56
4300	88.56
4301	88.56
4302	88.56
4303	88.56
4304	88.56
4305	88.56
4306	88.56
4307	88.56
4308	88.56
4309	88.56
4310	88.56
4311	88.56
4312	88.56
4313	88.56
4314	88.56
4315	88.56
4316	88.56
4317	88.56
4318	88.56
4319	88.56
4320	88.56
4321	88.56
4322	88.56
4323	88.56
4324	88.56
4325	88.56
4326	88.56
4327	88.56
4328	88.56
4329	88.56
4330	88.56
4331	88.56
4332	88.56
4333	88.56
4334	88.56
4335	88.56
4336	88.56
4337	88.56
4338	88.56
4339	88.56
4340	88.56
4341	88.56
4342	88.56
4343	88.56
4344	88.56
4345	88.56
4346	88.56
4347	88.56
4348	88.56
4349	88.56
4350	88.56
4351	88.56
4352	88.56
4353	88.56
4354	88.56
4355	88.56
4356	88.56
4357	88.56
4358	88.56
4359	88.56
4360	88.56
4361	88.56
4362	88.56
4363	88.56
4364	88.56
4365	88.56
4366	88.56
4367	88.56
4368	88.56
4369	88.56
4370	88.56
4371	88.56
4372	88.56
4373	88.56
4374	88.56
4375	88.56
4376	88.56
4377	88.56
4378	88.56
4379	88.56
4380	88.56
4381	88.56
4382	88.56
4383	88.56
4384	88.56
4385	88.56
4386	88.56
4387	88.56
4388	88.56
4389	88.56
4390	88.56
4391	88.56
4392	88.56
4393	88.56
4394	88.56
4395	88.56
4396	88.56
4397	88.56
4398	88.56
4399	88.56
4400	88.56
4401	88.56
4402	88.56
4403	88.56
4404	88.56
4405	88.56
4406	88.56
4407	88.56
4408	88.56
4409	88.56
4410	88.56
4411	88.56
4412	88.56
4413	88.56
4414	88.56
4415	88.56
4416	88.56
4417	88.56
4418	88.56
4419	88.56
4420	88.56
4421	88.56
4422	88.56
4423	88.56
4424	88.56
4425	88.56
4426	88.56
4427	88.56
4428	88.56
4429	88.56
4430	88.56
4431	88.56
4432	88.56
4433	88.56
4434	88.56
4435	88.56
4436	88.56
4437	88.56
4438	88.56
4439	88.56
4440	88.56
4441	88.56
4442	88.56
4443	88.56
4444	88.56
4445	88.56
4446	88.56
4447	88.56
4448	88.56
4449	88.56
4450	88.56
4451	88.56
4452	88.56
4453	88.56
4454	88.56
4455	88.56
4456	88.56
4457	88.56
4458	88.56
4459	88.56
4460	88.56
4461	88.56
4462	88.56
4463	88.56
4464	88.56
4465	88.56
4466	88.56
4467	88.56
4468	88.56
4469	88.56
4470	88.56
4471	88.56
4472	88.56
4473	88.56
4474	88.56
4475	88.56
4476	88.56
4477	88.56
4478	88.56
4479	88.56
4480	88.56
4481	88.56
4482	88.56
4483	88.56
4484	88.56
4485	88.56
4486	88.56
4487	88.56
4488	88.56
4489	88.56
4490	88.56
4491	88.56
4492	88.56
4493	88.56
4494	88.56
4495	88.56
4496	88.56
4497	88.56
4498	88.56
4499	88.56
4500	88.56
4501	88.56
4502	88.56
4503	88.56
4504	88.56
4505	88.56
4506	88.56
4507	88.56
4508	88.56
4509	88.56
4510	88.56
4511	88.56
4512	88.56
4513	88.56
4514	88.56
4515	88.56
4516	88.56
4517	88.56
4518	88.56
4519	88.56
4520	88.56
4521	88.56
4522	88.56
4523	88.56
4524	88.56
4525	88.56
4526	88.56
4527	88.56
4528	88.56
4529	88.56
4530	88.56
4531	88.56
4532	88.56
4533	88.56
4534	88.56
4535	88.56
4536	88.56
4537	88.56
4538	88.56
4539	88.56
4540	88.56
4541	88.56
4542	88.56
4543	88.56
4544	88.56
4545	88.56
4546	88.56
4547	88.56
4548	88.56
4549	88.56
4550	88.56
4551	88.56
4552	88.56
4553	88.56
4554	88.56
4555	88.56
4556	88.56
4557	88.56
4558	88.56
4559	88.56
4560	88.56
4561	88.56
4562	88.56
4563	88.56
4564	88.56
4565	88.56
4566	88.56
4567	88.56
4568	88.56
4569	88.56
4570	88.56
4571	88.56
4572	88.56
4573	88.56
4574	88.56
4575	88.56
4576	88.56
4577	88.56
4578	88.56
4579	88.56
4580	88.56
4581	88.56
4582	88.56
4583	88.56
4584	88.56
4585	88.56
4586	88.56
4587	88.56
4588	88.56
4589	88.56
4590	88.56
4591	88.56
4592	88.56
4593	88.56
4594	88.56
4595	88.56
4596	88.56
4597	88.56
4598	88.56
4599	88.56
4600	88.56
4601	88.56
4602	88.56
4603	88.56
4604	88.56
4605	88.56
4606	88.56
4607	88.56
4608	88.56
4609	88.56
4610	88.56
4611	88.56
4612	88.56
4613	88.56
4614	88.56
4615	88.56
4616	88.56
4617	88.56
4618	88.56
4619	88.56
4620	88.56
4621	88.56
4622	88.56
4623	88.56
4624	88.56
4625	88.56
4626	88.56
4627	88.56
4628	88.56
4629	88.56
4630	88.56
4631	88.56
4632	88.56
4633	88.56
4634	88.56
4635	88.56
4636	88.56
4637	88.56
4638	88.56
4639	88.56
4640	88.56
4641	88.56
4642	88.56
4643	88.56
4644	88.56
4645	88.56
4646	88.56
4647	88.56
4648	88.56
4649	88.56
4650	88.56
4651	88.56
4652	88.56
4653	88.56
4654	88.56
4655	88.56
4656	88.56
4657	88.56
4658	88.56
4659	88.56
4660	88.56
4661	88.56
4662	88.56
4663	88.56
4664	88.56
4665	88.56
4666	88.56
4667	88.56
4668	88.56
4669	88.56
4670	88.56
4671	88.56
4672	88.56
4673	88.56
4674	88.56
4675	88.56
4676	88.56
4677	88.56
4678	88.56
4679	88.56
4680	88.56
4681	88.56
4682	88.56
4683	88.56
4684	88.56
4685	88.56
4686	88.56
4687	88.56
4688	88.56
4689	88.56
4690	88.56
4691	88.56
4692	88.56
4693	88.56
4694	88.56
4695	88.56
4696	88.56
4697	88.56
4698	88.56
4699	88.56
4700	88.56
4701	88.56
4702	88.56
4703	88.56
4704	88.56
4705	88.56
4706	88.56
4707	88.56
4708	88.56
4709	88.56
4710	88.56
4711	88.56
4712	88.56
4713	88.56
4714	88.56
4715	88.56
4716	88.56
4717	88.56
4718	88.56
4719	88.56
4720	88.56
4721	88.56
4722	88.56
4723	88.56
4724	88.56
4725	88.56
4726	88.56
4727	88.56
4728	88.56
4729	88.56
4730	88.56
4731	88.56
4732	88.56
4733	88.56
4734	88.56
4735	88.56
4736	88.56
4737	88.56
4738	88.56
4739	88.56
4740	88.56
4741	88.56
4742	88.56
4743	88.56
4744	88.56
4745	88.56
4746	88.56
4747	88.56
4748	88.56
4749	88.56
4750	88.56
4751	88.56
4752	88.56
4753	88.56
4754	88.56
4755	88.56
4756	88.56
4757	88.56
4758	88.56
4759	88.56
4760	88.56
4761	88.56
4762	88.56
4763	88.56
4764	88.56
4765	88.56
4766	88.56
4767	88.56
4768	88.56
4769	88.56
4770	88.56
4771	88.56
4772	88.56
4773	88.56
4774	88.56
4775	88.56
4776	88.56
4777	88.56
4778	88.56
4779	88.56
4780	88.56
4781	88.56
4782	88.56
4783	88.56
4784	88.56
4785	88.56
4786	88.56
4787	88.56
4788	88.56
4789	88.56
4790	88.56
4791	88.56
4792	88.56
4793	88.56
4794	88.56
4795	88.56
4796	88.56
4797	88.56
4798	88.56
4799	88.56
4800	88.56
4801	88.56
4802	88.56
4803	88.56
4804	88.56
4805	88.56
4806	88.56
4807	88.56
4808	88.56
4809	88.56
4810	88.56
4811	88.56
4812	88.56
4813	88.56
4814	88.56
4815	88.56
4816	88.56
4817	88.56
4818	88.56
4819	88.56
4820	88.56
4821	88.56
4822	88.56
4823	88.56
4824	88.56
4825	88.56
4826	88.56
4827	88.56
4828	88.56
4829	88.56
4830	88.56
4831	88.56
4832	88.56
4833	88.56
4834	88.56
4835	88.56
4836	88.56
4837	88.56
4838	88.56
4839	88.56
4840	88.56
4841	88.56
4842	88.56
4843	88.56
4844	88.56
4845	88.56
4846	88.56
4847	88.56
4848	88.56
4849	88.56
4850	88.56
4851	88.56
4852	88.56
4853	88.56
4854	88.56
4855	88.56
4856	88.56
4857	88.56
4858	88.56
4859	88.56
4860	88.56
4861	88.56
4862	88.56
4863	88.56
4864	88.56
4865	88.56
4866	88.56
4867	88.56
4868	88.56
4869	88.56
4870	88.56
4871	88.56
4872	88.56
4873	88.56
4874	88.56
4875	88.56
4876	88.56
4877	88.56
4878	88.56
4879	88.56
4880	88.56
4881	88.56
4882	88.56
4883	88.56
4884	88.56
4885	88.56
4886	88.56
4887	88.56
4888	88.56
4889	88.56
4890	88.56
4891	88.56
4892	88.56
4893	88.56
4894	88.56
4895	88.56
4896	88.56
4897	88.56
4898	88.56
4899	88.56
4900	88.56
4901	88.56
4902	88.56
4903	88.56
4904	88.56
4905	88.56
4906	88.56
4907	88.56
4908	88.56
4909	88.56
4910	88.56
4911	88.56
4912	88.56
4913	88.56
4914	88.56
4915	88.56
4916	88.56
4917	88.56
4918	88.56
4919	88.56
4920	88.56
4921	88.56
4922	88.56
4923	88.56
4924	88.56
4925	88.56
4926	88.56
4927	88.56
4928	88.56
4929	88.56
4930	88.56
4931	88.56
4932	88.56
4933	88.56
4934	88.56
4935	88.56
4936	88.56
4937	88.56
4938	88.56
4939	88.56
4940	88.56
4941	88.56
4942	88.56
4943	88.56
4944	88.56
4945	88.56
4946	88.56
4947	88.56
4948	88.56
4949	88.56
4950	88.56
4951	88.56
4952	88.56
4953	88.56
4954	88.56
4955	88.56
4956	88.56
4957	88.56
4958	88.56
4959	88.56
4960	88.56
4961	88.56
4962	88.56
4963	88.56
4964	88.56
4965	88.56
4966	88.56
4967	88.56
4968	88.56
4969	88.56
4970	88.56
4971	88.56
4972	88.56
4973	88.56
4974	88.56
4975	88.56
4976	88.56
4977	88.56
4978	88.56
4979	88.56
4980	88.56
4981	88.56
4982	88.56
4983	88.56
4984	88.56
4985	88.56
4986	88.56
4987	88.56
4988	88.56
4989	88.56
4990	88.56
4991	88.56
4992	88.56
4993	88.56
4994	88.56
4995	88.56
4996	88.56
4997	88.56
4998	88.56
4999	88.56
5000	88.56
5001	88.56
5002	88.56
5003	88.56
5004	88.56
5005	88.56
5006	88.56
5007	88.56
5008	88.56
5009	88.56
5010	88.56
5011	88.56
5012	88.56
5013	88.56
5014	88.56
5015	88.56
5016	88.56
5017	88.56
5018	88.56
5019	88.56
5020	88.56
5021	88.56
5022	88.56
5023	88.56
5024	88.56
5025	88.56
5026	88.56
5027	88.56
5028	88.56
5029	88.56
5030	88.56
5031	88.56
5032	88.56
5033	88.56
5034	88.56
5035	88.56
5036	88.56
5037	88.56
5038	88.56
5039	88.56
5040	88.56
5041	88.56
5042	88.56
5043	88.56
5044	88.56
5045	88.56
5046	88.56
5047	88.56
5048	88.56
5049	88.56
5050	88.56
5051	88.56
5052	88.56
5053	88.56
5054	88.56
5055	88.56
5056	88.56
5057	88.56
5058	88.56
5059	88.56
5060	88.56
5061	88.56
5062	88.56
5063	88.56
5064	88.56
5065	88.56
5066	88.56
5067	88.56
5068	88.56
5069	88.56
5070	88.56
5071	88.56
5072	88.56
5073	88.56
5074	88.56
5075	88.56
5076	88.56
5077	88.56
5078	88.56
5079	88.56
5080	88.56
5081	88.56
5082	88.56
5083	88.56
5084	88.56
5085	88.56
5086	88.56
5087	88.56
5088	88.56
5089	88.56
5090	88.56
5091	88.56
5092	88.56
5093	88.56
5094	88.56
5095	88.56
5096	88.56
5097	88.56
5098	88.56
5099	88.56
5100	88.56
5101	88.56
5102	88.56
5103	88.56
5104	88.56
5105	88.56
5106	88.56
5107	88.56
5108	88.56
5109	88.56
5110	88.56
5111	88.56
5112	88.56
5113	88.56
5114	88.56
5115	88.56
5116	88.56
5117	88.56
5118	88.56
5119	88.56
5120	88.56
5121	88.56
5122	88.56
5123	88.56
5124	88.56
5125	88.56
5126	88.56
5127	88.56
5128	88.56
5129	88.56
5130	88.56
5131	88.56
5132	88.56
5133	88.56
5134	88.56
5135	88.56
5136	88.56
5137	88.56
5138	88.56
5139	88.56
5140	88.56
5141	88.56
5142	88.56
5143	88.56
5144	88.56
5145	88.56
5146	88.56
5147	88.56
5148	88.56
5149	88.56
5150	88.56
5151	88.56
5152	88.56
5153	88.56
5154	88.56
5155	88.56
5156	88.56
5157	88.56
5158	88.56
5159	88.56
5160	88.56
5161	88.56
5162	88.56
5163	88.56
5164	88.56
5165	88.56
5166	88.56
5167	88.56
5168	88.56
5169	88.56
5170	88.56
5171	88.56
5172	88.56
5173	88.56
5174	88.56
5175	88.56
5176	88.56
5177	88.56
5178	88.56
5179	88.56
5180	88.56
5181	88.56
5182	88.56
5183	88.56
5184	88.56
5185	88.56
5186	88.56
5187	88.56
5188	88.56
5189	88.56
5190	88.56
5191	88.56
5192	88.56
5193	88.56
5194	88.56
5195	88.56
5196	88.56
5197	88.56
5198	88.56
5199	88.56
5200	88.56
5201	88.56
5202	88.56
5203	88.56
5204	88.56
5205	88.56
5206	88.56
5207	88.56
5208	88.56
5209	88.56
5210	88.56
5211	88.56
5212	88.56
5213	88.56
5214	88.56
5215	88.56
5216	88.56
5217	88.56
5218	88.56
5219	88.56
5220	88.56
5221	88.56
5222	88.56
5223	88.56
5224	88.56
5225	88.56
5226	88.56
5227	88.56
5228	88.56
5229	88.56
5230	88.56
5231	88.56
5232	88.56
5233	88.56
5234	88.56
5235	88.56
5236	88.56
5237	88.56
5238	88.56
5239	88.56
5240	88.56
5241	88.56
5242	88.56
5243	88.56
5244	88.56
5245	88.56
5246	88.56
5247	88.56
5248	88.56
5249	88.56
5250	88.56
5251	88.56
5252	88.56
5253	88.56
5254	88.56
5255	88.56
5256	88.56
5257	88.56
5258	88.56
5259	88.56
5260	88.56
5261	88.56
5262	88.56
5263	88.56
5264	88.56
5265	88.56
5266	88.56
5267	88.56
5268	88.56
5269	88.56
5270	88.56
5271	88.56
5272	88.56
5273	88.56
5274	88.56
5275	88.56
5276	88.56
5277	88.56
5278	88.56
5279	88.56
5280	88.56
5281	88.56
5282	88.56
5283	88.56
5284	88.56
5285	88.56
5286	88.56
5287	88.56
5288	88.56
5289	88.56
5290	88.56
5291	88.56
5292	88.56
5293	88.56
5294	88.56
5295	88.56
5296	88.56
5297	88.56
5298	88.56
5299	88.56
5300	88.56
5301	88.56
5302	88.56
5303	88.56
5304	88.56
5305	88.56
5306	88.56
5307	88.56
5308	88.56
5309	88.56
5310	88.56
5311	88.56
5312	88.56
5313	88.56
5314	88.56
5315	88.56
5316	88.56
5317	88.56
5318	88.56
5319	88.56
5320	88.56
5321	88.56
5322	88.56
5323	88.56
5324	88.56
5325	88.56
5326	88.56
5327	88.56
5328	88.56
5329	88.56
5330	88.56
5331	88.56
5332	88.56
5333	88.56
5334	88.56
5335	88.56
5336	88.56
5337	88.56
5338	88.56
5339	88.56
5340	88.56
5341	88.56
5342	88.56
5343	88.56
5344	88.56
5345	88.56
5346	88.56
5347	88.56
5348	88.56
5349	88.56
5350	88.56
5351	88.56
5352	88.56
5353	88.56
5354	88.56
5355	88.56
5356	88.56
5357	88.56
5358	88.56
5359	88.56
5360	88.56
5361	88.56
5362	88.56
5363	88.56
5364	88.56
5365	88.56
5366	88.56
5367	88.56
5368	88.56
5369	88.56
5370	88.56
5371	88.56
5372	88.56
5373	88.56
5374	88.56
5375	88.56
5376	88.56
5377	88.56
5378	88.56
5379	88.56
5380	88.56
5381	88.56
5382	88.56
5383	88.56
5384	88.56
5385	88.56
5386	88.56
5387	88.56
5388	88.56
5389	88.56
5390	88.56
5391	88.56
5392	88.56
5393	88.56
5394	88.56
5395	88.56
5396	88.56
5397	88.56
5398	88.56
5399	88.56
5400	88.56
5401	88.56
5402	88.56
5403	88.56
5404	88.56
5405	88.56
5406	88.56
5407	88.56
5408	88.56
5409	88.56
5410	88.56
5411	88.56
5412	88.56
5413	88.56
5414	88.56
5415	88.56
5416	88.56
5417	88.56
5418	88.56
5419	88.56
5420	88.56
5421	88.56
5422	88.56
5423	88.56
5424	88.56
5425	88.56
5426	88.56
5427	88.56
5428	88.56
5429	88.56
5430	88.56
5431	88.56
5432	88.56
5433	88.56
5434	88.56
5435	88.56
5436	88.56
5437	88.56
5438	88.56
5439	88.56
5440	88.56
5441	88.56
5442	88.56
5443	88.56
5444	88.56
5445	88.56
5446	88.56
5447	88.56
5448	88.56
5449	88.56
5450	88.56
5451	88.56
5452	88.56
5453	88.56
5454	88.56
5455	88.56
5456	88.56
5457	88.56
5458	88.56
5459	88.56
5460	88.56
5461	88.56
5462	88.56
5463	88.56
5464	88.56
5465	88.56
5466	88.56
5467	88.56
5468	88.56
5469	88.56
5470	88.56
5471	88.56
5472	88.56
5473	88.56
5474	88.56
5475	88.56
5476	88.56
5477	88.56
5478	88.56
5479	88.56
5480	88.56
5481	88.56
5482	88.56
5483	88.56
5484	88.56
5485	88.56
5486	88.56
5487	88.56
5488	88.56
5489	88.56
5490	88.56
5491	88.56
5492	88.56
5493	88.56
5494	88.56
5495	88.56
5496	88.56
5497	88.56
5498	88.56
5499	88.56
5500	88.56
5501	88.56
5502	88.56
5503	88.56
5504	88.56
5505	88.56
5506	88.56
5507	88.56
5508	88.56
5509	88.56
5510	88.56
5511	88.56
5512	88.56
5513	88.56
5514	88.56
5515	88.56
5516	88.56
5517	88.56
5518	88.56
5519	88.56
5520	88.56
5521	88.56
5522	88.56
5523	88.56
5524	88.56
5525	88.56
5526	88.56
5527	88.56
5528	88.56
5529	88.56
5530	88.56
5531	88.56
5532	88.56
5533	88.56
5534	88.56
5535	88.56
5536	88.56
5537	88.56
5538	88.56
5539	88.56
5540	88.56
5541	88.56
5542	88.56
5543	88.56
5544	88.56
5545	88.56
5546	88.56
5547	88.56
5548	88.56
5549	88.56
5550	88.56
5551	88.56
5552	88.56
5553	88.56
5554	88.56
5555	88.56
5556	88.56
5557	88.56
5558	88.56
5559	88.56
5560	88.56
5561	88.56
5562	88.56
5563	88.56
5564	88.56
5565	88.56
5566	88.56
5567	88.56
5568	88.56
5569	88.56
5570	88.56
5571	88.56
5572	88.56
5573	88.56
5574	88.56
5575	88.56
5576	88.56
5577	88.56
5578	88.56
5579	88.56
5580	88.56
5581	88.56
5582	88.56
5583	88.56
5584	88.56
5585	88.56
5586	88.56
5587	88.56
5588	88.56
5589	88.56
5590	88.56
5591	88.56
5592	88.56
5593	88.56
5594	88.56
5595	88.56
5596	88.56
5597	88.56
5598	88.56
5599	88.56
5600	88.56
5601	88.56
5602	88.56
5603	88.56
5604	88.56
5605	88.56
5606	88.56
5607	88.56
5608	88.56
5609	88.56
5610	88.56
5611	88.56
5612	88.56
5613	88.56
5614	88.56
5615	88.56
5616	88.56
5617	88.56
5618	88.56
5619	88.56
5620	88.56
5621	88.56
5622	88.56
5623	88.56
5624	88.56
5625	88.56
5626	88.56
5627	88.56
5628	88.56
5629	88.56
5630	88.56
5631	88.56
5632	88.56
5633	88.56
5634	88.56
5635	88.56
5636	88.56
5637	88.56
5638	88.56
5639	88.56
5640	88.56
5641	88.56
5642	88.56
5643	88.56
5644	88.56
5645	88.56
5646	88.56
5647	88.56
5648	88.56
5649	88.56
5650	88.56
5651	88.56
5652	88.56
5653	88.56
5654	88.56
5655	88.56
5656	88.56
5657	88.56
5658	88.56
5659	88.56
5660	88.56
5661	88.56
5662	88.56
5663	88.56
5664	88.56
5665	88.56
5666	88.56
5667	88.56
5668	88.56
5669	88.56
5670	88.56
5671	88.56
5672	88.56
5673	88.56
5674	88.56
5675	88.56
5676	88.56
5677	88.56
5678	88.56
5679	88.56
5680	88.56
5681	88.56
5682	88.56
5683	88.56
5684	88.56
5685	88.56
5686	88.56
5687	88.56
5688	88.56
5689	88.56
5690	88.56
5691	88.56
5692	88.56
5693	88.56
5694	88.56
5695	88.56
5696	88.56
5697	88.56
5698	88.56
5699	88.56
5700	88.56
5701	88.56
5702	88.56
5703	88.56
5704	88.56
5705	88.56
5706	88.56
5707	88.56
5708	88.56
5709	88.56
5710	88.56
5711	88.56
5712	88.56
5713	88.56
5714	88.56
5715	88.56
5716	88.56
5717	88.56
5718	88.56
5719	88.56
5720	88.56
5721	88.56
5722	88.56
5723	88.56
5724	88.56
5725	88.56
5726	88.56
5727	88.56
5728	88.56
5729	88.56
5730	88.56
5731	88.56
5732	88.56
5733	88.56
5734	88.56
5735	88.56
5736	88.56
5737	88.56
5738	88.56
5739	88.56
5740	88.56
5741	88.56
5742	88.56
5743	88.56
5744	88.56
5745	88.56
5746	88.56
5747	88.56
5748	88.56
5749	88.56
5750	88.56
5751	88.56
5752	88.56
5753	88.56
5754	88.56
5755	88.56
5756	88.56
5757	88.56
5758	88.56
5759	88.56
5760	88.56
5761	88.56
5762	88.56
5763	88.56
5764	88.56
5765	88.56
5766	88.56
5767	88.56
5768	88.56
5769	88.56
5770	88.56
5771	88.56
5772	88.56
5773	88.56
5774	88.56
5775	88.56
5776	88.56
5777	88.56
5778	88.56
5779	88.56
5780	88.56
5781	88.56
5782	88.56
5783	88.56
5784	88.56
5785	88.56
5786	88.56
5787	88.56
5788	88.56
5789	88.56
5790	88.56
5791	88.56
5792	88.56
5793	88.56
5794	88.56
5795	88.56
5796	88.56
5797	88.56
5798	88.56
5799	88.56
5800	88.56
5801	88.56
5802	88.56
5803	88.56
5804	88.56
5805	88.56
5806	88.56
5807	88.56
5808	88.56
5809	88.56
5810	88.56
5811	88.56
5812	88.56
5813	88.56
5814	88.56
5815	88.56
5816	88.56
5817	88.56
5818	88.56
5819	88.56
5820	88.56
5821	88.56
5822	88.56
5823	88.56
5824	88.56
5825	88.56
5826	88.56
5827	88.56
5828	88.56
5829	88.56
5830	88.56
5831	88.56
5832	88.56
5833	88.56
5834	88.56
5835	88.56
5836	88.56
5837	88.56
5838	88.56
5839	88.56
5840	88.56
5841	88.56
5842	88.56
5843	88.56
5844	88.56
5845	88.56
5846	88.56
5847	88.56
5848	88.56
5849	88.56
5850	88.56
5851	88.56
5852	88.56
5853	88.56
5854	88.56
5855	88.56
5856	88.56
5857	88.56
5858	88.56
5859	88.56
5860	88.56
5861	88.56
5862	88.56
5863	88.56
5864	88.56
5865	88.56
5866	88.56
5867	88.56
5868	88.56
5869	88.56
5870	88.56
5871	88.56
5872	88.56
5873	88.56
5874	88.56
5875	88.56
5876	88.56
5877	88.56
5878	88.56
5879	88.56
5880	88.56
5881	88.56
5882	88.56
5883	88.56
5884	88.56
5885	88.56
5886	88.56
5887	88.56
5888	88.56
5889	88.56
5890	88.56
5891	88.56
5892	88.56
5893	88.56
5894	88.56
5895	88.56
5896	88.56
5897	88.56
5898	88.56
5899	88.56
5900	88.56
5901	88.56
5902	88.56
5903	88.56
5904	88.56
5905	88.56
5906	88.56
5907	88.56
5908	88.56
5909	88.56
5910	88.56
5911	88.56
5912	88.56
5913	88.56
5914	88.56
5915	88.56
5916	88.56
5917	88.56
5918	88.56
5919	88.56
5920	88.56
5921	88.56
5922	88.56
5923	88.56
5924	88.56
5925	88.56
5926	88.56
5927	88.56
5928	88.56
5929	88.56
5930	88.56
5931	88.56
5932	88.56
5933	88.56
5934	88.56
5935	88.56
5936	88.56
5937	88.56
5938	88.56
5939	88.56
5940	88.56
5941	88.56
5942	88.56
5943	88.56
5944	88.56
5945	88.56
5946	88.56
5947	88.56
5948	88.56
5949	88.56
5950	88.56
5951	88.56
5952	88.56
5953	88.56
5954	88.56
5955	88.56
5956	88.56
5957	88.56
5958	88.56
5959	88.56
5960	88.56
5961	88.56
5962	88.56
5963	88.56
5964	88.56
5965	88.56
5966	88.56
5967	88.56
5968	88.56
5969	88.56
5970	88.56
5971	88.56
5972	88.56
5973	88.56
5974	88.56
5975	88.56
5976	88.56
5977	88.56
5978	88.56
5979	88.56
5980	88.56
5981	88.56
5982	88.56
5983	88.56
5984	88.56
5985	88.56
5986	88.56
5987	88.56
5988	88.56
5989	88.56
5990	88.56
5991	88.56
5992	88.56
5993	88.56
5994	88.56
5995	88.56
5996	88.56
5997	88.56
5998	88.56
5999	88.56
6000	88.56
6001	88.56
6002	88.56
6003	88.56
6004	88.56
6005	88.56
6006	88.56
6007	88.56
6008	88.56
6009	88.56
6010	88.56
6011	88.56
6012	88.56
6013	88.56
6014	88.56
6015	88.56
6016	88.56
6017	88.56
6018	88.56
6019	88.56
6020	88.56
6021	88.56
6022	88.56
6023	88.56
6024	88.56
6025	88.56
6026	88.56
6027	88.56
6028	88.56
6029	88.56
6030	88.56
6031	88.56
6032	88.56
6033	88.56
6034	88.56
6035	88.56
6036	88.56
6037	88.56
6038	88.56
6039	88.56
6040	88.56
6041	88.56
6042	88.56
6043	88.56
6044	88.56
6045	88.56
6046	88.56
6047	88.56
6048	88.56
6049	88.56
6050	88.56
6051	88.56
6052	88.56
6053	88.56
6054	88.56
6055	88.56
6056	88.56
6057	88.56
6058	88.56
6059	88.56
6060	88.56
6061	88.56
6062	88.56
6063	88.56
6064	88.56
6065	88.56
6066	88.56
6067	88.56
6068	88.56
6069	88.56
6070	88.56
6071	88.56
6072	88.56
6073	88.56
6074	88.56
6075	88.56
6076	88.56
6077	88.56
6078	88.56
6079	88.56
6080	88.56
6081	88.56
6082	88.56
6083	88.56
6084	88.56
6085	88.56
6086	88.56
6087	88.56
6088	88.56
6089	88.56
6090	88.56
6091	88.56
6092	88.56
6093	88.56
6094	88.56
6095	88.56
6096	88.56
6097	88.56
6098	88.56
6099	88.56
6100	88.56
6101	88.56
6102	88.56
6103	88.56
6104	88.56
6105	88.56
6106	88.56
6107	88.56
6108	88.56
6109	88.56
6110	88.56
6111	88.56
6112	88.56
6113	88.56
6114	88.56
6115	88.56
6116	88.56
6117	88.56
6118	88.56
6119	88.56
6120	88.56
6121	88.56
6122	88.56
6123	88.56
6124	88.56
6125	88.56
6126	88.56
6127	88.56
6128	88.56
6129	88.56
6130	88.56
6131	88.56
6132	88.56
6133	88.56
6134	88.56
6135	88.56
6136	88.56
6137	88.56
6138	88.56
6139	88.56
6140	88.56
6141	88.56
6142	88.56
6143	88.56
6144	88.56
6145	88.56
6146	88.56
6147	88.56
6148	88.56
6149	88.56
6150	88.56
6151	88.56
6152	88.56
6153	88.56
6154	88.56
6155	88.56
6156	88.56
6157	88.56
6158	88.56
6159	88.56
6160	88.56
6161	88.56
6162	88.56
6163	88.56
6164	88.56
6165	88.56
6166	88.56
6167	88.56
6168	88.56
6169	88.56
6170	88.56
6171	88.56
6172	88.56
6173	88.56
6174	88.56
6175	88.56
6176	88.56
6177	88.56
6178	88.56
6179	88.56
6180	88.56
6181	88.56
6182	88.56
6183	88.56
6184	88.56
6185	88.56
6186	88.56
6187	88.56
6188	88.56
6189	88.56
6190	88.56
6191	88.56
6192	88.56
6193	88.56
6194	88.56
6195	88.56
6196	88.56
6197	88.56
6198	88.56
6199	88.56
6200	88.56
6201	88.56
6202	88.56
6203	88.56
6204	88.56
6205	88.56
6206	88.56
6207	88.56
6208	88.56
6209	88.56
6210	88.56
6211	88.56
6212	88.56
6213	88.56
6214	88.56
6215	88.56
6216	88.56
6217	88.56
6218	88.56
6219	88.56
6220	88.56
6221	88.56
6222	88.56
6223	88.56
6224	88.56
6225	88.56
6226	88.56
6227	88.56
6228	88.56
6229	88.56
6230	88.56
6231	88.56
6232	88.56
6233	88.56
6234	88.56
6235	88.56
6236	88.56
6237	88.56
6238	88.56
6239	88.56
6240	88.56
6241	88.56
6242	88.56
6243	88.56
6244	88.56
6245	88.56
6246	88.56
6247	88.56
6248	88.56
6249	88.56
6250	88.56
6251	88.56
6252	88.56
6253	88.56
6254	88.56
6255	88.56
6256	88.56
6257	88.56
6258	88.56
6259	88.56
6260	88.56
6261	88.56
6262	88.56
6263	88.56
6264	88.56
6265	88.56
6266	88.56
6267	88.56
6268	88.56
6269	88.56
6270	88.56
6271	88.56
6272	88.56
6273	88.56
6274	88.56
6275	88.56
6276	88.56
6277	88.56
6278	88.56
6279	88.56
6280	88.56
6281	88.56
6282	88.56
6283	88.56
6284	88.56
6285	88.56
6286	88.56
6287	88.56
6288	88.56
6289	88.56
6290	88.56
6291	88.56
6292	88.56
6293	88.56
6294	88.56
6295	88.56
6296	88.56
6297	88.56
6298	88.56
6299	88.56
6300	88.56
6301	88.56
6302	88.56
6303	88.56
6304	88.56
6305	88.56
6306	88.56
6307	88.56
6308	88.56
6309	88.56
6310	88.56
6311	88.56
6312	88.56
6313	88.56
6314	88.56
6315	88.56
6316	88.56
6317	88.56
6318	88.56
6319	88.56
6320	88.56
6321	88.56
6322	88.56
6323	88.56
6324	88.56
6325	88.56
6326	88.56
6327	88.56
6328	88.56
6329	88.56
6330	88.56
6331	88.56
6332	88.56
6333	88.56
6334	88.56
6335	88.56
6336	88.56
6337	88.56
6338	88.56
6339	88.56
6340	88.56
6341	88.56
6342	88.56
6343	88.56
6344	88.56
6345	88.56
6346	88.56
6347	88.56
6348	88.56
6349	88.56
6350	88.56
6351	88.56
6352	88.56
6353	88.56
6354	88.56
6355	88.56
6356	88.56
6357	88.56
6358	88.56
6359	88.56
6360	88.56
6361	88.56
6362	88.56
6363	88.56
6364	88.56
6365	88.56
6366	88.56
6367	88.56
6368	88.56
6369	88.56
6370	88.56
6371	88.56
6372	88.56
6373	88.56
6374	88.56
6375	88.56
6376	88.56
6377	88.56
6378	88.56
6379	88.56
6380	88.56
6381	88.56
6382	88.56
6383	88.56
6384	88.56
6385	88.56
6386	88.56
6387	88.56
6388	88.56
6389	88.56
6390	88.56
6391	88.56
6392	88.56
6393	88.56
6394	88.56
6395	88.56
6396	88.56
6397	88.56
6398	88.56
6399	88.56
6400	88.56
6401	88.56
6402	88.56
6403	88.56
6404	88.56
6405	88.56
6406	88.56
6407	88.56
6408	88.56
6409	88.56
6410	88.56
6411	88.56
6412	88.56
6413	88.56
6414	88.56
6415	88.56
6416	88.56
6417	88.56
6418	88.56
6419	88.56
6420	88.56
6421	88.56
6422	88.56
6423	88.56
6424	88.56
6425	88.56
6426	88.56
6427	88.56
6428	88.56
6429	88.56
6430	88.56
6431	88.56
6432	88.56
6433	88.56
6434	88.56
6435	88.56
6436	88.56
6437	88.56
6438	88.56
6439	88.56
6440	88.56
6441	88.56
6442	88.56
6443	88.56
6444	88.56
6445	88.56
6446	88.56
6447	88.56
6448	88.56
6449	88.56
6450	88.56
6451	88.56
6452	88.56
6453	88.56
6454	88.56
6455	88.56
6456	88.56
6457	88.56
6458	88.56
6459	88.56
6460	88.56
6461	88.56
6462	88.56
6463	88.56
6464	88.56
6465	88.56
6466	88.56
6467	88.56
6468	88.56
6469	88.56
6470	88.56
6471	88.56
6472	88.56
6473	88.56
6474	88.56
6475	88.56
6476	88.56
6477	88.56
6478	88.56
6479	88.56
6480	88.56
6481	88.56
6482	88.56
6483	88.56
6484	88.56
6485	88.56
6486	88.56
6487	88.56
6488	88.56
6489	88.56
6490	88.56
6491	88.56
6492	88.56
6493	88.56
6494	88.56
6495	88.56
6496	88.56
6497	88.56
6498	88.56
6499	88.56
6500	88.56
6501	88.56
6502	88.56
6503	88.56
6504	88.56
6505	88.56
6506	88.56
6507	88.56
6508	88.56
6509	88.56
6510	88.56
6511	88.56
6512	88.56
6513	88.56
6514	88.56
6515	88.56
6516	88.56
6517	88.56
6518	88.56
6519	88.56
6520	88.56
6521	88.56
6522	88.56
6523	88.56
6524	88.56
6525	88.56
6526	88.56
6527	88.56
6528	88.56
6529	88.56
6530	88.56
6531	88.56
6532	88.56
6533	88.56
6534	88.56
6535	88.56
6536	88.56
6537	88.56
6538	88.56
6539	88.56
6540	88.56
6541	88.56
6542	88.56
6543	88.56
6544	88.56
6545	88.56
6546	88.56
6547	88.56
6548	88.56
6549	88.56
6550	88.56
6551	88.56
6552	88.56
6553	88.56
6554	88.56
6555	88.56
6556	88.56
6557	88.56
6558	88.56
6559	88.56
6560	88.56
6561	88.56
6562	88.56
6563	88.56
6564	88.56
6565	88.56
6566	88.56
6567	88.56
6568	88.56
6569	88.56
6570	88.56
6571	88.56
6572	88.56
6573	88.56
6574	88.56
6575	88.56
6576	88.56
6577	88.56
6578	88.56
6579	88.56
6580	88.56
6581	88.56
6582	88.56
6583	88.56
6584	88.56
6585	88.56
6586	88.56
6587	88.56
6588	88.56
6589	88.56
6590	88.56
6591	88.56
6592	88.56
6593	88.56
6594	88.56
6595	88.56
6596	88.56
6597	88.56
6598	88.56
6599	88.56
6600	88.56
6601	88.56
6602	88.56
6603	88.56
6604	88.56
6605	88.56
6606	88.56
6607	88.56
6608	88.56
6609	88.56
6610	88.56
6611	88.56
6612	88.56
6613	88.56
6614	88.56
6615	88.56
6616	88.56
6617	88.56
6618	88.56
6619	88.56
6620	88.56
6621	88.56
6622	88.56
6623	88.56
6624	88.56
6625	88.56
6626	88.56
6627	88.56
6628	88.56
6629	88.56
6630	88.56
6631	88.56
6632	88.56
6633	88.56
6634	88.56
6635	88.56
6636	88.56
6637	88.56
6638	88.56
6639	88.56
6640	88.56
6641	88.56
6642	88.56
6643	88.56
6644	88.56
6645	88.56
6646	88.56
6647	88.56
6648	88.56
6649	88.56
6650	88.56
6651	88.56
6652	88.56
6653	88.56
6654	88.56
6655	88.56
6656	88.56
6657	88.56
6658	88.56
6659	88.56
6660	88.56
6661	88.56
6662	88.56
6663	88.56
6664	88.56
6665	88.56
6666	88.56
6667	88.56
6668	88.56
6669	88.56
6670	88.56
6671	88.56
6672	88.56
6673	88.56
6674	88.56
6675	88.56
6676	88.56
6677	88.56
6678	88.56
6679	88.56
6680	88.56
6681	88.56
6682	88.56
6683	88.56
6684	88.56
6685	88.56
6686	88.56
6687	88.56
6688	88.56
6689	88.56
6690	88.56
6691	88.56
6692	88.56
6693	88.56
6694	88.56
6695	88.56
6696	88.56
6697	88.56
6698	88.56
6699	88.56
6700	88.56
6701	88.56
6702	88.56
6703	88.56
6704	88.56
6705	88.56
6706	88.56
6707	88.56
6708	88.56
6709	88.56
6710	88.56
6711	88.56
6712	88.56
6713	88.56
6714	88.56
6715	88.56
6716	88.56
6717	88.56
6718	88.56
6719	88.56
6720	88.56
6721	88.56
6722	88.56
6723	88.56
6724	88.56
6725	88.56
6726	88.56
6727	88.56
6728	88.56
6729	88.56
6730	88.56
6731	88.56
6732	88.56
6733	88.56
6734	88.56
6735	88.56
6736	88.56
6737	88.56
6738	88.56
6739	88.56
6740	88.56
6741	88.56
6742	88.56
6743	88.56
6744	88.56
6745	88.56
6746	88.56
6747	88.56
6748	88.56
6749	88.56
6750	88.56
6751	88.56
6752	88.56
6753	88.56
6754	88.56
6755	88.56
6756	88.56
6757	88.56
6758	88.56
6759	88.56
6760	88.56
6761	88.56
6762	88.56
6763	88.56
6764	88.56
6765	88.56
6766	88.56
6767	88.56
6768	88.56
6769	88.56
6770	88.56
6771	88.56
6772	88.56
6773	88.56
6774	88.56
6775	88.56
6776	88.56
6777	88.56
6778	88.56
6779	88.56
6780	88.56
6781	88.56
6782	88.56
6783	88.56
6784	88.56
6785	88.56
6786	88.56
6787	88.56
6788	88.56
6789	88.56
6790	88.56
6791	88.56
6792	88.56
6793	88.56
6794	88.56
6795	88.56
6796	88.56
6797	88.56
6798	88.56
6799	88.56
6800	88.56
6801	88.56
6802	88.56
6803	88.56
6804	88.56
6805	88.56
6806	88.56
6807	88.56
6808	88.56
6809	88.56
6810	88.56
6811	88.56
6812	88.56
6813	88.56
6814	88.56
6815	88.56
6816	88.56
6817	88.56
6818	88.56
6819	88.56
6820	88.56
6821	88.56
6822	88.56
6823	88.56
6824	88.56
6825	88.56
6826	88.56
6827	88.56
6828	88.56
6829	88.56
6830	88.56
6831	88.56
6832	88.56
6833	88.56
6834	88.56
6835	88.56
6836	88.56
6837	88.56
6838	88.56
6839	88.56
6840	88.56
6841	88.56
6842	88.56
6843	88.56
6844	88.56
6845	88.56
6846	88.56
6847	88.56
6848	88.56
6849	88.56
6850	88.56
6851	88.56
6852	88.56
6853	88.56
6854	88.56
6855	88.56
6856	88.56
6857	88.56
6858	88.56
6859	88.56
6860	88.56
6861	88.56
6862	88.56
6863	88.56
6864	88.56
6865	88.56
6866	88.56
6867	88.56
6868	88.56
6869	88.56
6870	88.56
6871	88.56
6872	88.56
6873	88.56
6874	88.56
6875	88.56
6876	88.56
6877	88.56
6878	88.56
6879	88.56
6880	88.56
6881	88.56
6882	88.56
6883	88.56
6884	88.56
6885	88.56
6886	88.56
6887	88.56
6888	88.56
6889	88.56
6890	88.56
6891	88.56
6892	88.56
6893	88.56
6894	88.56
6895	88.56
6896	88.56
6897	88.56
6898	88.56
6899	88.56
6900	88.56
6901	88.56
6902	88.56
6903	88.56
6904	88.56
6905	88.56
6906	88.56
6907	88.56
6908	88.56
6909	88.56
6910	88.56
6911	88.56
6912	88.56
6913	88.56
6914	88.56
6915	88.56
6916	88.56
6917	88.56
6918	88.56
6919	88.56
6920	88.56
6921	88.56
6922	88.56
6923	88.56
6924	88.56
6925	88.56
6926	88.56
6927	88.56
6928	88.56
6929	88.56
6930	88.56
6931	88.56
6932	88.56
6933	88.56
6934	88.56
6935	88.56
6936	88.56
6937	88.56
6938	88.56
6939	88.56
6940	88.56
6941	88.56
6942	88.56
6943	88.56
6944	88.56
6945	88.56
6946	88.56
6947	88.56
6948	88.56
6949	88.56
6950	88.56
6951	88.56
6952	88.56
6953	88.56
6954	88.56
6955	88.56
6956	88.56
6957	88.56
6958	88.56
6959	88.56
6960	88.56
6961	88.56
6962	88.56
6963	88.56
6964	88.56
6965	88.56
6966	88.56
6967	88.56
6968	88.56
6969	88.56
6970	88.56
6971	88.56
6972	88.56
6973	88.56
6974	88.56
6975	88.56
6976	88.56
6977	88.56
6978	88.56
6979	88.56
6980	88.56
6981	88.56
6982	88.56
6983	88.56
6984	88.56
6985	88.56
6986	88.56
6987	88.56
6988	88.56
6989	88.56
6990	88.56
6991	88.56
6992	88.56
