0	-7.14
1	-7.14
2	-7.14
3	-7.14
4	-7.14
5	-7.14
6	-7.14
7	-7.14
8	-7.14
9	-7.14
10	-7.14
11	-7.14
12	-7.14
13	-7.14
14	-7.14
15	-7.14
16	-7.14
17	-7.14
18	-7.14
19	-7.14
20	-7.14
21	-7.14
22	-7.14
23	-7.14
24	-7.14
25	-7.14
26	-7.14
27	-7.14
28	-7.14
29	-7.14
30	-7.14
31	-7.14
32	-7.14
33	-7.14
34	-7.14
35	-7.14
36	-7.14
37	-7.14
38	-7.14
39	-7.14
40	-7.14
41	-7.14
42	-7.14
43	-7.14
44	-7.14
45	-7.14
46	-7.14
47	-7.14
48	-7.14
49	-7.14
50	-7.14
51	-7.14
52	-7.14
53	-7.14
54	-7.14
55	-7.14
56	-7.14
57	-7.14
58	-7.14
59	-7.14
60	-7.14
61	-7.14
62	-7.14
63	-7.14
64	-7.14
65	-7.14
66	-7.14
67	-7.14
68	-7.14
69	-7.14
70	-7.14
71	-7.14
72	-7.14
73	-7.14
74	-7.14
75	-7.14
76	-7.14
77	-7.14
78	-7.14
79	-7.14
80	-7.14
81	-7.14
82	-7.14
83	-7.14
84	-7.14
85	-7.14
86	-7.14
87	-7.14
88	-7.14
89	-7.14
90	-7.14
91	-7.14
92	-7.14
93	-7.14
94	-7.14
95	-7.14
96	-7.14
97	-7.14
98	-7.14
99	-7.14
100	-7.14
101	-7.14
102	-7.14
103	-7.14
104	-7.14
105	-7.14
106	-7.14
107	-7.14
108	-7.14
109	-7.14
110	-7.14
111	-7.14
112	-7.14
113	-7.14
114	-7.14
115	-7.14
116	-7.14
117	-7.14
118	-7.14
119	-7.14
120	-7.14
121	-7.14
122	-7.14
123	-7.14
124	-7.14
125	-7.14
126	-7.14
127	-7.14
128	-7.14
129	-7.14
130	-7.14
131	-7.14
132	-7.14
133	-7.14
134	-7.14
135	-7.14
136	-7.14
137	-7.14
138	-7.14
139	-7.14
140	-7.14
141	-7.14
142	-7.14
143	-7.14
144	-7.14
145	-7.14
146	-7.14
147	-7.14
148	-7.14
149	-7.14
150	-7.14
151	-7.14
152	-7.14
153	-7.14
154	-7.14
155	-7.14
156	-7.14
157	-7.14
158	-7.14
159	-7.14
160	-7.14
161	-7.14
162	-7.14
163	-7.14
164	-7.14
165	-7.14
166	-7.14
167	-7.14
168	-7.14
169	-7.14
170	-7.14
171	-7.14
172	-7.14
173	-7.14
174	-7.14
175	-7.14
176	-7.14
177	-7.14
178	-7.14
179	-7.14
180	-7.14
181	-7.14
182	-7.14
183	-7.14
184	-7.14
185	-7.14
186	-7.14
187	-7.14
188	-7.14
189	-7.14
190	-7.14
191	-7.14
192	-7.14
193	-7.14
194	-7.14
195	-7.14
196	-7.14
197	-7.14
198	-7.14
199	-7.14
200	-7.14
201	-7.14
202	-7.14
203	-7.14
204	-7.14
205	-7.14
206	-7.14
207	-7.14
208	-7.14
209	-7.14
210	-7.14
211	-7.14
212	-7.14
213	-7.14
214	-7.14
215	-7.14
216	-7.14
217	-7.14
218	-7.14
219	-7.14
220	-7.14
221	-7.14
222	-7.14
223	-7.14
224	-7.14
225	-7.14
226	-7.14
227	-7.14
228	-7.14
229	-7.14
230	-7.14
231	-7.14
232	-7.14
233	-7.14
234	-7.14
235	-7.14
236	-7.14
237	-7.14
238	-7.14
239	-7.14
240	-7.14
241	-7.14
242	-7.14
243	-7.14
244	-7.14
245	-7.14
246	-7.14
247	-7.14
248	-7.14
249	-7.14
250	-7.14
251	-7.14
252	-7.14
253	-7.14
254	-7.14
255	-7.14
256	-7.14
257	-7.14
258	-7.14
259	-7.14
260	-7.14
261	-7.14
262	-7.14
263	-7.14
264	-7.14
265	-7.14
266	-7.14
267	-7.14
268	-7.14
269	-7.14
270	-7.14
271	-7.14
272	-7.14
273	-7.14
274	-7.14
275	-7.14
276	-7.14
277	-7.14
278	-7.14
279	-7.14
280	-7.14
281	-7.14
282	-7.14
283	-7.14
284	-7.14
285	-7.14
286	-7.14
287	-7.14
288	-7.14
289	-7.14
290	-7.14
291	-7.14
292	-7.14
293	-7.14
294	-7.14
295	-7.14
296	-7.14
297	-7.14
298	-7.14
299	-7.14
300	-7.14
301	-7.14
302	-7.14
303	-7.14
304	-7.14
305	-7.14
306	-7.14
307	-7.14
308	-7.14
309	-7.14
310	-7.14
311	-7.14
312	-7.14
313	-7.14
314	-7.14
315	-7.14
316	-7.14
317	-7.14
318	-7.14
319	-7.14
320	-7.14
321	-7.14
322	-7.14
323	-7.14
324	-7.14
325	-7.14
326	-7.14
327	-7.14
328	-7.14
329	-7.14
330	-7.14
331	-7.14
332	-7.14
333	-7.14
334	-7.14
335	-7.14
336	-7.14
337	-7.14
338	-7.14
339	-7.14
340	-7.14
341	-7.14
342	-7.14
343	-7.14
344	-7.14
345	-7.14
346	-7.14
347	-7.14
348	-7.14
349	-7.14
350	-7.14
351	-7.14
352	-7.14
353	-7.14
354	-7.14
355	-7.14
356	-7.14
357	-7.14
358	-7.14
359	-7.14
360	-7.14
361	-7.14
362	-7.14
363	-7.14
364	-7.14
365	-7.14
366	-7.14
367	-7.14
368	-7.14
369	-7.14
370	-7.14
371	-7.14
372	-7.14
373	-7.14
374	-7.14
375	-7.14
376	-7.14
377	-7.14
378	-7.14
379	-7.14
380	-7.14
381	-7.14
382	-7.14
383	-7.14
384	-7.14
385	-7.14
386	-7.14
387	-7.14
388	-7.14
389	-7.14
390	-7.14
391	-7.14
392	-7.14
393	-7.14
394	-7.14
395	-7.14
396	-7.14
397	-7.14
398	-7.14
399	-7.14
400	-7.14
401	-7.14
402	-7.14
403	-7.14
404	-7.14
405	-7.14
406	-7.14
407	-7.14
408	-7.14
409	-7.14
410	-7.14
411	-7.14
412	-7.14
413	-7.14
414	-7.14
415	-7.14
416	-7.14
417	-7.14
418	-7.14
419	-7.14
420	-7.14
421	-7.14
422	-7.14
423	-7.14
424	-7.14
425	-7.14
426	-7.14
427	-7.14
428	-7.14
429	-7.14
430	-7.14
431	-7.14
432	-7.14
433	-7.14
434	-7.14
435	-7.14
436	-7.14
437	-7.14
438	-7.14
439	-7.14
440	-7.14
441	-7.14
442	-7.14
443	-7.14
444	-7.14
445	-7.14
446	-7.14
447	-7.14
448	-7.14
449	-7.14
450	-7.14
451	-7.14
452	-7.14
453	-7.14
454	-7.14
455	-7.14
456	-7.14
457	-7.14
458	-7.14
459	-7.14
460	-7.14
461	-7.14
462	-7.14
463	-7.14
464	-7.14
465	-7.14
466	-7.14
467	-7.14
468	-7.14
469	-7.14
470	-7.14
471	-7.14
472	-7.14
473	-7.14
474	-7.14
475	-7.14
476	-7.14
477	-7.14
478	-7.14
479	-7.14
480	-7.14
481	-7.14
482	-7.14
483	-7.14
484	-7.14
485	-7.14
486	-7.14
487	-7.14
488	-7.14
489	-7.14
490	-7.14
491	-7.14
492	-7.14
493	-7.14
494	-7.14
495	-7.14
496	-7.14
497	-7.14
498	-7.14
499	-7.14
500	-7.14
501	-7.14
502	-7.14
503	-7.14
504	-7.14
505	-7.14
506	-7.14
507	-7.14
508	-7.14
509	-7.14
510	-7.14
511	-7.14
512	-7.14
513	-7.14
514	-7.14
515	-7.14
516	-7.14
517	-7.14
518	-7.14
519	-7.14
520	-7.14
521	-7.14
522	-7.14
523	-7.14
524	-7.14
525	-7.14
526	-7.14
527	-7.14
528	-7.14
529	-7.14
530	-7.14
531	-7.14
532	-7.14
533	-7.14
534	-7.14
535	-7.14
536	-7.14
537	-7.14
538	-7.14
539	-7.14
540	-7.14
541	-7.14
542	-7.14
543	-7.14
544	-7.14
545	-7.14
546	-7.14
547	-7.14
548	-7.14
549	-7.14
550	-7.14
551	-7.14
552	-7.14
553	-7.14
554	-7.14
555	-7.14
556	-7.14
557	-7.14
558	-7.14
559	-7.14
560	-7.14
561	-7.14
562	-7.14
563	-7.14
564	-7.14
565	-7.14
566	-7.14
567	-7.14
568	-7.14
569	-7.14
570	-7.14
571	-7.14
572	-7.14
573	-7.14
574	-7.14
575	-7.14
576	-7.14
577	-7.14
578	-7.14
579	-7.14
580	-7.14
581	-7.14
582	-7.14
583	-7.14
584	-7.14
585	-7.14
586	-7.14
587	-7.14
588	-7.14
589	-7.14
590	-7.14
591	-7.14
592	-7.14
593	-7.14
594	-7.14
595	-7.14
596	-7.14
597	-7.14
598	-7.14
599	-7.14
600	-7.14
601	-7.14
602	-7.14
603	-7.14
604	-7.14
605	-7.14
606	-7.14
607	-7.14
608	-7.14
609	-7.14
610	-7.14
611	-7.14
612	-7.14
613	-7.14
614	-7.14
615	-7.14
616	-7.14
617	-7.14
618	-7.14
619	-7.14
620	-7.14
621	-7.14
622	-7.14
623	-7.14
624	-7.14
625	-7.14
626	-7.14
627	-7.14
628	-7.14
629	-7.14
630	-7.14
631	-7.14
632	-7.14
633	-7.14
634	-7.14
635	-7.14
636	-7.14
637	-7.14
638	-7.14
639	-7.14
640	-7.14
641	-7.14
642	-7.14
643	-7.14
644	-7.14
645	-7.14
646	-7.14
647	-7.14
648	-7.14
649	-7.14
650	-7.14
651	-7.14
652	-7.14
653	-7.14
654	-7.14
655	-7.14
656	-7.14
657	-7.14
658	-7.14
659	-7.14
660	-7.14
661	-7.14
662	-7.14
663	-7.14
664	-7.14
665	-7.14
666	-7.14
667	-7.14
668	-7.14
669	-7.14
670	-7.14
671	-7.14
672	-7.14
673	-7.14
674	-7.14
675	-7.14
676	-7.14
677	-7.14
678	-7.14
679	-7.14
680	-7.14
681	-7.14
682	-7.14
683	-7.14
684	-7.14
685	-7.14
686	-7.14
687	-7.14
688	-7.14
689	-7.14
690	-7.14
691	-7.14
692	-7.14
693	-7.14
694	-7.14
695	-7.14
696	-7.14
697	-7.14
698	-7.14
699	-7.14
700	-7.14
701	-7.14
702	-7.14
703	-7.14
704	-7.14
705	-7.14
706	-7.14
707	-7.14
708	-7.14
709	-7.14
710	-7.14
711	-7.14
712	-7.14
713	-7.14
714	-7.14
715	-7.14
716	-7.14
717	-7.14
718	-7.14
719	-7.14
720	-7.14
721	-7.14
722	-7.14
723	-7.14
724	-7.14
725	-7.14
726	-7.14
727	-7.14
728	-7.14
729	-7.14
730	-7.14
731	-7.14
732	-7.14
733	-7.14
734	-7.14
735	-7.14
736	-7.14
737	-7.14
738	-7.14
739	-7.14
740	-7.14
741	-7.14
742	-7.14
743	-7.14
744	-7.14
745	-7.14
746	-7.14
747	-7.14
748	-7.14
749	-7.14
750	-7.14
751	-7.14
752	-7.14
753	-7.14
754	-7.14
755	-7.14
756	-7.14
757	-7.14
758	-7.14
759	-7.14
760	-7.14
761	-7.14
762	-7.14
763	-7.14
764	-7.14
765	-7.14
766	-7.14
767	-7.14
768	-7.14
769	-7.14
770	-7.14
771	-7.14
772	-7.14
773	-7.14
774	-7.14
775	-7.14
776	-7.14
777	-7.14
778	-7.14
779	-7.14
780	-7.14
781	-7.14
782	-7.14
783	-7.14
784	-7.14
785	-7.14
786	-7.14
787	-7.14
788	-7.14
789	-7.14
790	-7.14
791	-7.14
792	-7.14
793	-7.14
794	-7.14
795	-7.14
796	-7.14
797	-7.14
798	-7.14
799	-7.14
800	-7.14
801	-7.14
802	-7.14
803	-7.14
804	-7.14
805	-7.14
806	-7.14
807	-7.14
808	-7.14
809	-7.14
810	-7.14
811	-7.14
812	-7.14
813	-7.14
814	-7.14
815	-7.14
816	-7.14
817	-7.14
818	-7.14
819	-7.14
820	-7.14
821	-7.14
822	-7.14
823	-7.14
824	-7.14
825	-7.14
826	-7.14
827	-7.14
828	-7.14
829	-7.14
830	-7.14
831	-7.14
832	-7.14
833	-7.14
834	-7.14
835	-7.14
836	-7.14
837	-7.14
838	-7.14
839	-7.14
840	-7.14
841	-7.14
842	-7.14
843	-7.14
844	-7.14
845	-7.14
846	-7.14
847	-7.14
848	-7.14
849	-7.14
850	-7.14
851	-7.14
852	-7.14
853	-7.14
854	-7.14
855	-7.14
856	-7.14
857	-7.14
858	-7.14
859	-7.14
860	-7.14
861	-7.14
862	-7.14
863	-7.14
864	-7.14
865	-7.14
866	-7.14
867	-7.14
868	-7.14
869	-7.14
870	-7.14
871	-7.14
872	-7.14
873	-7.14
874	-7.14
875	-7.14
876	-7.14
877	-7.14
878	-7.14
879	-7.14
880	-7.14
881	-7.14
882	-7.14
883	-7.14
884	-7.14
885	-7.14
886	-7.14
887	-7.14
888	-7.14
889	-7.14
890	-7.14
891	-7.14
892	-7.14
893	-7.14
894	-7.14
895	-7.14
896	-7.14
897	-7.14
898	-7.14
899	-7.14
900	-7.14
901	-7.14
902	-7.14
903	-7.14
904	-7.14
905	-7.14
906	-7.14
907	-7.14
908	-7.14
909	-7.14
910	-7.14
911	-7.14
912	-7.14
913	-7.14
914	-7.14
915	-7.14
916	-7.14
917	-7.14
918	-7.14
919	-7.14
920	-7.14
921	-7.14
922	-7.14
923	-7.14
924	-7.14
925	-7.14
926	-7.14
927	-7.14
928	-7.14
929	-7.14
930	-7.14
931	-7.14
932	-7.14
933	-7.14
934	-7.14
935	-7.14
936	-7.14
937	-7.14
938	-7.14
939	-7.14
940	-7.14
941	-7.14
942	-7.14
943	-7.14
944	-7.14
945	-7.14
946	-7.14
947	-7.14
948	-7.14
949	-7.14
950	-7.14
951	-7.14
952	-7.14
953	-7.14
954	-7.14
955	-7.14
956	-7.14
957	-7.14
958	-7.14
959	-7.14
960	-7.14
961	-7.14
962	-7.14
963	-7.14
964	-7.14
965	-7.14
966	-7.14
967	-7.14
968	-7.14
969	-7.14
970	-7.14
971	-7.14
972	-7.14
973	-7.14
974	-7.14
975	-7.14
976	-7.14
977	-7.14
978	-7.14
979	-7.14
980	-7.14
981	-7.14
982	-7.14
983	-7.14
984	-7.14
985	-7.14
986	-7.14
987	-7.14
988	-7.14
989	-7.14
990	-7.14
991	-7.14
992	-7.14
993	-7.14
994	-7.14
995	-7.14
996	-7.14
997	-7.14
998	-7.14
999	-7.14
1000	-7.14
1001	-7.14
1002	-7.14
1003	-7.14
1004	-7.14
1005	-7.14
1006	-7.14
1007	-7.14
1008	-7.14
1009	-7.14
1010	-7.14
1011	-7.14
1012	-7.14
1013	-7.14
1014	-7.14
1015	-7.14
1016	-7.14
1017	-7.14
1018	-7.14
1019	-7.14
1020	-7.14
1021	-7.14
1022	-7.14
1023	-7.14
1024	-7.14
1025	-7.14
1026	-7.14
1027	-7.14
1028	-7.14
1029	-7.14
1030	-7.14
1031	-7.14
1032	-7.14
1033	-7.14
1034	-7.14
1035	-7.14
1036	-7.14
1037	-7.14
1038	-7.14
1039	-7.14
1040	-7.14
1041	-7.14
1042	-7.14
1043	-7.14
1044	-7.14
1045	-7.14
1046	-7.14
1047	-7.14
1048	-7.14
1049	-7.14
1050	-7.14
1051	-7.14
1052	-7.14
1053	-7.14
1054	-7.14
1055	-7.14
1056	-7.14
1057	-7.14
1058	-7.14
1059	-7.14
1060	-7.14
1061	-7.14
1062	-7.14
1063	-7.14
1064	-7.14
1065	-7.14
1066	-7.14
1067	-7.14
1068	-7.14
1069	-7.14
1070	-7.14
1071	-7.14
1072	-7.14
1073	-7.14
1074	-7.14
1075	-7.14
1076	-7.14
1077	-7.14
1078	-7.14
1079	-7.14
1080	-7.14
1081	-7.14
1082	-7.14
1083	-7.14
1084	-7.14
1085	-7.14
1086	-7.14
1087	-7.14
1088	-7.14
1089	-7.14
1090	-7.14
1091	-7.14
1092	-7.14
1093	-7.14
1094	-7.14
1095	-7.14
1096	-7.14
1097	-7.14
1098	-7.14
1099	-7.14
1100	-7.14
1101	-7.14
1102	-7.14
1103	-7.14
1104	-7.14
1105	-7.14
1106	-7.14
1107	-7.14
1108	-7.14
1109	-7.14
1110	-7.14
1111	-7.14
1112	-7.14
1113	-7.14
1114	-7.14
1115	-7.14
1116	-7.14
1117	-7.14
1118	-7.14
1119	-7.14
1120	-7.14
1121	-7.14
1122	-7.14
1123	-7.14
1124	-7.14
1125	-7.14
1126	-7.14
1127	-7.14
1128	-7.14
1129	-7.14
1130	-7.14
1131	-7.14
1132	-7.14
1133	-7.14
1134	-7.14
1135	-7.14
1136	-7.14
1137	-7.14
1138	-7.14
1139	-7.14
1140	-7.14
1141	-7.14
1142	-7.14
1143	-7.14
1144	-7.14
1145	-7.14
1146	-7.14
1147	-7.14
1148	-7.14
1149	-7.14
1150	-7.14
1151	-7.14
1152	-7.14
1153	-7.14
1154	-7.14
1155	-7.14
1156	-7.14
1157	-7.14
1158	-7.14
1159	-7.14
1160	-7.14
1161	-7.14
1162	-7.14
1163	-7.14
1164	-7.14
1165	-7.14
1166	-7.14
1167	-7.14
1168	-7.14
1169	-7.14
1170	-7.14
1171	-7.14
1172	-7.14
1173	-7.14
1174	-7.14
1175	-7.14
1176	-7.14
1177	-7.14
1178	-7.14
1179	-7.14
1180	-7.14
1181	-7.14
1182	-7.14
1183	-7.14
1184	-7.14
1185	-7.14
1186	-7.14
1187	-7.14
1188	-7.14
1189	-7.14
1190	-7.14
1191	-7.14
1192	-7.14
1193	-7.14
1194	-7.14
1195	-7.14
1196	-7.14
1197	-7.14
1198	-7.14
1199	-7.14
1200	-7.14
1201	-7.14
1202	-7.14
1203	-7.14
1204	-7.14
1205	-7.14
1206	-7.14
1207	-7.14
1208	-7.14
1209	-7.14
1210	-7.14
1211	-7.14
1212	-7.14
1213	-7.14
1214	-7.14
1215	-7.14
1216	-7.14
1217	-7.14
1218	-7.14
1219	-7.14
1220	-7.14
1221	-7.14
1222	-7.14
1223	-7.14
1224	-7.14
1225	-7.14
1226	-7.14
1227	-7.14
1228	-7.14
1229	-7.14
1230	-7.14
1231	-7.14
1232	-7.14
1233	-7.14
1234	-7.14
1235	-7.14
1236	-7.14
1237	-7.14
1238	-7.14
1239	-7.14
1240	-7.14
1241	-7.14
1242	-7.14
1243	-7.14
1244	-7.14
1245	-7.14
1246	-7.14
1247	-7.14
1248	-7.14
1249	-7.14
1250	-7.14
1251	-7.14
1252	-7.14
1253	-7.14
1254	-7.14
1255	-7.14
1256	-7.14
1257	-7.14
1258	-7.14
1259	-7.14
1260	-7.14
1261	-7.14
1262	-7.14
1263	-7.14
1264	-7.14
1265	-7.14
1266	-7.14
1267	-7.14
1268	-7.14
1269	-7.14
1270	-7.14
1271	-7.14
1272	-7.14
1273	-7.14
1274	-7.14
1275	-7.14
1276	-7.14
1277	-7.14
1278	-7.14
1279	-7.14
1280	-7.14
1281	-7.14
1282	-7.14
1283	-7.14
1284	-7.14
1285	-7.14
1286	-7.14
1287	-7.14
1288	-7.14
1289	-7.14
1290	-7.14
1291	-7.14
1292	-7.14
1293	-7.14
1294	-7.14
1295	-7.14
1296	-7.14
1297	-7.14
1298	-7.14
1299	-7.14
1300	-7.14
1301	-7.14
1302	-7.14
1303	-7.14
1304	-7.14
1305	-7.14
1306	-7.14
1307	-7.14
1308	-7.14
1309	-7.14
1310	-7.14
1311	-7.14
1312	-7.14
1313	-7.14
1314	-7.14
1315	-7.14
1316	-7.14
1317	-7.14
1318	-7.14
1319	-7.14
1320	-7.14
1321	-7.14
1322	-7.14
1323	-7.14
1324	-7.14
1325	-7.14
1326	-7.14
1327	-7.14
1328	-7.14
1329	-7.14
1330	-7.14
1331	-7.14
1332	-7.14
1333	-7.14
1334	-7.14
1335	-7.14
1336	-7.14
1337	-7.14
1338	-7.14
1339	-7.14
1340	-7.14
1341	-7.14
1342	-7.14
1343	-7.14
1344	-7.14
1345	-7.14
1346	-7.14
1347	-7.14
1348	-7.14
1349	-7.14
1350	-7.14
1351	-7.14
1352	-7.14
1353	-7.14
1354	-7.14
1355	-7.14
1356	-7.14
1357	-7.14
1358	-7.14
1359	-7.14
1360	-7.14
1361	-7.14
1362	-7.14
1363	-7.14
1364	-7.14
1365	-7.14
1366	-7.14
1367	-7.14
1368	-7.14
1369	-7.14
1370	-7.14
1371	-7.14
1372	-7.14
1373	-7.14
1374	-7.14
1375	-7.14
1376	-7.14
1377	-7.14
1378	-7.14
1379	-7.14
1380	-7.14
1381	-7.14
1382	-7.14
1383	-7.14
1384	-7.14
1385	-7.14
1386	-7.14
1387	-7.14
1388	-7.14
1389	-7.14
1390	-7.14
1391	-7.14
1392	-7.14
1393	-7.14
1394	-7.14
1395	-7.14
1396	-7.14
1397	-7.14
1398	-7.14
1399	-7.14
1400	-7.14
1401	-7.14
1402	-7.14
1403	-7.14
1404	-7.14
1405	-7.14
1406	-7.14
1407	-7.14
1408	-7.14
1409	-7.14
1410	-7.14
1411	-7.14
1412	-7.14
1413	-7.14
1414	-7.14
1415	-7.14
1416	-7.14
1417	-7.14
1418	-7.14
1419	-7.14
1420	-7.14
1421	-7.14
1422	-7.14
1423	-7.14
1424	-7.14
1425	-7.14
1426	-7.14
1427	-7.14
1428	-7.14
1429	-7.14
1430	-7.14
1431	-7.14
1432	-7.14
1433	-7.14
1434	-7.14
1435	-7.14
1436	-7.14
1437	-7.14
1438	-7.14
1439	-7.14
1440	-7.14
1441	-7.14
1442	-7.14
1443	-7.14
1444	-7.14
1445	-7.14
1446	-7.14
1447	-7.14
1448	-7.14
1449	-7.14
1450	-7.14
1451	-7.14
1452	-7.14
1453	-7.14
1454	-7.14
1455	-7.14
1456	-7.14
1457	-7.14
1458	-7.14
1459	-7.14
1460	-7.14
1461	-7.14
1462	-7.14
1463	-7.14
1464	-7.14
1465	-7.14
1466	-7.14
1467	-7.14
1468	-7.14
1469	-7.14
1470	-7.14
1471	-7.14
1472	-7.14
1473	-7.14
1474	-7.14
1475	-7.14
1476	-7.14
1477	-7.14
1478	-7.14
1479	-7.14
1480	-7.14
1481	-7.14
1482	-7.14
1483	-7.14
1484	-7.14
1485	-7.14
1486	-7.14
1487	-7.14
1488	-7.14
1489	-7.14
1490	-7.14
1491	-7.14
1492	-7.14
1493	-7.14
1494	-7.14
1495	-7.14
1496	-7.14
1497	-7.14
1498	-7.14
1499	-7.14
1500	-7.14
1501	-7.14
1502	-7.14
1503	-7.14
1504	-7.14
1505	-7.14
1506	-7.14
1507	-7.14
1508	-7.14
1509	-7.14
1510	-7.14
1511	-7.14
1512	-7.14
1513	-7.14
1514	-7.14
1515	-7.14
1516	-7.14
1517	-7.14
1518	-7.14
1519	-7.14
1520	-7.14
1521	-7.14
1522	-7.14
1523	-7.14
1524	-7.14
1525	-7.14
1526	-7.14
1527	-7.14
1528	-7.14
1529	-7.14
1530	-7.14
1531	-7.14
1532	-7.14
1533	-7.14
1534	-7.14
1535	-7.14
1536	-7.14
1537	-7.14
1538	-7.14
1539	-7.14
1540	-7.14
1541	-7.14
1542	-7.14
1543	-7.14
1544	-7.14
1545	-7.14
1546	-7.14
1547	-7.14
1548	-7.14
1549	-7.14
1550	-7.14
1551	-7.14
1552	-7.14
1553	-7.14
1554	-7.14
1555	-7.14
1556	-7.14
1557	-7.14
1558	-7.14
1559	-7.14
1560	-7.14
1561	-7.14
1562	-7.14
1563	-7.14
1564	-7.14
1565	-7.14
1566	-7.14
1567	-7.14
1568	-7.14
1569	-7.14
1570	-7.14
1571	-7.14
1572	-7.14
1573	-7.14
1574	-7.14
1575	-7.14
1576	-7.14
1577	-7.14
1578	-7.14
1579	-7.14
1580	-7.14
1581	-7.14
1582	-7.14
1583	-7.14
1584	-7.14
1585	-7.14
1586	-7.14
1587	-7.14
1588	-7.14
1589	-7.14
1590	-7.14
1591	-7.14
1592	-7.14
1593	-7.14
1594	-7.14
1595	-7.14
1596	-7.14
1597	-7.14
1598	-7.14
1599	-7.14
1600	-7.14
1601	-7.14
1602	-7.14
1603	-7.14
1604	-7.14
1605	-7.14
1606	-7.14
1607	-7.14
1608	-7.14
1609	-7.14
1610	-7.14
1611	-7.14
1612	-7.14
1613	-7.14
1614	-7.14
1615	-7.14
1616	-7.14
1617	-7.14
1618	-7.14
1619	-7.14
1620	-7.14
1621	-7.14
1622	-7.14
1623	-7.14
1624	-7.14
1625	-7.14
1626	-7.14
1627	-7.14
1628	-7.14
1629	-7.14
1630	-7.14
1631	-7.14
1632	-7.14
1633	-7.14
1634	-7.14
1635	-7.14
1636	-7.14
1637	-7.14
1638	-7.14
1639	-7.14
1640	-7.14
1641	-7.14
1642	-7.14
1643	-7.14
1644	-7.14
1645	-7.14
1646	-7.14
1647	-7.14
1648	-7.14
1649	-7.14
1650	-7.14
1651	-7.14
1652	-7.14
1653	-7.14
1654	-7.14
1655	-7.14
1656	-7.14
1657	-7.14
1658	-7.14
1659	-7.14
1660	-7.14
1661	-7.14
1662	-7.14
1663	-7.14
1664	-7.14
1665	-7.14
1666	-7.14
1667	-7.14
1668	-7.14
1669	-7.14
1670	-7.14
1671	-7.14
1672	-7.14
1673	-7.14
1674	-7.14
1675	-7.14
1676	-7.14
1677	-7.14
1678	-7.14
1679	-7.14
1680	-7.14
1681	-7.14
1682	-7.14
1683	-7.14
1684	-7.14
1685	-7.14
1686	-7.14
1687	-7.14
1688	-7.14
1689	-7.14
1690	-7.14
1691	-7.14
1692	-7.14
1693	-7.14
1694	-7.14
1695	-7.14
1696	-7.14
1697	-7.14
1698	-7.14
1699	-7.14
1700	-7.14
1701	-7.14
1702	-7.14
1703	-7.14
1704	-7.14
1705	-7.14
1706	-7.14
1707	-7.14
1708	-7.14
1709	-7.14
1710	-7.14
1711	-7.14
1712	-7.14
1713	-7.14
1714	-7.14
1715	-7.14
1716	-7.14
1717	-7.14
1718	-7.14
1719	-7.14
1720	-7.14
1721	-7.14
1722	-7.14
1723	-7.14
1724	-7.14
1725	-7.14
1726	-7.14
1727	-7.14
1728	-7.14
1729	-7.14
1730	-7.14
1731	-7.14
1732	-7.14
1733	-7.14
1734	-7.14
1735	-7.14
1736	-7.14
1737	-7.14
1738	-7.14
1739	-7.14
1740	-7.14
1741	-7.14
1742	-7.14
1743	-7.14
1744	-7.14
1745	-7.14
1746	-7.14
1747	-7.14
1748	-7.14
1749	-7.14
1750	-7.14
1751	-7.14
1752	-7.14
1753	-7.14
1754	-7.14
1755	-7.14
1756	-7.14
1757	-7.14
1758	-7.14
1759	-7.14
1760	-7.14
1761	-7.14
1762	-7.14
1763	-7.14
1764	-7.14
1765	-7.14
1766	-7.14
1767	-7.14
1768	-7.14
1769	-7.14
1770	-7.14
1771	-7.14
1772	-7.14
1773	-7.14
1774	-7.14
1775	-7.14
1776	-7.14
1777	-7.14
1778	-7.14
1779	-7.14
1780	-7.14
1781	-7.14
1782	-7.14
1783	-7.14
1784	-7.14
1785	-7.14
1786	-7.14
1787	-7.14
1788	-7.14
1789	-7.14
1790	-7.14
1791	-7.14
1792	-7.14
1793	-7.14
1794	-7.14
1795	-7.14
1796	-7.14
1797	-7.14
1798	-7.14
1799	-7.14
1800	-7.14
1801	-7.14
1802	-7.14
1803	-7.14
1804	-7.14
1805	-7.14
1806	-7.14
1807	-7.14
1808	-7.14
1809	-7.14
1810	-7.14
1811	-7.14
1812	-7.14
1813	-7.14
1814	-7.14
1815	-7.14
1816	-7.14
1817	-7.14
1818	-7.14
1819	-7.14
1820	-7.14
1821	-7.14
1822	-7.14
1823	-7.14
1824	-7.14
1825	-7.14
1826	-7.14
1827	-7.14
1828	-7.14
1829	-7.14
1830	-7.14
1831	-7.14
1832	-7.14
1833	-7.14
1834	-7.14
1835	-7.14
1836	-7.14
1837	-7.14
1838	-7.14
1839	-7.14
1840	-7.14
1841	-7.14
1842	-7.14
1843	-7.14
1844	-7.14
1845	-7.14
1846	-7.14
1847	-7.14
1848	-7.14
1849	-7.14
1850	-7.14
1851	-7.14
1852	-7.14
1853	-7.14
1854	-7.14
1855	-7.14
1856	-7.14
1857	-7.14
1858	-7.14
1859	-7.14
1860	-7.14
1861	-7.14
1862	-7.14
1863	-7.14
1864	-7.14
1865	-7.14
1866	-7.14
1867	-7.14
1868	-7.14
1869	-7.14
1870	-7.14
1871	-7.14
1872	-7.14
1873	-7.14
1874	-7.14
1875	-7.14
1876	-7.14
1877	-7.14
1878	-7.14
1879	-7.14
1880	-7.14
1881	-7.14
1882	-7.14
1883	-7.14
1884	-7.14
1885	-7.14
1886	-7.14
1887	-7.14
1888	-7.14
1889	-7.14
1890	-7.14
1891	-7.14
1892	-7.14
1893	-7.14
1894	-7.14
1895	-7.14
1896	-7.14
1897	-7.14
1898	-7.14
1899	-7.14
1900	-7.14
1901	-7.14
1902	-7.14
1903	-7.14
1904	-7.14
1905	-7.14
1906	-7.14
1907	-7.14
1908	-7.14
1909	-7.14
1910	-7.14
1911	-7.14
1912	-7.14
1913	-7.14
1914	-7.14
1915	-7.14
1916	-7.14
1917	-7.14
1918	-7.14
1919	-7.14
1920	-7.14
1921	-7.14
1922	-7.14
1923	-7.14
1924	-7.14
1925	-7.14
1926	-7.14
1927	-7.14
1928	-7.14
1929	-7.14
1930	-7.14
1931	-7.14
1932	-7.14
1933	-7.14
1934	-7.14
1935	-7.14
1936	-7.14
1937	-7.14
1938	-7.14
1939	-7.14
1940	-7.14
1941	-7.14
1942	-7.14
1943	-7.14
1944	-7.14
1945	-7.14
1946	-7.14
1947	-7.14
1948	-7.14
1949	-7.14
1950	-7.14
1951	-7.14
1952	-7.14
1953	-7.14
1954	-7.14
1955	-7.14
1956	-7.14
1957	-7.14
1958	-7.14
1959	-7.14
1960	-7.14
1961	-7.14
1962	-7.14
1963	-7.14
1964	-7.14
1965	-7.14
1966	-7.14
1967	-7.14
1968	-7.14
1969	-7.14
1970	-7.14
1971	-7.14
1972	-7.14
1973	-7.14
1974	-7.14
1975	-7.14
1976	-7.14
1977	-7.14
1978	-7.14
1979	-7.14
1980	-7.14
1981	-7.14
1982	-7.14
1983	-7.14
1984	-7.14
1985	-7.14
1986	-7.14
1987	-7.14
1988	-7.14
1989	-7.14
1990	-7.14
1991	-7.14
1992	-7.14
1993	-7.14
1994	-7.14
1995	-7.14
1996	-7.14
1997	-7.14
1998	-7.14
1999	-7.14
