0	86.65
1	86.65
2	86.65
3	86.65
4	86.65
5	86.65
6	86.65
7	86.65
8	86.65
9	86.65
10	86.65
11	86.65
12	86.65
13	86.65
14	86.65
15	86.65
16	86.65
17	86.65
18	86.65
19	86.65
20	86.65
21	86.65
22	86.65
23	86.65
24	86.65
25	86.65
26	86.65
27	86.65
28	86.65
29	86.65
30	86.65
31	86.65
32	86.65
33	86.65
34	86.65
35	86.65
36	86.65
37	86.65
38	86.65
39	86.65
40	86.65
41	86.65
42	86.65
43	86.65
44	86.65
45	86.65
46	86.65
47	86.65
48	86.65
49	86.65
50	86.65
51	86.65
52	86.65
53	86.65
54	86.65
55	86.65
56	86.65
57	86.65
58	86.65
59	86.65
60	86.65
61	86.65
62	86.65
63	86.65
64	86.65
65	86.65
66	86.65
67	86.65
68	86.65
69	86.65
70	86.65
71	86.65
72	86.65
73	86.65
74	86.65
75	86.65
76	86.65
77	86.65
78	86.65
79	86.65
80	86.65
81	86.65
82	86.65
83	86.65
84	86.65
85	86.65
86	86.65
87	86.65
88	86.65
89	86.65
90	86.65
91	86.65
92	86.65
93	86.65
94	86.65
95	86.65
96	86.65
97	86.65
98	86.65
99	86.65
100	86.65
101	86.65
102	86.65
103	86.65
104	86.65
105	86.65
106	86.65
107	86.65
108	86.65
109	86.65
110	86.65
111	86.65
112	86.65
113	86.65
114	86.65
115	86.65
116	86.65
117	86.65
118	86.65
119	86.65
120	86.65
121	86.65
122	86.65
123	86.65
124	86.65
125	86.65
126	86.65
127	86.65
128	86.65
129	86.65
130	86.65
131	86.65
132	86.65
133	86.65
134	86.65
135	86.65
136	86.65
137	86.65
138	86.65
139	86.65
140	86.65
141	86.65
142	86.65
143	86.65
144	86.65
145	86.65
146	86.65
147	86.65
148	86.65
149	86.65
150	86.65
151	86.65
152	86.65
153	86.65
154	86.65
155	86.65
156	86.65
157	86.65
158	86.65
159	86.65
160	86.65
161	86.65
162	86.65
163	86.65
164	86.65
165	86.65
166	86.65
167	86.65
168	86.65
169	86.65
170	86.65
171	86.65
172	86.65
173	86.65
174	86.65
175	86.65
176	86.65
177	86.65
178	86.65
179	86.65
180	86.65
181	86.65
182	86.65
183	86.65
184	86.65
185	86.65
186	86.65
187	86.65
188	86.65
189	86.65
190	86.65
191	86.65
192	86.65
193	86.65
194	86.65
195	86.65
196	86.65
197	86.65
198	86.65
199	86.65
200	86.65
201	86.65
202	86.65
203	86.65
204	86.65
205	86.65
206	86.65
207	86.65
208	86.65
209	86.65
210	86.65
211	86.65
212	86.65
213	86.65
214	86.65
215	86.65
216	86.65
217	86.65
218	86.65
219	86.65
220	86.65
221	86.65
222	86.65
223	86.65
224	86.65
225	86.65
226	86.65
227	86.65
228	86.65
229	86.65
230	86.65
231	86.65
232	86.65
233	86.65
234	86.65
235	86.65
236	86.65
237	86.65
238	86.65
239	86.65
240	86.65
241	86.65
242	86.65
243	86.65
244	86.65
245	86.65
246	86.65
247	86.65
248	86.65
249	86.65
250	86.65
251	86.65
252	86.65
253	86.65
254	86.65
255	86.65
256	86.65
257	86.65
258	86.65
259	86.65
260	86.65
261	86.65
262	86.65
263	86.65
264	86.65
265	86.65
266	86.65
267	86.65
268	86.65
269	86.65
270	86.65
271	86.65
272	86.65
273	86.65
274	86.65
275	86.65
276	86.65
277	86.65
278	86.65
279	86.65
280	86.65
281	86.65
282	86.65
283	86.65
284	86.65
285	86.65
286	86.65
287	86.65
288	86.65
289	86.65
290	86.65
291	86.65
292	86.65
293	86.65
294	86.65
295	86.65
296	86.65
297	86.65
298	86.65
299	86.65
300	86.65
301	86.65
302	86.65
303	86.65
304	86.65
305	86.65
306	86.65
307	86.65
308	86.65
309	86.65
310	86.65
311	86.65
312	86.65
313	86.65
314	86.65
315	86.65
316	86.65
317	86.65
318	86.65
319	86.65
320	86.65
321	86.65
322	86.65
323	86.65
324	86.65
325	86.65
326	86.65
327	86.65
328	86.65
329	86.65
330	86.65
331	86.65
332	86.65
333	86.65
334	86.65
335	86.65
336	86.65
337	86.65
338	86.65
339	86.65
340	86.65
341	86.65
342	86.65
343	86.65
344	86.65
345	86.65
346	86.65
347	86.65
348	86.65
349	86.65
350	86.65
351	86.65
352	86.65
353	86.65
354	86.65
355	86.65
356	86.65
357	86.65
358	86.65
359	86.65
360	86.65
361	86.65
362	86.65
363	86.65
364	86.65
365	86.65
366	86.65
367	86.65
368	86.65
369	86.65
370	86.65
371	86.65
372	86.65
373	86.65
374	86.65
375	86.65
376	86.65
377	86.65
378	86.65
379	86.65
380	86.65
381	86.65
382	86.65
383	86.65
384	86.65
385	86.65
386	86.65
387	86.65
388	86.65
389	86.65
390	86.65
391	86.65
392	86.65
393	86.65
394	86.65
395	86.65
396	86.65
397	86.65
398	86.65
399	86.65
400	86.65
401	86.65
402	86.65
403	86.65
404	86.65
405	86.65
406	86.65
407	86.65
408	86.65
409	86.65
410	86.65
411	86.65
412	86.65
413	86.65
414	86.65
415	86.65
416	86.65
417	86.65
418	86.65
419	86.65
420	86.65
421	86.65
422	86.65
423	86.65
424	86.65
425	86.65
426	86.65
427	86.65
428	86.65
429	86.65
430	86.65
431	86.65
432	86.65
433	86.65
434	86.65
435	86.65
436	86.65
437	86.65
438	86.65
439	86.65
440	86.65
441	86.65
442	86.65
443	86.65
444	86.65
445	86.65
446	86.65
447	86.65
448	86.65
449	86.65
450	86.65
451	86.65
452	86.65
453	86.65
454	86.65
455	86.65
456	86.65
457	86.65
458	86.65
459	86.65
460	86.65
461	86.65
462	86.65
463	86.65
464	86.65
465	86.65
466	86.65
467	86.65
468	86.65
469	86.65
470	86.65
471	86.65
472	86.65
473	86.65
474	86.65
475	86.65
476	86.65
477	86.65
478	86.65
479	86.65
480	86.65
481	86.65
482	86.65
483	86.65
484	86.65
485	86.65
486	86.65
487	86.65
488	86.65
489	86.65
490	86.65
491	86.65
492	86.65
493	86.65
494	86.65
495	86.65
496	86.65
497	86.65
498	86.65
499	86.65
500	86.65
501	86.65
502	86.65
503	86.65
504	86.65
505	86.65
506	86.65
507	86.65
508	86.65
509	86.65
510	86.65
511	86.65
512	86.65
513	86.65
514	86.65
515	86.65
516	86.65
517	86.65
518	86.65
519	86.65
520	86.65
521	86.65
522	86.65
523	86.65
524	86.65
525	86.65
526	86.65
527	86.65
528	86.65
529	86.65
530	86.65
531	86.65
532	86.65
533	86.65
534	86.65
535	86.65
536	86.65
537	86.65
538	86.65
539	86.65
540	86.65
541	86.65
542	86.65
543	86.65
544	86.65
545	86.65
546	86.65
547	86.65
548	86.65
549	86.65
550	86.65
551	86.65
552	86.65
553	86.65
554	86.65
555	86.65
556	86.65
557	86.65
558	86.65
559	86.65
560	86.65
561	86.65
562	86.65
563	86.65
564	86.65
565	86.65
566	86.65
567	86.65
568	86.65
569	86.65
570	86.65
571	86.65
572	86.65
573	86.65
574	86.65
575	86.65
576	86.65
577	86.65
578	86.65
579	86.65
580	86.65
581	86.65
582	86.65
583	86.65
584	86.65
585	86.65
586	86.65
587	86.65
588	86.65
589	86.65
590	86.65
591	86.65
592	86.65
593	86.65
594	86.65
595	86.65
596	86.65
597	86.65
598	86.65
599	86.65
600	86.65
601	86.65
602	86.65
603	86.65
604	86.65
605	86.65
606	86.65
607	86.65
608	86.65
609	86.65
610	86.65
611	86.65
612	86.65
613	86.65
614	86.65
615	86.65
616	86.65
617	86.65
618	86.65
619	86.65
620	86.65
621	86.65
622	86.65
623	86.65
624	86.65
625	86.65
626	86.65
627	86.65
628	86.65
629	86.65
630	86.65
631	86.65
632	86.65
633	86.65
634	86.65
635	86.65
636	86.65
637	86.65
638	86.65
639	86.65
640	86.65
641	86.65
642	86.65
643	86.65
644	86.65
645	86.65
646	86.65
647	86.65
648	86.65
649	86.65
650	86.65
651	86.65
652	86.65
653	86.65
654	86.65
655	86.65
656	86.65
657	86.65
658	86.65
659	86.65
660	86.65
661	86.65
662	86.65
663	86.65
664	86.65
665	86.65
666	86.65
667	86.65
668	86.65
669	86.65
670	86.65
671	86.65
672	86.65
673	86.65
674	86.65
675	86.65
676	86.65
677	86.65
678	86.65
679	86.65
680	86.65
681	86.65
682	86.65
683	86.65
684	86.65
685	86.65
686	86.65
687	86.65
688	86.65
689	86.65
690	86.65
691	86.65
692	86.65
693	86.65
694	86.65
695	86.65
696	86.65
697	86.65
698	86.65
699	86.65
700	86.65
701	86.65
702	86.65
703	86.65
704	86.65
705	86.65
706	86.65
707	86.65
708	86.65
709	86.65
710	86.65
711	86.65
712	86.65
713	86.65
714	86.65
715	86.65
716	86.65
717	86.65
718	86.65
719	86.65
720	86.65
721	86.65
722	86.65
723	86.65
724	86.65
725	86.65
726	86.65
727	86.65
728	86.65
729	86.65
730	86.65
731	86.65
732	86.65
733	86.65
734	86.65
735	86.65
736	86.65
737	86.65
738	86.65
739	86.65
740	86.65
741	86.65
742	86.65
743	86.65
744	86.65
745	86.65
746	86.65
747	86.65
748	86.65
749	86.65
750	86.65
751	86.65
752	86.65
753	86.65
754	86.65
755	86.65
756	86.65
757	86.65
758	86.65
759	86.65
760	86.65
761	86.65
762	86.65
763	86.65
764	86.65
765	86.65
766	86.65
767	86.65
768	86.65
769	86.65
770	86.65
771	86.65
772	86.65
773	86.65
774	86.65
775	86.65
776	86.65
777	86.65
778	86.65
779	86.65
780	86.65
781	86.65
782	86.65
783	86.65
784	86.65
785	86.65
786	86.65
787	86.65
788	86.65
789	86.65
790	86.65
791	86.65
792	86.65
793	86.65
794	86.65
795	86.65
796	86.65
797	86.65
798	86.65
799	86.65
800	86.65
801	86.65
802	86.65
803	86.65
804	86.65
805	86.65
806	86.65
807	86.65
808	86.65
809	86.65
810	86.65
811	86.65
812	86.65
813	86.65
814	86.65
815	86.65
816	86.65
817	86.65
818	86.65
819	86.65
820	86.65
821	86.65
822	86.65
823	86.65
824	86.65
825	86.65
826	86.65
827	86.65
828	86.65
829	86.65
830	86.65
831	86.65
832	86.65
833	86.65
834	86.65
835	86.65
836	86.65
837	86.65
838	86.65
839	86.65
840	86.65
841	86.65
842	86.65
843	86.65
844	86.65
845	86.65
846	86.65
847	86.65
848	86.65
849	86.65
850	86.65
851	86.65
852	86.65
853	86.65
854	86.65
855	86.65
856	86.65
857	86.65
858	86.65
859	86.65
860	86.65
861	86.65
862	86.65
863	86.65
864	86.65
865	86.65
866	86.65
867	86.65
868	86.65
869	86.65
870	86.65
871	86.65
872	86.65
873	86.65
874	86.65
875	86.65
876	86.65
877	86.65
878	86.65
879	86.65
880	86.65
881	86.65
882	86.65
883	86.65
884	86.65
885	86.65
886	86.65
887	86.65
888	86.65
889	86.65
890	86.65
891	86.65
892	86.65
893	86.65
894	86.65
895	86.65
896	86.65
897	86.65
898	86.65
899	86.65
900	86.65
901	86.65
902	86.65
903	86.65
904	86.65
905	86.65
906	86.65
907	86.65
908	86.65
909	86.65
910	86.65
911	86.65
912	86.65
913	86.65
914	86.65
915	86.65
916	86.65
917	86.65
918	86.65
919	86.65
920	86.65
921	86.65
922	86.65
923	86.65
924	86.65
925	86.65
926	86.65
927	86.65
928	86.65
929	86.65
930	86.65
931	86.65
932	86.65
933	86.65
934	86.65
935	86.65
936	86.65
937	86.65
938	86.65
939	86.65
940	86.65
941	86.65
942	86.65
943	86.65
944	86.65
945	86.65
946	86.65
947	86.65
948	86.65
949	86.65
950	86.65
951	86.65
952	86.65
953	86.65
954	86.65
955	86.65
956	86.65
957	86.65
958	86.65
959	86.65
960	86.65
961	86.65
962	86.65
963	86.65
964	86.65
965	86.65
966	86.65
967	86.65
968	86.65
969	86.65
970	86.65
971	86.65
972	86.65
973	86.65
974	86.65
975	86.65
976	86.65
977	86.65
978	86.65
979	86.65
980	86.65
981	86.65
982	86.65
983	86.65
984	86.65
985	86.65
986	86.65
987	86.65
988	86.65
989	86.65
990	86.65
991	86.65
992	86.65
993	86.65
994	86.65
995	86.65
996	86.65
997	86.65
998	86.65
999	86.65
1000	86.65
1001	86.65
1002	86.65
1003	86.65
1004	86.65
1005	86.65
1006	86.65
1007	86.65
1008	86.65
1009	86.65
1010	86.65
1011	86.65
1012	86.65
1013	86.65
1014	86.65
1015	86.65
1016	86.65
1017	86.65
1018	86.65
1019	86.65
1020	86.65
1021	86.65
1022	86.65
1023	86.65
1024	86.65
1025	86.65
1026	86.65
1027	86.65
1028	86.65
1029	86.65
1030	86.65
1031	86.65
1032	86.65
1033	86.65
1034	86.65
1035	86.65
1036	86.65
1037	86.65
1038	86.65
1039	86.65
1040	86.65
1041	86.65
1042	86.65
1043	86.65
1044	86.65
1045	86.65
1046	86.65
1047	86.65
1048	86.65
1049	86.65
1050	86.65
1051	86.65
1052	86.65
1053	86.65
1054	86.65
1055	86.65
1056	86.65
1057	86.65
1058	86.65
1059	86.65
1060	86.65
1061	86.65
1062	86.65
1063	86.65
1064	86.65
1065	86.65
1066	86.65
1067	86.65
1068	86.65
1069	86.65
1070	86.65
1071	86.65
1072	86.65
1073	86.65
1074	86.65
1075	86.65
1076	86.65
1077	86.65
1078	86.65
1079	86.65
1080	86.65
1081	86.65
1082	86.65
1083	86.65
1084	86.65
1085	86.65
1086	86.65
1087	86.65
1088	86.65
1089	86.65
1090	86.65
1091	86.65
1092	86.65
1093	86.65
1094	86.65
1095	86.65
1096	86.65
1097	86.65
1098	86.65
1099	86.65
1100	86.65
1101	86.65
1102	86.65
1103	86.65
1104	86.65
1105	86.65
1106	86.65
1107	86.65
1108	86.65
1109	86.65
1110	86.65
1111	86.65
1112	86.65
1113	86.65
1114	86.65
1115	86.65
1116	86.65
1117	86.65
1118	86.65
1119	86.65
1120	86.65
1121	86.65
1122	86.65
1123	86.65
1124	86.65
1125	86.65
1126	86.65
1127	86.65
1128	86.65
1129	86.65
1130	86.65
1131	86.65
1132	86.65
1133	86.65
1134	86.65
1135	86.65
1136	86.65
1137	86.65
1138	86.65
1139	86.65
1140	86.65
1141	86.65
1142	86.65
1143	86.65
1144	86.65
1145	86.65
1146	86.65
1147	86.65
1148	86.65
1149	86.65
1150	86.65
1151	86.65
1152	86.65
1153	86.65
1154	86.65
1155	86.65
1156	86.65
1157	86.65
1158	86.65
1159	86.65
1160	86.65
1161	86.65
1162	86.65
1163	86.65
1164	86.65
1165	86.65
1166	86.65
1167	86.65
1168	86.65
1169	86.65
1170	86.65
1171	86.65
1172	86.65
1173	86.65
1174	86.65
1175	86.65
1176	86.65
1177	86.65
1178	86.65
1179	86.65
1180	86.65
1181	86.65
1182	86.65
1183	86.65
1184	86.65
1185	86.65
1186	86.65
1187	86.65
1188	86.65
1189	86.65
1190	86.65
1191	86.65
1192	86.65
1193	86.65
1194	86.65
1195	86.65
1196	86.65
1197	86.65
1198	86.65
1199	86.65
1200	86.65
1201	86.65
1202	86.65
1203	86.65
1204	86.65
1205	86.65
1206	86.65
1207	86.65
1208	86.65
1209	86.65
1210	86.65
1211	86.65
1212	86.65
1213	86.65
1214	86.65
1215	86.65
1216	86.65
1217	86.65
1218	86.65
1219	86.65
1220	86.65
1221	86.65
1222	86.65
1223	86.65
1224	86.65
1225	86.65
1226	86.65
1227	86.65
1228	86.65
1229	86.65
1230	86.65
1231	86.65
1232	86.65
1233	86.65
1234	86.65
1235	86.65
1236	86.65
1237	86.65
1238	86.65
1239	86.65
1240	86.65
1241	86.65
1242	86.65
1243	86.65
1244	86.65
1245	86.65
1246	86.65
1247	86.65
1248	86.65
1249	86.65
1250	86.65
1251	86.65
1252	86.65
1253	86.65
1254	86.65
1255	86.65
1256	86.65
1257	86.65
1258	86.65
1259	86.65
1260	86.65
1261	86.65
1262	86.65
1263	86.65
1264	86.65
1265	86.65
1266	86.65
1267	86.65
1268	86.65
1269	86.65
1270	86.65
1271	86.65
1272	86.65
1273	86.65
1274	86.65
1275	86.65
1276	86.65
1277	86.65
1278	86.65
1279	86.65
1280	86.65
1281	86.65
1282	86.65
1283	86.65
1284	86.65
1285	86.65
1286	86.65
1287	86.65
1288	86.65
1289	86.65
1290	86.65
1291	86.65
1292	86.65
1293	86.65
1294	86.65
1295	86.65
1296	86.65
1297	86.65
1298	86.65
1299	86.65
1300	86.65
1301	86.65
1302	86.65
1303	86.65
1304	86.65
1305	86.65
1306	86.65
1307	86.65
1308	86.65
1309	86.65
1310	86.65
1311	86.65
1312	86.65
1313	86.65
1314	86.65
1315	86.65
1316	86.65
1317	86.65
1318	86.65
1319	86.65
1320	86.65
1321	86.65
1322	86.65
1323	86.65
1324	86.65
1325	86.65
1326	86.65
1327	86.65
1328	86.65
1329	86.65
1330	86.65
1331	86.65
1332	86.65
1333	86.65
1334	86.65
1335	86.65
1336	86.65
1337	86.65
1338	86.65
1339	86.65
1340	86.65
1341	86.65
1342	86.65
1343	86.65
1344	86.65
1345	86.65
1346	86.65
1347	86.65
1348	86.65
1349	86.65
1350	86.65
1351	86.65
1352	86.65
1353	86.65
1354	86.65
1355	86.65
1356	86.65
1357	86.65
1358	86.65
1359	86.65
1360	86.65
1361	86.65
1362	86.65
1363	86.65
1364	86.65
1365	86.65
1366	86.65
1367	86.65
1368	86.65
1369	86.65
1370	86.65
1371	86.65
1372	86.65
1373	86.65
1374	86.65
1375	86.65
1376	86.65
1377	86.65
1378	86.65
1379	86.65
1380	86.65
1381	86.65
1382	86.65
1383	86.65
1384	86.65
1385	86.65
1386	86.65
1387	86.65
1388	86.65
1389	86.65
1390	86.65
1391	86.65
1392	86.65
1393	86.65
1394	86.65
1395	86.65
1396	86.65
1397	86.65
1398	86.65
1399	86.65
1400	86.65
1401	86.65
1402	86.65
1403	86.65
1404	86.65
1405	86.65
1406	86.65
1407	86.65
1408	86.65
1409	86.65
1410	86.65
1411	86.65
1412	86.65
1413	86.65
1414	86.65
1415	86.65
1416	86.65
1417	86.65
1418	86.65
1419	86.65
1420	86.65
1421	86.65
1422	86.65
1423	86.65
1424	86.65
1425	86.65
1426	86.65
1427	86.65
1428	86.65
1429	86.65
1430	86.65
1431	86.65
1432	86.65
1433	86.65
1434	86.65
1435	86.65
1436	86.65
1437	86.65
1438	86.65
1439	86.65
1440	86.65
1441	86.65
1442	86.65
1443	86.65
1444	86.65
1445	86.65
1446	86.65
1447	86.65
1448	86.65
1449	86.65
1450	86.65
1451	86.65
1452	86.65
1453	86.65
1454	86.65
1455	86.65
1456	86.65
1457	86.65
1458	86.65
1459	86.65
1460	86.65
1461	86.65
1462	86.65
1463	86.65
1464	86.65
1465	86.65
1466	86.65
1467	86.65
1468	86.65
1469	86.65
1470	86.65
1471	86.65
1472	86.65
1473	86.65
1474	86.65
1475	86.65
1476	86.65
1477	86.65
1478	86.65
1479	86.65
1480	86.65
1481	86.65
1482	86.65
1483	86.65
1484	86.65
1485	86.65
1486	86.65
1487	86.65
1488	86.65
1489	86.65
1490	86.65
1491	86.65
1492	86.65
1493	86.65
1494	86.65
1495	86.65
1496	86.65
1497	86.65
1498	86.65
1499	86.65
1500	86.65
1501	86.65
1502	86.65
1503	86.65
1504	86.65
1505	86.65
1506	86.65
1507	86.65
1508	86.65
1509	86.65
1510	86.65
1511	86.65
1512	86.65
1513	86.65
1514	86.65
1515	86.65
1516	86.65
1517	86.65
1518	86.65
1519	86.65
1520	86.65
1521	86.65
1522	86.65
1523	86.65
1524	86.65
1525	86.65
1526	86.65
1527	86.65
1528	86.65
1529	86.65
1530	86.65
1531	86.65
1532	86.65
1533	86.65
1534	86.65
1535	86.65
1536	86.65
1537	86.65
1538	86.65
1539	86.65
1540	86.65
1541	86.65
1542	86.65
1543	86.65
1544	86.65
1545	86.65
1546	86.65
1547	86.65
1548	86.65
1549	86.65
1550	86.65
1551	86.65
1552	86.65
1553	86.65
1554	86.65
1555	86.65
1556	86.65
1557	86.65
1558	86.65
1559	86.65
1560	86.65
1561	86.65
1562	86.65
1563	86.65
1564	86.65
1565	86.65
1566	86.65
1567	86.65
1568	86.65
1569	86.65
1570	86.65
1571	86.65
1572	86.65
1573	86.65
1574	86.65
1575	86.65
1576	86.65
1577	86.65
1578	86.65
1579	86.65
1580	86.65
1581	86.65
1582	86.65
1583	86.65
1584	86.65
1585	86.65
1586	86.65
1587	86.65
1588	86.65
1589	86.65
1590	86.65
1591	86.65
1592	86.65
1593	86.65
1594	86.65
1595	86.65
1596	86.65
1597	86.65
1598	86.65
1599	86.65
1600	86.65
1601	86.65
1602	86.65
1603	86.65
1604	86.65
1605	86.65
1606	86.65
1607	86.65
1608	86.65
1609	86.65
1610	86.65
1611	86.65
1612	86.65
1613	86.65
1614	86.65
1615	86.65
1616	86.65
1617	86.65
1618	86.65
1619	86.65
1620	86.65
1621	86.65
1622	86.65
1623	86.65
1624	86.65
1625	86.65
1626	86.65
1627	86.65
1628	86.65
1629	86.65
1630	86.65
1631	86.65
1632	86.65
1633	86.65
1634	86.65
1635	86.65
1636	86.65
1637	86.65
1638	86.65
1639	86.65
1640	86.65
1641	86.65
1642	86.65
1643	86.65
1644	86.65
1645	86.65
1646	86.65
1647	86.65
1648	86.65
1649	86.65
1650	86.65
1651	86.65
1652	86.65
1653	86.65
1654	86.65
1655	86.65
1656	86.65
1657	86.65
1658	86.65
1659	86.65
1660	86.65
1661	86.65
1662	86.65
1663	86.65
1664	86.65
1665	86.65
1666	86.65
1667	86.65
1668	86.65
1669	86.65
1670	86.65
1671	86.65
1672	86.65
1673	86.65
1674	86.65
1675	86.65
1676	86.65
1677	86.65
1678	86.65
1679	86.65
1680	86.65
1681	86.65
1682	86.65
1683	86.65
1684	86.65
1685	86.65
1686	86.65
1687	86.65
1688	86.65
1689	86.65
1690	86.65
1691	86.65
1692	86.65
1693	86.65
1694	86.65
1695	86.65
1696	86.65
1697	86.65
1698	86.65
1699	86.65
1700	86.65
1701	86.65
1702	86.65
1703	86.65
1704	86.65
1705	86.65
1706	86.65
1707	86.65
1708	86.65
1709	86.65
1710	86.65
1711	86.65
1712	86.65
1713	86.65
1714	86.65
1715	86.65
1716	86.65
1717	86.65
1718	86.65
1719	86.65
1720	86.65
1721	86.65
1722	86.65
1723	86.65
1724	86.65
1725	86.65
1726	86.65
1727	86.65
1728	86.65
1729	86.65
1730	86.65
1731	86.65
1732	86.65
1733	86.65
1734	86.65
1735	86.65
1736	86.65
1737	86.65
1738	86.65
1739	86.65
1740	86.65
1741	86.65
1742	86.65
1743	86.65
1744	86.65
1745	86.65
1746	86.65
1747	86.65
1748	86.65
1749	86.65
1750	86.65
1751	86.65
1752	86.65
1753	86.65
1754	86.65
1755	86.65
1756	86.65
1757	86.65
1758	86.65
1759	86.65
1760	86.65
1761	86.65
1762	86.65
1763	86.65
1764	86.65
1765	86.65
1766	86.65
1767	86.65
1768	86.65
1769	86.65
1770	86.65
1771	86.65
1772	86.65
1773	86.65
1774	86.65
1775	86.65
1776	86.65
1777	86.65
1778	86.65
1779	86.65
1780	86.65
1781	86.65
1782	86.65
1783	86.65
1784	86.65
1785	86.65
1786	86.65
1787	86.65
1788	86.65
1789	86.65
1790	86.65
1791	86.65
1792	86.65
1793	86.65
1794	86.65
1795	86.65
1796	86.65
1797	86.65
1798	86.65
1799	86.65
1800	86.65
1801	86.65
1802	86.65
1803	86.65
1804	86.65
1805	86.65
1806	86.65
1807	86.65
1808	86.65
1809	86.65
1810	86.65
1811	86.65
1812	86.65
1813	86.65
1814	86.65
1815	86.65
1816	86.65
1817	86.65
1818	86.65
1819	86.65
1820	86.65
1821	86.65
1822	86.65
1823	86.65
1824	86.65
1825	86.65
1826	86.65
1827	86.65
1828	86.65
1829	86.65
1830	86.65
1831	86.65
1832	86.65
1833	86.65
1834	86.65
1835	86.65
1836	86.65
1837	86.65
1838	86.65
1839	86.65
1840	86.65
1841	86.65
1842	86.65
1843	86.65
1844	86.65
1845	86.65
1846	86.65
1847	86.65
1848	86.65
1849	86.65
1850	86.65
1851	86.65
1852	86.65
1853	86.65
1854	86.65
1855	86.65
1856	86.65
1857	86.65
1858	86.65
1859	86.65
1860	86.65
1861	86.65
1862	86.65
1863	86.65
1864	86.65
1865	86.65
1866	86.65
1867	86.65
1868	86.65
1869	86.65
1870	86.65
1871	86.65
1872	86.65
1873	86.65
1874	86.65
1875	86.65
1876	86.65
1877	86.65
1878	86.65
1879	86.65
1880	86.65
1881	86.65
1882	86.65
1883	86.65
1884	86.65
1885	86.65
1886	86.65
1887	86.65
1888	86.65
1889	86.65
1890	86.65
1891	86.65
1892	86.65
1893	86.65
1894	86.65
1895	86.65
1896	86.65
1897	86.65
1898	86.65
1899	86.65
1900	86.65
1901	86.65
1902	86.65
1903	86.65
1904	86.65
1905	86.65
1906	86.65
1907	86.65
1908	86.65
1909	86.65
1910	86.65
1911	86.65
1912	86.65
1913	86.65
1914	86.65
1915	86.65
1916	86.65
1917	86.65
1918	86.65
1919	86.65
1920	86.65
1921	86.65
1922	86.65
1923	86.65
1924	86.65
1925	86.65
1926	86.65
1927	86.65
1928	86.65
1929	86.65
1930	86.65
1931	86.65
1932	86.65
1933	86.65
1934	86.65
1935	86.65
1936	86.65
1937	86.65
1938	86.65
1939	86.65
1940	86.65
1941	86.65
1942	86.65
1943	86.65
1944	86.65
1945	86.65
1946	86.65
1947	86.65
1948	86.65
1949	86.65
1950	86.65
1951	86.65
1952	86.65
1953	86.65
1954	86.65
1955	86.65
1956	86.65
1957	86.65
1958	86.65
1959	86.65
1960	86.65
1961	86.65
1962	86.65
1963	86.65
1964	86.65
1965	86.65
1966	86.65
1967	86.65
1968	86.65
1969	86.65
1970	86.65
1971	86.65
1972	86.65
1973	86.65
1974	86.65
1975	86.65
1976	86.65
1977	86.65
1978	86.65
1979	86.65
1980	86.65
1981	86.65
1982	86.65
1983	86.65
1984	86.65
1985	86.65
1986	86.65
1987	86.65
1988	86.65
1989	86.65
1990	86.65
1991	86.65
1992	86.65
1993	86.65
1994	86.65
1995	86.65
1996	86.65
1997	86.65
1998	86.65
1999	86.65
2000	86.65
2001	86.65
2002	86.65
2003	86.65
2004	86.65
2005	86.65
2006	86.65
2007	86.65
2008	86.65
2009	86.65
2010	86.65
2011	86.65
2012	86.65
2013	86.65
2014	86.65
2015	86.65
2016	86.65
2017	86.65
2018	86.65
2019	86.65
2020	86.65
2021	86.65
2022	86.65
2023	86.65
2024	86.65
2025	86.65
2026	86.65
2027	86.65
2028	86.65
2029	86.65
2030	86.65
2031	86.65
2032	86.65
2033	86.65
2034	86.65
2035	86.65
2036	86.65
2037	86.65
2038	86.65
2039	86.65
2040	86.65
2041	86.65
2042	86.65
2043	86.65
2044	86.65
2045	86.65
2046	86.65
2047	86.65
2048	86.65
2049	86.65
2050	86.65
2051	86.65
2052	86.65
2053	86.65
2054	86.65
2055	86.65
2056	86.65
2057	86.65
2058	86.65
2059	86.65
2060	86.65
2061	86.65
2062	86.65
2063	86.65
2064	86.65
2065	86.65
2066	86.65
2067	86.65
2068	86.65
2069	86.65
2070	86.65
2071	86.65
2072	86.65
2073	86.65
2074	86.65
2075	86.65
2076	86.65
2077	86.65
2078	86.65
2079	86.65
2080	86.65
2081	86.65
2082	86.65
2083	86.65
2084	86.65
2085	86.65
2086	86.65
2087	86.65
2088	86.65
2089	86.65
2090	86.65
2091	86.65
2092	86.65
2093	86.65
2094	86.65
2095	86.65
2096	86.65
2097	86.65
2098	86.65
2099	86.65
2100	86.65
2101	86.65
2102	86.65
2103	86.65
2104	86.65
2105	86.65
2106	86.65
2107	86.65
2108	86.65
2109	86.65
2110	86.65
2111	86.65
2112	86.65
2113	86.65
2114	86.65
2115	86.65
2116	86.65
2117	86.65
2118	86.65
2119	86.65
2120	86.65
2121	86.65
2122	86.65
2123	86.65
2124	86.65
2125	86.65
2126	86.65
2127	86.65
2128	86.65
2129	86.65
2130	86.65
2131	86.65
2132	86.65
2133	86.65
2134	86.65
2135	86.65
2136	86.65
2137	86.65
2138	86.65
2139	86.65
2140	86.65
2141	86.65
2142	86.65
2143	86.65
2144	86.65
2145	86.65
2146	86.65
2147	86.65
2148	86.65
2149	86.65
2150	86.65
2151	86.65
2152	86.65
2153	86.65
2154	86.65
2155	86.65
2156	86.65
2157	86.65
2158	86.65
2159	86.65
2160	86.65
2161	86.65
2162	86.65
2163	86.65
2164	86.65
2165	86.65
2166	86.65
2167	86.65
2168	86.65
2169	86.65
2170	86.65
2171	86.65
2172	86.65
2173	86.65
2174	86.65
2175	86.65
2176	86.65
2177	86.65
2178	86.65
2179	86.65
2180	86.65
2181	86.65
2182	86.65
2183	86.65
2184	86.65
2185	86.65
2186	86.65
2187	86.65
2188	86.65
2189	86.65
2190	86.65
2191	86.65
2192	86.65
2193	86.65
2194	86.65
2195	86.65
2196	86.65
2197	86.65
2198	86.65
2199	86.65
2200	86.65
2201	86.65
2202	86.65
2203	86.65
2204	86.65
2205	86.65
2206	86.65
2207	86.65
2208	86.65
2209	86.65
2210	86.65
2211	86.65
2212	86.65
2213	86.65
2214	86.65
2215	86.65
2216	86.65
2217	86.65
2218	86.65
2219	86.65
2220	86.65
2221	86.65
2222	86.65
2223	86.65
2224	86.65
2225	86.65
2226	86.65
2227	86.65
2228	86.65
2229	86.65
2230	86.65
2231	86.65
2232	86.65
2233	86.65
2234	86.65
2235	86.65
2236	86.65
2237	86.65
2238	86.65
2239	86.65
2240	86.65
2241	86.65
2242	86.65
2243	86.65
2244	86.65
2245	86.65
2246	86.65
2247	86.65
2248	86.65
2249	86.65
2250	86.65
2251	86.65
2252	86.65
2253	86.65
2254	86.65
2255	86.65
2256	86.65
2257	86.65
2258	86.65
2259	86.65
2260	86.65
2261	86.65
2262	86.65
2263	86.65
2264	86.65
2265	86.65
2266	86.65
2267	86.65
2268	86.65
2269	86.65
2270	86.65
2271	86.65
2272	86.65
2273	86.65
2274	86.65
2275	86.65
2276	86.65
2277	86.65
2278	86.65
2279	86.65
2280	86.65
2281	86.65
2282	86.65
2283	86.65
2284	86.65
2285	86.65
2286	86.65
2287	86.65
2288	86.65
2289	86.65
2290	86.65
2291	86.65
2292	86.65
2293	86.65
2294	86.65
2295	86.65
2296	86.65
2297	86.65
2298	86.65
2299	86.65
2300	86.65
2301	86.65
2302	86.65
2303	86.65
2304	86.65
2305	86.65
2306	86.65
2307	86.65
2308	86.65
2309	86.65
2310	86.65
2311	86.65
2312	86.65
2313	86.65
2314	86.65
2315	86.65
2316	86.65
2317	86.65
2318	86.65
2319	86.65
2320	86.65
2321	86.65
2322	86.65
2323	86.65
2324	86.65
2325	86.65
2326	86.65
2327	86.65
2328	86.65
2329	86.65
2330	86.65
2331	86.65
2332	86.65
2333	86.65
2334	86.65
2335	86.65
2336	86.65
2337	86.65
2338	86.65
2339	86.65
2340	86.65
2341	86.65
2342	86.65
2343	86.65
2344	86.65
2345	86.65
2346	86.65
2347	86.65
2348	86.65
2349	86.65
2350	86.65
2351	86.65
2352	86.65
2353	86.65
2354	86.65
2355	86.65
2356	86.65
2357	86.65
2358	86.65
2359	86.65
2360	86.65
2361	86.65
2362	86.65
2363	86.65
2364	86.65
2365	86.65
2366	86.65
2367	86.65
2368	86.65
2369	86.65
2370	86.65
2371	86.65
2372	86.65
2373	86.65
2374	86.65
2375	86.65
2376	86.65
2377	86.65
2378	86.65
2379	86.65
2380	86.65
2381	86.65
2382	86.65
2383	86.65
2384	86.65
2385	86.65
2386	86.65
2387	86.65
2388	86.65
2389	86.65
2390	86.65
2391	86.65
2392	86.65
2393	86.65
2394	86.65
2395	86.65
2396	86.65
2397	86.65
2398	86.65
2399	86.65
2400	86.65
2401	86.65
2402	86.65
2403	86.65
2404	86.65
2405	86.65
2406	86.65
2407	86.65
2408	86.65
2409	86.65
2410	86.65
2411	86.65
2412	86.65
2413	86.65
2414	86.65
2415	86.65
2416	86.65
2417	86.65
2418	86.65
2419	86.65
2420	86.65
2421	86.65
2422	86.65
2423	86.65
2424	86.65
2425	86.65
2426	86.65
2427	86.65
2428	86.65
2429	86.65
2430	86.65
2431	86.65
2432	86.65
2433	86.65
2434	86.65
2435	86.65
2436	86.65
2437	86.65
2438	86.65
2439	86.65
2440	86.65
2441	86.65
2442	86.65
2443	86.65
2444	86.65
2445	86.65
2446	86.65
2447	86.65
2448	86.65
2449	86.65
2450	86.65
2451	86.65
2452	86.65
2453	86.65
2454	86.65
2455	86.65
2456	86.65
2457	86.65
2458	86.65
2459	86.65
2460	86.65
2461	86.65
2462	86.65
2463	86.65
2464	86.65
2465	86.65
2466	86.65
2467	86.65
2468	86.65
2469	86.65
2470	86.65
2471	86.65
2472	86.65
2473	86.65
2474	86.65
2475	86.65
2476	86.65
2477	86.65
2478	86.65
2479	86.65
2480	86.65
2481	86.65
2482	86.65
2483	86.65
2484	86.65
2485	86.65
2486	86.65
2487	86.65
2488	86.65
2489	86.65
2490	86.65
2491	86.65
2492	86.65
2493	86.65
2494	86.65
2495	86.65
2496	86.65
2497	86.65
2498	86.65
2499	86.65
2500	86.65
2501	86.65
2502	86.65
2503	86.65
2504	86.65
2505	86.65
2506	86.65
2507	86.65
2508	86.65
2509	86.65
2510	86.65
2511	86.65
2512	86.65
2513	86.65
2514	86.65
2515	86.65
2516	86.65
2517	86.65
2518	86.65
2519	86.65
2520	86.65
2521	86.65
2522	86.65
2523	86.65
2524	86.65
2525	86.65
2526	86.65
2527	86.65
2528	86.65
2529	86.65
2530	86.65
2531	86.65
2532	86.65
2533	86.65
2534	86.65
2535	86.65
2536	86.65
2537	86.65
2538	86.65
2539	86.65
2540	86.65
2541	86.65
2542	86.65
2543	86.65
2544	86.65
2545	86.65
2546	86.65
2547	86.65
2548	86.65
2549	86.65
2550	86.65
2551	86.65
2552	86.65
2553	86.65
2554	86.65
2555	86.65
2556	86.65
2557	86.65
2558	86.65
2559	86.65
2560	86.65
2561	86.65
2562	86.65
2563	86.65
2564	86.65
2565	86.65
2566	86.65
2567	86.65
2568	86.65
2569	86.65
2570	86.65
2571	86.65
2572	86.65
2573	86.65
2574	86.65
2575	86.65
2576	86.65
2577	86.65
2578	86.65
2579	86.65
2580	86.65
2581	86.65
2582	86.65
2583	86.65
2584	86.65
2585	86.65
2586	86.65
2587	86.65
2588	86.65
2589	86.65
2590	86.65
2591	86.65
2592	86.65
2593	86.65
2594	86.65
2595	86.65
2596	86.65
2597	86.65
2598	86.65
2599	86.65
2600	86.65
2601	86.65
2602	86.65
2603	86.65
2604	86.65
2605	86.65
2606	86.65
2607	86.65
2608	86.65
2609	86.65
2610	86.65
2611	86.65
2612	86.65
2613	86.65
2614	86.65
2615	86.65
2616	86.65
2617	86.65
2618	86.65
2619	86.65
2620	86.65
2621	86.65
2622	86.65
2623	86.65
2624	86.65
2625	86.65
2626	86.65
2627	86.65
2628	86.65
2629	86.65
2630	86.65
2631	86.65
2632	86.65
2633	86.65
2634	86.65
2635	86.65
2636	86.65
2637	86.65
2638	86.65
2639	86.65
2640	86.65
2641	86.65
2642	86.65
2643	86.65
2644	86.65
2645	86.65
2646	86.65
2647	86.65
2648	86.65
2649	86.65
2650	86.65
2651	86.65
2652	86.65
2653	86.65
2654	86.65
2655	86.65
2656	86.65
2657	86.65
2658	86.65
2659	86.65
2660	86.65
2661	86.65
2662	86.65
2663	86.65
2664	86.65
2665	86.65
2666	86.65
2667	86.65
2668	86.65
2669	86.65
2670	86.65
2671	86.65
2672	86.65
2673	86.65
2674	86.65
2675	86.65
2676	86.65
2677	86.65
2678	86.65
2679	86.65
2680	86.65
2681	86.65
2682	86.65
2683	86.65
2684	86.65
2685	86.65
2686	86.65
2687	86.65
2688	86.65
2689	86.65
2690	86.65
2691	86.65
2692	86.65
2693	86.65
2694	86.65
2695	86.65
2696	86.65
2697	86.65
2698	86.65
2699	86.65
2700	86.65
2701	86.65
2702	86.65
2703	86.65
2704	86.65
2705	86.65
2706	86.65
2707	86.65
2708	86.65
2709	86.65
2710	86.65
2711	86.65
2712	86.65
2713	86.65
2714	86.65
2715	86.65
2716	86.65
2717	86.65
2718	86.65
2719	86.65
2720	86.65
2721	86.65
2722	86.65
2723	86.65
2724	86.65
2725	86.65
2726	86.65
2727	86.65
2728	86.65
2729	86.65
2730	86.65
2731	86.65
2732	86.65
2733	86.65
2734	86.65
2735	86.65
2736	86.65
2737	86.65
2738	86.65
2739	86.65
2740	86.65
2741	86.65
2742	86.65
2743	86.65
2744	86.65
2745	86.65
2746	86.65
2747	86.65
2748	86.65
2749	86.65
2750	86.65
2751	86.65
2752	86.65
2753	86.65
2754	86.65
2755	86.65
2756	86.65
2757	86.65
2758	86.65
2759	86.65
2760	86.65
2761	86.65
2762	86.65
2763	86.65
2764	86.65
2765	86.65
2766	86.65
2767	86.65
2768	86.65
2769	86.65
2770	86.65
2771	86.65
2772	86.65
2773	86.65
2774	86.65
2775	86.65
2776	86.65
2777	86.65
2778	86.65
2779	86.65
2780	86.65
2781	86.65
2782	86.65
2783	86.65
2784	86.65
2785	86.65
2786	86.65
2787	86.65
2788	86.65
2789	86.65
2790	86.65
2791	86.65
2792	86.65
2793	86.65
2794	86.65
2795	86.65
2796	86.65
2797	86.65
2798	86.65
2799	86.65
2800	86.65
2801	86.65
2802	86.65
2803	86.65
2804	86.65
2805	86.65
2806	86.65
2807	86.65
2808	86.65
2809	86.65
2810	86.65
2811	86.65
2812	86.65
2813	86.65
2814	86.65
2815	86.65
2816	86.65
2817	86.65
2818	86.65
2819	86.65
2820	86.65
2821	86.65
2822	86.65
2823	86.65
2824	86.65
2825	86.65
2826	86.65
2827	86.65
2828	86.65
2829	86.65
2830	86.65
2831	86.65
2832	86.65
2833	86.65
2834	86.65
2835	86.65
2836	86.65
2837	86.65
2838	86.65
2839	86.65
2840	86.65
2841	86.65
2842	86.65
2843	86.65
2844	86.65
2845	86.65
2846	86.65
2847	86.65
2848	86.65
2849	86.65
2850	86.65
2851	86.65
2852	86.65
2853	86.65
2854	86.65
2855	86.65
2856	86.65
2857	86.65
2858	86.65
2859	86.65
2860	86.65
2861	86.65
2862	86.65
2863	86.65
2864	86.65
2865	86.65
2866	86.65
2867	86.65
2868	86.65
2869	86.65
2870	86.65
2871	86.65
2872	86.65
2873	86.65
2874	86.65
2875	86.65
2876	86.65
2877	86.65
2878	86.65
2879	86.65
2880	86.65
2881	86.65
2882	86.65
2883	86.65
2884	86.65
2885	86.65
2886	86.65
2887	86.65
2888	86.65
2889	86.65
2890	86.65
2891	86.65
2892	86.65
2893	86.65
2894	86.65
2895	86.65
2896	86.65
2897	86.65
2898	86.65
2899	86.65
2900	86.65
2901	86.65
2902	86.65
2903	86.65
2904	86.65
2905	86.65
2906	86.65
2907	86.65
2908	86.65
2909	86.65
2910	86.65
2911	86.65
2912	86.65
2913	86.65
2914	86.65
2915	86.65
2916	86.65
2917	86.65
2918	86.65
2919	86.65
2920	86.65
2921	86.65
2922	86.65
2923	86.65
2924	86.65
2925	86.65
2926	86.65
2927	86.65
2928	86.65
2929	86.65
2930	86.65
2931	86.65
2932	86.65
2933	86.65
2934	86.65
2935	86.65
2936	86.65
2937	86.65
2938	86.65
2939	86.65
2940	86.65
2941	86.65
2942	86.65
2943	86.65
2944	86.65
2945	86.65
2946	86.65
2947	86.65
2948	86.65
2949	86.65
2950	86.65
2951	86.65
2952	86.65
2953	86.65
2954	86.65
2955	86.65
2956	86.65
2957	86.65
2958	86.65
2959	86.65
2960	86.65
2961	86.65
2962	86.65
2963	86.65
2964	86.65
2965	86.65
2966	86.65
2967	86.65
2968	86.65
2969	86.65
2970	86.65
2971	86.65
2972	86.65
2973	86.65
2974	86.65
2975	86.65
2976	86.65
2977	86.65
2978	86.65
2979	86.65
2980	86.65
2981	86.65
2982	86.65
2983	86.65
2984	86.65
2985	86.65
2986	86.65
2987	86.65
2988	86.65
2989	86.65
2990	86.65
2991	86.65
2992	86.65
2993	86.65
2994	86.65
2995	86.65
2996	86.65
