0	-16.67
1	-16.67
2	-16.67
3	-16.67
4	-16.67
5	-16.67
6	-16.67
7	-16.67
8	-16.67
9	-16.67
10	-16.67
11	-16.67
12	-16.67
13	-16.67
14	-16.67
15	-16.67
16	-16.67
17	-16.67
18	-16.67
19	-16.67
20	-16.67
21	-16.67
22	-16.67
23	-16.67
24	-16.67
25	-16.67
26	-16.67
27	-16.67
28	-16.67
29	-16.67
30	-16.67
31	-16.67
32	-16.67
33	-16.67
34	-16.67
35	-16.67
36	-16.67
37	-16.67
38	-16.67
39	-16.67
40	-16.67
41	-16.67
42	-16.67
43	-16.67
44	-16.67
45	-16.67
46	-16.67
47	-16.67
48	-16.67
49	-16.67
50	-16.67
51	-16.67
52	-16.67
53	-16.67
54	-16.67
55	-16.67
56	-16.67
57	-16.67
58	-16.67
59	-16.67
60	-16.67
61	-16.67
62	-16.67
63	-16.67
64	-16.67
65	-16.67
66	-16.67
67	-16.67
68	-16.67
69	-16.67
70	-16.67
71	-16.67
72	-16.67
73	-16.67
74	-16.67
75	-16.67
76	-16.67
77	-16.67
78	-16.67
79	-16.67
80	-16.67
81	-16.67
82	-16.67
83	-16.67
84	-16.67
85	-16.67
86	-16.67
87	-16.67
88	-16.67
89	-16.67
90	-16.67
91	-16.67
92	-16.67
93	-16.67
94	-16.67
95	-16.67
96	-16.67
97	-16.67
98	-16.67
99	-16.67
100	-16.67
101	-16.67
102	-16.67
103	-16.67
104	-16.67
105	-16.67
106	-16.67
107	-16.67
108	-16.67
109	-16.67
110	-16.67
111	-16.67
112	-16.67
113	-16.67
114	-16.67
115	-16.67
116	-16.67
117	-16.67
118	-16.67
119	-16.67
120	-16.67
121	-16.67
122	-16.67
123	-16.67
124	-16.67
125	-16.67
126	-16.67
127	-16.67
128	-16.67
129	-16.67
130	-16.67
131	-16.67
132	-16.67
133	-16.67
134	-16.67
135	-16.67
136	-16.67
137	-16.67
138	-16.67
139	-16.67
140	-16.67
141	-16.67
142	-16.67
143	-16.67
144	-16.67
145	-16.67
146	-16.67
147	-16.67
148	-16.67
149	-16.67
150	-16.67
151	-16.67
152	-16.67
153	-16.67
154	-16.67
155	-16.67
156	-16.67
157	-16.67
158	-16.67
159	-16.67
160	-16.67
161	-16.67
162	-16.67
163	-16.67
164	-16.67
165	-16.67
166	-16.67
167	-16.67
168	-16.67
169	-16.67
170	-16.67
171	-16.67
172	-16.67
173	-16.67
174	-16.67
175	-16.67
176	-16.67
177	-16.67
178	-16.67
179	-16.67
180	-16.67
181	-16.67
182	-16.67
183	-16.67
184	-16.67
185	-16.67
186	-16.67
187	-16.67
188	-16.67
189	-16.67
190	-16.67
191	-16.67
192	-16.67
193	-16.67
194	-16.67
195	-16.67
196	-16.67
197	-16.67
198	-16.67
199	-16.67
200	-16.67
201	-16.67
202	-16.67
203	-16.67
204	-16.67
205	-16.67
206	-16.67
207	-16.67
208	-16.67
209	-16.67
210	-16.67
211	-16.67
212	-16.67
213	-16.67
214	-16.67
215	-16.67
216	-16.67
217	-16.67
218	-16.67
219	-16.67
220	-16.67
221	-16.67
222	-16.67
223	-16.67
224	-16.67
225	-16.67
226	-16.67
227	-16.67
228	-16.67
229	-16.67
230	-16.67
231	-16.67
232	-16.67
233	-16.67
234	-16.67
235	-16.67
236	-16.67
237	-16.67
238	-16.67
239	-16.67
240	-16.67
241	-16.67
242	-16.67
243	-16.67
244	-16.67
245	-16.67
246	-16.67
247	-16.67
248	-16.67
249	-16.67
250	-16.67
251	-16.67
252	-16.67
253	-16.67
254	-16.67
255	-16.67
256	-16.67
257	-16.67
258	-16.67
259	-16.67
260	-16.67
261	-16.67
262	-16.67
263	-16.67
264	-16.67
265	-16.67
266	-16.67
267	-16.67
268	-16.67
269	-16.67
270	-16.67
271	-16.67
272	-16.67
273	-16.67
274	-16.67
275	-16.67
276	-16.67
277	-16.67
278	-16.67
279	-16.67
280	-16.67
281	-16.67
282	-16.67
283	-16.67
284	-16.67
285	-16.67
286	-16.67
287	-16.67
288	-16.67
289	-16.67
290	-16.67
291	-16.67
292	-16.67
293	-16.67
294	-16.67
295	-16.67
296	-16.67
297	-16.67
298	-16.67
299	-16.67
300	-16.67
301	-16.67
302	-16.67
303	-16.67
304	-16.67
305	-16.67
306	-16.67
307	-16.67
308	-16.67
309	-16.67
310	-16.67
311	-16.67
312	-16.67
313	-16.67
314	-16.67
315	-16.67
316	-16.67
317	-16.67
318	-16.67
319	-16.67
320	-16.67
321	-16.67
322	-16.67
323	-16.67
324	-16.67
325	-16.67
326	-16.67
327	-16.67
328	-16.67
329	-16.67
330	-16.67
331	-16.67
332	-16.67
333	-16.67
334	-16.67
335	-16.67
336	-16.67
337	-16.67
338	-16.67
339	-16.67
340	-16.67
341	-16.67
342	-16.67
343	-16.67
344	-16.67
345	-16.67
346	-16.67
347	-16.67
348	-16.67
349	-16.67
350	-16.67
351	-16.67
352	-16.67
353	-16.67
354	-16.67
355	-16.67
356	-16.67
357	-16.67
358	-16.67
359	-16.67
360	-16.67
361	-16.67
362	-16.67
363	-16.67
364	-16.67
365	-16.67
366	-16.67
367	-16.67
368	-16.67
369	-16.67
370	-16.67
371	-16.67
372	-16.67
373	-16.67
374	-16.67
375	-16.67
376	-16.67
377	-16.67
378	-16.67
379	-16.67
380	-16.67
381	-16.67
382	-16.67
383	-16.67
384	-16.67
385	-16.67
386	-16.67
387	-16.67
388	-16.67
389	-16.67
390	-16.67
391	-16.67
392	-16.67
393	-16.67
394	-16.67
395	-16.67
396	-16.67
397	-16.67
398	-16.67
399	-16.67
400	-16.67
401	-16.67
402	-16.67
403	-16.67
404	-16.67
405	-16.67
406	-16.67
407	-16.67
408	-16.67
409	-16.67
410	-16.67
411	-16.67
412	-16.67
413	-16.67
414	-16.67
415	-16.67
416	-16.67
417	-16.67
418	-16.67
419	-16.67
420	-16.67
421	-16.67
422	-16.67
423	-16.67
424	-16.67
425	-16.67
426	-16.67
427	-16.67
428	-16.67
429	-16.67
430	-16.67
431	-16.67
432	-16.67
433	-16.67
434	-16.67
435	-16.67
436	-16.67
437	-16.67
438	-16.67
439	-16.67
440	-16.67
441	-16.67
442	-16.67
443	-16.67
444	-16.67
445	-16.67
446	-16.67
447	-16.67
448	-16.67
449	-16.67
450	-16.67
451	-16.67
452	-16.67
453	-16.67
454	-16.67
455	-16.67
456	-16.67
457	-16.67
458	-16.67
459	-16.67
460	-16.67
461	-16.67
462	-16.67
463	-16.67
464	-16.67
465	-16.67
466	-16.67
467	-16.67
468	-16.67
469	-16.67
470	-16.67
471	-16.67
472	-16.67
473	-16.67
474	-16.67
475	-16.67
476	-16.67
477	-16.67
478	-16.67
479	-16.67
480	-16.67
481	-16.67
482	-16.67
483	-16.67
484	-16.67
485	-16.67
486	-16.67
487	-16.67
488	-16.67
489	-16.67
490	-16.67
491	-16.67
492	-16.67
493	-16.67
494	-16.67
495	-16.67
496	-16.67
497	-16.67
498	-16.67
499	-16.67
500	-16.67
501	-16.67
502	-16.67
503	-16.67
504	-16.67
505	-16.67
506	-16.67
507	-16.67
508	-16.67
509	-16.67
510	-16.67
511	-16.67
512	-16.67
513	-16.67
514	-16.67
515	-16.67
516	-16.67
517	-16.67
518	-16.67
519	-16.67
520	-16.67
521	-16.67
522	-16.67
523	-16.67
524	-16.67
525	-16.67
526	-16.67
527	-16.67
528	-16.67
529	-16.67
530	-16.67
531	-16.67
532	-16.67
533	-16.67
534	-16.67
535	-16.67
536	-16.67
537	-16.67
538	-16.67
539	-16.67
540	-16.67
541	-16.67
542	-16.67
543	-16.67
544	-16.67
545	-16.67
546	-16.67
547	-16.67
548	-16.67
549	-16.67
550	-16.67
551	-16.67
552	-16.67
553	-16.67
554	-16.67
555	-16.67
556	-16.67
557	-16.67
558	-16.67
559	-16.67
560	-16.67
561	-16.67
562	-16.67
563	-16.67
564	-16.67
565	-16.67
566	-16.67
567	-16.67
568	-16.67
569	-16.67
570	-16.67
571	-16.67
572	-16.67
573	-16.67
574	-16.67
575	-16.67
576	-16.67
577	-16.67
578	-16.67
579	-16.67
580	-16.67
581	-16.67
582	-16.67
583	-16.67
584	-16.67
585	-16.67
586	-16.67
587	-16.67
588	-16.67
589	-16.67
590	-16.67
591	-16.67
592	-16.67
593	-16.67
594	-16.67
595	-16.67
596	-16.67
597	-16.67
598	-16.67
599	-16.67
600	-16.67
601	-16.67
602	-16.67
603	-16.67
604	-16.67
605	-16.67
606	-16.67
607	-16.67
608	-16.67
609	-16.67
610	-16.67
611	-16.67
612	-16.67
613	-16.67
614	-16.67
615	-16.67
616	-16.67
617	-16.67
618	-16.67
619	-16.67
620	-16.67
621	-16.67
622	-16.67
623	-16.67
624	-16.67
625	-16.67
626	-16.67
627	-16.67
628	-16.67
629	-16.67
630	-16.67
631	-16.67
632	-16.67
633	-16.67
634	-16.67
635	-16.67
636	-16.67
637	-16.67
638	-16.67
639	-16.67
640	-16.67
641	-16.67
642	-16.67
643	-16.67
644	-16.67
645	-16.67
646	-16.67
647	-16.67
648	-16.67
649	-16.67
650	-16.67
651	-16.67
652	-16.67
653	-16.67
654	-16.67
655	-16.67
656	-16.67
657	-16.67
658	-16.67
659	-16.67
660	-16.67
661	-16.67
662	-16.67
663	-16.67
664	-16.67
665	-16.67
666	-16.67
667	-16.67
668	-16.67
669	-16.67
670	-16.67
671	-16.67
672	-16.67
673	-16.67
674	-16.67
675	-16.67
676	-16.67
677	-16.67
678	-16.67
679	-16.67
680	-16.67
681	-16.67
682	-16.67
683	-16.67
684	-16.67
685	-16.67
686	-16.67
687	-16.67
688	-16.67
689	-16.67
690	-16.67
691	-16.67
692	-16.67
693	-16.67
694	-16.67
695	-16.67
696	-16.67
697	-16.67
698	-16.67
699	-16.67
700	-16.67
701	-16.67
702	-16.67
703	-16.67
704	-16.67
705	-16.67
706	-16.67
707	-16.67
708	-16.67
709	-16.67
710	-16.67
711	-16.67
712	-16.67
713	-16.67
714	-16.67
715	-16.67
716	-16.67
717	-16.67
718	-16.67
719	-16.67
720	-16.67
721	-16.67
722	-16.67
723	-16.67
724	-16.67
725	-16.67
726	-16.67
727	-16.67
728	-16.67
729	-16.67
730	-16.67
731	-16.67
732	-16.67
733	-16.67
734	-16.67
735	-16.67
736	-16.67
737	-16.67
738	-16.67
739	-16.67
740	-16.67
741	-16.67
742	-16.67
743	-16.67
744	-16.67
745	-16.67
746	-16.67
747	-16.67
748	-16.67
749	-16.67
750	-16.67
751	-16.67
752	-16.67
753	-16.67
754	-16.67
755	-16.67
756	-16.67
757	-16.67
758	-16.67
759	-16.67
760	-16.67
761	-16.67
762	-16.67
763	-16.67
764	-16.67
765	-16.67
766	-16.67
767	-16.67
768	-16.67
769	-16.67
770	-16.67
771	-16.67
772	-16.67
773	-16.67
774	-16.67
775	-16.67
776	-16.67
777	-16.67
778	-16.67
779	-16.67
780	-16.67
781	-16.67
782	-16.67
783	-16.67
784	-16.67
785	-16.67
786	-16.67
787	-16.67
788	-16.67
789	-16.67
790	-16.67
791	-16.67
792	-16.67
793	-16.67
794	-16.67
795	-16.67
796	-16.67
797	-16.67
798	-16.67
799	-16.67
800	-16.67
801	-16.67
802	-16.67
803	-16.67
804	-16.67
805	-16.67
806	-16.67
807	-16.67
808	-16.67
809	-16.67
810	-16.67
811	-16.67
812	-16.67
813	-16.67
814	-16.67
815	-16.67
816	-16.67
817	-16.67
818	-16.67
819	-16.67
820	-16.67
821	-16.67
822	-16.67
823	-16.67
824	-16.67
825	-16.67
826	-16.67
827	-16.67
828	-16.67
829	-16.67
830	-16.67
831	-16.67
832	-16.67
833	-16.67
834	-16.67
835	-16.67
836	-16.67
837	-16.67
838	-16.67
839	-16.67
840	-16.67
841	-16.67
842	-16.67
843	-16.67
844	-16.67
845	-16.67
846	-16.67
847	-16.67
848	-16.67
849	-16.67
850	-16.67
851	-16.67
852	-16.67
853	-16.67
854	-16.67
855	-16.67
856	-16.67
857	-16.67
858	-16.67
859	-16.67
860	-16.67
861	-16.67
862	-16.67
863	-16.67
864	-16.67
865	-16.67
866	-16.67
867	-16.67
868	-16.67
869	-16.67
870	-16.67
871	-16.67
872	-16.67
873	-16.67
874	-16.67
875	-16.67
876	-16.67
877	-16.67
878	-16.67
879	-16.67
880	-16.67
881	-16.67
882	-16.67
883	-16.67
884	-16.67
885	-16.67
886	-16.67
887	-16.67
888	-16.67
889	-16.67
890	-16.67
891	-16.67
892	-16.67
893	-16.67
894	-16.67
895	-16.67
896	-16.67
897	-16.67
898	-16.67
899	-16.67
900	-16.67
901	-16.67
902	-16.67
903	-16.67
904	-16.67
905	-16.67
906	-16.67
907	-16.67
908	-16.67
909	-16.67
910	-16.67
911	-16.67
912	-16.67
913	-16.67
914	-16.67
915	-16.67
916	-16.67
917	-16.67
918	-16.67
919	-16.67
920	-16.67
921	-16.67
922	-16.67
923	-16.67
924	-16.67
925	-16.67
926	-16.67
927	-16.67
928	-16.67
929	-16.67
930	-16.67
931	-16.67
932	-16.67
933	-16.67
934	-16.67
935	-16.67
936	-16.67
937	-16.67
938	-16.67
939	-16.67
940	-16.67
941	-16.67
942	-16.67
943	-16.67
944	-16.67
945	-16.67
946	-16.67
947	-16.67
948	-16.67
949	-16.67
950	-16.67
951	-16.67
952	-16.67
953	-16.67
954	-16.67
955	-16.67
956	-16.67
957	-16.67
958	-16.67
959	-16.67
960	-16.67
961	-16.67
962	-16.67
963	-16.67
964	-16.67
965	-16.67
966	-16.67
967	-16.67
968	-16.67
969	-16.67
970	-16.67
971	-16.67
972	-16.67
973	-16.67
974	-16.67
975	-16.67
976	-16.67
977	-16.67
978	-16.67
979	-16.67
980	-16.67
981	-16.67
982	-16.67
983	-16.67
984	-16.67
985	-16.67
986	-16.67
987	-16.67
988	-16.67
989	-16.67
990	-16.67
991	-16.67
992	-16.67
993	-16.67
994	-16.67
995	-16.67
996	-16.67
997	-16.67
998	-16.67
999	-16.67
1000	-16.67
1001	-16.67
1002	-16.67
1003	-16.67
1004	-16.67
1005	-16.67
1006	-16.67
1007	-16.67
1008	-16.67
1009	-16.67
1010	-16.67
1011	-16.67
1012	-16.67
1013	-16.67
1014	-16.67
1015	-16.67
1016	-16.67
1017	-16.67
1018	-16.67
1019	-16.67
1020	-16.67
1021	-16.67
1022	-16.67
1023	-16.67
1024	-16.67
1025	-16.67
1026	-16.67
1027	-16.67
1028	-16.67
1029	-16.67
1030	-16.67
1031	-16.67
1032	-16.67
1033	-16.67
1034	-16.67
1035	-16.67
1036	-16.67
1037	-16.67
1038	-16.67
1039	-16.67
1040	-16.67
1041	-16.67
1042	-16.67
1043	-16.67
1044	-16.67
1045	-16.67
1046	-16.67
1047	-16.67
1048	-16.67
1049	-16.67
1050	-16.67
1051	-16.67
1052	-16.67
1053	-16.67
1054	-16.67
1055	-16.67
1056	-16.67
1057	-16.67
1058	-16.67
1059	-16.67
1060	-16.67
1061	-16.67
1062	-16.67
1063	-16.67
1064	-16.67
1065	-16.67
1066	-16.67
1067	-16.67
1068	-16.67
1069	-16.67
1070	-16.67
1071	-16.67
1072	-16.67
1073	-16.67
1074	-16.67
1075	-16.67
1076	-16.67
1077	-16.67
1078	-16.67
1079	-16.67
1080	-16.67
1081	-16.67
1082	-16.67
1083	-16.67
1084	-16.67
1085	-16.67
1086	-16.67
1087	-16.67
1088	-16.67
1089	-16.67
1090	-16.67
1091	-16.67
1092	-16.67
1093	-16.67
1094	-16.67
1095	-16.67
1096	-16.67
1097	-16.67
1098	-16.67
1099	-16.67
1100	-16.67
1101	-16.67
1102	-16.67
1103	-16.67
1104	-16.67
1105	-16.67
1106	-16.67
1107	-16.67
1108	-16.67
1109	-16.67
1110	-16.67
1111	-16.67
1112	-16.67
1113	-16.67
1114	-16.67
1115	-16.67
1116	-16.67
1117	-16.67
1118	-16.67
1119	-16.67
1120	-16.67
1121	-16.67
1122	-16.67
1123	-16.67
1124	-16.67
1125	-16.67
1126	-16.67
1127	-16.67
1128	-16.67
1129	-16.67
1130	-16.67
1131	-16.67
1132	-16.67
1133	-16.67
1134	-16.67
1135	-16.67
1136	-16.67
1137	-16.67
1138	-16.67
1139	-16.67
1140	-16.67
1141	-16.67
1142	-16.67
1143	-16.67
1144	-16.67
1145	-16.67
1146	-16.67
1147	-16.67
1148	-16.67
1149	-16.67
1150	-16.67
1151	-16.67
1152	-16.67
1153	-16.67
1154	-16.67
1155	-16.67
1156	-16.67
1157	-16.67
1158	-16.67
1159	-16.67
1160	-16.67
1161	-16.67
1162	-16.67
1163	-16.67
1164	-16.67
1165	-16.67
1166	-16.67
1167	-16.67
1168	-16.67
1169	-16.67
1170	-16.67
1171	-16.67
1172	-16.67
1173	-16.67
1174	-16.67
1175	-16.67
1176	-16.67
1177	-16.67
1178	-16.67
1179	-16.67
1180	-16.67
1181	-16.67
1182	-16.67
1183	-16.67
1184	-16.67
1185	-16.67
1186	-16.67
1187	-16.67
1188	-16.67
1189	-16.67
1190	-16.67
1191	-16.67
1192	-16.67
1193	-16.67
1194	-16.67
1195	-16.67
1196	-16.67
1197	-16.67
1198	-16.67
1199	-16.67
1200	-16.67
1201	-16.67
1202	-16.67
1203	-16.67
1204	-16.67
1205	-16.67
1206	-16.67
1207	-16.67
1208	-16.67
1209	-16.67
1210	-16.67
1211	-16.67
1212	-16.67
1213	-16.67
1214	-16.67
1215	-16.67
1216	-16.67
1217	-16.67
1218	-16.67
1219	-16.67
1220	-16.67
1221	-16.67
1222	-16.67
1223	-16.67
1224	-16.67
1225	-16.67
1226	-16.67
1227	-16.67
1228	-16.67
1229	-16.67
1230	-16.67
1231	-16.67
1232	-16.67
1233	-16.67
1234	-16.67
1235	-16.67
1236	-16.67
1237	-16.67
1238	-16.67
1239	-16.67
1240	-16.67
1241	-16.67
1242	-16.67
1243	-16.67
1244	-16.67
1245	-16.67
1246	-16.67
1247	-16.67
1248	-16.67
1249	-16.67
1250	-16.67
1251	-16.67
1252	-16.67
1253	-16.67
1254	-16.67
1255	-16.67
1256	-16.67
1257	-16.67
1258	-16.67
1259	-16.67
1260	-16.67
1261	-16.67
1262	-16.67
1263	-16.67
1264	-16.67
1265	-16.67
1266	-16.67
1267	-16.67
1268	-16.67
1269	-16.67
1270	-16.67
1271	-16.67
1272	-16.67
1273	-16.67
1274	-16.67
1275	-16.67
1276	-16.67
1277	-16.67
1278	-16.67
1279	-16.67
1280	-16.67
1281	-16.67
1282	-16.67
1283	-16.67
1284	-16.67
1285	-16.67
1286	-16.67
1287	-16.67
1288	-16.67
1289	-16.67
1290	-16.67
1291	-16.67
1292	-16.67
1293	-16.67
1294	-16.67
1295	-16.67
1296	-16.67
1297	-16.67
1298	-16.67
1299	-16.67
1300	-16.67
1301	-16.67
1302	-16.67
1303	-16.67
1304	-16.67
1305	-16.67
1306	-16.67
1307	-16.67
1308	-16.67
1309	-16.67
1310	-16.67
1311	-16.67
1312	-16.67
1313	-16.67
1314	-16.67
1315	-16.67
1316	-16.67
1317	-16.67
1318	-16.67
1319	-16.67
1320	-16.67
1321	-16.67
1322	-16.67
1323	-16.67
1324	-16.67
1325	-16.67
1326	-16.67
1327	-16.67
1328	-16.67
1329	-16.67
1330	-16.67
1331	-16.67
1332	-16.67
1333	-16.67
1334	-16.67
1335	-16.67
1336	-16.67
1337	-16.67
1338	-16.67
1339	-16.67
1340	-16.67
1341	-16.67
1342	-16.67
1343	-16.67
1344	-16.67
1345	-16.67
1346	-16.67
1347	-16.67
1348	-16.67
1349	-16.67
1350	-16.67
1351	-16.67
1352	-16.67
1353	-16.67
1354	-16.67
1355	-16.67
1356	-16.67
1357	-16.67
1358	-16.67
1359	-16.67
1360	-16.67
1361	-16.67
1362	-16.67
1363	-16.67
1364	-16.67
1365	-16.67
1366	-16.67
1367	-16.67
1368	-16.67
1369	-16.67
1370	-16.67
1371	-16.67
1372	-16.67
1373	-16.67
1374	-16.67
1375	-16.67
1376	-16.67
1377	-16.67
1378	-16.67
1379	-16.67
1380	-16.67
1381	-16.67
1382	-16.67
1383	-16.67
1384	-16.67
1385	-16.67
1386	-16.67
1387	-16.67
1388	-16.67
1389	-16.67
1390	-16.67
1391	-16.67
1392	-16.67
1393	-16.67
1394	-16.67
1395	-16.67
1396	-16.67
1397	-16.67
1398	-16.67
1399	-16.67
1400	-16.67
1401	-16.67
1402	-16.67
1403	-16.67
1404	-16.67
1405	-16.67
1406	-16.67
1407	-16.67
1408	-16.67
1409	-16.67
1410	-16.67
1411	-16.67
1412	-16.67
1413	-16.67
1414	-16.67
1415	-16.67
1416	-16.67
1417	-16.67
1418	-16.67
1419	-16.67
1420	-16.67
1421	-16.67
1422	-16.67
1423	-16.67
1424	-16.67
1425	-16.67
1426	-16.67
1427	-16.67
1428	-16.67
1429	-16.67
1430	-16.67
1431	-16.67
1432	-16.67
1433	-16.67
1434	-16.67
1435	-16.67
1436	-16.67
1437	-16.67
1438	-16.67
1439	-16.67
1440	-16.67
1441	-16.67
1442	-16.67
1443	-16.67
1444	-16.67
1445	-16.67
1446	-16.67
1447	-16.67
1448	-16.67
1449	-16.67
1450	-16.67
1451	-16.67
1452	-16.67
1453	-16.67
1454	-16.67
1455	-16.67
1456	-16.67
1457	-16.67
1458	-16.67
1459	-16.67
1460	-16.67
1461	-16.67
1462	-16.67
1463	-16.67
1464	-16.67
1465	-16.67
1466	-16.67
1467	-16.67
1468	-16.67
1469	-16.67
1470	-16.67
1471	-16.67
1472	-16.67
1473	-16.67
1474	-16.67
1475	-16.67
1476	-16.67
1477	-16.67
1478	-16.67
1479	-16.67
1480	-16.67
1481	-16.67
1482	-16.67
1483	-16.67
1484	-16.67
1485	-16.67
1486	-16.67
1487	-16.67
1488	-16.67
1489	-16.67
1490	-16.67
1491	-16.67
1492	-16.67
1493	-16.67
1494	-16.67
1495	-16.67
1496	-16.67
1497	-16.67
1498	-16.67
1499	-16.67
1500	-16.67
1501	-16.67
1502	-16.67
1503	-16.67
1504	-16.67
1505	-16.67
1506	-16.67
1507	-16.67
1508	-16.67
1509	-16.67
1510	-16.67
1511	-16.67
1512	-16.67
1513	-16.67
1514	-16.67
1515	-16.67
1516	-16.67
1517	-16.67
1518	-16.67
1519	-16.67
1520	-16.67
1521	-16.67
1522	-16.67
1523	-16.67
1524	-16.67
1525	-16.67
1526	-16.67
1527	-16.67
1528	-16.67
1529	-16.67
1530	-16.67
1531	-16.67
1532	-16.67
1533	-16.67
1534	-16.67
1535	-16.67
1536	-16.67
1537	-16.67
1538	-16.67
1539	-16.67
1540	-16.67
1541	-16.67
1542	-16.67
1543	-16.67
1544	-16.67
1545	-16.67
1546	-16.67
1547	-16.67
1548	-16.67
1549	-16.67
1550	-16.67
1551	-16.67
1552	-16.67
1553	-16.67
1554	-16.67
1555	-16.67
1556	-16.67
1557	-16.67
1558	-16.67
1559	-16.67
1560	-16.67
1561	-16.67
1562	-16.67
1563	-16.67
1564	-16.67
1565	-16.67
1566	-16.67
1567	-16.67
1568	-16.67
1569	-16.67
1570	-16.67
1571	-16.67
1572	-16.67
1573	-16.67
1574	-16.67
1575	-16.67
1576	-16.67
1577	-16.67
1578	-16.67
1579	-16.67
1580	-16.67
1581	-16.67
1582	-16.67
1583	-16.67
1584	-16.67
1585	-16.67
1586	-16.67
1587	-16.67
1588	-16.67
1589	-16.67
1590	-16.67
1591	-16.67
1592	-16.67
1593	-16.67
1594	-16.67
1595	-16.67
1596	-16.67
1597	-16.67
1598	-16.67
1599	-16.67
1600	-16.67
1601	-16.67
1602	-16.67
1603	-16.67
1604	-16.67
1605	-16.67
1606	-16.67
1607	-16.67
1608	-16.67
1609	-16.67
1610	-16.67
1611	-16.67
1612	-16.67
1613	-16.67
1614	-16.67
1615	-16.67
1616	-16.67
1617	-16.67
1618	-16.67
1619	-16.67
1620	-16.67
1621	-16.67
1622	-16.67
1623	-16.67
1624	-16.67
1625	-16.67
1626	-16.67
1627	-16.67
1628	-16.67
1629	-16.67
1630	-16.67
1631	-16.67
1632	-16.67
1633	-16.67
1634	-16.67
1635	-16.67
1636	-16.67
1637	-16.67
1638	-16.67
1639	-16.67
1640	-16.67
1641	-16.67
1642	-16.67
1643	-16.67
1644	-16.67
1645	-16.67
1646	-16.67
1647	-16.67
1648	-16.67
1649	-16.67
1650	-16.67
1651	-16.67
1652	-16.67
1653	-16.67
1654	-16.67
1655	-16.67
1656	-16.67
1657	-16.67
1658	-16.67
1659	-16.67
1660	-16.67
1661	-16.67
1662	-16.67
1663	-16.67
1664	-16.67
1665	-16.67
1666	-16.67
1667	-16.67
1668	-16.67
1669	-16.67
1670	-16.67
1671	-16.67
1672	-16.67
1673	-16.67
1674	-16.67
1675	-16.67
1676	-16.67
1677	-16.67
1678	-16.67
1679	-16.67
1680	-16.67
1681	-16.67
1682	-16.67
1683	-16.67
1684	-16.67
1685	-16.67
1686	-16.67
1687	-16.67
1688	-16.67
1689	-16.67
1690	-16.67
1691	-16.67
1692	-16.67
1693	-16.67
1694	-16.67
1695	-16.67
1696	-16.67
1697	-16.67
1698	-16.67
1699	-16.67
1700	-16.67
1701	-16.67
1702	-16.67
1703	-16.67
1704	-16.67
1705	-16.67
1706	-16.67
1707	-16.67
1708	-16.67
1709	-16.67
1710	-16.67
1711	-16.67
1712	-16.67
1713	-16.67
1714	-16.67
1715	-16.67
1716	-16.67
1717	-16.67
1718	-16.67
1719	-16.67
1720	-16.67
1721	-16.67
1722	-16.67
1723	-16.67
1724	-16.67
1725	-16.67
1726	-16.67
1727	-16.67
1728	-16.67
1729	-16.67
1730	-16.67
1731	-16.67
1732	-16.67
1733	-16.67
1734	-16.67
1735	-16.67
1736	-16.67
1737	-16.67
1738	-16.67
1739	-16.67
1740	-16.67
1741	-16.67
1742	-16.67
1743	-16.67
1744	-16.67
1745	-16.67
1746	-16.67
1747	-16.67
1748	-16.67
1749	-16.67
1750	-16.67
1751	-16.67
1752	-16.67
1753	-16.67
1754	-16.67
1755	-16.67
1756	-16.67
1757	-16.67
1758	-16.67
1759	-16.67
1760	-16.67
1761	-16.67
1762	-16.67
1763	-16.67
1764	-16.67
1765	-16.67
1766	-16.67
1767	-16.67
1768	-16.67
1769	-16.67
1770	-16.67
1771	-16.67
1772	-16.67
1773	-16.67
1774	-16.67
1775	-16.67
1776	-16.67
1777	-16.67
1778	-16.67
1779	-16.67
1780	-16.67
1781	-16.67
1782	-16.67
1783	-16.67
1784	-16.67
1785	-16.67
1786	-16.67
1787	-16.67
1788	-16.67
1789	-16.67
1790	-16.67
1791	-16.67
1792	-16.67
1793	-16.67
1794	-16.67
1795	-16.67
1796	-16.67
1797	-16.67
1798	-16.67
1799	-16.67
1800	-16.67
1801	-16.67
1802	-16.67
1803	-16.67
1804	-16.67
1805	-16.67
1806	-16.67
1807	-16.67
1808	-16.67
1809	-16.67
1810	-16.67
1811	-16.67
1812	-16.67
1813	-16.67
1814	-16.67
1815	-16.67
1816	-16.67
1817	-16.67
1818	-16.67
1819	-16.67
1820	-16.67
1821	-16.67
1822	-16.67
1823	-16.67
1824	-16.67
1825	-16.67
1826	-16.67
1827	-16.67
1828	-16.67
1829	-16.67
1830	-16.67
1831	-16.67
1832	-16.67
1833	-16.67
1834	-16.67
1835	-16.67
1836	-16.67
1837	-16.67
1838	-16.67
1839	-16.67
1840	-16.67
1841	-16.67
1842	-16.67
1843	-16.67
1844	-16.67
1845	-16.67
1846	-16.67
1847	-16.67
1848	-16.67
1849	-16.67
1850	-16.67
1851	-16.67
1852	-16.67
1853	-16.67
1854	-16.67
1855	-16.67
1856	-16.67
1857	-16.67
1858	-16.67
1859	-16.67
1860	-16.67
1861	-16.67
1862	-16.67
1863	-16.67
1864	-16.67
1865	-16.67
1866	-16.67
1867	-16.67
1868	-16.67
1869	-16.67
1870	-16.67
1871	-16.67
1872	-16.67
1873	-16.67
1874	-16.67
1875	-16.67
1876	-16.67
1877	-16.67
1878	-16.67
1879	-16.67
1880	-16.67
1881	-16.67
1882	-16.67
1883	-16.67
1884	-16.67
1885	-16.67
1886	-16.67
1887	-16.67
1888	-16.67
1889	-16.67
1890	-16.67
1891	-16.67
1892	-16.67
1893	-16.67
1894	-16.67
1895	-16.67
1896	-16.67
1897	-16.67
1898	-16.67
1899	-16.67
1900	-16.67
1901	-16.67
1902	-16.67
1903	-16.67
1904	-16.67
1905	-16.67
1906	-16.67
1907	-16.67
1908	-16.67
1909	-16.67
1910	-16.67
1911	-16.67
1912	-16.67
1913	-16.67
1914	-16.67
1915	-16.67
1916	-16.67
1917	-16.67
1918	-16.67
1919	-16.67
1920	-16.67
1921	-16.67
1922	-16.67
1923	-16.67
1924	-16.67
1925	-16.67
1926	-16.67
1927	-16.67
1928	-16.67
1929	-16.67
1930	-16.67
1931	-16.67
1932	-16.67
1933	-16.67
1934	-16.67
1935	-16.67
1936	-16.67
1937	-16.67
1938	-16.67
1939	-16.67
1940	-16.67
1941	-16.67
1942	-16.67
1943	-16.67
1944	-16.67
1945	-16.67
1946	-16.67
1947	-16.67
1948	-16.67
1949	-16.67
1950	-16.67
1951	-16.67
1952	-16.67
1953	-16.67
1954	-16.67
1955	-16.67
1956	-16.67
1957	-16.67
1958	-16.67
1959	-16.67
1960	-16.67
1961	-16.67
1962	-16.67
1963	-16.67
1964	-16.67
1965	-16.67
1966	-16.67
1967	-16.67
1968	-16.67
1969	-16.67
1970	-16.67
1971	-16.67
1972	-16.67
1973	-16.67
1974	-16.67
1975	-16.67
1976	-16.67
1977	-16.67
1978	-16.67
1979	-16.67
1980	-16.67
1981	-16.67
1982	-16.67
1983	-16.67
1984	-16.67
1985	-16.67
1986	-16.67
1987	-16.67
1988	-16.67
1989	-16.67
1990	-16.67
1991	-16.67
1992	-16.67
1993	-16.67
1994	-16.67
1995	-16.67
1996	-16.67
1997	-16.67
1998	-16.67
1999	-16.67
