0	79.98
1	79.98
2	79.98
3	79.98
4	79.98
5	79.98
6	79.98
7	79.98
8	79.98
9	79.98
10	79.98
11	79.98
12	79.98
13	79.98
14	79.98
15	79.98
16	79.98
17	79.98
18	79.98
19	79.98
20	79.98
21	79.98
22	79.98
23	79.98
24	79.98
25	79.98
26	79.98
27	79.98
28	79.98
29	79.98
30	79.98
31	79.98
32	79.98
33	79.98
34	79.98
35	79.98
36	79.98
37	79.98
38	79.98
39	79.98
40	79.98
41	79.98
42	79.98
43	79.98
44	79.98
45	79.98
46	79.98
47	79.98
48	79.98
49	79.98
50	79.98
51	79.98
52	79.98
53	79.98
54	79.98
55	79.98
56	79.98
57	79.98
58	79.98
59	79.98
60	79.98
61	79.98
62	79.98
63	79.98
64	79.98
65	79.98
66	79.98
67	79.98
68	79.98
69	79.98
70	79.98
71	79.98
72	79.98
73	79.98
74	79.98
75	79.98
76	79.98
77	79.98
78	79.98
79	79.98
80	79.98
81	79.98
82	79.98
83	79.98
84	79.98
85	79.98
86	79.98
87	79.98
88	79.98
89	79.98
90	79.98
91	79.98
92	79.98
93	79.98
94	79.98
95	79.98
96	79.98
97	79.98
98	79.98
99	79.98
100	79.98
101	79.98
102	79.98
103	79.98
104	79.98
105	79.98
106	79.98
107	79.98
108	79.98
109	79.98
110	79.98
111	79.98
112	79.98
113	79.98
114	79.98
115	79.98
116	79.98
117	79.98
118	79.98
119	79.98
120	79.98
121	79.98
122	79.98
123	79.98
124	79.98
125	79.98
126	79.98
127	79.98
128	79.98
129	79.98
130	79.98
131	79.98
132	79.98
133	79.98
134	79.98
135	79.98
136	79.98
137	79.98
138	79.98
139	79.98
140	79.98
141	79.98
142	79.98
143	79.98
144	79.98
145	79.98
146	79.98
147	79.98
148	79.98
149	79.98
150	79.98
151	79.98
152	79.98
153	79.98
154	79.98
155	79.98
156	79.98
157	79.98
158	79.98
159	79.98
160	79.98
161	79.98
162	79.98
163	79.98
164	79.98
165	79.98
166	79.98
167	79.98
168	79.98
169	79.98
170	79.98
171	79.98
172	79.98
173	79.98
174	79.98
175	79.98
176	79.98
177	79.98
178	79.98
179	79.98
180	79.98
181	79.98
182	79.98
183	79.98
184	79.98
185	79.98
186	79.98
187	79.98
188	79.98
189	79.98
190	79.98
191	79.98
192	79.98
193	79.98
194	79.98
195	79.98
196	79.98
197	79.98
198	79.98
199	79.98
200	79.98
201	79.98
202	79.98
203	79.98
204	79.98
205	79.98
206	79.98
207	79.98
208	79.98
209	79.98
210	79.98
211	79.98
212	79.98
213	79.98
214	79.98
215	79.98
216	79.98
217	79.98
218	79.98
219	79.98
220	79.98
221	79.98
222	79.98
223	79.98
224	79.98
225	79.98
226	79.98
227	79.98
228	79.98
229	79.98
230	79.98
231	79.98
232	79.98
233	79.98
234	79.98
235	79.98
236	79.98
237	79.98
238	79.98
239	79.98
240	79.98
241	79.98
242	79.98
243	79.98
244	79.98
245	79.98
246	79.98
247	79.98
248	79.98
249	79.98
250	79.98
251	79.98
252	79.98
253	79.98
254	79.98
255	79.98
256	79.98
257	79.98
258	79.98
259	79.98
260	79.98
261	79.98
262	79.98
263	79.98
264	79.98
265	79.98
266	79.98
267	79.98
268	79.98
269	79.98
270	79.98
271	79.98
272	79.98
273	79.98
274	79.98
275	79.98
276	79.98
277	79.98
278	79.98
279	79.98
280	79.98
281	79.98
282	79.98
283	79.98
284	79.98
285	79.98
286	79.98
287	79.98
288	79.98
289	79.98
290	79.98
291	79.98
292	79.98
293	79.98
294	79.98
295	79.98
296	79.98
297	79.98
298	79.98
299	79.98
300	79.98
301	79.98
302	79.98
303	79.98
304	79.98
305	79.98
306	79.98
307	79.98
308	79.98
309	79.98
310	79.98
311	79.98
312	79.98
313	79.98
314	79.98
315	79.98
316	79.98
317	79.98
318	79.98
319	79.98
320	79.98
321	79.98
322	79.98
323	79.98
324	79.98
325	79.98
326	79.98
327	79.98
328	79.98
329	79.98
330	79.98
331	79.98
332	79.98
333	79.98
334	79.98
335	79.98
336	79.98
337	79.98
338	79.98
339	79.98
340	79.98
341	79.98
342	79.98
343	79.98
344	79.98
345	79.98
346	79.98
347	79.98
348	79.98
349	79.98
350	79.98
351	79.98
352	79.98
353	79.98
354	79.98
355	79.98
356	79.98
357	79.98
358	79.98
359	79.98
360	79.98
361	79.98
362	79.98
363	79.98
364	79.98
365	79.98
366	79.98
367	79.98
368	79.98
369	79.98
370	79.98
371	79.98
372	79.98
373	79.98
374	79.98
375	79.98
376	79.98
377	79.98
378	79.98
379	79.98
380	79.98
381	79.98
382	79.98
383	79.98
384	79.98
385	79.98
386	79.98
387	79.98
388	79.98
389	79.98
390	79.98
391	79.98
392	79.98
393	79.98
394	79.98
395	79.98
396	79.98
397	79.98
398	79.98
399	79.98
400	79.98
401	79.98
402	79.98
403	79.98
404	79.98
405	79.98
406	79.98
407	79.98
408	79.98
409	79.98
410	79.98
411	79.98
412	79.98
413	79.98
414	79.98
415	79.98
416	79.98
417	79.98
418	79.98
419	79.98
420	79.98
421	79.98
422	79.98
423	79.98
424	79.98
425	79.98
426	79.98
427	79.98
428	79.98
429	79.98
430	79.98
431	79.98
432	79.98
433	79.98
434	79.98
435	79.98
436	79.98
437	79.98
438	79.98
439	79.98
440	79.98
441	79.98
442	79.98
443	79.98
444	79.98
445	79.98
446	79.98
447	79.98
448	79.98
449	79.98
450	79.98
451	79.98
452	79.98
453	79.98
454	79.98
455	79.98
456	79.98
457	79.98
458	79.98
459	79.98
460	79.98
461	79.98
462	79.98
463	79.98
464	79.98
465	79.98
466	79.98
467	79.98
468	79.98
469	79.98
470	79.98
471	79.98
472	79.98
473	79.98
474	79.98
475	79.98
476	79.98
477	79.98
478	79.98
479	79.98
480	79.98
481	79.98
482	79.98
483	79.98
484	79.98
485	79.98
486	79.98
487	79.98
488	79.98
489	79.98
490	79.98
491	79.98
492	79.98
493	79.98
494	79.98
495	79.98
496	79.98
497	79.98
498	79.98
499	79.98
500	79.98
501	79.98
502	79.98
503	79.98
504	79.98
505	79.98
506	79.98
507	79.98
508	79.98
509	79.98
510	79.98
511	79.98
512	79.98
513	79.98
514	79.98
515	79.98
516	79.98
517	79.98
518	79.98
519	79.98
520	79.98
521	79.98
522	79.98
523	79.98
524	79.98
525	79.98
526	79.98
527	79.98
528	79.98
529	79.98
530	79.98
531	79.98
532	79.98
533	79.98
534	79.98
535	79.98
536	79.98
537	79.98
538	79.98
539	79.98
540	79.98
541	79.98
542	79.98
543	79.98
544	79.98
545	79.98
546	79.98
547	79.98
548	79.98
549	79.98
550	79.98
551	79.98
552	79.98
553	79.98
554	79.98
555	79.98
556	79.98
557	79.98
558	79.98
559	79.98
560	79.98
561	79.98
562	79.98
563	79.98
564	79.98
565	79.98
566	79.98
567	79.98
568	79.98
569	79.98
570	79.98
571	79.98
572	79.98
573	79.98
574	79.98
575	79.98
576	79.98
577	79.98
578	79.98
579	79.98
580	79.98
581	79.98
582	79.98
583	79.98
584	79.98
585	79.98
586	79.98
587	79.98
588	79.98
589	79.98
590	79.98
591	79.98
592	79.98
593	79.98
594	79.98
595	79.98
596	79.98
597	79.98
598	79.98
599	79.98
600	79.98
601	79.98
602	79.98
603	79.98
604	79.98
605	79.98
606	79.98
607	79.98
608	79.98
609	79.98
610	79.98
611	79.98
612	79.98
613	79.98
614	79.98
615	79.98
616	79.98
617	79.98
618	79.98
619	79.98
620	79.98
621	79.98
622	79.98
623	79.98
624	79.98
625	79.98
626	79.98
627	79.98
628	79.98
629	79.98
630	79.98
631	79.98
632	79.98
633	79.98
634	79.98
635	79.98
636	79.98
637	79.98
638	79.98
639	79.98
640	79.98
641	79.98
642	79.98
643	79.98
644	79.98
645	79.98
646	79.98
647	79.98
648	79.98
649	79.98
650	79.98
651	79.98
652	79.98
653	79.98
654	79.98
655	79.98
656	79.98
657	79.98
658	79.98
659	79.98
660	79.98
661	79.98
662	79.98
663	79.98
664	79.98
665	79.98
666	79.98
667	79.98
668	79.98
669	79.98
670	79.98
671	79.98
672	79.98
673	79.98
674	79.98
675	79.98
676	79.98
677	79.98
678	79.98
679	79.98
680	79.98
681	79.98
682	79.98
683	79.98
684	79.98
685	79.98
686	79.98
687	79.98
688	79.98
689	79.98
690	79.98
691	79.98
692	79.98
693	79.98
694	79.98
695	79.98
696	79.98
697	79.98
698	79.98
699	79.98
700	79.98
701	79.98
702	79.98
703	79.98
704	79.98
705	79.98
706	79.98
707	79.98
708	79.98
709	79.98
710	79.98
711	79.98
712	79.98
713	79.98
714	79.98
715	79.98
716	79.98
717	79.98
718	79.98
719	79.98
720	79.98
721	79.98
722	79.98
723	79.98
724	79.98
725	79.98
726	79.98
727	79.98
728	79.98
729	79.98
730	79.98
731	79.98
732	79.98
733	79.98
734	79.98
735	79.98
736	79.98
737	79.98
738	79.98
739	79.98
740	79.98
741	79.98
742	79.98
743	79.98
744	79.98
745	79.98
746	79.98
747	79.98
748	79.98
749	79.98
750	79.98
751	79.98
752	79.98
753	79.98
754	79.98
755	79.98
756	79.98
757	79.98
758	79.98
759	79.98
760	79.98
761	79.98
762	79.98
763	79.98
764	79.98
765	79.98
766	79.98
767	79.98
768	79.98
769	79.98
770	79.98
771	79.98
772	79.98
773	79.98
774	79.98
775	79.98
776	79.98
777	79.98
778	79.98
779	79.98
780	79.98
781	79.98
782	79.98
783	79.98
784	79.98
785	79.98
786	79.98
787	79.98
788	79.98
789	79.98
790	79.98
791	79.98
792	79.98
793	79.98
794	79.98
795	79.98
796	79.98
797	79.98
798	79.98
799	79.98
800	79.98
801	79.98
802	79.98
803	79.98
804	79.98
805	79.98
806	79.98
807	79.98
808	79.98
809	79.98
810	79.98
811	79.98
812	79.98
813	79.98
814	79.98
815	79.98
816	79.98
817	79.98
818	79.98
819	79.98
820	79.98
821	79.98
822	79.98
823	79.98
824	79.98
825	79.98
826	79.98
827	79.98
828	79.98
829	79.98
830	79.98
831	79.98
832	79.98
833	79.98
834	79.98
835	79.98
836	79.98
837	79.98
838	79.98
839	79.98
840	79.98
841	79.98
842	79.98
843	79.98
844	79.98
845	79.98
846	79.98
847	79.98
848	79.98
849	79.98
850	79.98
851	79.98
852	79.98
853	79.98
854	79.98
855	79.98
856	79.98
857	79.98
858	79.98
859	79.98
860	79.98
861	79.98
862	79.98
863	79.98
864	79.98
865	79.98
866	79.98
867	79.98
868	79.98
869	79.98
870	79.98
871	79.98
872	79.98
873	79.98
874	79.98
875	79.98
876	79.98
877	79.98
878	79.98
879	79.98
880	79.98
881	79.98
882	79.98
883	79.98
884	79.98
885	79.98
886	79.98
887	79.98
888	79.98
889	79.98
890	79.98
891	79.98
892	79.98
893	79.98
894	79.98
895	79.98
896	79.98
897	79.98
898	79.98
899	79.98
900	79.98
901	79.98
902	79.98
903	79.98
904	79.98
905	79.98
906	79.98
907	79.98
908	79.98
909	79.98
910	79.98
911	79.98
912	79.98
913	79.98
914	79.98
915	79.98
916	79.98
917	79.98
918	79.98
919	79.98
920	79.98
921	79.98
922	79.98
923	79.98
924	79.98
925	79.98
926	79.98
927	79.98
928	79.98
929	79.98
930	79.98
931	79.98
932	79.98
933	79.98
934	79.98
935	79.98
936	79.98
937	79.98
938	79.98
939	79.98
940	79.98
941	79.98
942	79.98
943	79.98
944	79.98
945	79.98
946	79.98
947	79.98
948	79.98
949	79.98
950	79.98
951	79.98
952	79.98
953	79.98
954	79.98
955	79.98
956	79.98
957	79.98
958	79.98
959	79.98
960	79.98
961	79.98
962	79.98
963	79.98
964	79.98
965	79.98
966	79.98
967	79.98
968	79.98
969	79.98
970	79.98
971	79.98
972	79.98
973	79.98
974	79.98
975	79.98
976	79.98
977	79.98
978	79.98
979	79.98
980	79.98
981	79.98
982	79.98
983	79.98
984	79.98
985	79.98
986	79.98
987	79.98
988	79.98
989	79.98
990	79.98
991	79.98
992	79.98
993	79.98
994	79.98
995	79.98
996	79.98
997	79.98
998	79.98
999	79.98
1000	79.98
1001	79.98
1002	79.98
1003	79.98
1004	79.98
1005	79.98
1006	79.98
1007	79.98
1008	79.98
1009	79.98
1010	79.98
1011	79.98
1012	79.98
1013	79.98
1014	79.98
1015	79.98
1016	79.98
1017	79.98
1018	79.98
1019	79.98
1020	79.98
1021	79.98
1022	79.98
1023	79.98
1024	79.98
1025	79.98
1026	79.98
1027	79.98
1028	79.98
1029	79.98
1030	79.98
1031	79.98
1032	79.98
1033	79.98
1034	79.98
1035	79.98
1036	79.98
1037	79.98
1038	79.98
1039	79.98
1040	79.98
1041	79.98
1042	79.98
1043	79.98
1044	79.98
1045	79.98
1046	79.98
1047	79.98
1048	79.98
1049	79.98
1050	79.98
1051	79.98
1052	79.98
1053	79.98
1054	79.98
1055	79.98
1056	79.98
1057	79.98
1058	79.98
1059	79.98
1060	79.98
1061	79.98
1062	79.98
1063	79.98
1064	79.98
1065	79.98
1066	79.98
1067	79.98
1068	79.98
1069	79.98
1070	79.98
1071	79.98
1072	79.98
1073	79.98
1074	79.98
1075	79.98
1076	79.98
1077	79.98
1078	79.98
1079	79.98
1080	79.98
1081	79.98
1082	79.98
1083	79.98
1084	79.98
1085	79.98
1086	79.98
1087	79.98
1088	79.98
1089	79.98
1090	79.98
1091	79.98
1092	79.98
1093	79.98
1094	79.98
1095	79.98
1096	79.98
1097	79.98
1098	79.98
1099	79.98
1100	79.98
1101	79.98
1102	79.98
1103	79.98
1104	79.98
1105	79.98
1106	79.98
1107	79.98
1108	79.98
1109	79.98
1110	79.98
1111	79.98
1112	79.98
1113	79.98
1114	79.98
1115	79.98
1116	79.98
1117	79.98
1118	79.98
1119	79.98
1120	79.98
1121	79.98
1122	79.98
1123	79.98
1124	79.98
1125	79.98
1126	79.98
1127	79.98
1128	79.98
1129	79.98
1130	79.98
1131	79.98
1132	79.98
1133	79.98
1134	79.98
1135	79.98
1136	79.98
1137	79.98
1138	79.98
1139	79.98
1140	79.98
1141	79.98
1142	79.98
1143	79.98
1144	79.98
1145	79.98
1146	79.98
1147	79.98
1148	79.98
1149	79.98
1150	79.98
1151	79.98
1152	79.98
1153	79.98
1154	79.98
1155	79.98
1156	79.98
1157	79.98
1158	79.98
1159	79.98
1160	79.98
1161	79.98
1162	79.98
1163	79.98
1164	79.98
1165	79.98
1166	79.98
1167	79.98
1168	79.98
1169	79.98
1170	79.98
1171	79.98
1172	79.98
1173	79.98
1174	79.98
1175	79.98
1176	79.98
1177	79.98
1178	79.98
1179	79.98
1180	79.98
1181	79.98
1182	79.98
1183	79.98
1184	79.98
1185	79.98
1186	79.98
1187	79.98
1188	79.98
1189	79.98
1190	79.98
1191	79.98
1192	79.98
1193	79.98
1194	79.98
1195	79.98
1196	79.98
1197	79.98
1198	79.98
1199	79.98
1200	79.98
1201	79.98
1202	79.98
1203	79.98
1204	79.98
1205	79.98
1206	79.98
1207	79.98
1208	79.98
1209	79.98
1210	79.98
1211	79.98
1212	79.98
1213	79.98
1214	79.98
1215	79.98
1216	79.98
1217	79.98
1218	79.98
1219	79.98
1220	79.98
1221	79.98
1222	79.98
1223	79.98
1224	79.98
1225	79.98
1226	79.98
1227	79.98
1228	79.98
1229	79.98
1230	79.98
1231	79.98
1232	79.98
1233	79.98
1234	79.98
1235	79.98
1236	79.98
1237	79.98
1238	79.98
1239	79.98
1240	79.98
1241	79.98
1242	79.98
1243	79.98
1244	79.98
1245	79.98
1246	79.98
1247	79.98
1248	79.98
1249	79.98
1250	79.98
1251	79.98
1252	79.98
1253	79.98
1254	79.98
1255	79.98
1256	79.98
1257	79.98
1258	79.98
1259	79.98
1260	79.98
1261	79.98
1262	79.98
1263	79.98
1264	79.98
1265	79.98
1266	79.98
1267	79.98
1268	79.98
1269	79.98
1270	79.98
1271	79.98
1272	79.98
1273	79.98
1274	79.98
1275	79.98
1276	79.98
1277	79.98
1278	79.98
1279	79.98
1280	79.98
1281	79.98
1282	79.98
1283	79.98
1284	79.98
1285	79.98
1286	79.98
1287	79.98
1288	79.98
1289	79.98
1290	79.98
1291	79.98
1292	79.98
1293	79.98
1294	79.98
1295	79.98
1296	79.98
1297	79.98
1298	79.98
1299	79.98
1300	79.98
1301	79.98
1302	79.98
1303	79.98
1304	79.98
1305	79.98
1306	79.98
1307	79.98
1308	79.98
1309	79.98
1310	79.98
1311	79.98
1312	79.98
1313	79.98
1314	79.98
1315	79.98
1316	79.98
1317	79.98
1318	79.98
1319	79.98
1320	79.98
1321	79.98
1322	79.98
1323	79.98
1324	79.98
1325	79.98
1326	79.98
1327	79.98
1328	79.98
1329	79.98
1330	79.98
1331	79.98
1332	79.98
1333	79.98
1334	79.98
1335	79.98
1336	79.98
1337	79.98
1338	79.98
1339	79.98
1340	79.98
1341	79.98
1342	79.98
1343	79.98
1344	79.98
1345	79.98
1346	79.98
1347	79.98
1348	79.98
1349	79.98
1350	79.98
1351	79.98
1352	79.98
1353	79.98
1354	79.98
1355	79.98
1356	79.98
1357	79.98
1358	79.98
1359	79.98
1360	79.98
1361	79.98
1362	79.98
1363	79.98
1364	79.98
1365	79.98
1366	79.98
1367	79.98
1368	79.98
1369	79.98
1370	79.98
1371	79.98
1372	79.98
1373	79.98
1374	79.98
1375	79.98
1376	79.98
1377	79.98
1378	79.98
1379	79.98
1380	79.98
1381	79.98
1382	79.98
1383	79.98
1384	79.98
1385	79.98
1386	79.98
1387	79.98
1388	79.98
1389	79.98
1390	79.98
1391	79.98
1392	79.98
1393	79.98
1394	79.98
1395	79.98
1396	79.98
1397	79.98
1398	79.98
1399	79.98
1400	79.98
1401	79.98
1402	79.98
1403	79.98
1404	79.98
1405	79.98
1406	79.98
1407	79.98
1408	79.98
1409	79.98
1410	79.98
1411	79.98
1412	79.98
1413	79.98
1414	79.98
1415	79.98
1416	79.98
1417	79.98
1418	79.98
1419	79.98
1420	79.98
1421	79.98
1422	79.98
1423	79.98
1424	79.98
1425	79.98
1426	79.98
1427	79.98
1428	79.98
1429	79.98
1430	79.98
1431	79.98
1432	79.98
1433	79.98
1434	79.98
1435	79.98
1436	79.98
1437	79.98
1438	79.98
1439	79.98
1440	79.98
1441	79.98
1442	79.98
1443	79.98
1444	79.98
1445	79.98
1446	79.98
1447	79.98
1448	79.98
1449	79.98
1450	79.98
1451	79.98
1452	79.98
1453	79.98
1454	79.98
1455	79.98
1456	79.98
1457	79.98
1458	79.98
1459	79.98
1460	79.98
1461	79.98
1462	79.98
1463	79.98
1464	79.98
1465	79.98
1466	79.98
1467	79.98
1468	79.98
1469	79.98
1470	79.98
1471	79.98
1472	79.98
1473	79.98
1474	79.98
1475	79.98
1476	79.98
1477	79.98
1478	79.98
1479	79.98
1480	79.98
1481	79.98
1482	79.98
1483	79.98
1484	79.98
1485	79.98
1486	79.98
1487	79.98
1488	79.98
1489	79.98
1490	79.98
1491	79.98
1492	79.98
1493	79.98
1494	79.98
1495	79.98
1496	79.98
1497	79.98
1498	79.98
1499	79.98
1500	79.98
1501	79.98
1502	79.98
1503	79.98
1504	79.98
1505	79.98
1506	79.98
1507	79.98
1508	79.98
1509	79.98
1510	79.98
1511	79.98
1512	79.98
1513	79.98
1514	79.98
1515	79.98
1516	79.98
1517	79.98
1518	79.98
1519	79.98
1520	79.98
1521	79.98
1522	79.98
1523	79.98
1524	79.98
1525	79.98
1526	79.98
1527	79.98
1528	79.98
1529	79.98
1530	79.98
1531	79.98
1532	79.98
1533	79.98
1534	79.98
1535	79.98
1536	79.98
1537	79.98
1538	79.98
1539	79.98
1540	79.98
1541	79.98
1542	79.98
1543	79.98
1544	79.98
1545	79.98
1546	79.98
1547	79.98
1548	79.98
1549	79.98
1550	79.98
1551	79.98
1552	79.98
1553	79.98
1554	79.98
1555	79.98
1556	79.98
1557	79.98
1558	79.98
1559	79.98
1560	79.98
1561	79.98
1562	79.98
1563	79.98
1564	79.98
1565	79.98
1566	79.98
1567	79.98
1568	79.98
1569	79.98
1570	79.98
1571	79.98
1572	79.98
1573	79.98
1574	79.98
1575	79.98
1576	79.98
1577	79.98
1578	79.98
1579	79.98
1580	79.98
1581	79.98
1582	79.98
1583	79.98
1584	79.98
1585	79.98
1586	79.98
1587	79.98
1588	79.98
1589	79.98
1590	79.98
1591	79.98
1592	79.98
1593	79.98
1594	79.98
1595	79.98
1596	79.98
1597	79.98
1598	79.98
1599	79.98
1600	79.98
1601	79.98
1602	79.98
1603	79.98
1604	79.98
1605	79.98
1606	79.98
1607	79.98
1608	79.98
1609	79.98
1610	79.98
1611	79.98
1612	79.98
1613	79.98
1614	79.98
1615	79.98
1616	79.98
1617	79.98
1618	79.98
1619	79.98
1620	79.98
1621	79.98
1622	79.98
1623	79.98
1624	79.98
1625	79.98
1626	79.98
1627	79.98
1628	79.98
1629	79.98
1630	79.98
1631	79.98
1632	79.98
1633	79.98
1634	79.98
1635	79.98
1636	79.98
1637	79.98
1638	79.98
1639	79.98
1640	79.98
1641	79.98
1642	79.98
1643	79.98
1644	79.98
1645	79.98
1646	79.98
1647	79.98
1648	79.98
1649	79.98
1650	79.98
1651	79.98
1652	79.98
1653	79.98
1654	79.98
1655	79.98
1656	79.98
1657	79.98
1658	79.98
1659	79.98
1660	79.98
1661	79.98
1662	79.98
1663	79.98
1664	79.98
1665	79.98
1666	79.98
1667	79.98
1668	79.98
1669	79.98
1670	79.98
1671	79.98
1672	79.98
1673	79.98
1674	79.98
1675	79.98
1676	79.98
1677	79.98
1678	79.98
1679	79.98
1680	79.98
1681	79.98
1682	79.98
1683	79.98
1684	79.98
1685	79.98
1686	79.98
1687	79.98
1688	79.98
1689	79.98
1690	79.98
1691	79.98
1692	79.98
1693	79.98
1694	79.98
1695	79.98
1696	79.98
1697	79.98
1698	79.98
1699	79.98
1700	79.98
1701	79.98
1702	79.98
1703	79.98
1704	79.98
1705	79.98
1706	79.98
1707	79.98
1708	79.98
1709	79.98
1710	79.98
1711	79.98
1712	79.98
1713	79.98
1714	79.98
1715	79.98
1716	79.98
1717	79.98
1718	79.98
1719	79.98
1720	79.98
1721	79.98
1722	79.98
1723	79.98
1724	79.98
1725	79.98
1726	79.98
1727	79.98
1728	79.98
1729	79.98
1730	79.98
1731	79.98
1732	79.98
1733	79.98
1734	79.98
1735	79.98
1736	79.98
1737	79.98
1738	79.98
1739	79.98
1740	79.98
1741	79.98
1742	79.98
1743	79.98
1744	79.98
1745	79.98
1746	79.98
1747	79.98
1748	79.98
1749	79.98
1750	79.98
1751	79.98
1752	79.98
1753	79.98
1754	79.98
1755	79.98
1756	79.98
1757	79.98
1758	79.98
1759	79.98
1760	79.98
1761	79.98
1762	79.98
1763	79.98
1764	79.98
1765	79.98
1766	79.98
1767	79.98
1768	79.98
1769	79.98
1770	79.98
1771	79.98
1772	79.98
1773	79.98
1774	79.98
1775	79.98
1776	79.98
1777	79.98
1778	79.98
1779	79.98
1780	79.98
1781	79.98
1782	79.98
1783	79.98
1784	79.98
1785	79.98
1786	79.98
1787	79.98
1788	79.98
1789	79.98
1790	79.98
1791	79.98
1792	79.98
1793	79.98
1794	79.98
1795	79.98
1796	79.98
1797	79.98
1798	79.98
1799	79.98
1800	79.98
1801	79.98
1802	79.98
1803	79.98
1804	79.98
1805	79.98
1806	79.98
1807	79.98
1808	79.98
1809	79.98
1810	79.98
1811	79.98
1812	79.98
1813	79.98
1814	79.98
1815	79.98
1816	79.98
1817	79.98
1818	79.98
1819	79.98
1820	79.98
1821	79.98
1822	79.98
1823	79.98
1824	79.98
1825	79.98
1826	79.98
1827	79.98
1828	79.98
1829	79.98
1830	79.98
1831	79.98
1832	79.98
1833	79.98
1834	79.98
1835	79.98
1836	79.98
1837	79.98
1838	79.98
1839	79.98
1840	79.98
1841	79.98
1842	79.98
1843	79.98
1844	79.98
1845	79.98
1846	79.98
1847	79.98
1848	79.98
1849	79.98
1850	79.98
1851	79.98
1852	79.98
1853	79.98
1854	79.98
1855	79.98
1856	79.98
1857	79.98
1858	79.98
1859	79.98
1860	79.98
1861	79.98
1862	79.98
1863	79.98
1864	79.98
1865	79.98
1866	79.98
1867	79.98
1868	79.98
1869	79.98
1870	79.98
1871	79.98
1872	79.98
1873	79.98
1874	79.98
1875	79.98
1876	79.98
1877	79.98
1878	79.98
1879	79.98
1880	79.98
1881	79.98
1882	79.98
1883	79.98
1884	79.98
1885	79.98
1886	79.98
1887	79.98
1888	79.98
1889	79.98
1890	79.98
1891	79.98
1892	79.98
1893	79.98
1894	79.98
1895	79.98
1896	79.98
1897	79.98
1898	79.98
1899	79.98
1900	79.98
1901	79.98
1902	79.98
1903	79.98
1904	79.98
1905	79.98
1906	79.98
1907	79.98
1908	79.98
1909	79.98
1910	79.98
1911	79.98
1912	79.98
1913	79.98
1914	79.98
1915	79.98
1916	79.98
1917	79.98
1918	79.98
1919	79.98
1920	79.98
1921	79.98
1922	79.98
1923	79.98
1924	79.98
1925	79.98
1926	79.98
1927	79.98
1928	79.98
1929	79.98
1930	79.98
1931	79.98
1932	79.98
1933	79.98
1934	79.98
1935	79.98
1936	79.98
1937	79.98
1938	79.98
1939	79.98
1940	79.98
1941	79.98
1942	79.98
1943	79.98
1944	79.98
1945	79.98
1946	79.98
1947	79.98
1948	79.98
1949	79.98
1950	79.98
1951	79.98
1952	79.98
1953	79.98
1954	79.98
1955	79.98
1956	79.98
1957	79.98
1958	79.98
1959	79.98
1960	79.98
1961	79.98
1962	79.98
1963	79.98
1964	79.98
1965	79.98
1966	79.98
1967	79.98
1968	79.98
1969	79.98
1970	79.98
1971	79.98
1972	79.98
1973	79.98
1974	79.98
1975	79.98
1976	79.98
1977	79.98
1978	79.98
1979	79.98
1980	79.98
1981	79.98
1982	79.98
1983	79.98
1984	79.98
1985	79.98
1986	79.98
1987	79.98
1988	79.98
1989	79.98
1990	79.98
1991	79.98
1992	79.98
1993	79.98
1994	79.98
1995	79.98
1996	79.98
1997	79.98
1998	79.98
1999	79.98
2000	79.98
2001	79.98
2002	79.98
2003	79.98
2004	79.98
2005	79.98
2006	79.98
2007	79.98
2008	79.98
2009	79.98
2010	79.98
2011	79.98
2012	79.98
2013	79.98
2014	79.98
2015	79.98
2016	79.98
2017	79.98
2018	79.98
2019	79.98
2020	79.98
2021	79.98
2022	79.98
2023	79.98
2024	79.98
2025	79.98
2026	79.98
2027	79.98
2028	79.98
2029	79.98
2030	79.98
2031	79.98
2032	79.98
2033	79.98
2034	79.98
2035	79.98
2036	79.98
2037	79.98
2038	79.98
2039	79.98
2040	79.98
2041	79.98
2042	79.98
2043	79.98
2044	79.98
2045	79.98
2046	79.98
2047	79.98
2048	79.98
2049	79.98
2050	79.98
2051	79.98
2052	79.98
2053	79.98
2054	79.98
2055	79.98
2056	79.98
2057	79.98
2058	79.98
2059	79.98
2060	79.98
2061	79.98
2062	79.98
2063	79.98
2064	79.98
2065	79.98
2066	79.98
2067	79.98
2068	79.98
2069	79.98
2070	79.98
2071	79.98
2072	79.98
2073	79.98
2074	79.98
2075	79.98
2076	79.98
2077	79.98
2078	79.98
2079	79.98
2080	79.98
2081	79.98
2082	79.98
2083	79.98
2084	79.98
2085	79.98
2086	79.98
2087	79.98
2088	79.98
2089	79.98
2090	79.98
2091	79.98
2092	79.98
2093	79.98
2094	79.98
2095	79.98
2096	79.98
2097	79.98
2098	79.98
2099	79.98
2100	79.98
2101	79.98
2102	79.98
2103	79.98
2104	79.98
2105	79.98
2106	79.98
2107	79.98
2108	79.98
2109	79.98
2110	79.98
2111	79.98
2112	79.98
2113	79.98
2114	79.98
2115	79.98
2116	79.98
2117	79.98
2118	79.98
2119	79.98
2120	79.98
2121	79.98
2122	79.98
2123	79.98
2124	79.98
2125	79.98
2126	79.98
2127	79.98
2128	79.98
2129	79.98
2130	79.98
2131	79.98
2132	79.98
2133	79.98
2134	79.98
2135	79.98
2136	79.98
2137	79.98
2138	79.98
2139	79.98
2140	79.98
2141	79.98
2142	79.98
2143	79.98
2144	79.98
2145	79.98
2146	79.98
2147	79.98
2148	79.98
2149	79.98
2150	79.98
2151	79.98
2152	79.98
2153	79.98
2154	79.98
2155	79.98
2156	79.98
2157	79.98
2158	79.98
2159	79.98
2160	79.98
2161	79.98
2162	79.98
2163	79.98
2164	79.98
2165	79.98
2166	79.98
2167	79.98
2168	79.98
2169	79.98
2170	79.98
2171	79.98
2172	79.98
2173	79.98
2174	79.98
2175	79.98
2176	79.98
2177	79.98
2178	79.98
2179	79.98
2180	79.98
2181	79.98
2182	79.98
2183	79.98
2184	79.98
2185	79.98
2186	79.98
2187	79.98
2188	79.98
2189	79.98
2190	79.98
2191	79.98
2192	79.98
2193	79.98
2194	79.98
2195	79.98
2196	79.98
2197	79.98
2198	79.98
2199	79.98
2200	79.98
2201	79.98
2202	79.98
2203	79.98
2204	79.98
2205	79.98
2206	79.98
2207	79.98
2208	79.98
2209	79.98
2210	79.98
2211	79.98
2212	79.98
2213	79.98
2214	79.98
2215	79.98
2216	79.98
2217	79.98
2218	79.98
2219	79.98
2220	79.98
2221	79.98
2222	79.98
2223	79.98
2224	79.98
2225	79.98
2226	79.98
2227	79.98
2228	79.98
2229	79.98
2230	79.98
2231	79.98
2232	79.98
2233	79.98
2234	79.98
2235	79.98
2236	79.98
2237	79.98
2238	79.98
2239	79.98
2240	79.98
2241	79.98
2242	79.98
2243	79.98
2244	79.98
2245	79.98
2246	79.98
2247	79.98
2248	79.98
2249	79.98
2250	79.98
2251	79.98
2252	79.98
2253	79.98
2254	79.98
2255	79.98
2256	79.98
2257	79.98
2258	79.98
2259	79.98
2260	79.98
2261	79.98
2262	79.98
2263	79.98
2264	79.98
2265	79.98
2266	79.98
2267	79.98
2268	79.98
2269	79.98
2270	79.98
2271	79.98
2272	79.98
2273	79.98
2274	79.98
2275	79.98
2276	79.98
2277	79.98
2278	79.98
2279	79.98
2280	79.98
2281	79.98
2282	79.98
2283	79.98
2284	79.98
2285	79.98
2286	79.98
2287	79.98
2288	79.98
2289	79.98
2290	79.98
2291	79.98
2292	79.98
2293	79.98
2294	79.98
2295	79.98
2296	79.98
2297	79.98
2298	79.98
2299	79.98
2300	79.98
2301	79.98
2302	79.98
2303	79.98
2304	79.98
2305	79.98
2306	79.98
2307	79.98
2308	79.98
2309	79.98
2310	79.98
2311	79.98
2312	79.98
2313	79.98
2314	79.98
2315	79.98
2316	79.98
2317	79.98
2318	79.98
2319	79.98
2320	79.98
2321	79.98
2322	79.98
2323	79.98
2324	79.98
2325	79.98
2326	79.98
2327	79.98
2328	79.98
2329	79.98
2330	79.98
2331	79.98
2332	79.98
2333	79.98
2334	79.98
2335	79.98
2336	79.98
2337	79.98
2338	79.98
2339	79.98
2340	79.98
2341	79.98
2342	79.98
2343	79.98
2344	79.98
2345	79.98
2346	79.98
2347	79.98
2348	79.98
2349	79.98
2350	79.98
2351	79.98
2352	79.98
2353	79.98
2354	79.98
2355	79.98
2356	79.98
2357	79.98
2358	79.98
2359	79.98
2360	79.98
2361	79.98
2362	79.98
2363	79.98
2364	79.98
2365	79.98
2366	79.98
2367	79.98
2368	79.98
2369	79.98
2370	79.98
2371	79.98
2372	79.98
2373	79.98
2374	79.98
2375	79.98
2376	79.98
2377	79.98
2378	79.98
2379	79.98
2380	79.98
2381	79.98
2382	79.98
2383	79.98
2384	79.98
2385	79.98
2386	79.98
2387	79.98
2388	79.98
2389	79.98
2390	79.98
2391	79.98
2392	79.98
2393	79.98
2394	79.98
2395	79.98
2396	79.98
2397	79.98
2398	79.98
2399	79.98
2400	79.98
2401	79.98
2402	79.98
2403	79.98
2404	79.98
2405	79.98
2406	79.98
2407	79.98
2408	79.98
2409	79.98
2410	79.98
2411	79.98
2412	79.98
2413	79.98
2414	79.98
2415	79.98
2416	79.98
2417	79.98
2418	79.98
2419	79.98
2420	79.98
2421	79.98
2422	79.98
2423	79.98
2424	79.98
2425	79.98
2426	79.98
2427	79.98
2428	79.98
2429	79.98
2430	79.98
2431	79.98
2432	79.98
2433	79.98
2434	79.98
2435	79.98
2436	79.98
2437	79.98
2438	79.98
2439	79.98
2440	79.98
2441	79.98
2442	79.98
2443	79.98
2444	79.98
2445	79.98
2446	79.98
2447	79.98
2448	79.98
2449	79.98
2450	79.98
2451	79.98
2452	79.98
2453	79.98
2454	79.98
2455	79.98
2456	79.98
2457	79.98
2458	79.98
2459	79.98
2460	79.98
2461	79.98
2462	79.98
2463	79.98
2464	79.98
2465	79.98
2466	79.98
2467	79.98
2468	79.98
2469	79.98
2470	79.98
2471	79.98
2472	79.98
2473	79.98
2474	79.98
2475	79.98
2476	79.98
2477	79.98
2478	79.98
2479	79.98
2480	79.98
2481	79.98
2482	79.98
2483	79.98
2484	79.98
2485	79.98
2486	79.98
2487	79.98
2488	79.98
2489	79.98
2490	79.98
2491	79.98
2492	79.98
2493	79.98
2494	79.98
2495	79.98
2496	79.98
2497	79.98
2498	79.98
2499	79.98
2500	79.98
2501	79.98
2502	79.98
2503	79.98
2504	79.98
2505	79.98
2506	79.98
2507	79.98
2508	79.98
2509	79.98
2510	79.98
2511	79.98
2512	79.98
2513	79.98
2514	79.98
2515	79.98
2516	79.98
2517	79.98
2518	79.98
2519	79.98
2520	79.98
2521	79.98
2522	79.98
2523	79.98
2524	79.98
2525	79.98
2526	79.98
2527	79.98
2528	79.98
2529	79.98
2530	79.98
2531	79.98
2532	79.98
2533	79.98
2534	79.98
2535	79.98
2536	79.98
2537	79.98
2538	79.98
2539	79.98
2540	79.98
2541	79.98
2542	79.98
2543	79.98
2544	79.98
2545	79.98
2546	79.98
2547	79.98
2548	79.98
2549	79.98
2550	79.98
2551	79.98
2552	79.98
2553	79.98
2554	79.98
2555	79.98
2556	79.98
2557	79.98
2558	79.98
2559	79.98
2560	79.98
2561	79.98
2562	79.98
2563	79.98
2564	79.98
2565	79.98
2566	79.98
2567	79.98
2568	79.98
2569	79.98
2570	79.98
2571	79.98
2572	79.98
2573	79.98
2574	79.98
2575	79.98
2576	79.98
2577	79.98
2578	79.98
2579	79.98
2580	79.98
2581	79.98
2582	79.98
2583	79.98
2584	79.98
2585	79.98
2586	79.98
2587	79.98
2588	79.98
2589	79.98
2590	79.98
2591	79.98
2592	79.98
2593	79.98
2594	79.98
2595	79.98
2596	79.98
2597	79.98
2598	79.98
2599	79.98
2600	79.98
2601	79.98
2602	79.98
2603	79.98
2604	79.98
2605	79.98
2606	79.98
2607	79.98
2608	79.98
2609	79.98
2610	79.98
2611	79.98
2612	79.98
2613	79.98
2614	79.98
2615	79.98
2616	79.98
2617	79.98
2618	79.98
2619	79.98
2620	79.98
2621	79.98
2622	79.98
2623	79.98
2624	79.98
2625	79.98
2626	79.98
2627	79.98
2628	79.98
2629	79.98
2630	79.98
2631	79.98
2632	79.98
2633	79.98
2634	79.98
2635	79.98
2636	79.98
2637	79.98
2638	79.98
2639	79.98
2640	79.98
2641	79.98
2642	79.98
2643	79.98
2644	79.98
2645	79.98
2646	79.98
2647	79.98
2648	79.98
2649	79.98
2650	79.98
2651	79.98
2652	79.98
2653	79.98
2654	79.98
2655	79.98
2656	79.98
2657	79.98
2658	79.98
2659	79.98
2660	79.98
2661	79.98
2662	79.98
2663	79.98
2664	79.98
2665	79.98
2666	79.98
2667	79.98
2668	79.98
2669	79.98
2670	79.98
2671	79.98
2672	79.98
2673	79.98
2674	79.98
2675	79.98
2676	79.98
2677	79.98
2678	79.98
2679	79.98
2680	79.98
2681	79.98
2682	79.98
2683	79.98
2684	79.98
2685	79.98
2686	79.98
2687	79.98
2688	79.98
2689	79.98
2690	79.98
2691	79.98
2692	79.98
2693	79.98
2694	79.98
2695	79.98
2696	79.98
2697	79.98
2698	79.98
2699	79.98
2700	79.98
2701	79.98
2702	79.98
2703	79.98
2704	79.98
2705	79.98
2706	79.98
2707	79.98
2708	79.98
2709	79.98
2710	79.98
2711	79.98
2712	79.98
2713	79.98
2714	79.98
2715	79.98
2716	79.98
2717	79.98
2718	79.98
2719	79.98
2720	79.98
2721	79.98
2722	79.98
2723	79.98
2724	79.98
2725	79.98
2726	79.98
2727	79.98
2728	79.98
2729	79.98
2730	79.98
2731	79.98
2732	79.98
2733	79.98
2734	79.98
2735	79.98
2736	79.98
2737	79.98
2738	79.98
2739	79.98
2740	79.98
2741	79.98
2742	79.98
2743	79.98
2744	79.98
2745	79.98
2746	79.98
2747	79.98
2748	79.98
2749	79.98
2750	79.98
2751	79.98
2752	79.98
2753	79.98
2754	79.98
2755	79.98
2756	79.98
2757	79.98
2758	79.98
2759	79.98
2760	79.98
2761	79.98
2762	79.98
2763	79.98
2764	79.98
2765	79.98
2766	79.98
2767	79.98
2768	79.98
2769	79.98
2770	79.98
2771	79.98
2772	79.98
2773	79.98
2774	79.98
2775	79.98
2776	79.98
2777	79.98
2778	79.98
2779	79.98
2780	79.98
2781	79.98
2782	79.98
2783	79.98
2784	79.98
2785	79.98
2786	79.98
2787	79.98
2788	79.98
2789	79.98
2790	79.98
2791	79.98
2792	79.98
2793	79.98
2794	79.98
2795	79.98
2796	79.98
2797	79.98
2798	79.98
2799	79.98
2800	79.98
2801	79.98
2802	79.98
2803	79.98
2804	79.98
2805	79.98
2806	79.98
2807	79.98
2808	79.98
2809	79.98
2810	79.98
2811	79.98
2812	79.98
2813	79.98
2814	79.98
2815	79.98
2816	79.98
2817	79.98
2818	79.98
2819	79.98
2820	79.98
2821	79.98
2822	79.98
2823	79.98
2824	79.98
2825	79.98
2826	79.98
2827	79.98
2828	79.98
2829	79.98
2830	79.98
2831	79.98
2832	79.98
2833	79.98
2834	79.98
2835	79.98
2836	79.98
2837	79.98
2838	79.98
2839	79.98
2840	79.98
2841	79.98
2842	79.98
2843	79.98
2844	79.98
2845	79.98
2846	79.98
2847	79.98
2848	79.98
2849	79.98
2850	79.98
2851	79.98
2852	79.98
2853	79.98
2854	79.98
2855	79.98
2856	79.98
2857	79.98
2858	79.98
2859	79.98
2860	79.98
2861	79.98
2862	79.98
2863	79.98
2864	79.98
2865	79.98
2866	79.98
2867	79.98
2868	79.98
2869	79.98
2870	79.98
2871	79.98
2872	79.98
2873	79.98
2874	79.98
2875	79.98
2876	79.98
2877	79.98
2878	79.98
2879	79.98
2880	79.98
2881	79.98
2882	79.98
2883	79.98
2884	79.98
2885	79.98
2886	79.98
2887	79.98
2888	79.98
2889	79.98
2890	79.98
2891	79.98
2892	79.98
2893	79.98
2894	79.98
2895	79.98
2896	79.98
2897	79.98
2898	79.98
2899	79.98
2900	79.98
2901	79.98
2902	79.98
2903	79.98
2904	79.98
2905	79.98
2906	79.98
2907	79.98
2908	79.98
2909	79.98
2910	79.98
2911	79.98
2912	79.98
2913	79.98
2914	79.98
2915	79.98
2916	79.98
2917	79.98
2918	79.98
2919	79.98
2920	79.98
2921	79.98
2922	79.98
2923	79.98
2924	79.98
2925	79.98
2926	79.98
2927	79.98
2928	79.98
2929	79.98
2930	79.98
2931	79.98
2932	79.98
2933	79.98
2934	79.98
2935	79.98
2936	79.98
2937	79.98
2938	79.98
2939	79.98
2940	79.98
2941	79.98
2942	79.98
2943	79.98
2944	79.98
2945	79.98
2946	79.98
2947	79.98
2948	79.98
2949	79.98
2950	79.98
2951	79.98
2952	79.98
2953	79.98
2954	79.98
2955	79.98
2956	79.98
2957	79.98
2958	79.98
2959	79.98
2960	79.98
2961	79.98
2962	79.98
2963	79.98
2964	79.98
2965	79.98
2966	79.98
2967	79.98
2968	79.98
2969	79.98
2970	79.98
2971	79.98
2972	79.98
2973	79.98
2974	79.98
2975	79.98
2976	79.98
2977	79.98
2978	79.98
2979	79.98
2980	79.98
2981	79.98
2982	79.98
2983	79.98
2984	79.98
2985	79.98
2986	79.98
2987	79.98
2988	79.98
2989	79.98
2990	79.98
2991	79.98
2992	79.98
2993	79.98
2994	79.98
2995	79.98
2996	79.98
2997	79.98
2998	79.98
2999	79.98
3000	79.98
3001	79.98
3002	79.98
3003	79.98
3004	79.98
3005	79.98
3006	79.98
3007	79.98
3008	79.98
3009	79.98
3010	79.98
3011	79.98
3012	79.98
3013	79.98
3014	79.98
3015	79.98
3016	79.98
3017	79.98
3018	79.98
3019	79.98
3020	79.98
3021	79.98
3022	79.98
3023	79.98
3024	79.98
3025	79.98
3026	79.98
3027	79.98
3028	79.98
3029	79.98
3030	79.98
3031	79.98
3032	79.98
3033	79.98
3034	79.98
3035	79.98
3036	79.98
3037	79.98
3038	79.98
3039	79.98
3040	79.98
3041	79.98
3042	79.98
3043	79.98
3044	79.98
3045	79.98
3046	79.98
3047	79.98
3048	79.98
3049	79.98
3050	79.98
3051	79.98
3052	79.98
3053	79.98
3054	79.98
3055	79.98
3056	79.98
3057	79.98
3058	79.98
3059	79.98
3060	79.98
3061	79.98
3062	79.98
3063	79.98
3064	79.98
3065	79.98
3066	79.98
3067	79.98
3068	79.98
3069	79.98
3070	79.98
3071	79.98
3072	79.98
3073	79.98
3074	79.98
3075	79.98
3076	79.98
3077	79.98
3078	79.98
3079	79.98
3080	79.98
3081	79.98
3082	79.98
3083	79.98
3084	79.98
3085	79.98
3086	79.98
3087	79.98
3088	79.98
3089	79.98
3090	79.98
3091	79.98
3092	79.98
3093	79.98
3094	79.98
3095	79.98
3096	79.98
3097	79.98
3098	79.98
3099	79.98
3100	79.98
3101	79.98
3102	79.98
3103	79.98
3104	79.98
3105	79.98
3106	79.98
3107	79.98
3108	79.98
3109	79.98
3110	79.98
3111	79.98
3112	79.98
3113	79.98
3114	79.98
3115	79.98
3116	79.98
3117	79.98
3118	79.98
3119	79.98
3120	79.98
3121	79.98
3122	79.98
3123	79.98
3124	79.98
3125	79.98
3126	79.98
3127	79.98
3128	79.98
3129	79.98
3130	79.98
3131	79.98
3132	79.98
3133	79.98
3134	79.98
3135	79.98
3136	79.98
3137	79.98
3138	79.98
3139	79.98
3140	79.98
3141	79.98
3142	79.98
3143	79.98
3144	79.98
3145	79.98
3146	79.98
3147	79.98
3148	79.98
3149	79.98
3150	79.98
3151	79.98
3152	79.98
3153	79.98
3154	79.98
3155	79.98
3156	79.98
3157	79.98
3158	79.98
3159	79.98
3160	79.98
3161	79.98
3162	79.98
3163	79.98
3164	79.98
3165	79.98
3166	79.98
3167	79.98
3168	79.98
3169	79.98
3170	79.98
3171	79.98
3172	79.98
3173	79.98
3174	79.98
3175	79.98
3176	79.98
3177	79.98
3178	79.98
3179	79.98
3180	79.98
3181	79.98
3182	79.98
3183	79.98
3184	79.98
3185	79.98
3186	79.98
3187	79.98
3188	79.98
3189	79.98
3190	79.98
3191	79.98
3192	79.98
3193	79.98
3194	79.98
3195	79.98
3196	79.98
3197	79.98
3198	79.98
3199	79.98
3200	79.98
3201	79.98
3202	79.98
3203	79.98
3204	79.98
3205	79.98
3206	79.98
3207	79.98
3208	79.98
3209	79.98
3210	79.98
3211	79.98
3212	79.98
3213	79.98
3214	79.98
3215	79.98
3216	79.98
3217	79.98
3218	79.98
3219	79.98
3220	79.98
3221	79.98
3222	79.98
3223	79.98
3224	79.98
3225	79.98
3226	79.98
3227	79.98
3228	79.98
3229	79.98
3230	79.98
3231	79.98
3232	79.98
3233	79.98
3234	79.98
3235	79.98
3236	79.98
3237	79.98
3238	79.98
3239	79.98
3240	79.98
3241	79.98
3242	79.98
3243	79.98
3244	79.98
3245	79.98
3246	79.98
3247	79.98
3248	79.98
3249	79.98
3250	79.98
3251	79.98
3252	79.98
3253	79.98
3254	79.98
3255	79.98
3256	79.98
3257	79.98
3258	79.98
3259	79.98
3260	79.98
3261	79.98
3262	79.98
3263	79.98
3264	79.98
3265	79.98
3266	79.98
3267	79.98
3268	79.98
3269	79.98
3270	79.98
3271	79.98
3272	79.98
3273	79.98
3274	79.98
3275	79.98
3276	79.98
3277	79.98
3278	79.98
3279	79.98
3280	79.98
3281	79.98
3282	79.98
3283	79.98
3284	79.98
3285	79.98
3286	79.98
3287	79.98
3288	79.98
3289	79.98
3290	79.98
3291	79.98
3292	79.98
3293	79.98
3294	79.98
3295	79.98
3296	79.98
3297	79.98
3298	79.98
3299	79.98
3300	79.98
3301	79.98
3302	79.98
3303	79.98
3304	79.98
3305	79.98
3306	79.98
3307	79.98
3308	79.98
3309	79.98
3310	79.98
3311	79.98
3312	79.98
3313	79.98
3314	79.98
3315	79.98
3316	79.98
3317	79.98
3318	79.98
3319	79.98
3320	79.98
3321	79.98
3322	79.98
3323	79.98
3324	79.98
3325	79.98
3326	79.98
3327	79.98
3328	79.98
3329	79.98
3330	79.98
3331	79.98
3332	79.98
3333	79.98
3334	79.98
3335	79.98
3336	79.98
3337	79.98
3338	79.98
3339	79.98
3340	79.98
3341	79.98
3342	79.98
3343	79.98
3344	79.98
3345	79.98
3346	79.98
3347	79.98
3348	79.98
3349	79.98
3350	79.98
3351	79.98
3352	79.98
3353	79.98
3354	79.98
3355	79.98
3356	79.98
3357	79.98
3358	79.98
3359	79.98
3360	79.98
3361	79.98
3362	79.98
3363	79.98
3364	79.98
3365	79.98
3366	79.98
3367	79.98
3368	79.98
3369	79.98
3370	79.98
3371	79.98
3372	79.98
3373	79.98
3374	79.98
3375	79.98
3376	79.98
3377	79.98
3378	79.98
3379	79.98
3380	79.98
3381	79.98
3382	79.98
3383	79.98
3384	79.98
3385	79.98
3386	79.98
3387	79.98
3388	79.98
3389	79.98
3390	79.98
3391	79.98
3392	79.98
3393	79.98
3394	79.98
3395	79.98
3396	79.98
3397	79.98
3398	79.98
3399	79.98
3400	79.98
3401	79.98
3402	79.98
3403	79.98
3404	79.98
3405	79.98
3406	79.98
3407	79.98
3408	79.98
3409	79.98
3410	79.98
3411	79.98
3412	79.98
3413	79.98
3414	79.98
3415	79.98
3416	79.98
3417	79.98
3418	79.98
3419	79.98
3420	79.98
3421	79.98
3422	79.98
3423	79.98
3424	79.98
3425	79.98
3426	79.98
3427	79.98
3428	79.98
3429	79.98
3430	79.98
3431	79.98
3432	79.98
3433	79.98
3434	79.98
3435	79.98
3436	79.98
3437	79.98
3438	79.98
3439	79.98
3440	79.98
3441	79.98
3442	79.98
3443	79.98
3444	79.98
3445	79.98
3446	79.98
3447	79.98
3448	79.98
3449	79.98
3450	79.98
3451	79.98
3452	79.98
3453	79.98
3454	79.98
3455	79.98
3456	79.98
3457	79.98
3458	79.98
3459	79.98
3460	79.98
3461	79.98
3462	79.98
3463	79.98
3464	79.98
3465	79.98
3466	79.98
3467	79.98
3468	79.98
3469	79.98
3470	79.98
3471	79.98
3472	79.98
3473	79.98
3474	79.98
3475	79.98
3476	79.98
3477	79.98
3478	79.98
3479	79.98
3480	79.98
3481	79.98
3482	79.98
3483	79.98
3484	79.98
3485	79.98
3486	79.98
3487	79.98
3488	79.98
3489	79.98
3490	79.98
3491	79.98
3492	79.98
3493	79.98
3494	79.98
3495	79.98
3496	79.98
3497	79.98
3498	79.98
3499	79.98
3500	79.98
3501	79.98
3502	79.98
3503	79.98
3504	79.98
3505	79.98
3506	79.98
3507	79.98
3508	79.98
3509	79.98
3510	79.98
3511	79.98
3512	79.98
3513	79.98
3514	79.98
3515	79.98
3516	79.98
3517	79.98
3518	79.98
3519	79.98
3520	79.98
3521	79.98
3522	79.98
3523	79.98
3524	79.98
3525	79.98
3526	79.98
3527	79.98
3528	79.98
3529	79.98
3530	79.98
3531	79.98
3532	79.98
3533	79.98
3534	79.98
3535	79.98
3536	79.98
3537	79.98
3538	79.98
3539	79.98
3540	79.98
3541	79.98
3542	79.98
3543	79.98
3544	79.98
3545	79.98
3546	79.98
3547	79.98
3548	79.98
3549	79.98
3550	79.98
3551	79.98
3552	79.98
3553	79.98
3554	79.98
3555	79.98
3556	79.98
3557	79.98
3558	79.98
3559	79.98
3560	79.98
3561	79.98
3562	79.98
3563	79.98
3564	79.98
3565	79.98
3566	79.98
3567	79.98
3568	79.98
3569	79.98
3570	79.98
3571	79.98
3572	79.98
3573	79.98
3574	79.98
3575	79.98
3576	79.98
3577	79.98
3578	79.98
3579	79.98
3580	79.98
3581	79.98
3582	79.98
3583	79.98
3584	79.98
3585	79.98
3586	79.98
3587	79.98
3588	79.98
3589	79.98
3590	79.98
3591	79.98
3592	79.98
3593	79.98
3594	79.98
3595	79.98
3596	79.98
3597	79.98
3598	79.98
3599	79.98
3600	79.98
3601	79.98
3602	79.98
3603	79.98
3604	79.98
3605	79.98
3606	79.98
3607	79.98
3608	79.98
3609	79.98
3610	79.98
3611	79.98
3612	79.98
3613	79.98
3614	79.98
3615	79.98
3616	79.98
3617	79.98
3618	79.98
3619	79.98
3620	79.98
3621	79.98
3622	79.98
3623	79.98
3624	79.98
3625	79.98
3626	79.98
3627	79.98
3628	79.98
3629	79.98
3630	79.98
3631	79.98
3632	79.98
3633	79.98
3634	79.98
3635	79.98
3636	79.98
3637	79.98
3638	79.98
3639	79.98
3640	79.98
3641	79.98
3642	79.98
3643	79.98
3644	79.98
3645	79.98
3646	79.98
3647	79.98
3648	79.98
3649	79.98
3650	79.98
3651	79.98
3652	79.98
3653	79.98
3654	79.98
3655	79.98
3656	79.98
3657	79.98
3658	79.98
3659	79.98
3660	79.98
3661	79.98
3662	79.98
3663	79.98
3664	79.98
3665	79.98
3666	79.98
3667	79.98
3668	79.98
3669	79.98
3670	79.98
3671	79.98
3672	79.98
3673	79.98
3674	79.98
3675	79.98
3676	79.98
3677	79.98
3678	79.98
3679	79.98
3680	79.98
3681	79.98
3682	79.98
3683	79.98
3684	79.98
3685	79.98
3686	79.98
3687	79.98
3688	79.98
3689	79.98
3690	79.98
3691	79.98
3692	79.98
3693	79.98
3694	79.98
3695	79.98
3696	79.98
3697	79.98
3698	79.98
3699	79.98
3700	79.98
3701	79.98
3702	79.98
3703	79.98
3704	79.98
3705	79.98
3706	79.98
3707	79.98
3708	79.98
3709	79.98
3710	79.98
3711	79.98
3712	79.98
3713	79.98
3714	79.98
3715	79.98
3716	79.98
3717	79.98
3718	79.98
3719	79.98
3720	79.98
3721	79.98
3722	79.98
3723	79.98
3724	79.98
3725	79.98
3726	79.98
3727	79.98
3728	79.98
3729	79.98
3730	79.98
3731	79.98
3732	79.98
3733	79.98
3734	79.98
3735	79.98
3736	79.98
3737	79.98
3738	79.98
3739	79.98
3740	79.98
3741	79.98
3742	79.98
3743	79.98
3744	79.98
3745	79.98
3746	79.98
3747	79.98
3748	79.98
3749	79.98
3750	79.98
3751	79.98
3752	79.98
3753	79.98
3754	79.98
3755	79.98
3756	79.98
3757	79.98
3758	79.98
3759	79.98
3760	79.98
3761	79.98
3762	79.98
3763	79.98
3764	79.98
3765	79.98
3766	79.98
3767	79.98
3768	79.98
3769	79.98
3770	79.98
3771	79.98
3772	79.98
3773	79.98
3774	79.98
3775	79.98
3776	79.98
3777	79.98
3778	79.98
3779	79.98
3780	79.98
3781	79.98
3782	79.98
3783	79.98
3784	79.98
3785	79.98
3786	79.98
3787	79.98
3788	79.98
3789	79.98
3790	79.98
3791	79.98
3792	79.98
3793	79.98
3794	79.98
3795	79.98
3796	79.98
3797	79.98
3798	79.98
3799	79.98
3800	79.98
3801	79.98
3802	79.98
3803	79.98
3804	79.98
3805	79.98
3806	79.98
3807	79.98
3808	79.98
3809	79.98
3810	79.98
3811	79.98
3812	79.98
3813	79.98
3814	79.98
3815	79.98
3816	79.98
3817	79.98
3818	79.98
3819	79.98
3820	79.98
3821	79.98
3822	79.98
3823	79.98
3824	79.98
3825	79.98
3826	79.98
3827	79.98
3828	79.98
3829	79.98
3830	79.98
3831	79.98
3832	79.98
3833	79.98
3834	79.98
3835	79.98
3836	79.98
3837	79.98
3838	79.98
3839	79.98
3840	79.98
3841	79.98
3842	79.98
3843	79.98
3844	79.98
3845	79.98
3846	79.98
3847	79.98
3848	79.98
3849	79.98
3850	79.98
3851	79.98
3852	79.98
3853	79.98
3854	79.98
3855	79.98
3856	79.98
3857	79.98
3858	79.98
3859	79.98
3860	79.98
3861	79.98
3862	79.98
3863	79.98
3864	79.98
3865	79.98
3866	79.98
3867	79.98
3868	79.98
3869	79.98
3870	79.98
3871	79.98
3872	79.98
3873	79.98
3874	79.98
3875	79.98
3876	79.98
3877	79.98
3878	79.98
3879	79.98
3880	79.98
3881	79.98
3882	79.98
3883	79.98
3884	79.98
3885	79.98
3886	79.98
3887	79.98
3888	79.98
3889	79.98
3890	79.98
3891	79.98
3892	79.98
3893	79.98
3894	79.98
3895	79.98
3896	79.98
3897	79.98
3898	79.98
3899	79.98
3900	79.98
3901	79.98
3902	79.98
3903	79.98
3904	79.98
3905	79.98
3906	79.98
3907	79.98
3908	79.98
3909	79.98
3910	79.98
3911	79.98
3912	79.98
3913	79.98
3914	79.98
3915	79.98
3916	79.98
3917	79.98
3918	79.98
3919	79.98
3920	79.98
3921	79.98
3922	79.98
3923	79.98
3924	79.98
3925	79.98
3926	79.98
3927	79.98
3928	79.98
3929	79.98
3930	79.98
3931	79.98
3932	79.98
3933	79.98
3934	79.98
3935	79.98
3936	79.98
3937	79.98
3938	79.98
3939	79.98
3940	79.98
3941	79.98
3942	79.98
3943	79.98
3944	79.98
3945	79.98
3946	79.98
3947	79.98
3948	79.98
3949	79.98
3950	79.98
3951	79.98
3952	79.98
3953	79.98
3954	79.98
3955	79.98
3956	79.98
3957	79.98
3958	79.98
3959	79.98
3960	79.98
3961	79.98
3962	79.98
3963	79.98
3964	79.98
3965	79.98
3966	79.98
3967	79.98
3968	79.98
3969	79.98
3970	79.98
3971	79.98
3972	79.98
3973	79.98
3974	79.98
3975	79.98
3976	79.98
3977	79.98
3978	79.98
3979	79.98
3980	79.98
3981	79.98
3982	79.98
3983	79.98
3984	79.98
3985	79.98
3986	79.98
3987	79.98
3988	79.98
3989	79.98
3990	79.98
3991	79.98
3992	79.98
3993	79.98
3994	79.98
3995	79.98
3996	79.98
3997	79.98
3998	79.98
3999	79.98
4000	79.98
4001	79.98
4002	79.98
4003	79.98
4004	79.98
4005	79.98
4006	79.98
4007	79.98
4008	79.98
4009	79.98
4010	79.98
4011	79.98
4012	79.98
4013	79.98
4014	79.98
4015	79.98
4016	79.98
4017	79.98
4018	79.98
4019	79.98
4020	79.98
4021	79.98
4022	79.98
4023	79.98
4024	79.98
4025	79.98
4026	79.98
4027	79.98
4028	79.98
4029	79.98
4030	79.98
4031	79.98
4032	79.98
4033	79.98
4034	79.98
4035	79.98
4036	79.98
4037	79.98
4038	79.98
4039	79.98
4040	79.98
4041	79.98
4042	79.98
4043	79.98
4044	79.98
4045	79.98
4046	79.98
4047	79.98
4048	79.98
4049	79.98
4050	79.98
4051	79.98
4052	79.98
4053	79.98
4054	79.98
4055	79.98
4056	79.98
4057	79.98
4058	79.98
4059	79.98
4060	79.98
4061	79.98
4062	79.98
4063	79.98
4064	79.98
4065	79.98
4066	79.98
4067	79.98
4068	79.98
4069	79.98
4070	79.98
4071	79.98
4072	79.98
4073	79.98
4074	79.98
4075	79.98
4076	79.98
4077	79.98
4078	79.98
4079	79.98
4080	79.98
4081	79.98
4082	79.98
4083	79.98
4084	79.98
4085	79.98
4086	79.98
4087	79.98
4088	79.98
4089	79.98
4090	79.98
4091	79.98
4092	79.98
4093	79.98
4094	79.98
4095	79.98
4096	79.98
4097	79.98
4098	79.98
4099	79.98
4100	79.98
4101	79.98
4102	79.98
4103	79.98
4104	79.98
4105	79.98
4106	79.98
4107	79.98
4108	79.98
4109	79.98
4110	79.98
4111	79.98
4112	79.98
4113	79.98
4114	79.98
4115	79.98
4116	79.98
4117	79.98
4118	79.98
4119	79.98
4120	79.98
4121	79.98
4122	79.98
4123	79.98
4124	79.98
4125	79.98
4126	79.98
4127	79.98
4128	79.98
4129	79.98
4130	79.98
4131	79.98
4132	79.98
4133	79.98
4134	79.98
4135	79.98
4136	79.98
4137	79.98
4138	79.98
4139	79.98
4140	79.98
4141	79.98
4142	79.98
4143	79.98
4144	79.98
4145	79.98
4146	79.98
4147	79.98
4148	79.98
4149	79.98
4150	79.98
4151	79.98
4152	79.98
4153	79.98
4154	79.98
4155	79.98
4156	79.98
4157	79.98
4158	79.98
4159	79.98
4160	79.98
4161	79.98
4162	79.98
4163	79.98
4164	79.98
4165	79.98
4166	79.98
4167	79.98
4168	79.98
4169	79.98
4170	79.98
4171	79.98
4172	79.98
4173	79.98
4174	79.98
4175	79.98
4176	79.98
4177	79.98
4178	79.98
4179	79.98
4180	79.98
4181	79.98
4182	79.98
4183	79.98
4184	79.98
4185	79.98
4186	79.98
4187	79.98
4188	79.98
4189	79.98
4190	79.98
4191	79.98
4192	79.98
4193	79.98
4194	79.98
4195	79.98
4196	79.98
4197	79.98
4198	79.98
4199	79.98
4200	79.98
4201	79.98
4202	79.98
4203	79.98
4204	79.98
4205	79.98
4206	79.98
4207	79.98
4208	79.98
4209	79.98
4210	79.98
4211	79.98
4212	79.98
4213	79.98
4214	79.98
4215	79.98
4216	79.98
4217	79.98
4218	79.98
4219	79.98
4220	79.98
4221	79.98
4222	79.98
4223	79.98
4224	79.98
4225	79.98
4226	79.98
4227	79.98
4228	79.98
4229	79.98
4230	79.98
4231	79.98
4232	79.98
4233	79.98
4234	79.98
4235	79.98
4236	79.98
4237	79.98
4238	79.98
4239	79.98
4240	79.98
4241	79.98
4242	79.98
4243	79.98
4244	79.98
4245	79.98
4246	79.98
4247	79.98
4248	79.98
4249	79.98
4250	79.98
4251	79.98
4252	79.98
4253	79.98
4254	79.98
4255	79.98
4256	79.98
4257	79.98
4258	79.98
4259	79.98
4260	79.98
4261	79.98
4262	79.98
4263	79.98
4264	79.98
4265	79.98
4266	79.98
4267	79.98
4268	79.98
4269	79.98
4270	79.98
4271	79.98
4272	79.98
4273	79.98
4274	79.98
4275	79.98
4276	79.98
4277	79.98
4278	79.98
4279	79.98
4280	79.98
4281	79.98
4282	79.98
4283	79.98
4284	79.98
4285	79.98
4286	79.98
4287	79.98
4288	79.98
4289	79.98
4290	79.98
4291	79.98
4292	79.98
4293	79.98
4294	79.98
4295	79.98
4296	79.98
4297	79.98
4298	79.98
4299	79.98
4300	79.98
4301	79.98
4302	79.98
4303	79.98
4304	79.98
4305	79.98
4306	79.98
4307	79.98
4308	79.98
4309	79.98
4310	79.98
4311	79.98
4312	79.98
4313	79.98
4314	79.98
4315	79.98
4316	79.98
4317	79.98
4318	79.98
4319	79.98
4320	79.98
4321	79.98
4322	79.98
4323	79.98
4324	79.98
4325	79.98
4326	79.98
4327	79.98
4328	79.98
4329	79.98
4330	79.98
4331	79.98
4332	79.98
4333	79.98
4334	79.98
4335	79.98
4336	79.98
4337	79.98
4338	79.98
4339	79.98
4340	79.98
4341	79.98
4342	79.98
4343	79.98
4344	79.98
4345	79.98
4346	79.98
4347	79.98
4348	79.98
4349	79.98
4350	79.98
4351	79.98
4352	79.98
4353	79.98
4354	79.98
4355	79.98
4356	79.98
4357	79.98
4358	79.98
4359	79.98
4360	79.98
4361	79.98
4362	79.98
4363	79.98
4364	79.98
4365	79.98
4366	79.98
4367	79.98
4368	79.98
4369	79.98
4370	79.98
4371	79.98
4372	79.98
4373	79.98
4374	79.98
4375	79.98
4376	79.98
4377	79.98
4378	79.98
4379	79.98
4380	79.98
4381	79.98
4382	79.98
4383	79.98
4384	79.98
4385	79.98
4386	79.98
4387	79.98
4388	79.98
4389	79.98
4390	79.98
4391	79.98
4392	79.98
4393	79.98
4394	79.98
4395	79.98
4396	79.98
4397	79.98
4398	79.98
4399	79.98
4400	79.98
4401	79.98
4402	79.98
4403	79.98
4404	79.98
4405	79.98
4406	79.98
4407	79.98
4408	79.98
4409	79.98
4410	79.98
4411	79.98
4412	79.98
4413	79.98
4414	79.98
4415	79.98
4416	79.98
4417	79.98
4418	79.98
4419	79.98
4420	79.98
4421	79.98
4422	79.98
4423	79.98
4424	79.98
4425	79.98
4426	79.98
4427	79.98
4428	79.98
4429	79.98
4430	79.98
4431	79.98
4432	79.98
4433	79.98
4434	79.98
4435	79.98
4436	79.98
4437	79.98
4438	79.98
4439	79.98
4440	79.98
4441	79.98
4442	79.98
4443	79.98
4444	79.98
4445	79.98
4446	79.98
4447	79.98
4448	79.98
4449	79.98
4450	79.98
4451	79.98
4452	79.98
4453	79.98
4454	79.98
4455	79.98
4456	79.98
4457	79.98
4458	79.98
4459	79.98
4460	79.98
4461	79.98
4462	79.98
4463	79.98
4464	79.98
4465	79.98
4466	79.98
4467	79.98
4468	79.98
4469	79.98
4470	79.98
4471	79.98
4472	79.98
4473	79.98
4474	79.98
4475	79.98
4476	79.98
4477	79.98
4478	79.98
4479	79.98
4480	79.98
4481	79.98
4482	79.98
4483	79.98
4484	79.98
4485	79.98
4486	79.98
4487	79.98
4488	79.98
4489	79.98
4490	79.98
4491	79.98
4492	79.98
4493	79.98
4494	79.98
4495	79.98
4496	79.98
4497	79.98
4498	79.98
4499	79.98
4500	79.98
4501	79.98
4502	79.98
4503	79.98
4504	79.98
4505	79.98
4506	79.98
4507	79.98
4508	79.98
4509	79.98
4510	79.98
4511	79.98
4512	79.98
4513	79.98
4514	79.98
4515	79.98
4516	79.98
4517	79.98
4518	79.98
4519	79.98
4520	79.98
4521	79.98
4522	79.98
4523	79.98
4524	79.98
4525	79.98
4526	79.98
4527	79.98
4528	79.98
4529	79.98
4530	79.98
4531	79.98
4532	79.98
4533	79.98
4534	79.98
4535	79.98
4536	79.98
4537	79.98
4538	79.98
4539	79.98
4540	79.98
4541	79.98
4542	79.98
4543	79.98
4544	79.98
4545	79.98
4546	79.98
4547	79.98
4548	79.98
4549	79.98
4550	79.98
4551	79.98
4552	79.98
4553	79.98
4554	79.98
4555	79.98
4556	79.98
4557	79.98
4558	79.98
4559	79.98
4560	79.98
4561	79.98
4562	79.98
4563	79.98
4564	79.98
4565	79.98
4566	79.98
4567	79.98
4568	79.98
4569	79.98
4570	79.98
4571	79.98
4572	79.98
4573	79.98
4574	79.98
4575	79.98
4576	79.98
4577	79.98
4578	79.98
4579	79.98
4580	79.98
4581	79.98
4582	79.98
4583	79.98
4584	79.98
4585	79.98
4586	79.98
4587	79.98
4588	79.98
4589	79.98
4590	79.98
4591	79.98
4592	79.98
4593	79.98
4594	79.98
4595	79.98
4596	79.98
4597	79.98
4598	79.98
4599	79.98
4600	79.98
4601	79.98
4602	79.98
4603	79.98
4604	79.98
4605	79.98
4606	79.98
4607	79.98
4608	79.98
4609	79.98
4610	79.98
4611	79.98
4612	79.98
4613	79.98
4614	79.98
4615	79.98
4616	79.98
4617	79.98
4618	79.98
4619	79.98
4620	79.98
4621	79.98
4622	79.98
4623	79.98
4624	79.98
4625	79.98
4626	79.98
4627	79.98
4628	79.98
4629	79.98
4630	79.98
4631	79.98
4632	79.98
4633	79.98
4634	79.98
4635	79.98
4636	79.98
4637	79.98
4638	79.98
4639	79.98
4640	79.98
4641	79.98
4642	79.98
4643	79.98
4644	79.98
4645	79.98
4646	79.98
4647	79.98
4648	79.98
4649	79.98
4650	79.98
4651	79.98
4652	79.98
4653	79.98
4654	79.98
4655	79.98
4656	79.98
4657	79.98
4658	79.98
4659	79.98
4660	79.98
4661	79.98
4662	79.98
4663	79.98
4664	79.98
4665	79.98
4666	79.98
4667	79.98
4668	79.98
4669	79.98
4670	79.98
4671	79.98
4672	79.98
4673	79.98
4674	79.98
4675	79.98
4676	79.98
4677	79.98
4678	79.98
4679	79.98
4680	79.98
4681	79.98
4682	79.98
4683	79.98
4684	79.98
4685	79.98
4686	79.98
4687	79.98
4688	79.98
4689	79.98
4690	79.98
4691	79.98
4692	79.98
4693	79.98
4694	79.98
4695	79.98
4696	79.98
4697	79.98
4698	79.98
4699	79.98
4700	79.98
4701	79.98
4702	79.98
4703	79.98
4704	79.98
4705	79.98
4706	79.98
4707	79.98
4708	79.98
4709	79.98
4710	79.98
4711	79.98
4712	79.98
4713	79.98
4714	79.98
4715	79.98
4716	79.98
4717	79.98
4718	79.98
4719	79.98
4720	79.98
4721	79.98
4722	79.98
4723	79.98
4724	79.98
4725	79.98
4726	79.98
4727	79.98
4728	79.98
4729	79.98
4730	79.98
4731	79.98
4732	79.98
4733	79.98
4734	79.98
4735	79.98
4736	79.98
4737	79.98
4738	79.98
4739	79.98
4740	79.98
4741	79.98
4742	79.98
4743	79.98
4744	79.98
4745	79.98
4746	79.98
4747	79.98
4748	79.98
4749	79.98
4750	79.98
4751	79.98
4752	79.98
4753	79.98
4754	79.98
4755	79.98
4756	79.98
4757	79.98
4758	79.98
4759	79.98
4760	79.98
4761	79.98
4762	79.98
4763	79.98
4764	79.98
4765	79.98
4766	79.98
4767	79.98
4768	79.98
4769	79.98
4770	79.98
4771	79.98
4772	79.98
4773	79.98
4774	79.98
4775	79.98
4776	79.98
4777	79.98
4778	79.98
4779	79.98
4780	79.98
4781	79.98
4782	79.98
4783	79.98
4784	79.98
4785	79.98
4786	79.98
4787	79.98
4788	79.98
4789	79.98
4790	79.98
4791	79.98
4792	79.98
4793	79.98
4794	79.98
4795	79.98
4796	79.98
4797	79.98
4798	79.98
4799	79.98
4800	79.98
4801	79.98
4802	79.98
4803	79.98
4804	79.98
4805	79.98
4806	79.98
4807	79.98
4808	79.98
4809	79.98
4810	79.98
4811	79.98
4812	79.98
4813	79.98
4814	79.98
4815	79.98
4816	79.98
4817	79.98
4818	79.98
4819	79.98
4820	79.98
4821	79.98
4822	79.98
4823	79.98
4824	79.98
4825	79.98
4826	79.98
4827	79.98
4828	79.98
4829	79.98
4830	79.98
4831	79.98
4832	79.98
4833	79.98
4834	79.98
4835	79.98
4836	79.98
4837	79.98
4838	79.98
4839	79.98
4840	79.98
4841	79.98
4842	79.98
4843	79.98
4844	79.98
4845	79.98
4846	79.98
4847	79.98
4848	79.98
4849	79.98
4850	79.98
4851	79.98
4852	79.98
4853	79.98
4854	79.98
4855	79.98
4856	79.98
4857	79.98
4858	79.98
4859	79.98
4860	79.98
4861	79.98
4862	79.98
4863	79.98
4864	79.98
4865	79.98
4866	79.98
4867	79.98
4868	79.98
4869	79.98
4870	79.98
4871	79.98
4872	79.98
4873	79.98
4874	79.98
4875	79.98
4876	79.98
4877	79.98
4878	79.98
4879	79.98
4880	79.98
4881	79.98
4882	79.98
4883	79.98
4884	79.98
4885	79.98
4886	79.98
4887	79.98
4888	79.98
4889	79.98
4890	79.98
4891	79.98
4892	79.98
4893	79.98
4894	79.98
4895	79.98
4896	79.98
4897	79.98
4898	79.98
4899	79.98
4900	79.98
4901	79.98
4902	79.98
4903	79.98
4904	79.98
4905	79.98
4906	79.98
4907	79.98
4908	79.98
4909	79.98
4910	79.98
4911	79.98
4912	79.98
4913	79.98
4914	79.98
4915	79.98
4916	79.98
4917	79.98
4918	79.98
4919	79.98
4920	79.98
4921	79.98
4922	79.98
4923	79.98
4924	79.98
4925	79.98
4926	79.98
4927	79.98
4928	79.98
4929	79.98
4930	79.98
4931	79.98
4932	79.98
4933	79.98
4934	79.98
4935	79.98
4936	79.98
4937	79.98
4938	79.98
4939	79.98
4940	79.98
4941	79.98
4942	79.98
4943	79.98
4944	79.98
4945	79.98
4946	79.98
4947	79.98
4948	79.98
4949	79.98
4950	79.98
4951	79.98
4952	79.98
4953	79.98
4954	79.98
4955	79.98
4956	79.98
4957	79.98
4958	79.98
4959	79.98
4960	79.98
4961	79.98
4962	79.98
4963	79.98
4964	79.98
4965	79.98
4966	79.98
4967	79.98
4968	79.98
4969	79.98
4970	79.98
4971	79.98
4972	79.98
4973	79.98
4974	79.98
4975	79.98
4976	79.98
4977	79.98
4978	79.98
4979	79.98
4980	79.98
4981	79.98
4982	79.98
4983	79.98
4984	79.98
4985	79.98
4986	79.98
4987	79.98
4988	79.98
4989	79.98
4990	79.98
4991	79.98
4992	79.98
4993	79.98
4994	79.98
4995	79.98
4996	79.98
4997	79.98
4998	79.98
4999	79.98
5000	79.98
5001	79.98
5002	79.98
5003	79.98
5004	79.98
5005	79.98
5006	79.98
5007	79.98
5008	79.98
5009	79.98
5010	79.98
5011	79.98
5012	79.98
5013	79.98
5014	79.98
5015	79.98
5016	79.98
5017	79.98
5018	79.98
5019	79.98
5020	79.98
5021	79.98
5022	79.98
5023	79.98
5024	79.98
5025	79.98
5026	79.98
5027	79.98
5028	79.98
5029	79.98
5030	79.98
5031	79.98
5032	79.98
5033	79.98
5034	79.98
5035	79.98
5036	79.98
5037	79.98
5038	79.98
5039	79.98
5040	79.98
5041	79.98
5042	79.98
5043	79.98
5044	79.98
5045	79.98
5046	79.98
5047	79.98
5048	79.98
5049	79.98
5050	79.98
5051	79.98
5052	79.98
5053	79.98
5054	79.98
5055	79.98
5056	79.98
5057	79.98
5058	79.98
5059	79.98
5060	79.98
5061	79.98
5062	79.98
5063	79.98
5064	79.98
5065	79.98
5066	79.98
5067	79.98
5068	79.98
5069	79.98
5070	79.98
5071	79.98
5072	79.98
5073	79.98
5074	79.98
5075	79.98
5076	79.98
5077	79.98
5078	79.98
5079	79.98
5080	79.98
5081	79.98
5082	79.98
5083	79.98
5084	79.98
5085	79.98
5086	79.98
5087	79.98
5088	79.98
5089	79.98
5090	79.98
5091	79.98
5092	79.98
5093	79.98
5094	79.98
5095	79.98
5096	79.98
5097	79.98
5098	79.98
5099	79.98
5100	79.98
5101	79.98
5102	79.98
5103	79.98
5104	79.98
5105	79.98
5106	79.98
5107	79.98
5108	79.98
5109	79.98
5110	79.98
5111	79.98
5112	79.98
5113	79.98
5114	79.98
5115	79.98
5116	79.98
5117	79.98
5118	79.98
5119	79.98
5120	79.98
5121	79.98
5122	79.98
5123	79.98
5124	79.98
5125	79.98
5126	79.98
5127	79.98
5128	79.98
5129	79.98
5130	79.98
5131	79.98
5132	79.98
5133	79.98
5134	79.98
5135	79.98
5136	79.98
5137	79.98
5138	79.98
5139	79.98
5140	79.98
5141	79.98
5142	79.98
5143	79.98
5144	79.98
5145	79.98
5146	79.98
5147	79.98
5148	79.98
5149	79.98
5150	79.98
5151	79.98
5152	79.98
5153	79.98
5154	79.98
5155	79.98
5156	79.98
5157	79.98
5158	79.98
5159	79.98
5160	79.98
5161	79.98
5162	79.98
5163	79.98
5164	79.98
5165	79.98
5166	79.98
5167	79.98
5168	79.98
5169	79.98
5170	79.98
5171	79.98
5172	79.98
5173	79.98
5174	79.98
5175	79.98
5176	79.98
5177	79.98
5178	79.98
5179	79.98
5180	79.98
5181	79.98
5182	79.98
5183	79.98
5184	79.98
5185	79.98
5186	79.98
5187	79.98
5188	79.98
5189	79.98
5190	79.98
5191	79.98
5192	79.98
5193	79.98
5194	79.98
5195	79.98
5196	79.98
5197	79.98
5198	79.98
5199	79.98
5200	79.98
5201	79.98
5202	79.98
5203	79.98
5204	79.98
5205	79.98
5206	79.98
5207	79.98
5208	79.98
5209	79.98
5210	79.98
5211	79.98
5212	79.98
5213	79.98
5214	79.98
5215	79.98
5216	79.98
5217	79.98
5218	79.98
5219	79.98
5220	79.98
5221	79.98
5222	79.98
5223	79.98
5224	79.98
5225	79.98
5226	79.98
5227	79.98
5228	79.98
5229	79.98
5230	79.98
5231	79.98
5232	79.98
5233	79.98
5234	79.98
5235	79.98
5236	79.98
5237	79.98
5238	79.98
5239	79.98
5240	79.98
5241	79.98
5242	79.98
5243	79.98
5244	79.98
5245	79.98
5246	79.98
5247	79.98
5248	79.98
5249	79.98
5250	79.98
5251	79.98
5252	79.98
5253	79.98
5254	79.98
5255	79.98
5256	79.98
5257	79.98
5258	79.98
5259	79.98
5260	79.98
5261	79.98
5262	79.98
5263	79.98
5264	79.98
5265	79.98
5266	79.98
5267	79.98
5268	79.98
5269	79.98
5270	79.98
5271	79.98
5272	79.98
5273	79.98
5274	79.98
5275	79.98
5276	79.98
5277	79.98
5278	79.98
5279	79.98
5280	79.98
5281	79.98
5282	79.98
5283	79.98
5284	79.98
5285	79.98
5286	79.98
5287	79.98
5288	79.98
5289	79.98
5290	79.98
5291	79.98
5292	79.98
5293	79.98
5294	79.98
5295	79.98
5296	79.98
5297	79.98
5298	79.98
5299	79.98
5300	79.98
5301	79.98
5302	79.98
5303	79.98
5304	79.98
5305	79.98
5306	79.98
5307	79.98
5308	79.98
5309	79.98
5310	79.98
5311	79.98
5312	79.98
5313	79.98
5314	79.98
5315	79.98
5316	79.98
5317	79.98
5318	79.98
5319	79.98
5320	79.98
5321	79.98
5322	79.98
5323	79.98
5324	79.98
5325	79.98
5326	79.98
5327	79.98
5328	79.98
5329	79.98
5330	79.98
5331	79.98
5332	79.98
5333	79.98
5334	79.98
5335	79.98
5336	79.98
5337	79.98
5338	79.98
5339	79.98
5340	79.98
5341	79.98
5342	79.98
5343	79.98
5344	79.98
5345	79.98
5346	79.98
5347	79.98
5348	79.98
5349	79.98
5350	79.98
5351	79.98
5352	79.98
5353	79.98
5354	79.98
5355	79.98
5356	79.98
5357	79.98
5358	79.98
5359	79.98
5360	79.98
5361	79.98
5362	79.98
5363	79.98
5364	79.98
5365	79.98
5366	79.98
5367	79.98
5368	79.98
5369	79.98
5370	79.98
5371	79.98
5372	79.98
5373	79.98
5374	79.98
5375	79.98
5376	79.98
5377	79.98
5378	79.98
5379	79.98
5380	79.98
5381	79.98
5382	79.98
5383	79.98
5384	79.98
5385	79.98
5386	79.98
5387	79.98
5388	79.98
5389	79.98
5390	79.98
5391	79.98
5392	79.98
5393	79.98
5394	79.98
5395	79.98
5396	79.98
5397	79.98
5398	79.98
5399	79.98
5400	79.98
5401	79.98
5402	79.98
5403	79.98
5404	79.98
5405	79.98
5406	79.98
5407	79.98
5408	79.98
5409	79.98
5410	79.98
5411	79.98
5412	79.98
5413	79.98
5414	79.98
5415	79.98
5416	79.98
5417	79.98
5418	79.98
5419	79.98
5420	79.98
5421	79.98
5422	79.98
5423	79.98
5424	79.98
5425	79.98
5426	79.98
5427	79.98
5428	79.98
5429	79.98
5430	79.98
5431	79.98
5432	79.98
5433	79.98
5434	79.98
5435	79.98
5436	79.98
5437	79.98
5438	79.98
5439	79.98
5440	79.98
5441	79.98
5442	79.98
5443	79.98
5444	79.98
5445	79.98
5446	79.98
5447	79.98
5448	79.98
5449	79.98
5450	79.98
5451	79.98
5452	79.98
5453	79.98
5454	79.98
5455	79.98
5456	79.98
5457	79.98
5458	79.98
5459	79.98
5460	79.98
5461	79.98
5462	79.98
5463	79.98
5464	79.98
5465	79.98
5466	79.98
5467	79.98
5468	79.98
5469	79.98
5470	79.98
5471	79.98
5472	79.98
5473	79.98
5474	79.98
5475	79.98
5476	79.98
5477	79.98
5478	79.98
5479	79.98
5480	79.98
5481	79.98
5482	79.98
5483	79.98
5484	79.98
5485	79.98
5486	79.98
5487	79.98
5488	79.98
5489	79.98
5490	79.98
5491	79.98
5492	79.98
5493	79.98
5494	79.98
5495	79.98
5496	79.98
5497	79.98
5498	79.98
5499	79.98
5500	79.98
5501	79.98
5502	79.98
5503	79.98
5504	79.98
5505	79.98
5506	79.98
5507	79.98
5508	79.98
5509	79.98
5510	79.98
5511	79.98
5512	79.98
5513	79.98
5514	79.98
5515	79.98
5516	79.98
5517	79.98
5518	79.98
5519	79.98
5520	79.98
5521	79.98
5522	79.98
5523	79.98
5524	79.98
5525	79.98
5526	79.98
5527	79.98
5528	79.98
5529	79.98
5530	79.98
5531	79.98
5532	79.98
5533	79.98
5534	79.98
5535	79.98
5536	79.98
5537	79.98
5538	79.98
5539	79.98
5540	79.98
5541	79.98
5542	79.98
5543	79.98
5544	79.98
5545	79.98
5546	79.98
5547	79.98
5548	79.98
5549	79.98
5550	79.98
5551	79.98
5552	79.98
5553	79.98
5554	79.98
5555	79.98
5556	79.98
5557	79.98
5558	79.98
5559	79.98
5560	79.98
5561	79.98
5562	79.98
5563	79.98
5564	79.98
5565	79.98
5566	79.98
5567	79.98
5568	79.98
5569	79.98
5570	79.98
5571	79.98
5572	79.98
5573	79.98
5574	79.98
5575	79.98
5576	79.98
5577	79.98
5578	79.98
5579	79.98
5580	79.98
5581	79.98
5582	79.98
5583	79.98
5584	79.98
5585	79.98
5586	79.98
5587	79.98
5588	79.98
5589	79.98
5590	79.98
5591	79.98
5592	79.98
5593	79.98
5594	79.98
5595	79.98
5596	79.98
5597	79.98
5598	79.98
5599	79.98
5600	79.98
5601	79.98
5602	79.98
5603	79.98
5604	79.98
5605	79.98
5606	79.98
5607	79.98
5608	79.98
5609	79.98
5610	79.98
5611	79.98
5612	79.98
5613	79.98
5614	79.98
5615	79.98
5616	79.98
5617	79.98
5618	79.98
5619	79.98
5620	79.98
5621	79.98
5622	79.98
5623	79.98
5624	79.98
5625	79.98
5626	79.98
5627	79.98
5628	79.98
5629	79.98
5630	79.98
5631	79.98
5632	79.98
5633	79.98
5634	79.98
5635	79.98
5636	79.98
5637	79.98
5638	79.98
5639	79.98
5640	79.98
5641	79.98
5642	79.98
5643	79.98
5644	79.98
5645	79.98
5646	79.98
5647	79.98
5648	79.98
5649	79.98
5650	79.98
5651	79.98
5652	79.98
5653	79.98
5654	79.98
5655	79.98
5656	79.98
5657	79.98
5658	79.98
5659	79.98
5660	79.98
5661	79.98
5662	79.98
5663	79.98
5664	79.98
5665	79.98
5666	79.98
5667	79.98
5668	79.98
5669	79.98
5670	79.98
5671	79.98
5672	79.98
5673	79.98
5674	79.98
5675	79.98
5676	79.98
5677	79.98
5678	79.98
5679	79.98
5680	79.98
5681	79.98
5682	79.98
5683	79.98
5684	79.98
5685	79.98
5686	79.98
5687	79.98
5688	79.98
5689	79.98
5690	79.98
5691	79.98
5692	79.98
5693	79.98
5694	79.98
5695	79.98
5696	79.98
5697	79.98
5698	79.98
5699	79.98
5700	79.98
5701	79.98
5702	79.98
5703	79.98
5704	79.98
5705	79.98
5706	79.98
5707	79.98
5708	79.98
5709	79.98
5710	79.98
5711	79.98
5712	79.98
5713	79.98
5714	79.98
5715	79.98
5716	79.98
5717	79.98
5718	79.98
5719	79.98
5720	79.98
5721	79.98
5722	79.98
5723	79.98
5724	79.98
5725	79.98
5726	79.98
5727	79.98
5728	79.98
5729	79.98
5730	79.98
5731	79.98
5732	79.98
5733	79.98
5734	79.98
5735	79.98
5736	79.98
5737	79.98
5738	79.98
5739	79.98
5740	79.98
5741	79.98
5742	79.98
5743	79.98
5744	79.98
5745	79.98
5746	79.98
5747	79.98
5748	79.98
5749	79.98
5750	79.98
5751	79.98
5752	79.98
5753	79.98
5754	79.98
5755	79.98
5756	79.98
5757	79.98
5758	79.98
5759	79.98
5760	79.98
5761	79.98
5762	79.98
5763	79.98
5764	79.98
5765	79.98
5766	79.98
5767	79.98
5768	79.98
5769	79.98
5770	79.98
5771	79.98
5772	79.98
5773	79.98
5774	79.98
5775	79.98
5776	79.98
5777	79.98
5778	79.98
5779	79.98
5780	79.98
5781	79.98
5782	79.98
5783	79.98
5784	79.98
5785	79.98
5786	79.98
5787	79.98
5788	79.98
5789	79.98
5790	79.98
5791	79.98
5792	79.98
5793	79.98
5794	79.98
5795	79.98
5796	79.98
5797	79.98
5798	79.98
5799	79.98
5800	79.98
5801	79.98
5802	79.98
5803	79.98
5804	79.98
5805	79.98
5806	79.98
5807	79.98
5808	79.98
5809	79.98
5810	79.98
5811	79.98
5812	79.98
5813	79.98
5814	79.98
5815	79.98
5816	79.98
5817	79.98
5818	79.98
5819	79.98
5820	79.98
5821	79.98
5822	79.98
5823	79.98
5824	79.98
5825	79.98
5826	79.98
5827	79.98
5828	79.98
5829	79.98
5830	79.98
5831	79.98
5832	79.98
5833	79.98
5834	79.98
5835	79.98
5836	79.98
5837	79.98
5838	79.98
5839	79.98
5840	79.98
5841	79.98
5842	79.98
5843	79.98
5844	79.98
5845	79.98
5846	79.98
5847	79.98
5848	79.98
5849	79.98
5850	79.98
5851	79.98
5852	79.98
5853	79.98
5854	79.98
5855	79.98
5856	79.98
5857	79.98
5858	79.98
5859	79.98
5860	79.98
5861	79.98
5862	79.98
5863	79.98
5864	79.98
5865	79.98
5866	79.98
5867	79.98
5868	79.98
5869	79.98
5870	79.98
5871	79.98
5872	79.98
5873	79.98
5874	79.98
5875	79.98
5876	79.98
5877	79.98
5878	79.98
5879	79.98
5880	79.98
5881	79.98
5882	79.98
5883	79.98
5884	79.98
5885	79.98
5886	79.98
5887	79.98
5888	79.98
5889	79.98
5890	79.98
5891	79.98
5892	79.98
5893	79.98
5894	79.98
5895	79.98
5896	79.98
5897	79.98
5898	79.98
5899	79.98
5900	79.98
5901	79.98
5902	79.98
5903	79.98
5904	79.98
5905	79.98
5906	79.98
5907	79.98
5908	79.98
5909	79.98
5910	79.98
5911	79.98
5912	79.98
5913	79.98
5914	79.98
5915	79.98
5916	79.98
5917	79.98
5918	79.98
5919	79.98
5920	79.98
5921	79.98
5922	79.98
5923	79.98
5924	79.98
5925	79.98
5926	79.98
5927	79.98
5928	79.98
5929	79.98
5930	79.98
5931	79.98
5932	79.98
5933	79.98
5934	79.98
5935	79.98
5936	79.98
5937	79.98
5938	79.98
5939	79.98
5940	79.98
5941	79.98
5942	79.98
5943	79.98
5944	79.98
5945	79.98
5946	79.98
5947	79.98
5948	79.98
5949	79.98
5950	79.98
5951	79.98
5952	79.98
5953	79.98
5954	79.98
5955	79.98
5956	79.98
5957	79.98
5958	79.98
5959	79.98
5960	79.98
5961	79.98
5962	79.98
5963	79.98
5964	79.98
5965	79.98
5966	79.98
5967	79.98
5968	79.98
5969	79.98
5970	79.98
5971	79.98
5972	79.98
5973	79.98
5974	79.98
5975	79.98
5976	79.98
5977	79.98
5978	79.98
5979	79.98
5980	79.98
5981	79.98
5982	79.98
5983	79.98
5984	79.98
5985	79.98
5986	79.98
5987	79.98
5988	79.98
5989	79.98
5990	79.98
5991	79.98
5992	79.98
5993	79.98
5994	79.98
5995	79.98
5996	79.98
5997	79.98
5998	79.98
5999	79.98
6000	79.98
6001	79.98
6002	79.98
6003	79.98
6004	79.98
6005	79.98
6006	79.98
6007	79.98
6008	79.98
6009	79.98
6010	79.98
6011	79.98
6012	79.98
6013	79.98
6014	79.98
6015	79.98
6016	79.98
6017	79.98
6018	79.98
6019	79.98
6020	79.98
6021	79.98
6022	79.98
6023	79.98
6024	79.98
6025	79.98
6026	79.98
6027	79.98
6028	79.98
6029	79.98
6030	79.98
6031	79.98
6032	79.98
6033	79.98
6034	79.98
6035	79.98
6036	79.98
6037	79.98
6038	79.98
6039	79.98
6040	79.98
6041	79.98
6042	79.98
6043	79.98
6044	79.98
6045	79.98
6046	79.98
6047	79.98
6048	79.98
6049	79.98
6050	79.98
6051	79.98
6052	79.98
6053	79.98
6054	79.98
6055	79.98
6056	79.98
6057	79.98
6058	79.98
6059	79.98
6060	79.98
6061	79.98
6062	79.98
6063	79.98
6064	79.98
6065	79.98
6066	79.98
6067	79.98
6068	79.98
6069	79.98
6070	79.98
6071	79.98
6072	79.98
6073	79.98
6074	79.98
6075	79.98
6076	79.98
6077	79.98
6078	79.98
6079	79.98
6080	79.98
6081	79.98
6082	79.98
6083	79.98
6084	79.98
6085	79.98
6086	79.98
6087	79.98
6088	79.98
6089	79.98
6090	79.98
6091	79.98
6092	79.98
6093	79.98
6094	79.98
6095	79.98
6096	79.98
6097	79.98
6098	79.98
6099	79.98
6100	79.98
6101	79.98
6102	79.98
6103	79.98
6104	79.98
6105	79.98
6106	79.98
6107	79.98
6108	79.98
6109	79.98
6110	79.98
6111	79.98
6112	79.98
6113	79.98
6114	79.98
6115	79.98
6116	79.98
6117	79.98
6118	79.98
6119	79.98
6120	79.98
6121	79.98
6122	79.98
6123	79.98
6124	79.98
6125	79.98
6126	79.98
6127	79.98
6128	79.98
6129	79.98
6130	79.98
6131	79.98
6132	79.98
6133	79.98
6134	79.98
6135	79.98
6136	79.98
6137	79.98
6138	79.98
6139	79.98
6140	79.98
6141	79.98
6142	79.98
6143	79.98
6144	79.98
6145	79.98
6146	79.98
6147	79.98
6148	79.98
6149	79.98
6150	79.98
6151	79.98
6152	79.98
6153	79.98
6154	79.98
6155	79.98
6156	79.98
6157	79.98
6158	79.98
6159	79.98
6160	79.98
6161	79.98
6162	79.98
6163	79.98
6164	79.98
6165	79.98
6166	79.98
6167	79.98
6168	79.98
6169	79.98
6170	79.98
6171	79.98
6172	79.98
6173	79.98
6174	79.98
6175	79.98
6176	79.98
6177	79.98
6178	79.98
6179	79.98
6180	79.98
6181	79.98
6182	79.98
6183	79.98
6184	79.98
6185	79.98
6186	79.98
6187	79.98
6188	79.98
6189	79.98
6190	79.98
6191	79.98
6192	79.98
6193	79.98
6194	79.98
6195	79.98
6196	79.98
6197	79.98
6198	79.98
6199	79.98
6200	79.98
6201	79.98
6202	79.98
6203	79.98
6204	79.98
6205	79.98
6206	79.98
6207	79.98
6208	79.98
6209	79.98
6210	79.98
6211	79.98
6212	79.98
6213	79.98
6214	79.98
6215	79.98
6216	79.98
6217	79.98
6218	79.98
6219	79.98
6220	79.98
6221	79.98
6222	79.98
6223	79.98
6224	79.98
6225	79.98
6226	79.98
6227	79.98
6228	79.98
6229	79.98
6230	79.98
6231	79.98
6232	79.98
6233	79.98
6234	79.98
6235	79.98
6236	79.98
6237	79.98
6238	79.98
6239	79.98
6240	79.98
6241	79.98
6242	79.98
6243	79.98
6244	79.98
6245	79.98
6246	79.98
6247	79.98
6248	79.98
6249	79.98
6250	79.98
6251	79.98
6252	79.98
6253	79.98
6254	79.98
6255	79.98
6256	79.98
6257	79.98
6258	79.98
6259	79.98
6260	79.98
6261	79.98
6262	79.98
6263	79.98
6264	79.98
6265	79.98
6266	79.98
6267	79.98
6268	79.98
6269	79.98
6270	79.98
6271	79.98
6272	79.98
6273	79.98
6274	79.98
6275	79.98
6276	79.98
6277	79.98
6278	79.98
6279	79.98
6280	79.98
6281	79.98
6282	79.98
6283	79.98
6284	79.98
6285	79.98
6286	79.98
6287	79.98
6288	79.98
6289	79.98
6290	79.98
6291	79.98
6292	79.98
6293	79.98
6294	79.98
6295	79.98
6296	79.98
6297	79.98
6298	79.98
6299	79.98
6300	79.98
6301	79.98
6302	79.98
6303	79.98
6304	79.98
6305	79.98
6306	79.98
6307	79.98
6308	79.98
6309	79.98
6310	79.98
6311	79.98
6312	79.98
6313	79.98
6314	79.98
6315	79.98
6316	79.98
6317	79.98
6318	79.98
6319	79.98
6320	79.98
6321	79.98
6322	79.98
6323	79.98
6324	79.98
6325	79.98
6326	79.98
6327	79.98
6328	79.98
6329	79.98
6330	79.98
6331	79.98
6332	79.98
6333	79.98
6334	79.98
6335	79.98
6336	79.98
6337	79.98
6338	79.98
6339	79.98
6340	79.98
6341	79.98
6342	79.98
6343	79.98
6344	79.98
6345	79.98
6346	79.98
6347	79.98
6348	79.98
6349	79.98
6350	79.98
6351	79.98
6352	79.98
6353	79.98
6354	79.98
6355	79.98
6356	79.98
6357	79.98
6358	79.98
6359	79.98
6360	79.98
6361	79.98
6362	79.98
6363	79.98
6364	79.98
6365	79.98
6366	79.98
6367	79.98
6368	79.98
6369	79.98
6370	79.98
6371	79.98
6372	79.98
6373	79.98
6374	79.98
6375	79.98
6376	79.98
6377	79.98
6378	79.98
6379	79.98
6380	79.98
6381	79.98
6382	79.98
6383	79.98
6384	79.98
6385	79.98
6386	79.98
6387	79.98
6388	79.98
6389	79.98
6390	79.98
6391	79.98
6392	79.98
6393	79.98
6394	79.98
6395	79.98
6396	79.98
6397	79.98
6398	79.98
6399	79.98
6400	79.98
6401	79.98
6402	79.98
6403	79.98
6404	79.98
6405	79.98
6406	79.98
6407	79.98
6408	79.98
6409	79.98
6410	79.98
6411	79.98
6412	79.98
6413	79.98
6414	79.98
6415	79.98
6416	79.98
6417	79.98
6418	79.98
6419	79.98
6420	79.98
6421	79.98
6422	79.98
6423	79.98
6424	79.98
6425	79.98
6426	79.98
6427	79.98
6428	79.98
6429	79.98
6430	79.98
6431	79.98
6432	79.98
6433	79.98
6434	79.98
6435	79.98
6436	79.98
6437	79.98
6438	79.98
6439	79.98
6440	79.98
6441	79.98
6442	79.98
6443	79.98
6444	79.98
6445	79.98
6446	79.98
6447	79.98
6448	79.98
6449	79.98
6450	79.98
6451	79.98
6452	79.98
6453	79.98
6454	79.98
6455	79.98
6456	79.98
6457	79.98
6458	79.98
6459	79.98
6460	79.98
6461	79.98
6462	79.98
6463	79.98
6464	79.98
6465	79.98
6466	79.98
6467	79.98
6468	79.98
6469	79.98
6470	79.98
6471	79.98
6472	79.98
6473	79.98
6474	79.98
6475	79.98
6476	79.98
6477	79.98
6478	79.98
6479	79.98
6480	79.98
6481	79.98
6482	79.98
6483	79.98
6484	79.98
6485	79.98
6486	79.98
6487	79.98
6488	79.98
6489	79.98
6490	79.98
6491	79.98
6492	79.98
6493	79.98
6494	79.98
6495	79.98
6496	79.98
6497	79.98
6498	79.98
6499	79.98
6500	79.98
6501	79.98
6502	79.98
6503	79.98
6504	79.98
6505	79.98
6506	79.98
6507	79.98
6508	79.98
6509	79.98
6510	79.98
6511	79.98
6512	79.98
6513	79.98
6514	79.98
6515	79.98
6516	79.98
6517	79.98
6518	79.98
6519	79.98
6520	79.98
6521	79.98
6522	79.98
6523	79.98
6524	79.98
6525	79.98
6526	79.98
6527	79.98
6528	79.98
6529	79.98
6530	79.98
6531	79.98
6532	79.98
6533	79.98
6534	79.98
6535	79.98
6536	79.98
6537	79.98
6538	79.98
6539	79.98
6540	79.98
6541	79.98
6542	79.98
6543	79.98
6544	79.98
6545	79.98
6546	79.98
6547	79.98
6548	79.98
6549	79.98
6550	79.98
6551	79.98
6552	79.98
6553	79.98
6554	79.98
6555	79.98
6556	79.98
6557	79.98
6558	79.98
6559	79.98
6560	79.98
6561	79.98
6562	79.98
6563	79.98
6564	79.98
6565	79.98
6566	79.98
6567	79.98
6568	79.98
6569	79.98
6570	79.98
6571	79.98
6572	79.98
6573	79.98
6574	79.98
6575	79.98
6576	79.98
6577	79.98
6578	79.98
6579	79.98
6580	79.98
6581	79.98
6582	79.98
6583	79.98
6584	79.98
6585	79.98
6586	79.98
6587	79.98
6588	79.98
6589	79.98
6590	79.98
6591	79.98
6592	79.98
6593	79.98
6594	79.98
6595	79.98
6596	79.98
6597	79.98
6598	79.98
6599	79.98
6600	79.98
6601	79.98
6602	79.98
6603	79.98
6604	79.98
6605	79.98
6606	79.98
6607	79.98
6608	79.98
6609	79.98
6610	79.98
6611	79.98
6612	79.98
6613	79.98
6614	79.98
6615	79.98
6616	79.98
6617	79.98
6618	79.98
6619	79.98
6620	79.98
6621	79.98
6622	79.98
6623	79.98
6624	79.98
6625	79.98
6626	79.98
6627	79.98
6628	79.98
6629	79.98
6630	79.98
6631	79.98
6632	79.98
6633	79.98
6634	79.98
6635	79.98
6636	79.98
6637	79.98
6638	79.98
6639	79.98
6640	79.98
6641	79.98
6642	79.98
6643	79.98
6644	79.98
6645	79.98
6646	79.98
6647	79.98
6648	79.98
6649	79.98
6650	79.98
6651	79.98
6652	79.98
6653	79.98
6654	79.98
6655	79.98
6656	79.98
6657	79.98
6658	79.98
6659	79.98
6660	79.98
6661	79.98
6662	79.98
6663	79.98
6664	79.98
6665	79.98
6666	79.98
6667	79.98
6668	79.98
6669	79.98
6670	79.98
6671	79.98
6672	79.98
6673	79.98
6674	79.98
6675	79.98
6676	79.98
6677	79.98
6678	79.98
6679	79.98
6680	79.98
6681	79.98
6682	79.98
6683	79.98
6684	79.98
6685	79.98
6686	79.98
6687	79.98
6688	79.98
6689	79.98
6690	79.98
6691	79.98
6692	79.98
6693	79.98
6694	79.98
6695	79.98
6696	79.98
6697	79.98
6698	79.98
6699	79.98
6700	79.98
6701	79.98
6702	79.98
6703	79.98
6704	79.98
6705	79.98
6706	79.98
6707	79.98
6708	79.98
6709	79.98
6710	79.98
6711	79.98
6712	79.98
6713	79.98
6714	79.98
6715	79.98
6716	79.98
6717	79.98
6718	79.98
6719	79.98
6720	79.98
6721	79.98
6722	79.98
6723	79.98
6724	79.98
6725	79.98
6726	79.98
6727	79.98
6728	79.98
6729	79.98
6730	79.98
6731	79.98
6732	79.98
6733	79.98
6734	79.98
6735	79.98
6736	79.98
6737	79.98
6738	79.98
6739	79.98
6740	79.98
6741	79.98
6742	79.98
6743	79.98
6744	79.98
6745	79.98
6746	79.98
6747	79.98
6748	79.98
6749	79.98
6750	79.98
6751	79.98
6752	79.98
6753	79.98
6754	79.98
6755	79.98
6756	79.98
6757	79.98
6758	79.98
6759	79.98
6760	79.98
6761	79.98
6762	79.98
6763	79.98
6764	79.98
6765	79.98
6766	79.98
6767	79.98
6768	79.98
6769	79.98
6770	79.98
6771	79.98
6772	79.98
6773	79.98
6774	79.98
6775	79.98
6776	79.98
6777	79.98
6778	79.98
6779	79.98
6780	79.98
6781	79.98
6782	79.98
6783	79.98
6784	79.98
6785	79.98
6786	79.98
6787	79.98
6788	79.98
6789	79.98
6790	79.98
6791	79.98
6792	79.98
6793	79.98
6794	79.98
6795	79.98
6796	79.98
6797	79.98
6798	79.98
6799	79.98
6800	79.98
6801	79.98
6802	79.98
6803	79.98
6804	79.98
6805	79.98
6806	79.98
6807	79.98
6808	79.98
6809	79.98
6810	79.98
6811	79.98
6812	79.98
6813	79.98
6814	79.98
6815	79.98
6816	79.98
6817	79.98
6818	79.98
6819	79.98
6820	79.98
6821	79.98
6822	79.98
6823	79.98
6824	79.98
6825	79.98
6826	79.98
6827	79.98
6828	79.98
6829	79.98
6830	79.98
6831	79.98
6832	79.98
6833	79.98
6834	79.98
6835	79.98
6836	79.98
6837	79.98
6838	79.98
6839	79.98
6840	79.98
6841	79.98
6842	79.98
6843	79.98
6844	79.98
6845	79.98
6846	79.98
6847	79.98
6848	79.98
6849	79.98
6850	79.98
6851	79.98
6852	79.98
6853	79.98
6854	79.98
6855	79.98
6856	79.98
6857	79.98
6858	79.98
6859	79.98
6860	79.98
6861	79.98
6862	79.98
6863	79.98
6864	79.98
6865	79.98
6866	79.98
6867	79.98
6868	79.98
6869	79.98
6870	79.98
6871	79.98
6872	79.98
6873	79.98
6874	79.98
6875	79.98
6876	79.98
6877	79.98
6878	79.98
6879	79.98
6880	79.98
6881	79.98
6882	79.98
6883	79.98
6884	79.98
6885	79.98
6886	79.98
6887	79.98
6888	79.98
6889	79.98
6890	79.98
6891	79.98
6892	79.98
6893	79.98
6894	79.98
6895	79.98
6896	79.98
6897	79.98
6898	79.98
6899	79.98
6900	79.98
6901	79.98
6902	79.98
6903	79.98
6904	79.98
6905	79.98
6906	79.98
6907	79.98
6908	79.98
6909	79.98
6910	79.98
6911	79.98
6912	79.98
6913	79.98
6914	79.98
6915	79.98
6916	79.98
6917	79.98
6918	79.98
6919	79.98
6920	79.98
6921	79.98
6922	79.98
6923	79.98
6924	79.98
6925	79.98
6926	79.98
6927	79.98
6928	79.98
6929	79.98
6930	79.98
6931	79.98
6932	79.98
6933	79.98
6934	79.98
6935	79.98
6936	79.98
6937	79.98
6938	79.98
6939	79.98
6940	79.98
6941	79.98
6942	79.98
6943	79.98
6944	79.98
6945	79.98
6946	79.98
6947	79.98
6948	79.98
6949	79.98
6950	79.98
6951	79.98
6952	79.98
6953	79.98
6954	79.98
6955	79.98
6956	79.98
6957	79.98
6958	79.98
6959	79.98
6960	79.98
6961	79.98
6962	79.98
6963	79.98
6964	79.98
6965	79.98
6966	79.98
6967	79.98
6968	79.98
6969	79.98
6970	79.98
6971	79.98
6972	79.98
6973	79.98
6974	79.98
6975	79.98
6976	79.98
6977	79.98
6978	79.98
6979	79.98
6980	79.98
6981	79.98
6982	79.98
6983	79.98
6984	79.98
6985	79.98
6986	79.98
6987	79.98
6988	79.98
6989	79.98
6990	79.98
6991	79.98
6992	79.98
6993	79.98
6994	79.98
6995	79.98
6996	79.98
6997	79.98
6998	79.98
6999	79.98
7000	79.98
7001	79.98
7002	79.98
7003	79.98
7004	79.98
7005	79.98
7006	79.98
7007	79.98
7008	79.98
7009	79.98
7010	79.98
7011	79.98
7012	79.98
7013	79.98
7014	79.98
7015	79.98
7016	79.98
7017	79.98
7018	79.98
7019	79.98
7020	79.98
7021	79.98
7022	79.98
7023	79.98
7024	79.98
7025	79.98
7026	79.98
7027	79.98
7028	79.98
7029	79.98
7030	79.98
7031	79.98
7032	79.98
7033	79.98
7034	79.98
7035	79.98
7036	79.98
7037	79.98
7038	79.98
7039	79.98
7040	79.98
7041	79.98
7042	79.98
7043	79.98
7044	79.98
7045	79.98
7046	79.98
7047	79.98
7048	79.98
7049	79.98
7050	79.98
7051	79.98
7052	79.98
7053	79.98
7054	79.98
7055	79.98
7056	79.98
7057	79.98
7058	79.98
7059	79.98
7060	79.98
7061	79.98
7062	79.98
7063	79.98
7064	79.98
7065	79.98
7066	79.98
7067	79.98
7068	79.98
7069	79.98
7070	79.98
7071	79.98
7072	79.98
7073	79.98
7074	79.98
7075	79.98
7076	79.98
7077	79.98
7078	79.98
7079	79.98
7080	79.98
7081	79.98
7082	79.98
7083	79.98
7084	79.98
7085	79.98
7086	79.98
7087	79.98
7088	79.98
7089	79.98
7090	79.98
7091	79.98
7092	79.98
7093	79.98
7094	79.98
7095	79.98
7096	79.98
7097	79.98
7098	79.98
7099	79.98
7100	79.98
7101	79.98
7102	79.98
7103	79.98
7104	79.98
7105	79.98
7106	79.98
7107	79.98
7108	79.98
7109	79.98
7110	79.98
7111	79.98
7112	79.98
7113	79.98
7114	79.98
7115	79.98
7116	79.98
7117	79.98
7118	79.98
7119	79.98
7120	79.98
7121	79.98
7122	79.98
7123	79.98
7124	79.98
7125	79.98
7126	79.98
7127	79.98
7128	79.98
7129	79.98
7130	79.98
7131	79.98
7132	79.98
7133	79.98
7134	79.98
7135	79.98
7136	79.98
7137	79.98
7138	79.98
7139	79.98
7140	79.98
7141	79.98
7142	79.98
7143	79.98
7144	79.98
7145	79.98
7146	79.98
7147	79.98
7148	79.98
7149	79.98
7150	79.98
7151	79.98
7152	79.98
7153	79.98
7154	79.98
7155	79.98
7156	79.98
7157	79.98
7158	79.98
7159	79.98
7160	79.98
7161	79.98
7162	79.98
7163	79.98
7164	79.98
7165	79.98
7166	79.98
7167	79.98
7168	79.98
7169	79.98
7170	79.98
7171	79.98
7172	79.98
7173	79.98
7174	79.98
7175	79.98
7176	79.98
7177	79.98
7178	79.98
7179	79.98
7180	79.98
7181	79.98
7182	79.98
7183	79.98
7184	79.98
7185	79.98
7186	79.98
7187	79.98
7188	79.98
7189	79.98
7190	79.98
7191	79.98
7192	79.98
7193	79.98
7194	79.98
7195	79.98
7196	79.98
7197	79.98
7198	79.98
7199	79.98
7200	79.98
7201	79.98
7202	79.98
7203	79.98
7204	79.98
7205	79.98
7206	79.98
7207	79.98
7208	79.98
7209	79.98
7210	79.98
7211	79.98
7212	79.98
7213	79.98
7214	79.98
7215	79.98
7216	79.98
7217	79.98
7218	79.98
7219	79.98
7220	79.98
7221	79.98
7222	79.98
7223	79.98
7224	79.98
7225	79.98
7226	79.98
7227	79.98
7228	79.98
7229	79.98
7230	79.98
7231	79.98
7232	79.98
7233	79.98
7234	79.98
7235	79.98
7236	79.98
7237	79.98
7238	79.98
7239	79.98
7240	79.98
7241	79.98
7242	79.98
7243	79.98
7244	79.98
7245	79.98
7246	79.98
7247	79.98
7248	79.98
7249	79.98
7250	79.98
7251	79.98
7252	79.98
7253	79.98
7254	79.98
7255	79.98
7256	79.98
7257	79.98
7258	79.98
7259	79.98
7260	79.98
7261	79.98
7262	79.98
7263	79.98
7264	79.98
7265	79.98
7266	79.98
7267	79.98
7268	79.98
7269	79.98
7270	79.98
7271	79.98
7272	79.98
7273	79.98
7274	79.98
7275	79.98
7276	79.98
7277	79.98
7278	79.98
7279	79.98
7280	79.98
7281	79.98
7282	79.98
7283	79.98
7284	79.98
7285	79.98
7286	79.98
7287	79.98
7288	79.98
7289	79.98
7290	79.98
7291	79.98
7292	79.98
7293	79.98
7294	79.98
7295	79.98
7296	79.98
7297	79.98
7298	79.98
7299	79.98
7300	79.98
7301	79.98
7302	79.98
7303	79.98
7304	79.98
7305	79.98
7306	79.98
7307	79.98
7308	79.98
7309	79.98
7310	79.98
7311	79.98
7312	79.98
7313	79.98
7314	79.98
7315	79.98
7316	79.98
7317	79.98
7318	79.98
7319	79.98
7320	79.98
7321	79.98
7322	79.98
7323	79.98
7324	79.98
7325	79.98
7326	79.98
7327	79.98
7328	79.98
7329	79.98
7330	79.98
7331	79.98
7332	79.98
7333	79.98
7334	79.98
7335	79.98
7336	79.98
7337	79.98
7338	79.98
7339	79.98
7340	79.98
7341	79.98
7342	79.98
7343	79.98
7344	79.98
7345	79.98
7346	79.98
7347	79.98
7348	79.98
7349	79.98
7350	79.98
7351	79.98
7352	79.98
7353	79.98
7354	79.98
7355	79.98
7356	79.98
7357	79.98
7358	79.98
7359	79.98
7360	79.98
7361	79.98
7362	79.98
7363	79.98
7364	79.98
7365	79.98
7366	79.98
7367	79.98
7368	79.98
7369	79.98
7370	79.98
7371	79.98
7372	79.98
7373	79.98
7374	79.98
7375	79.98
7376	79.98
7377	79.98
7378	79.98
7379	79.98
7380	79.98
7381	79.98
7382	79.98
7383	79.98
7384	79.98
7385	79.98
7386	79.98
7387	79.98
7388	79.98
7389	79.98
7390	79.98
7391	79.98
7392	79.98
7393	79.98
7394	79.98
7395	79.98
7396	79.98
7397	79.98
7398	79.98
7399	79.98
7400	79.98
7401	79.98
7402	79.98
7403	79.98
7404	79.98
7405	79.98
7406	79.98
7407	79.98
7408	79.98
7409	79.98
7410	79.98
7411	79.98
7412	79.98
7413	79.98
7414	79.98
7415	79.98
7416	79.98
7417	79.98
7418	79.98
7419	79.98
7420	79.98
7421	79.98
7422	79.98
7423	79.98
7424	79.98
7425	79.98
7426	79.98
7427	79.98
7428	79.98
7429	79.98
7430	79.98
7431	79.98
7432	79.98
7433	79.98
7434	79.98
7435	79.98
7436	79.98
7437	79.98
7438	79.98
7439	79.98
7440	79.98
7441	79.98
7442	79.98
7443	79.98
7444	79.98
7445	79.98
7446	79.98
7447	79.98
7448	79.98
7449	79.98
7450	79.98
7451	79.98
7452	79.98
7453	79.98
7454	79.98
7455	79.98
7456	79.98
7457	79.98
7458	79.98
7459	79.98
7460	79.98
7461	79.98
7462	79.98
7463	79.98
7464	79.98
7465	79.98
7466	79.98
7467	79.98
7468	79.98
7469	79.98
7470	79.98
7471	79.98
7472	79.98
7473	79.98
7474	79.98
7475	79.98
7476	79.98
7477	79.98
7478	79.98
7479	79.98
7480	79.98
7481	79.98
7482	79.98
7483	79.98
7484	79.98
7485	79.98
7486	79.98
7487	79.98
7488	79.98
7489	79.98
7490	79.98
7491	79.98
7492	79.98
7493	79.98
7494	79.98
7495	79.98
7496	79.98
7497	79.98
7498	79.98
7499	79.98
7500	79.98
7501	79.98
7502	79.98
7503	79.98
7504	79.98
7505	79.98
7506	79.98
7507	79.98
7508	79.98
7509	79.98
7510	79.98
7511	79.98
7512	79.98
7513	79.98
7514	79.98
7515	79.98
7516	79.98
7517	79.98
7518	79.98
7519	79.98
7520	79.98
7521	79.98
7522	79.98
7523	79.98
7524	79.98
7525	79.98
7526	79.98
7527	79.98
7528	79.98
7529	79.98
7530	79.98
7531	79.98
7532	79.98
7533	79.98
7534	79.98
7535	79.98
7536	79.98
7537	79.98
7538	79.98
7539	79.98
7540	79.98
7541	79.98
7542	79.98
7543	79.98
7544	79.98
7545	79.98
7546	79.98
7547	79.98
7548	79.98
7549	79.98
7550	79.98
7551	79.98
7552	79.98
7553	79.98
7554	79.98
7555	79.98
7556	79.98
7557	79.98
7558	79.98
7559	79.98
7560	79.98
7561	79.98
7562	79.98
7563	79.98
7564	79.98
7565	79.98
7566	79.98
7567	79.98
7568	79.98
7569	79.98
7570	79.98
7571	79.98
7572	79.98
7573	79.98
7574	79.98
7575	79.98
7576	79.98
7577	79.98
7578	79.98
7579	79.98
7580	79.98
7581	79.98
7582	79.98
7583	79.98
7584	79.98
7585	79.98
7586	79.98
7587	79.98
7588	79.98
7589	79.98
7590	79.98
7591	79.98
7592	79.98
7593	79.98
7594	79.98
7595	79.98
7596	79.98
7597	79.98
7598	79.98
7599	79.98
7600	79.98
7601	79.98
7602	79.98
7603	79.98
7604	79.98
7605	79.98
7606	79.98
7607	79.98
7608	79.98
7609	79.98
7610	79.98
7611	79.98
7612	79.98
7613	79.98
7614	79.98
7615	79.98
7616	79.98
7617	79.98
7618	79.98
7619	79.98
7620	79.98
7621	79.98
7622	79.98
7623	79.98
7624	79.98
7625	79.98
7626	79.98
7627	79.98
7628	79.98
7629	79.98
7630	79.98
7631	79.98
7632	79.98
7633	79.98
7634	79.98
7635	79.98
7636	79.98
7637	79.98
7638	79.98
7639	79.98
7640	79.98
7641	79.98
7642	79.98
7643	79.98
7644	79.98
7645	79.98
7646	79.98
7647	79.98
7648	79.98
7649	79.98
7650	79.98
7651	79.98
7652	79.98
7653	79.98
7654	79.98
7655	79.98
7656	79.98
7657	79.98
7658	79.98
7659	79.98
7660	79.98
7661	79.98
7662	79.98
7663	79.98
7664	79.98
7665	79.98
7666	79.98
7667	79.98
7668	79.98
7669	79.98
7670	79.98
7671	79.98
7672	79.98
7673	79.98
7674	79.98
7675	79.98
7676	79.98
7677	79.98
7678	79.98
7679	79.98
7680	79.98
7681	79.98
7682	79.98
7683	79.98
7684	79.98
7685	79.98
7686	79.98
7687	79.98
7688	79.98
7689	79.98
7690	79.98
7691	79.98
7692	79.98
7693	79.98
7694	79.98
7695	79.98
7696	79.98
7697	79.98
7698	79.98
7699	79.98
7700	79.98
7701	79.98
7702	79.98
7703	79.98
7704	79.98
7705	79.98
7706	79.98
7707	79.98
7708	79.98
7709	79.98
7710	79.98
7711	79.98
7712	79.98
7713	79.98
7714	79.98
7715	79.98
7716	79.98
7717	79.98
7718	79.98
7719	79.98
7720	79.98
7721	79.98
7722	79.98
7723	79.98
7724	79.98
7725	79.98
7726	79.98
7727	79.98
7728	79.98
7729	79.98
7730	79.98
7731	79.98
7732	79.98
7733	79.98
7734	79.98
7735	79.98
7736	79.98
7737	79.98
7738	79.98
7739	79.98
7740	79.98
7741	79.98
7742	79.98
7743	79.98
7744	79.98
7745	79.98
7746	79.98
7747	79.98
7748	79.98
7749	79.98
7750	79.98
7751	79.98
7752	79.98
7753	79.98
7754	79.98
7755	79.98
7756	79.98
7757	79.98
7758	79.98
7759	79.98
7760	79.98
7761	79.98
7762	79.98
7763	79.98
7764	79.98
7765	79.98
7766	79.98
7767	79.98
7768	79.98
7769	79.98
7770	79.98
7771	79.98
7772	79.98
7773	79.98
7774	79.98
7775	79.98
7776	79.98
7777	79.98
7778	79.98
7779	79.98
7780	79.98
7781	79.98
7782	79.98
7783	79.98
7784	79.98
7785	79.98
7786	79.98
7787	79.98
7788	79.98
7789	79.98
7790	79.98
7791	79.98
7792	79.98
7793	79.98
7794	79.98
7795	79.98
7796	79.98
7797	79.98
7798	79.98
7799	79.98
7800	79.98
7801	79.98
7802	79.98
7803	79.98
7804	79.98
7805	79.98
7806	79.98
7807	79.98
7808	79.98
7809	79.98
7810	79.98
7811	79.98
7812	79.98
7813	79.98
7814	79.98
7815	79.98
7816	79.98
7817	79.98
7818	79.98
7819	79.98
7820	79.98
7821	79.98
7822	79.98
7823	79.98
7824	79.98
7825	79.98
7826	79.98
7827	79.98
7828	79.98
7829	79.98
7830	79.98
7831	79.98
7832	79.98
7833	79.98
7834	79.98
7835	79.98
7836	79.98
7837	79.98
7838	79.98
7839	79.98
7840	79.98
7841	79.98
7842	79.98
7843	79.98
7844	79.98
7845	79.98
7846	79.98
7847	79.98
7848	79.98
7849	79.98
7850	79.98
7851	79.98
7852	79.98
7853	79.98
7854	79.98
7855	79.98
7856	79.98
7857	79.98
7858	79.98
7859	79.98
7860	79.98
7861	79.98
7862	79.98
7863	79.98
7864	79.98
7865	79.98
7866	79.98
7867	79.98
7868	79.98
7869	79.98
7870	79.98
7871	79.98
7872	79.98
7873	79.98
7874	79.98
7875	79.98
7876	79.98
7877	79.98
7878	79.98
7879	79.98
7880	79.98
7881	79.98
7882	79.98
7883	79.98
7884	79.98
7885	79.98
7886	79.98
7887	79.98
7888	79.98
7889	79.98
7890	79.98
7891	79.98
7892	79.98
7893	79.98
7894	79.98
7895	79.98
7896	79.98
7897	79.98
7898	79.98
7899	79.98
7900	79.98
7901	79.98
7902	79.98
7903	79.98
7904	79.98
7905	79.98
7906	79.98
7907	79.98
7908	79.98
7909	79.98
7910	79.98
7911	79.98
7912	79.98
7913	79.98
7914	79.98
7915	79.98
7916	79.98
7917	79.98
7918	79.98
7919	79.98
7920	79.98
7921	79.98
7922	79.98
7923	79.98
7924	79.98
7925	79.98
7926	79.98
7927	79.98
7928	79.98
7929	79.98
7930	79.98
7931	79.98
7932	79.98
7933	79.98
7934	79.98
7935	79.98
7936	79.98
7937	79.98
7938	79.98
7939	79.98
7940	79.98
7941	79.98
7942	79.98
7943	79.98
7944	79.98
7945	79.98
7946	79.98
7947	79.98
7948	79.98
7949	79.98
7950	79.98
7951	79.98
7952	79.98
7953	79.98
7954	79.98
7955	79.98
7956	79.98
7957	79.98
7958	79.98
7959	79.98
7960	79.98
7961	79.98
7962	79.98
7963	79.98
7964	79.98
7965	79.98
7966	79.98
7967	79.98
7968	79.98
7969	79.98
7970	79.98
7971	79.98
7972	79.98
7973	79.98
7974	79.98
7975	79.98
7976	79.98
7977	79.98
7978	79.98
7979	79.98
7980	79.98
7981	79.98
7982	79.98
7983	79.98
7984	79.98
7985	79.98
7986	79.98
7987	79.98
7988	79.98
7989	79.98
7990	79.98
7991	79.98
7992	79.98
7993	79.98
7994	79.98
7995	79.98
7996	79.98
7997	79.98
7998	79.98
7999	79.98
8000	79.98
8001	79.98
8002	79.98
8003	79.98
8004	79.98
8005	79.98
8006	79.98
8007	79.98
8008	79.98
8009	79.98
8010	79.98
8011	79.98
8012	79.98
8013	79.98
8014	79.98
8015	79.98
8016	79.98
8017	79.98
8018	79.98
8019	79.98
8020	79.98
8021	79.98
8022	79.98
8023	79.98
8024	79.98
8025	79.98
8026	79.98
8027	79.98
8028	79.98
8029	79.98
8030	79.98
8031	79.98
8032	79.98
8033	79.98
8034	79.98
8035	79.98
8036	79.98
8037	79.98
8038	79.98
8039	79.98
8040	79.98
8041	79.98
8042	79.98
8043	79.98
8044	79.98
8045	79.98
8046	79.98
8047	79.98
8048	79.98
8049	79.98
8050	79.98
8051	79.98
8052	79.98
8053	79.98
8054	79.98
8055	79.98
8056	79.98
8057	79.98
8058	79.98
8059	79.98
8060	79.98
8061	79.98
8062	79.98
8063	79.98
8064	79.98
8065	79.98
8066	79.98
8067	79.98
8068	79.98
8069	79.98
8070	79.98
8071	79.98
8072	79.98
8073	79.98
8074	79.98
8075	79.98
8076	79.98
8077	79.98
8078	79.98
8079	79.98
8080	79.98
8081	79.98
8082	79.98
8083	79.98
8084	79.98
8085	79.98
8086	79.98
8087	79.98
8088	79.98
8089	79.98
8090	79.98
8091	79.98
8092	79.98
8093	79.98
8094	79.98
8095	79.98
8096	79.98
8097	79.98
8098	79.98
8099	79.98
8100	79.98
8101	79.98
8102	79.98
8103	79.98
8104	79.98
8105	79.98
8106	79.98
8107	79.98
8108	79.98
8109	79.98
8110	79.98
8111	79.98
8112	79.98
8113	79.98
8114	79.98
8115	79.98
8116	79.98
8117	79.98
8118	79.98
8119	79.98
8120	79.98
8121	79.98
8122	79.98
8123	79.98
8124	79.98
8125	79.98
8126	79.98
8127	79.98
8128	79.98
8129	79.98
8130	79.98
8131	79.98
8132	79.98
8133	79.98
8134	79.98
8135	79.98
8136	79.98
8137	79.98
8138	79.98
8139	79.98
8140	79.98
8141	79.98
8142	79.98
8143	79.98
8144	79.98
8145	79.98
8146	79.98
8147	79.98
8148	79.98
8149	79.98
8150	79.98
8151	79.98
8152	79.98
8153	79.98
8154	79.98
8155	79.98
8156	79.98
8157	79.98
8158	79.98
8159	79.98
8160	79.98
8161	79.98
8162	79.98
8163	79.98
8164	79.98
8165	79.98
8166	79.98
8167	79.98
8168	79.98
8169	79.98
8170	79.98
8171	79.98
8172	79.98
8173	79.98
8174	79.98
8175	79.98
8176	79.98
8177	79.98
8178	79.98
8179	79.98
8180	79.98
8181	79.98
8182	79.98
8183	79.98
8184	79.98
8185	79.98
8186	79.98
8187	79.98
8188	79.98
8189	79.98
8190	79.98
8191	79.98
8192	79.98
8193	79.98
8194	79.98
8195	79.98
8196	79.98
8197	79.98
8198	79.98
8199	79.98
8200	79.98
8201	79.98
8202	79.98
8203	79.98
8204	79.98
8205	79.98
8206	79.98
8207	79.98
8208	79.98
8209	79.98
8210	79.98
8211	79.98
8212	79.98
8213	79.98
8214	79.98
8215	79.98
8216	79.98
8217	79.98
8218	79.98
8219	79.98
8220	79.98
8221	79.98
8222	79.98
8223	79.98
8224	79.98
8225	79.98
8226	79.98
8227	79.98
8228	79.98
8229	79.98
8230	79.98
8231	79.98
8232	79.98
8233	79.98
8234	79.98
8235	79.98
8236	79.98
8237	79.98
8238	79.98
8239	79.98
8240	79.98
8241	79.98
8242	79.98
8243	79.98
8244	79.98
8245	79.98
8246	79.98
8247	79.98
8248	79.98
8249	79.98
8250	79.98
8251	79.98
8252	79.98
8253	79.98
8254	79.98
8255	79.98
8256	79.98
8257	79.98
8258	79.98
8259	79.98
8260	79.98
8261	79.98
8262	79.98
8263	79.98
8264	79.98
8265	79.98
8266	79.98
8267	79.98
8268	79.98
8269	79.98
8270	79.98
8271	79.98
8272	79.98
8273	79.98
8274	79.98
8275	79.98
8276	79.98
8277	79.98
8278	79.98
8279	79.98
8280	79.98
8281	79.98
8282	79.98
8283	79.98
8284	79.98
8285	79.98
8286	79.98
8287	79.98
8288	79.98
8289	79.98
8290	79.98
8291	79.98
8292	79.98
8293	79.98
8294	79.98
8295	79.98
8296	79.98
8297	79.98
8298	79.98
8299	79.98
8300	79.98
8301	79.98
8302	79.98
8303	79.98
8304	79.98
8305	79.98
8306	79.98
8307	79.98
8308	79.98
8309	79.98
8310	79.98
8311	79.98
8312	79.98
8313	79.98
8314	79.98
8315	79.98
8316	79.98
8317	79.98
8318	79.98
8319	79.98
8320	79.98
8321	79.98
8322	79.98
8323	79.98
8324	79.98
8325	79.98
8326	79.98
8327	79.98
8328	79.98
8329	79.98
8330	79.98
8331	79.98
8332	79.98
8333	79.98
8334	79.98
8335	79.98
8336	79.98
8337	79.98
8338	79.98
8339	79.98
8340	79.98
8341	79.98
8342	79.98
8343	79.98
8344	79.98
8345	79.98
8346	79.98
8347	79.98
8348	79.98
8349	79.98
8350	79.98
8351	79.98
8352	79.98
8353	79.98
8354	79.98
8355	79.98
8356	79.98
8357	79.98
8358	79.98
8359	79.98
8360	79.98
8361	79.98
8362	79.98
8363	79.98
8364	79.98
8365	79.98
8366	79.98
8367	79.98
8368	79.98
8369	79.98
8370	79.98
8371	79.98
8372	79.98
8373	79.98
8374	79.98
8375	79.98
8376	79.98
8377	79.98
8378	79.98
8379	79.98
8380	79.98
8381	79.98
8382	79.98
8383	79.98
8384	79.98
8385	79.98
8386	79.98
8387	79.98
8388	79.98
8389	79.98
8390	79.98
8391	79.98
8392	79.98
8393	79.98
8394	79.98
8395	79.98
8396	79.98
8397	79.98
8398	79.98
8399	79.98
8400	79.98
8401	79.98
8402	79.98
8403	79.98
8404	79.98
8405	79.98
8406	79.98
8407	79.98
8408	79.98
8409	79.98
8410	79.98
8411	79.98
8412	79.98
8413	79.98
8414	79.98
8415	79.98
8416	79.98
8417	79.98
8418	79.98
8419	79.98
8420	79.98
8421	79.98
8422	79.98
8423	79.98
8424	79.98
8425	79.98
8426	79.98
8427	79.98
8428	79.98
8429	79.98
8430	79.98
8431	79.98
8432	79.98
8433	79.98
8434	79.98
8435	79.98
8436	79.98
8437	79.98
8438	79.98
8439	79.98
8440	79.98
8441	79.98
8442	79.98
8443	79.98
8444	79.98
8445	79.98
8446	79.98
8447	79.98
8448	79.98
8449	79.98
8450	79.98
8451	79.98
8452	79.98
8453	79.98
8454	79.98
8455	79.98
8456	79.98
8457	79.98
8458	79.98
8459	79.98
8460	79.98
8461	79.98
8462	79.98
8463	79.98
8464	79.98
8465	79.98
8466	79.98
8467	79.98
8468	79.98
8469	79.98
8470	79.98
8471	79.98
8472	79.98
8473	79.98
8474	79.98
8475	79.98
8476	79.98
8477	79.98
8478	79.98
8479	79.98
8480	79.98
8481	79.98
8482	79.98
8483	79.98
8484	79.98
8485	79.98
8486	79.98
8487	79.98
8488	79.98
8489	79.98
8490	79.98
8491	79.98
8492	79.98
8493	79.98
8494	79.98
8495	79.98
8496	79.98
8497	79.98
8498	79.98
8499	79.98
8500	79.98
8501	79.98
8502	79.98
8503	79.98
8504	79.98
8505	79.98
8506	79.98
8507	79.98
8508	79.98
8509	79.98
8510	79.98
8511	79.98
8512	79.98
8513	79.98
8514	79.98
8515	79.98
8516	79.98
8517	79.98
8518	79.98
8519	79.98
8520	79.98
8521	79.98
8522	79.98
8523	79.98
8524	79.98
8525	79.98
8526	79.98
8527	79.98
8528	79.98
8529	79.98
8530	79.98
8531	79.98
8532	79.98
8533	79.98
8534	79.98
8535	79.98
8536	79.98
8537	79.98
8538	79.98
8539	79.98
8540	79.98
8541	79.98
8542	79.98
8543	79.98
8544	79.98
8545	79.98
8546	79.98
8547	79.98
8548	79.98
8549	79.98
8550	79.98
8551	79.98
8552	79.98
8553	79.98
8554	79.98
8555	79.98
8556	79.98
8557	79.98
8558	79.98
8559	79.98
8560	79.98
8561	79.98
8562	79.98
8563	79.98
8564	79.98
8565	79.98
8566	79.98
8567	79.98
8568	79.98
8569	79.98
8570	79.98
8571	79.98
8572	79.98
8573	79.98
8574	79.98
8575	79.98
8576	79.98
8577	79.98
8578	79.98
8579	79.98
8580	79.98
8581	79.98
8582	79.98
8583	79.98
8584	79.98
8585	79.98
8586	79.98
8587	79.98
8588	79.98
8589	79.98
8590	79.98
8591	79.98
8592	79.98
8593	79.98
8594	79.98
8595	79.98
8596	79.98
8597	79.98
8598	79.98
8599	79.98
8600	79.98
8601	79.98
8602	79.98
8603	79.98
8604	79.98
8605	79.98
8606	79.98
8607	79.98
8608	79.98
8609	79.98
8610	79.98
8611	79.98
8612	79.98
8613	79.98
8614	79.98
8615	79.98
8616	79.98
8617	79.98
8618	79.98
8619	79.98
8620	79.98
8621	79.98
8622	79.98
8623	79.98
8624	79.98
8625	79.98
8626	79.98
8627	79.98
8628	79.98
8629	79.98
8630	79.98
8631	79.98
8632	79.98
8633	79.98
8634	79.98
8635	79.98
8636	79.98
8637	79.98
8638	79.98
8639	79.98
8640	79.98
8641	79.98
8642	79.98
8643	79.98
8644	79.98
8645	79.98
8646	79.98
8647	79.98
8648	79.98
8649	79.98
8650	79.98
8651	79.98
8652	79.98
8653	79.98
8654	79.98
8655	79.98
8656	79.98
8657	79.98
8658	79.98
8659	79.98
8660	79.98
8661	79.98
8662	79.98
8663	79.98
8664	79.98
8665	79.98
8666	79.98
8667	79.98
8668	79.98
8669	79.98
8670	79.98
8671	79.98
8672	79.98
8673	79.98
8674	79.98
8675	79.98
8676	79.98
8677	79.98
8678	79.98
8679	79.98
8680	79.98
8681	79.98
8682	79.98
8683	79.98
8684	79.98
8685	79.98
8686	79.98
8687	79.98
8688	79.98
8689	79.98
8690	79.98
8691	79.98
8692	79.98
8693	79.98
8694	79.98
8695	79.98
8696	79.98
8697	79.98
8698	79.98
8699	79.98
8700	79.98
8701	79.98
8702	79.98
8703	79.98
8704	79.98
8705	79.98
8706	79.98
8707	79.98
8708	79.98
8709	79.98
8710	79.98
8711	79.98
8712	79.98
8713	79.98
8714	79.98
8715	79.98
8716	79.98
8717	79.98
8718	79.98
8719	79.98
8720	79.98
8721	79.98
8722	79.98
8723	79.98
8724	79.98
8725	79.98
8726	79.98
8727	79.98
8728	79.98
8729	79.98
8730	79.98
8731	79.98
8732	79.98
8733	79.98
8734	79.98
8735	79.98
8736	79.98
8737	79.98
8738	79.98
8739	79.98
8740	79.98
8741	79.98
8742	79.98
8743	79.98
8744	79.98
8745	79.98
8746	79.98
8747	79.98
8748	79.98
8749	79.98
8750	79.98
8751	79.98
8752	79.98
8753	79.98
8754	79.98
8755	79.98
8756	79.98
8757	79.98
8758	79.98
8759	79.98
8760	79.98
8761	79.98
8762	79.98
8763	79.98
8764	79.98
8765	79.98
8766	79.98
8767	79.98
8768	79.98
8769	79.98
8770	79.98
8771	79.98
8772	79.98
8773	79.98
8774	79.98
8775	79.98
8776	79.98
8777	79.98
8778	79.98
8779	79.98
8780	79.98
8781	79.98
8782	79.98
8783	79.98
8784	79.98
8785	79.98
8786	79.98
8787	79.98
8788	79.98
8789	79.98
8790	79.98
8791	79.98
8792	79.98
8793	79.98
8794	79.98
8795	79.98
8796	79.98
8797	79.98
8798	79.98
8799	79.98
8800	79.98
8801	79.98
8802	79.98
8803	79.98
8804	79.98
8805	79.98
8806	79.98
8807	79.98
8808	79.98
8809	79.98
8810	79.98
8811	79.98
8812	79.98
8813	79.98
8814	79.98
8815	79.98
8816	79.98
8817	79.98
8818	79.98
8819	79.98
8820	79.98
8821	79.98
8822	79.98
8823	79.98
8824	79.98
8825	79.98
8826	79.98
8827	79.98
8828	79.98
8829	79.98
8830	79.98
8831	79.98
8832	79.98
8833	79.98
8834	79.98
8835	79.98
8836	79.98
8837	79.98
8838	79.98
8839	79.98
8840	79.98
8841	79.98
8842	79.98
8843	79.98
8844	79.98
8845	79.98
8846	79.98
8847	79.98
8848	79.98
8849	79.98
8850	79.98
8851	79.98
8852	79.98
8853	79.98
8854	79.98
8855	79.98
8856	79.98
8857	79.98
8858	79.98
8859	79.98
8860	79.98
8861	79.98
8862	79.98
8863	79.98
8864	79.98
8865	79.98
8866	79.98
8867	79.98
8868	79.98
8869	79.98
8870	79.98
8871	79.98
8872	79.98
8873	79.98
8874	79.98
8875	79.98
8876	79.98
8877	79.98
8878	79.98
8879	79.98
8880	79.98
8881	79.98
8882	79.98
8883	79.98
8884	79.98
8885	79.98
8886	79.98
8887	79.98
8888	79.98
8889	79.98
8890	79.98
8891	79.98
8892	79.98
8893	79.98
8894	79.98
8895	79.98
8896	79.98
8897	79.98
8898	79.98
8899	79.98
8900	79.98
8901	79.98
8902	79.98
8903	79.98
8904	79.98
8905	79.98
8906	79.98
8907	79.98
8908	79.98
8909	79.98
8910	79.98
8911	79.98
8912	79.98
8913	79.98
8914	79.98
8915	79.98
8916	79.98
8917	79.98
8918	79.98
8919	79.98
8920	79.98
8921	79.98
8922	79.98
8923	79.98
8924	79.98
8925	79.98
8926	79.98
8927	79.98
8928	79.98
8929	79.98
8930	79.98
8931	79.98
8932	79.98
8933	79.98
8934	79.98
8935	79.98
8936	79.98
8937	79.98
8938	79.98
8939	79.98
8940	79.98
8941	79.98
8942	79.98
8943	79.98
8944	79.98
8945	79.98
8946	79.98
8947	79.98
8948	79.98
8949	79.98
8950	79.98
8951	79.98
8952	79.98
8953	79.98
8954	79.98
8955	79.98
8956	79.98
8957	79.98
8958	79.98
8959	79.98
8960	79.98
8961	79.98
8962	79.98
8963	79.98
8964	79.98
8965	79.98
8966	79.98
8967	79.98
8968	79.98
8969	79.98
8970	79.98
8971	79.98
8972	79.98
8973	79.98
8974	79.98
8975	79.98
8976	79.98
8977	79.98
8978	79.98
8979	79.98
8980	79.98
8981	79.98
8982	79.98
8983	79.98
8984	79.98
8985	79.98
8986	79.98
8987	79.98
8988	79.98
8989	79.98
8990	79.98
8991	79.98
