0	-5.56
1	-5.56
2	-5.56
3	-5.56
4	-5.56
5	-5.56
6	-5.56
7	-5.56
8	-5.56
9	-5.56
10	-5.56
11	-5.56
12	-5.56
13	-5.56
14	-5.56
15	-5.56
16	-5.56
17	-5.56
18	-5.56
19	-5.56
20	-5.56
21	-5.56
22	-5.56
23	-5.56
24	-5.56
25	-5.56
26	-5.56
27	-5.56
28	-5.56
29	-5.56
30	-5.56
31	-5.56
32	-5.56
33	-5.56
34	-5.56
35	-5.56
36	-5.56
37	-5.56
38	-5.56
39	-5.56
40	-5.56
41	-5.56
42	-5.56
43	-5.56
44	-5.56
45	-5.56
46	-5.56
47	-5.56
48	-5.56
49	-5.56
50	-5.56
51	-5.56
52	-5.56
53	-5.56
54	-5.56
55	-5.56
56	-5.56
57	-5.56
58	-5.56
59	-5.56
60	-5.56
61	-5.56
62	-5.56
63	-5.56
64	-5.56
65	-5.56
66	-5.56
67	-5.56
68	-5.56
69	-5.56
70	-5.56
71	-5.56
72	-5.56
73	-5.56
74	-5.56
75	-5.56
76	-5.56
77	-5.56
78	-5.56
79	-5.56
80	-5.56
81	-5.56
82	-5.56
83	-5.56
84	-5.56
85	-5.56
86	-5.56
87	-5.56
88	-5.56
89	-5.56
90	-5.56
91	-5.56
92	-5.56
93	-5.56
94	-5.56
95	-5.56
96	-5.56
97	-5.56
98	-5.56
99	-5.56
100	-5.56
101	-5.56
102	-5.56
103	-5.56
104	-5.56
105	-5.56
106	-5.56
107	-5.56
108	-5.56
109	-5.56
110	-5.56
111	-5.56
112	-5.56
113	-5.56
114	-5.56
115	-5.56
116	-5.56
117	-5.56
118	-5.56
119	-5.56
120	-5.56
121	-5.56
122	-5.56
123	-5.56
124	-5.56
125	-5.56
126	-5.56
127	-5.56
128	-5.56
129	-5.56
130	-5.56
131	-5.56
132	-5.56
133	-5.56
134	-5.56
135	-5.56
136	-5.56
137	-5.56
138	-5.56
139	-5.56
140	-5.56
141	-5.56
142	-5.56
143	-5.56
144	-5.56
145	-5.56
146	-5.56
147	-5.56
148	-5.56
149	-5.56
150	-5.56
151	-5.56
152	-5.56
153	-5.56
154	-5.56
155	-5.56
156	-5.56
157	-5.56
158	-5.56
159	-5.56
160	-5.56
161	-5.56
162	-5.56
163	-5.56
164	-5.56
165	-5.56
166	-5.56
167	-5.56
168	-5.56
169	-5.56
170	-5.56
171	-5.56
172	-5.56
173	-5.56
174	-5.56
175	-5.56
176	-5.56
177	-5.56
178	-5.56
179	-5.56
180	-5.56
181	-5.56
182	-5.56
183	-5.56
184	-5.56
185	-5.56
186	-5.56
187	-5.56
188	-5.56
189	-5.56
190	-5.56
191	-5.56
192	-5.56
193	-5.56
194	-5.56
195	-5.56
196	-5.56
197	-5.56
198	-5.56
199	-5.56
200	-5.56
201	-5.56
202	-5.56
203	-5.56
204	-5.56
205	-5.56
206	-5.56
207	-5.56
208	-5.56
209	-5.56
210	-5.56
211	-5.56
212	-5.56
213	-5.56
214	-5.56
215	-5.56
216	-5.56
217	-5.56
218	-5.56
219	-5.56
220	-5.56
221	-5.56
222	-5.56
223	-5.56
224	-5.56
225	-5.56
226	-5.56
227	-5.56
228	-5.56
229	-5.56
230	-5.56
231	-5.56
232	-5.56
233	-5.56
234	-5.56
235	-5.56
236	-5.56
237	-5.56
238	-5.56
239	-5.56
240	-5.56
241	-5.56
242	-5.56
243	-5.56
244	-5.56
245	-5.56
246	-5.56
247	-5.56
248	-5.56
249	-5.56
250	-5.56
251	-5.56
252	-5.56
253	-5.56
254	-5.56
255	-5.56
256	-5.56
257	-5.56
258	-5.56
259	-5.56
260	-5.56
261	-5.56
262	-5.56
263	-5.56
264	-5.56
265	-5.56
266	-5.56
267	-5.56
268	-5.56
269	-5.56
270	-5.56
271	-5.56
272	-5.56
273	-5.56
274	-5.56
275	-5.56
276	-5.56
277	-5.56
278	-5.56
279	-5.56
280	-5.56
281	-5.56
282	-5.56
283	-5.56
284	-5.56
285	-5.56
286	-5.56
287	-5.56
288	-5.56
289	-5.56
290	-5.56
291	-5.56
292	-5.56
293	-5.56
294	-5.56
295	-5.56
296	-5.56
297	-5.56
298	-5.56
299	-5.56
300	-5.56
301	-5.56
302	-5.56
303	-5.56
304	-5.56
305	-5.56
306	-5.56
307	-5.56
308	-5.56
309	-5.56
310	-5.56
311	-5.56
312	-5.56
313	-5.56
314	-5.56
315	-5.56
316	-5.56
317	-5.56
318	-5.56
319	-5.56
320	-5.56
321	-5.56
322	-5.56
323	-5.56
324	-5.56
325	-5.56
326	-5.56
327	-5.56
328	-5.56
329	-5.56
330	-5.56
331	-5.56
332	-5.56
333	-5.56
334	-5.56
335	-5.56
336	-5.56
337	-5.56
338	-5.56
339	-5.56
340	-5.56
341	-5.56
342	-5.56
343	-5.56
344	-5.56
345	-5.56
346	-5.56
347	-5.56
348	-5.56
349	-5.56
350	-5.56
351	-5.56
352	-5.56
353	-5.56
354	-5.56
355	-5.56
356	-5.56
357	-5.56
358	-5.56
359	-5.56
360	-5.56
361	-5.56
362	-5.56
363	-5.56
364	-5.56
365	-5.56
366	-5.56
367	-5.56
368	-5.56
369	-5.56
370	-5.56
371	-5.56
372	-5.56
373	-5.56
374	-5.56
375	-5.56
376	-5.56
377	-5.56
378	-5.56
379	-5.56
380	-5.56
381	-5.56
382	-5.56
383	-5.56
384	-5.56
385	-5.56
386	-5.56
387	-5.56
388	-5.56
389	-5.56
390	-5.56
391	-5.56
392	-5.56
393	-5.56
394	-5.56
395	-5.56
396	-5.56
397	-5.56
398	-5.56
399	-5.56
400	-5.56
401	-5.56
402	-5.56
403	-5.56
404	-5.56
405	-5.56
406	-5.56
407	-5.56
408	-5.56
409	-5.56
410	-5.56
411	-5.56
412	-5.56
413	-5.56
414	-5.56
415	-5.56
416	-5.56
417	-5.56
418	-5.56
419	-5.56
420	-5.56
421	-5.56
422	-5.56
423	-5.56
424	-5.56
425	-5.56
426	-5.56
427	-5.56
428	-5.56
429	-5.56
430	-5.56
431	-5.56
432	-5.56
433	-5.56
434	-5.56
435	-5.56
436	-5.56
437	-5.56
438	-5.56
439	-5.56
440	-5.56
441	-5.56
442	-5.56
443	-5.56
444	-5.56
445	-5.56
446	-5.56
447	-5.56
448	-5.56
449	-5.56
450	-5.56
451	-5.56
452	-5.56
453	-5.56
454	-5.56
455	-5.56
456	-5.56
457	-5.56
458	-5.56
459	-5.56
460	-5.56
461	-5.56
462	-5.56
463	-5.56
464	-5.56
465	-5.56
466	-5.56
467	-5.56
468	-5.56
469	-5.56
470	-5.56
471	-5.56
472	-5.56
473	-5.56
474	-5.56
475	-5.56
476	-5.56
477	-5.56
478	-5.56
479	-5.56
480	-5.56
481	-5.56
482	-5.56
483	-5.56
484	-5.56
485	-5.56
486	-5.56
487	-5.56
488	-5.56
489	-5.56
490	-5.56
491	-5.56
492	-5.56
493	-5.56
494	-5.56
495	-5.56
496	-5.56
497	-5.56
498	-5.56
499	-5.56
500	-5.56
501	-5.56
502	-5.56
503	-5.56
504	-5.56
505	-5.56
506	-5.56
507	-5.56
508	-5.56
509	-5.56
510	-5.56
511	-5.56
512	-5.56
513	-5.56
514	-5.56
515	-5.56
516	-5.56
517	-5.56
518	-5.56
519	-5.56
520	-5.56
521	-5.56
522	-5.56
523	-5.56
524	-5.56
525	-5.56
526	-5.56
527	-5.56
528	-5.56
529	-5.56
530	-5.56
531	-5.56
532	-5.56
533	-5.56
534	-5.56
535	-5.56
536	-5.56
537	-5.56
538	-5.56
539	-5.56
540	-5.56
541	-5.56
542	-5.56
543	-5.56
544	-5.56
545	-5.56
546	-5.56
547	-5.56
548	-5.56
549	-5.56
550	-5.56
551	-5.56
552	-5.56
553	-5.56
554	-5.56
555	-5.56
556	-5.56
557	-5.56
558	-5.56
559	-5.56
560	-5.56
561	-5.56
562	-5.56
563	-5.56
564	-5.56
565	-5.56
566	-5.56
567	-5.56
568	-5.56
569	-5.56
570	-5.56
571	-5.56
572	-5.56
573	-5.56
574	-5.56
575	-5.56
576	-5.56
577	-5.56
578	-5.56
579	-5.56
580	-5.56
581	-5.56
582	-5.56
583	-5.56
584	-5.56
585	-5.56
586	-5.56
587	-5.56
588	-5.56
589	-5.56
590	-5.56
591	-5.56
592	-5.56
593	-5.56
594	-5.56
595	-5.56
596	-5.56
597	-5.56
598	-5.56
599	-5.56
600	-5.56
601	-5.56
602	-5.56
603	-5.56
604	-5.56
605	-5.56
606	-5.56
607	-5.56
608	-5.56
609	-5.56
610	-5.56
611	-5.56
612	-5.56
613	-5.56
614	-5.56
615	-5.56
616	-5.56
617	-5.56
618	-5.56
619	-5.56
620	-5.56
621	-5.56
622	-5.56
623	-5.56
624	-5.56
625	-5.56
626	-5.56
627	-5.56
628	-5.56
629	-5.56
630	-5.56
631	-5.56
632	-5.56
633	-5.56
634	-5.56
635	-5.56
636	-5.56
637	-5.56
638	-5.56
639	-5.56
640	-5.56
641	-5.56
642	-5.56
643	-5.56
644	-5.56
645	-5.56
646	-5.56
647	-5.56
648	-5.56
649	-5.56
650	-5.56
651	-5.56
652	-5.56
653	-5.56
654	-5.56
655	-5.56
656	-5.56
657	-5.56
658	-5.56
659	-5.56
660	-5.56
661	-5.56
662	-5.56
663	-5.56
664	-5.56
665	-5.56
666	-5.56
667	-5.56
668	-5.56
669	-5.56
670	-5.56
671	-5.56
672	-5.56
673	-5.56
674	-5.56
675	-5.56
676	-5.56
677	-5.56
678	-5.56
679	-5.56
680	-5.56
681	-5.56
682	-5.56
683	-5.56
684	-5.56
685	-5.56
686	-5.56
687	-5.56
688	-5.56
689	-5.56
690	-5.56
691	-5.56
692	-5.56
693	-5.56
694	-5.56
695	-5.56
696	-5.56
697	-5.56
698	-5.56
699	-5.56
700	-5.56
701	-5.56
702	-5.56
703	-5.56
704	-5.56
705	-5.56
706	-5.56
707	-5.56
708	-5.56
709	-5.56
710	-5.56
711	-5.56
712	-5.56
713	-5.56
714	-5.56
715	-5.56
716	-5.56
717	-5.56
718	-5.56
719	-5.56
720	-5.56
721	-5.56
722	-5.56
723	-5.56
724	-5.56
725	-5.56
726	-5.56
727	-5.56
728	-5.56
729	-5.56
730	-5.56
731	-5.56
732	-5.56
733	-5.56
734	-5.56
735	-5.56
736	-5.56
737	-5.56
738	-5.56
739	-5.56
740	-5.56
741	-5.56
742	-5.56
743	-5.56
744	-5.56
745	-5.56
746	-5.56
747	-5.56
748	-5.56
749	-5.56
750	-5.56
751	-5.56
752	-5.56
753	-5.56
754	-5.56
755	-5.56
756	-5.56
757	-5.56
758	-5.56
759	-5.56
760	-5.56
761	-5.56
762	-5.56
763	-5.56
764	-5.56
765	-5.56
766	-5.56
767	-5.56
768	-5.56
769	-5.56
770	-5.56
771	-5.56
772	-5.56
773	-5.56
774	-5.56
775	-5.56
776	-5.56
777	-5.56
778	-5.56
779	-5.56
780	-5.56
781	-5.56
782	-5.56
783	-5.56
784	-5.56
785	-5.56
786	-5.56
787	-5.56
788	-5.56
789	-5.56
790	-5.56
791	-5.56
792	-5.56
793	-5.56
794	-5.56
795	-5.56
796	-5.56
797	-5.56
798	-5.56
799	-5.56
800	-5.56
801	-5.56
802	-5.56
803	-5.56
804	-5.56
805	-5.56
806	-5.56
807	-5.56
808	-5.56
809	-5.56
810	-5.56
811	-5.56
812	-5.56
813	-5.56
814	-5.56
815	-5.56
816	-5.56
817	-5.56
818	-5.56
819	-5.56
820	-5.56
821	-5.56
822	-5.56
823	-5.56
824	-5.56
825	-5.56
826	-5.56
827	-5.56
828	-5.56
829	-5.56
830	-5.56
831	-5.56
832	-5.56
833	-5.56
834	-5.56
835	-5.56
836	-5.56
837	-5.56
838	-5.56
839	-5.56
840	-5.56
841	-5.56
842	-5.56
843	-5.56
844	-5.56
845	-5.56
846	-5.56
847	-5.56
848	-5.56
849	-5.56
850	-5.56
851	-5.56
852	-5.56
853	-5.56
854	-5.56
855	-5.56
856	-5.56
857	-5.56
858	-5.56
859	-5.56
860	-5.56
861	-5.56
862	-5.56
863	-5.56
864	-5.56
865	-5.56
866	-5.56
867	-5.56
868	-5.56
869	-5.56
870	-5.56
871	-5.56
872	-5.56
873	-5.56
874	-5.56
875	-5.56
876	-5.56
877	-5.56
878	-5.56
879	-5.56
880	-5.56
881	-5.56
882	-5.56
883	-5.56
884	-5.56
885	-5.56
886	-5.56
887	-5.56
888	-5.56
889	-5.56
890	-5.56
891	-5.56
892	-5.56
893	-5.56
894	-5.56
895	-5.56
896	-5.56
897	-5.56
898	-5.56
899	-5.56
900	-5.56
901	-5.56
902	-5.56
903	-5.56
904	-5.56
905	-5.56
906	-5.56
907	-5.56
908	-5.56
909	-5.56
910	-5.56
911	-5.56
912	-5.56
913	-5.56
914	-5.56
915	-5.56
916	-5.56
917	-5.56
918	-5.56
919	-5.56
920	-5.56
921	-5.56
922	-5.56
923	-5.56
924	-5.56
925	-5.56
926	-5.56
927	-5.56
928	-5.56
929	-5.56
930	-5.56
931	-5.56
932	-5.56
933	-5.56
934	-5.56
935	-5.56
936	-5.56
937	-5.56
938	-5.56
939	-5.56
940	-5.56
941	-5.56
942	-5.56
943	-5.56
944	-5.56
945	-5.56
946	-5.56
947	-5.56
948	-5.56
949	-5.56
950	-5.56
951	-5.56
952	-5.56
953	-5.56
954	-5.56
955	-5.56
956	-5.56
957	-5.56
958	-5.56
959	-5.56
960	-5.56
961	-5.56
962	-5.56
963	-5.56
964	-5.56
965	-5.56
966	-5.56
967	-5.56
968	-5.56
969	-5.56
970	-5.56
971	-5.56
972	-5.56
973	-5.56
974	-5.56
975	-5.56
976	-5.56
977	-5.56
978	-5.56
979	-5.56
980	-5.56
981	-5.56
982	-5.56
983	-5.56
984	-5.56
985	-5.56
986	-5.56
987	-5.56
988	-5.56
989	-5.56
990	-5.56
991	-5.56
992	-5.56
993	-5.56
994	-5.56
995	-5.56
996	-5.56
997	-5.56
998	-5.56
999	-5.56
1000	-5.56
1001	-5.56
1002	-5.56
1003	-5.56
1004	-5.56
1005	-5.56
1006	-5.56
1007	-5.56
1008	-5.56
1009	-5.56
1010	-5.56
1011	-5.56
1012	-5.56
1013	-5.56
1014	-5.56
1015	-5.56
1016	-5.56
1017	-5.56
1018	-5.56
1019	-5.56
1020	-5.56
1021	-5.56
1022	-5.56
1023	-5.56
1024	-5.56
1025	-5.56
1026	-5.56
1027	-5.56
1028	-5.56
1029	-5.56
1030	-5.56
1031	-5.56
1032	-5.56
1033	-5.56
1034	-5.56
1035	-5.56
1036	-5.56
1037	-5.56
1038	-5.56
1039	-5.56
1040	-5.56
1041	-5.56
1042	-5.56
1043	-5.56
1044	-5.56
1045	-5.56
1046	-5.56
1047	-5.56
1048	-5.56
1049	-5.56
1050	-5.56
1051	-5.56
1052	-5.56
1053	-5.56
1054	-5.56
1055	-5.56
1056	-5.56
1057	-5.56
1058	-5.56
1059	-5.56
1060	-5.56
1061	-5.56
1062	-5.56
1063	-5.56
1064	-5.56
1065	-5.56
1066	-5.56
1067	-5.56
1068	-5.56
1069	-5.56
1070	-5.56
1071	-5.56
1072	-5.56
1073	-5.56
1074	-5.56
1075	-5.56
1076	-5.56
1077	-5.56
1078	-5.56
1079	-5.56
1080	-5.56
1081	-5.56
1082	-5.56
1083	-5.56
1084	-5.56
1085	-5.56
1086	-5.56
1087	-5.56
1088	-5.56
1089	-5.56
1090	-5.56
1091	-5.56
1092	-5.56
1093	-5.56
1094	-5.56
1095	-5.56
1096	-5.56
1097	-5.56
1098	-5.56
1099	-5.56
1100	-5.56
1101	-5.56
1102	-5.56
1103	-5.56
1104	-5.56
1105	-5.56
1106	-5.56
1107	-5.56
1108	-5.56
1109	-5.56
1110	-5.56
1111	-5.56
1112	-5.56
1113	-5.56
1114	-5.56
1115	-5.56
1116	-5.56
1117	-5.56
1118	-5.56
1119	-5.56
1120	-5.56
1121	-5.56
1122	-5.56
1123	-5.56
1124	-5.56
1125	-5.56
1126	-5.56
1127	-5.56
1128	-5.56
1129	-5.56
1130	-5.56
1131	-5.56
1132	-5.56
1133	-5.56
1134	-5.56
1135	-5.56
1136	-5.56
1137	-5.56
1138	-5.56
1139	-5.56
1140	-5.56
1141	-5.56
1142	-5.56
1143	-5.56
1144	-5.56
1145	-5.56
1146	-5.56
1147	-5.56
1148	-5.56
1149	-5.56
1150	-5.56
1151	-5.56
1152	-5.56
1153	-5.56
1154	-5.56
1155	-5.56
1156	-5.56
1157	-5.56
1158	-5.56
1159	-5.56
1160	-5.56
1161	-5.56
1162	-5.56
1163	-5.56
1164	-5.56
1165	-5.56
1166	-5.56
1167	-5.56
1168	-5.56
1169	-5.56
1170	-5.56
1171	-5.56
1172	-5.56
1173	-5.56
1174	-5.56
1175	-5.56
1176	-5.56
1177	-5.56
1178	-5.56
1179	-5.56
1180	-5.56
1181	-5.56
1182	-5.56
1183	-5.56
1184	-5.56
1185	-5.56
1186	-5.56
1187	-5.56
1188	-5.56
1189	-5.56
1190	-5.56
1191	-5.56
1192	-5.56
1193	-5.56
1194	-5.56
1195	-5.56
1196	-5.56
1197	-5.56
1198	-5.56
1199	-5.56
1200	-5.56
1201	-5.56
1202	-5.56
1203	-5.56
1204	-5.56
1205	-5.56
1206	-5.56
1207	-5.56
1208	-5.56
1209	-5.56
1210	-5.56
1211	-5.56
1212	-5.56
1213	-5.56
1214	-5.56
1215	-5.56
1216	-5.56
1217	-5.56
1218	-5.56
1219	-5.56
1220	-5.56
1221	-5.56
1222	-5.56
1223	-5.56
1224	-5.56
1225	-5.56
1226	-5.56
1227	-5.56
1228	-5.56
1229	-5.56
1230	-5.56
1231	-5.56
1232	-5.56
1233	-5.56
1234	-5.56
1235	-5.56
1236	-5.56
1237	-5.56
1238	-5.56
1239	-5.56
1240	-5.56
1241	-5.56
1242	-5.56
1243	-5.56
1244	-5.56
1245	-5.56
1246	-5.56
1247	-5.56
1248	-5.56
1249	-5.56
1250	-5.56
1251	-5.56
1252	-5.56
1253	-5.56
1254	-5.56
1255	-5.56
1256	-5.56
1257	-5.56
1258	-5.56
1259	-5.56
1260	-5.56
1261	-5.56
1262	-5.56
1263	-5.56
1264	-5.56
1265	-5.56
1266	-5.56
1267	-5.56
1268	-5.56
1269	-5.56
1270	-5.56
1271	-5.56
1272	-5.56
1273	-5.56
1274	-5.56
1275	-5.56
1276	-5.56
1277	-5.56
1278	-5.56
1279	-5.56
1280	-5.56
1281	-5.56
1282	-5.56
1283	-5.56
1284	-5.56
1285	-5.56
1286	-5.56
1287	-5.56
1288	-5.56
1289	-5.56
1290	-5.56
1291	-5.56
1292	-5.56
1293	-5.56
1294	-5.56
1295	-5.56
1296	-5.56
1297	-5.56
1298	-5.56
1299	-5.56
1300	-5.56
1301	-5.56
1302	-5.56
1303	-5.56
1304	-5.56
1305	-5.56
1306	-5.56
1307	-5.56
1308	-5.56
1309	-5.56
1310	-5.56
1311	-5.56
1312	-5.56
1313	-5.56
1314	-5.56
1315	-5.56
1316	-5.56
1317	-5.56
1318	-5.56
1319	-5.56
1320	-5.56
1321	-5.56
1322	-5.56
1323	-5.56
1324	-5.56
1325	-5.56
1326	-5.56
1327	-5.56
1328	-5.56
1329	-5.56
1330	-5.56
1331	-5.56
1332	-5.56
1333	-5.56
1334	-5.56
1335	-5.56
1336	-5.56
1337	-5.56
1338	-5.56
1339	-5.56
1340	-5.56
1341	-5.56
1342	-5.56
1343	-5.56
1344	-5.56
1345	-5.56
1346	-5.56
1347	-5.56
1348	-5.56
1349	-5.56
1350	-5.56
1351	-5.56
1352	-5.56
1353	-5.56
1354	-5.56
1355	-5.56
1356	-5.56
1357	-5.56
1358	-5.56
1359	-5.56
1360	-5.56
1361	-5.56
1362	-5.56
1363	-5.56
1364	-5.56
1365	-5.56
1366	-5.56
1367	-5.56
1368	-5.56
1369	-5.56
1370	-5.56
1371	-5.56
1372	-5.56
1373	-5.56
1374	-5.56
1375	-5.56
1376	-5.56
1377	-5.56
1378	-5.56
1379	-5.56
1380	-5.56
1381	-5.56
1382	-5.56
1383	-5.56
1384	-5.56
1385	-5.56
1386	-5.56
1387	-5.56
1388	-5.56
1389	-5.56
1390	-5.56
1391	-5.56
1392	-5.56
1393	-5.56
1394	-5.56
1395	-5.56
1396	-5.56
1397	-5.56
1398	-5.56
1399	-5.56
1400	-5.56
1401	-5.56
1402	-5.56
1403	-5.56
1404	-5.56
1405	-5.56
1406	-5.56
1407	-5.56
1408	-5.56
1409	-5.56
1410	-5.56
1411	-5.56
1412	-5.56
1413	-5.56
1414	-5.56
1415	-5.56
1416	-5.56
1417	-5.56
1418	-5.56
1419	-5.56
1420	-5.56
1421	-5.56
1422	-5.56
1423	-5.56
1424	-5.56
1425	-5.56
1426	-5.56
1427	-5.56
1428	-5.56
1429	-5.56
1430	-5.56
1431	-5.56
1432	-5.56
1433	-5.56
1434	-5.56
1435	-5.56
1436	-5.56
1437	-5.56
1438	-5.56
1439	-5.56
1440	-5.56
1441	-5.56
1442	-5.56
1443	-5.56
1444	-5.56
1445	-5.56
1446	-5.56
1447	-5.56
1448	-5.56
1449	-5.56
1450	-5.56
1451	-5.56
1452	-5.56
1453	-5.56
1454	-5.56
1455	-5.56
1456	-5.56
1457	-5.56
1458	-5.56
1459	-5.56
1460	-5.56
1461	-5.56
1462	-5.56
1463	-5.56
1464	-5.56
1465	-5.56
1466	-5.56
1467	-5.56
1468	-5.56
1469	-5.56
1470	-5.56
1471	-5.56
1472	-5.56
1473	-5.56
1474	-5.56
1475	-5.56
1476	-5.56
1477	-5.56
1478	-5.56
1479	-5.56
1480	-5.56
1481	-5.56
1482	-5.56
1483	-5.56
1484	-5.56
1485	-5.56
1486	-5.56
1487	-5.56
1488	-5.56
1489	-5.56
1490	-5.56
1491	-5.56
1492	-5.56
1493	-5.56
1494	-5.56
1495	-5.56
1496	-5.56
1497	-5.56
1498	-5.56
1499	-5.56
1500	-5.56
1501	-5.56
1502	-5.56
1503	-5.56
1504	-5.56
1505	-5.56
1506	-5.56
1507	-5.56
1508	-5.56
1509	-5.56
1510	-5.56
1511	-5.56
1512	-5.56
1513	-5.56
1514	-5.56
1515	-5.56
1516	-5.56
1517	-5.56
1518	-5.56
1519	-5.56
1520	-5.56
1521	-5.56
1522	-5.56
1523	-5.56
1524	-5.56
1525	-5.56
1526	-5.56
1527	-5.56
1528	-5.56
1529	-5.56
1530	-5.56
1531	-5.56
1532	-5.56
1533	-5.56
1534	-5.56
1535	-5.56
1536	-5.56
1537	-5.56
1538	-5.56
1539	-5.56
1540	-5.56
1541	-5.56
1542	-5.56
1543	-5.56
1544	-5.56
1545	-5.56
1546	-5.56
1547	-5.56
1548	-5.56
1549	-5.56
1550	-5.56
1551	-5.56
1552	-5.56
1553	-5.56
1554	-5.56
1555	-5.56
1556	-5.56
1557	-5.56
1558	-5.56
1559	-5.56
1560	-5.56
1561	-5.56
1562	-5.56
1563	-5.56
1564	-5.56
1565	-5.56
1566	-5.56
1567	-5.56
1568	-5.56
1569	-5.56
1570	-5.56
1571	-5.56
1572	-5.56
1573	-5.56
1574	-5.56
1575	-5.56
1576	-5.56
1577	-5.56
1578	-5.56
1579	-5.56
1580	-5.56
1581	-5.56
1582	-5.56
1583	-5.56
1584	-5.56
1585	-5.56
1586	-5.56
1587	-5.56
1588	-5.56
1589	-5.56
1590	-5.56
1591	-5.56
1592	-5.56
1593	-5.56
1594	-5.56
1595	-5.56
1596	-5.56
1597	-5.56
1598	-5.56
1599	-5.56
1600	-5.56
1601	-5.56
1602	-5.56
1603	-5.56
1604	-5.56
1605	-5.56
1606	-5.56
1607	-5.56
1608	-5.56
1609	-5.56
1610	-5.56
1611	-5.56
1612	-5.56
1613	-5.56
1614	-5.56
1615	-5.56
1616	-5.56
1617	-5.56
1618	-5.56
1619	-5.56
1620	-5.56
1621	-5.56
1622	-5.56
1623	-5.56
1624	-5.56
1625	-5.56
1626	-5.56
1627	-5.56
1628	-5.56
1629	-5.56
1630	-5.56
1631	-5.56
1632	-5.56
1633	-5.56
1634	-5.56
1635	-5.56
1636	-5.56
1637	-5.56
1638	-5.56
1639	-5.56
1640	-5.56
1641	-5.56
1642	-5.56
1643	-5.56
1644	-5.56
1645	-5.56
1646	-5.56
1647	-5.56
1648	-5.56
1649	-5.56
1650	-5.56
1651	-5.56
1652	-5.56
1653	-5.56
1654	-5.56
1655	-5.56
1656	-5.56
1657	-5.56
1658	-5.56
1659	-5.56
1660	-5.56
1661	-5.56
1662	-5.56
1663	-5.56
1664	-5.56
1665	-5.56
1666	-5.56
1667	-5.56
1668	-5.56
1669	-5.56
1670	-5.56
1671	-5.56
1672	-5.56
1673	-5.56
1674	-5.56
1675	-5.56
1676	-5.56
1677	-5.56
1678	-5.56
1679	-5.56
1680	-5.56
1681	-5.56
1682	-5.56
1683	-5.56
1684	-5.56
1685	-5.56
1686	-5.56
1687	-5.56
1688	-5.56
1689	-5.56
1690	-5.56
1691	-5.56
1692	-5.56
1693	-5.56
1694	-5.56
1695	-5.56
1696	-5.56
1697	-5.56
1698	-5.56
1699	-5.56
1700	-5.56
1701	-5.56
1702	-5.56
1703	-5.56
1704	-5.56
1705	-5.56
1706	-5.56
1707	-5.56
1708	-5.56
1709	-5.56
1710	-5.56
1711	-5.56
1712	-5.56
1713	-5.56
1714	-5.56
1715	-5.56
1716	-5.56
1717	-5.56
1718	-5.56
1719	-5.56
1720	-5.56
1721	-5.56
1722	-5.56
1723	-5.56
1724	-5.56
1725	-5.56
1726	-5.56
1727	-5.56
1728	-5.56
1729	-5.56
1730	-5.56
1731	-5.56
1732	-5.56
1733	-5.56
1734	-5.56
1735	-5.56
1736	-5.56
1737	-5.56
1738	-5.56
1739	-5.56
1740	-5.56
1741	-5.56
1742	-5.56
1743	-5.56
1744	-5.56
1745	-5.56
1746	-5.56
1747	-5.56
1748	-5.56
1749	-5.56
1750	-5.56
1751	-5.56
1752	-5.56
1753	-5.56
1754	-5.56
1755	-5.56
1756	-5.56
1757	-5.56
1758	-5.56
1759	-5.56
1760	-5.56
1761	-5.56
1762	-5.56
1763	-5.56
1764	-5.56
1765	-5.56
1766	-5.56
1767	-5.56
1768	-5.56
1769	-5.56
1770	-5.56
1771	-5.56
1772	-5.56
1773	-5.56
1774	-5.56
1775	-5.56
1776	-5.56
1777	-5.56
1778	-5.56
1779	-5.56
1780	-5.56
1781	-5.56
1782	-5.56
1783	-5.56
1784	-5.56
1785	-5.56
1786	-5.56
1787	-5.56
1788	-5.56
1789	-5.56
1790	-5.56
1791	-5.56
1792	-5.56
1793	-5.56
1794	-5.56
1795	-5.56
1796	-5.56
1797	-5.56
1798	-5.56
1799	-5.56
1800	-5.56
1801	-5.56
1802	-5.56
1803	-5.56
1804	-5.56
1805	-5.56
1806	-5.56
1807	-5.56
1808	-5.56
1809	-5.56
1810	-5.56
1811	-5.56
1812	-5.56
1813	-5.56
1814	-5.56
1815	-5.56
1816	-5.56
1817	-5.56
1818	-5.56
1819	-5.56
1820	-5.56
1821	-5.56
1822	-5.56
1823	-5.56
1824	-5.56
1825	-5.56
1826	-5.56
1827	-5.56
1828	-5.56
1829	-5.56
1830	-5.56
1831	-5.56
1832	-5.56
1833	-5.56
1834	-5.56
1835	-5.56
1836	-5.56
1837	-5.56
1838	-5.56
1839	-5.56
1840	-5.56
1841	-5.56
1842	-5.56
1843	-5.56
1844	-5.56
1845	-5.56
1846	-5.56
1847	-5.56
1848	-5.56
1849	-5.56
1850	-5.56
1851	-5.56
1852	-5.56
1853	-5.56
1854	-5.56
1855	-5.56
1856	-5.56
1857	-5.56
1858	-5.56
1859	-5.56
1860	-5.56
1861	-5.56
1862	-5.56
1863	-5.56
1864	-5.56
1865	-5.56
1866	-5.56
1867	-5.56
1868	-5.56
1869	-5.56
1870	-5.56
1871	-5.56
1872	-5.56
1873	-5.56
1874	-5.56
1875	-5.56
1876	-5.56
1877	-5.56
1878	-5.56
1879	-5.56
1880	-5.56
1881	-5.56
1882	-5.56
1883	-5.56
1884	-5.56
1885	-5.56
1886	-5.56
1887	-5.56
1888	-5.56
1889	-5.56
1890	-5.56
1891	-5.56
1892	-5.56
1893	-5.56
1894	-5.56
1895	-5.56
1896	-5.56
1897	-5.56
1898	-5.56
1899	-5.56
1900	-5.56
1901	-5.56
1902	-5.56
1903	-5.56
1904	-5.56
1905	-5.56
1906	-5.56
1907	-5.56
1908	-5.56
1909	-5.56
1910	-5.56
1911	-5.56
1912	-5.56
1913	-5.56
1914	-5.56
1915	-5.56
1916	-5.56
1917	-5.56
1918	-5.56
1919	-5.56
1920	-5.56
1921	-5.56
1922	-5.56
1923	-5.56
1924	-5.56
1925	-5.56
1926	-5.56
1927	-5.56
1928	-5.56
1929	-5.56
1930	-5.56
1931	-5.56
1932	-5.56
1933	-5.56
1934	-5.56
1935	-5.56
1936	-5.56
1937	-5.56
1938	-5.56
1939	-5.56
1940	-5.56
1941	-5.56
1942	-5.56
1943	-5.56
1944	-5.56
1945	-5.56
1946	-5.56
1947	-5.56
1948	-5.56
1949	-5.56
1950	-5.56
1951	-5.56
1952	-5.56
1953	-5.56
1954	-5.56
1955	-5.56
1956	-5.56
1957	-5.56
1958	-5.56
1959	-5.56
1960	-5.56
1961	-5.56
1962	-5.56
1963	-5.56
1964	-5.56
1965	-5.56
1966	-5.56
1967	-5.56
1968	-5.56
1969	-5.56
1970	-5.56
1971	-5.56
1972	-5.56
1973	-5.56
1974	-5.56
1975	-5.56
1976	-5.56
1977	-5.56
1978	-5.56
1979	-5.56
1980	-5.56
1981	-5.56
1982	-5.56
1983	-5.56
1984	-5.56
1985	-5.56
1986	-5.56
1987	-5.56
1988	-5.56
1989	-5.56
1990	-5.56
1991	-5.56
1992	-5.56
1993	-5.56
1994	-5.56
1995	-5.56
1996	-5.56
1997	-5.56
1998	-5.56
1999	-5.56
