0	57.3
1	57.3
2	57.3
3	57.3
4	57.3
5	57.3
6	57.3
7	57.3
8	57.3
9	57.3
10	57.3
11	57.3
12	57.3
13	57.3
14	57.3
15	57.3
16	57.3
17	57.3
18	57.3
19	57.3
20	57.3
21	57.3
22	57.3
23	57.3
24	57.3
25	57.3
26	57.3
27	57.3
28	57.3
29	57.3
30	57.3
31	57.3
32	57.3
33	57.3
34	57.3
35	57.3
36	57.3
37	57.3
38	57.3
39	57.3
40	57.3
41	57.3
42	57.3
43	57.3
44	57.3
45	57.3
46	57.3
47	57.3
48	57.3
49	57.3
50	57.3
51	57.3
52	57.3
53	57.3
54	57.3
55	57.3
56	57.3
57	57.3
58	57.3
59	57.3
60	57.3
61	57.3
62	57.3
63	57.3
64	57.3
65	57.3
66	57.3
67	57.3
68	57.3
69	57.3
70	57.3
71	57.3
72	57.3
73	57.3
74	57.3
75	57.3
76	57.3
77	57.3
78	57.3
79	57.3
80	57.3
81	57.3
82	57.3
83	57.3
84	57.3
85	57.3
86	57.3
87	57.3
88	57.3
89	57.3
90	57.3
91	57.3
92	57.3
93	57.3
94	57.3
95	57.3
96	57.3
97	57.3
98	57.3
99	57.3
100	57.3
101	57.3
102	57.3
103	57.3
104	57.3
105	57.3
106	57.3
107	57.3
108	57.3
109	57.3
110	57.3
111	57.3
112	57.3
113	57.3
114	57.3
115	57.3
116	57.3
117	57.3
118	57.3
119	57.3
120	57.3
121	57.3
122	57.3
123	57.3
124	57.3
125	57.3
126	57.3
127	57.3
128	57.3
129	57.3
130	57.3
131	57.3
132	57.3
133	57.3
134	57.3
135	57.3
136	57.3
137	57.3
138	57.3
139	57.3
140	57.3
141	57.3
142	57.3
143	57.3
144	57.3
145	57.3
146	57.3
147	57.3
148	57.3
149	57.3
150	57.3
151	57.3
152	57.3
153	57.3
154	57.3
155	57.3
156	57.3
157	57.3
158	57.3
159	57.3
160	57.3
161	57.3
162	57.3
163	57.3
164	57.3
165	57.3
166	57.3
167	57.3
168	57.3
169	57.3
170	57.3
171	57.3
172	57.3
173	57.3
174	57.3
175	57.3
176	57.3
177	57.3
178	57.3
179	57.3
180	57.3
181	57.3
182	57.3
183	57.3
184	57.3
185	57.3
186	57.3
187	57.3
188	57.3
189	57.3
190	57.3
191	57.3
192	57.3
193	57.3
194	57.3
195	57.3
196	57.3
197	57.3
198	57.3
199	57.3
200	57.3
201	57.3
202	57.3
203	57.3
204	57.3
205	57.3
206	57.3
207	57.3
208	57.3
209	57.3
210	57.3
211	57.3
212	57.3
213	57.3
214	57.3
215	57.3
216	57.3
217	57.3
218	57.3
219	57.3
220	57.3
221	57.3
222	57.3
223	57.3
224	57.3
225	57.3
226	57.3
227	57.3
228	57.3
229	57.3
230	57.3
231	57.3
232	57.3
233	57.3
234	57.3
235	57.3
236	57.3
237	57.3
238	57.3
239	57.3
240	57.3
241	57.3
242	57.3
243	57.3
244	57.3
245	57.3
246	57.3
247	57.3
248	57.3
249	57.3
250	57.3
251	57.3
252	57.3
253	57.3
254	57.3
255	57.3
256	57.3
257	57.3
258	57.3
259	57.3
260	57.3
261	57.3
262	57.3
263	57.3
264	57.3
265	57.3
266	57.3
267	57.3
268	57.3
269	57.3
270	57.3
271	57.3
272	57.3
273	57.3
274	57.3
275	57.3
276	57.3
277	57.3
278	57.3
279	57.3
280	57.3
281	57.3
282	57.3
283	57.3
284	57.3
285	57.3
286	57.3
287	57.3
288	57.3
289	57.3
290	57.3
291	57.3
292	57.3
293	57.3
294	57.3
295	57.3
296	57.3
297	57.3
298	57.3
299	57.3
300	57.3
301	57.3
302	57.3
303	57.3
304	57.3
305	57.3
306	57.3
307	57.3
308	57.3
309	57.3
310	57.3
311	57.3
312	57.3
313	57.3
314	57.3
315	57.3
316	57.3
317	57.3
318	57.3
319	57.3
320	57.3
321	57.3
322	57.3
323	57.3
324	57.3
325	57.3
326	57.3
327	57.3
328	57.3
329	57.3
330	57.3
331	57.3
332	57.3
333	57.3
334	57.3
335	57.3
336	57.3
337	57.3
338	57.3
339	57.3
340	57.3
341	57.3
342	57.3
343	57.3
344	57.3
345	57.3
346	57.3
347	57.3
348	57.3
349	57.3
350	57.3
351	57.3
352	57.3
353	57.3
354	57.3
355	57.3
356	57.3
357	57.3
358	57.3
359	57.3
360	57.3
361	57.3
362	57.3
363	57.3
364	57.3
365	57.3
366	57.3
367	57.3
368	57.3
369	57.3
370	57.3
371	57.3
372	57.3
373	57.3
374	57.3
375	57.3
376	57.3
377	57.3
378	57.3
379	57.3
380	57.3
381	57.3
382	57.3
383	57.3
384	57.3
385	57.3
386	57.3
387	57.3
388	57.3
389	57.3
390	57.3
391	57.3
392	57.3
393	57.3
394	57.3
395	57.3
396	57.3
397	57.3
398	57.3
399	57.3
400	57.3
401	57.3
402	57.3
403	57.3
404	57.3
405	57.3
406	57.3
407	57.3
408	57.3
409	57.3
410	57.3
411	57.3
412	57.3
413	57.3
414	57.3
415	57.3
416	57.3
417	57.3
418	57.3
419	57.3
420	57.3
421	57.3
422	57.3
423	57.3
424	57.3
425	57.3
426	57.3
427	57.3
428	57.3
429	57.3
430	57.3
431	57.3
432	57.3
433	57.3
434	57.3
435	57.3
436	57.3
437	57.3
438	57.3
439	57.3
440	57.3
441	57.3
442	57.3
443	57.3
444	57.3
445	57.3
446	57.3
447	57.3
448	57.3
449	57.3
450	57.3
451	57.3
452	57.3
453	57.3
454	57.3
455	57.3
456	57.3
457	57.3
458	57.3
459	57.3
460	57.3
461	57.3
462	57.3
463	57.3
464	57.3
465	57.3
466	57.3
467	57.3
468	57.3
469	57.3
470	57.3
471	57.3
472	57.3
473	57.3
474	57.3
475	57.3
476	57.3
477	57.3
478	57.3
479	57.3
480	57.3
481	57.3
482	57.3
483	57.3
484	57.3
485	57.3
486	57.3
487	57.3
488	57.3
489	57.3
490	57.3
491	57.3
492	57.3
493	57.3
494	57.3
495	57.3
496	57.3
497	57.3
498	57.3
499	57.3
500	57.3
501	57.3
502	57.3
503	57.3
504	57.3
505	57.3
506	57.3
507	57.3
508	57.3
509	57.3
510	57.3
511	57.3
512	57.3
513	57.3
514	57.3
515	57.3
516	57.3
517	57.3
518	57.3
519	57.3
520	57.3
521	57.3
522	57.3
523	57.3
524	57.3
525	57.3
526	57.3
527	57.3
528	57.3
529	57.3
530	57.3
531	57.3
532	57.3
533	57.3
534	57.3
535	57.3
536	57.3
537	57.3
538	57.3
539	57.3
540	57.3
541	57.3
542	57.3
543	57.3
544	57.3
545	57.3
546	57.3
547	57.3
548	57.3
549	57.3
550	57.3
551	57.3
552	57.3
553	57.3
554	57.3
555	57.3
556	57.3
557	57.3
558	57.3
559	57.3
560	57.3
561	57.3
562	57.3
563	57.3
564	57.3
565	57.3
566	57.3
567	57.3
568	57.3
569	57.3
570	57.3
571	57.3
572	57.3
573	57.3
574	57.3
575	57.3
576	57.3
577	57.3
578	57.3
579	57.3
580	57.3
581	57.3
582	57.3
583	57.3
584	57.3
585	57.3
586	57.3
587	57.3
588	57.3
589	57.3
590	57.3
591	57.3
592	57.3
593	57.3
594	57.3
595	57.3
596	57.3
597	57.3
598	57.3
599	57.3
600	57.3
601	57.3
602	57.3
603	57.3
604	57.3
605	57.3
606	57.3
607	57.3
608	57.3
609	57.3
610	57.3
611	57.3
612	57.3
613	57.3
614	57.3
615	57.3
616	57.3
617	57.3
618	57.3
619	57.3
620	57.3
621	57.3
622	57.3
623	57.3
624	57.3
625	57.3
626	57.3
627	57.3
628	57.3
629	57.3
630	57.3
631	57.3
632	57.3
633	57.3
634	57.3
635	57.3
636	57.3
637	57.3
638	57.3
639	57.3
640	57.3
641	57.3
642	57.3
643	57.3
644	57.3
645	57.3
646	57.3
647	57.3
648	57.3
649	57.3
650	57.3
651	57.3
652	57.3
653	57.3
654	57.3
655	57.3
656	57.3
657	57.3
658	57.3
659	57.3
660	57.3
661	57.3
662	57.3
663	57.3
664	57.3
665	57.3
666	57.3
667	57.3
668	57.3
669	57.3
670	57.3
671	57.3
672	57.3
673	57.3
674	57.3
675	57.3
676	57.3
677	57.3
678	57.3
679	57.3
680	57.3
681	57.3
682	57.3
683	57.3
684	57.3
685	57.3
686	57.3
687	57.3
688	57.3
689	57.3
690	57.3
691	57.3
692	57.3
693	57.3
694	57.3
695	57.3
696	57.3
697	57.3
698	57.3
699	57.3
700	57.3
701	57.3
702	57.3
703	57.3
704	57.3
705	57.3
706	57.3
707	57.3
708	57.3
709	57.3
710	57.3
711	57.3
712	57.3
713	57.3
714	57.3
715	57.3
716	57.3
717	57.3
718	57.3
719	57.3
720	57.3
721	57.3
722	57.3
723	57.3
724	57.3
725	57.3
726	57.3
727	57.3
728	57.3
729	57.3
730	57.3
731	57.3
732	57.3
733	57.3
734	57.3
735	57.3
736	57.3
737	57.3
738	57.3
739	57.3
740	57.3
741	57.3
742	57.3
743	57.3
744	57.3
745	57.3
746	57.3
747	57.3
748	57.3
749	57.3
750	57.3
751	57.3
752	57.3
753	57.3
754	57.3
755	57.3
756	57.3
757	57.3
758	57.3
759	57.3
760	57.3
761	57.3
762	57.3
763	57.3
764	57.3
765	57.3
766	57.3
767	57.3
768	57.3
769	57.3
770	57.3
771	57.3
772	57.3
773	57.3
774	57.3
775	57.3
776	57.3
777	57.3
778	57.3
779	57.3
780	57.3
781	57.3
782	57.3
783	57.3
784	57.3
785	57.3
786	57.3
787	57.3
788	57.3
789	57.3
790	57.3
791	57.3
792	57.3
793	57.3
794	57.3
795	57.3
796	57.3
797	57.3
798	57.3
799	57.3
800	57.3
801	57.3
802	57.3
803	57.3
804	57.3
805	57.3
806	57.3
807	57.3
808	57.3
809	57.3
810	57.3
811	57.3
812	57.3
813	57.3
814	57.3
815	57.3
816	57.3
817	57.3
818	57.3
819	57.3
820	57.3
821	57.3
822	57.3
823	57.3
824	57.3
825	57.3
826	57.3
827	57.3
828	57.3
829	57.3
830	57.3
831	57.3
832	57.3
833	57.3
834	57.3
835	57.3
836	57.3
837	57.3
838	57.3
839	57.3
840	57.3
841	57.3
842	57.3
843	57.3
844	57.3
845	57.3
846	57.3
847	57.3
848	57.3
849	57.3
850	57.3
851	57.3
852	57.3
853	57.3
854	57.3
855	57.3
856	57.3
857	57.3
858	57.3
859	57.3
860	57.3
861	57.3
862	57.3
863	57.3
864	57.3
865	57.3
866	57.3
867	57.3
868	57.3
869	57.3
870	57.3
871	57.3
872	57.3
873	57.3
874	57.3
875	57.3
876	57.3
877	57.3
878	57.3
879	57.3
880	57.3
881	57.3
882	57.3
883	57.3
884	57.3
885	57.3
886	57.3
887	57.3
888	57.3
889	57.3
890	57.3
891	57.3
892	57.3
893	57.3
894	57.3
895	57.3
896	57.3
897	57.3
898	57.3
899	57.3
900	57.3
901	57.3
902	57.3
903	57.3
904	57.3
905	57.3
906	57.3
907	57.3
908	57.3
909	57.3
910	57.3
911	57.3
912	57.3
913	57.3
914	57.3
915	57.3
916	57.3
917	57.3
918	57.3
919	57.3
920	57.3
921	57.3
922	57.3
923	57.3
924	57.3
925	57.3
926	57.3
927	57.3
928	57.3
929	57.3
930	57.3
931	57.3
932	57.3
933	57.3
934	57.3
935	57.3
936	57.3
937	57.3
938	57.3
939	57.3
940	57.3
941	57.3
942	57.3
943	57.3
944	57.3
945	57.3
946	57.3
947	57.3
948	57.3
949	57.3
950	57.3
951	57.3
952	57.3
953	57.3
954	57.3
955	57.3
956	57.3
957	57.3
958	57.3
959	57.3
960	57.3
961	57.3
962	57.3
963	57.3
964	57.3
965	57.3
966	57.3
967	57.3
968	57.3
969	57.3
970	57.3
971	57.3
972	57.3
973	57.3
974	57.3
975	57.3
976	57.3
977	57.3
978	57.3
979	57.3
980	57.3
981	57.3
982	57.3
983	57.3
984	57.3
985	57.3
986	57.3
987	57.3
988	57.3
989	57.3
990	57.3
991	57.3
992	57.3
993	57.3
994	57.3
995	57.3
996	57.3
997	57.3
998	57.3
999	57.3
1000	57.3
1001	57.3
1002	57.3
1003	57.3
1004	57.3
1005	57.3
1006	57.3
1007	57.3
1008	57.3
1009	57.3
1010	57.3
1011	57.3
1012	57.3
1013	57.3
1014	57.3
1015	57.3
1016	57.3
1017	57.3
1018	57.3
1019	57.3
1020	57.3
1021	57.3
1022	57.3
1023	57.3
1024	57.3
1025	57.3
1026	57.3
1027	57.3
1028	57.3
1029	57.3
1030	57.3
1031	57.3
1032	57.3
1033	57.3
1034	57.3
1035	57.3
1036	57.3
1037	57.3
1038	57.3
1039	57.3
1040	57.3
1041	57.3
1042	57.3
1043	57.3
1044	57.3
1045	57.3
1046	57.3
1047	57.3
1048	57.3
1049	57.3
1050	57.3
1051	57.3
1052	57.3
1053	57.3
1054	57.3
1055	57.3
1056	57.3
1057	57.3
1058	57.3
1059	57.3
1060	57.3
1061	57.3
1062	57.3
1063	57.3
1064	57.3
1065	57.3
1066	57.3
1067	57.3
1068	57.3
1069	57.3
1070	57.3
1071	57.3
1072	57.3
1073	57.3
1074	57.3
1075	57.3
1076	57.3
1077	57.3
1078	57.3
1079	57.3
1080	57.3
1081	57.3
1082	57.3
1083	57.3
1084	57.3
1085	57.3
1086	57.3
1087	57.3
1088	57.3
1089	57.3
1090	57.3
1091	57.3
1092	57.3
1093	57.3
1094	57.3
1095	57.3
1096	57.3
1097	57.3
1098	57.3
1099	57.3
1100	57.3
1101	57.3
1102	57.3
1103	57.3
1104	57.3
1105	57.3
1106	57.3
1107	57.3
1108	57.3
1109	57.3
1110	57.3
1111	57.3
1112	57.3
1113	57.3
1114	57.3
1115	57.3
1116	57.3
1117	57.3
1118	57.3
1119	57.3
1120	57.3
1121	57.3
1122	57.3
1123	57.3
1124	57.3
1125	57.3
1126	57.3
1127	57.3
1128	57.3
1129	57.3
1130	57.3
1131	57.3
1132	57.3
1133	57.3
1134	57.3
1135	57.3
1136	57.3
1137	57.3
1138	57.3
1139	57.3
1140	57.3
1141	57.3
1142	57.3
1143	57.3
1144	57.3
1145	57.3
1146	57.3
1147	57.3
1148	57.3
1149	57.3
1150	57.3
1151	57.3
1152	57.3
1153	57.3
1154	57.3
1155	57.3
1156	57.3
1157	57.3
1158	57.3
1159	57.3
1160	57.3
1161	57.3
1162	57.3
1163	57.3
1164	57.3
1165	57.3
1166	57.3
1167	57.3
1168	57.3
1169	57.3
1170	57.3
1171	57.3
1172	57.3
1173	57.3
1174	57.3
1175	57.3
1176	57.3
1177	57.3
1178	57.3
1179	57.3
1180	57.3
1181	57.3
1182	57.3
1183	57.3
1184	57.3
1185	57.3
1186	57.3
1187	57.3
1188	57.3
1189	57.3
1190	57.3
1191	57.3
1192	57.3
1193	57.3
1194	57.3
1195	57.3
1196	57.3
1197	57.3
1198	57.3
1199	57.3
1200	57.3
1201	57.3
1202	57.3
1203	57.3
1204	57.3
1205	57.3
1206	57.3
1207	57.3
1208	57.3
1209	57.3
1210	57.3
1211	57.3
1212	57.3
1213	57.3
1214	57.3
1215	57.3
1216	57.3
1217	57.3
1218	57.3
1219	57.3
1220	57.3
1221	57.3
1222	57.3
1223	57.3
1224	57.3
1225	57.3
1226	57.3
1227	57.3
1228	57.3
1229	57.3
1230	57.3
1231	57.3
1232	57.3
1233	57.3
1234	57.3
1235	57.3
1236	57.3
1237	57.3
1238	57.3
1239	57.3
1240	57.3
1241	57.3
1242	57.3
1243	57.3
1244	57.3
1245	57.3
1246	57.3
1247	57.3
1248	57.3
1249	57.3
1250	57.3
1251	57.3
1252	57.3
1253	57.3
1254	57.3
1255	57.3
1256	57.3
1257	57.3
1258	57.3
1259	57.3
1260	57.3
1261	57.3
1262	57.3
1263	57.3
1264	57.3
1265	57.3
1266	57.3
1267	57.3
1268	57.3
1269	57.3
1270	57.3
1271	57.3
1272	57.3
1273	57.3
1274	57.3
1275	57.3
1276	57.3
1277	57.3
1278	57.3
1279	57.3
1280	57.3
1281	57.3
1282	57.3
1283	57.3
1284	57.3
1285	57.3
1286	57.3
1287	57.3
1288	57.3
1289	57.3
1290	57.3
1291	57.3
1292	57.3
1293	57.3
1294	57.3
1295	57.3
1296	57.3
1297	57.3
1298	57.3
1299	57.3
1300	57.3
1301	57.3
1302	57.3
1303	57.3
1304	57.3
1305	57.3
1306	57.3
1307	57.3
1308	57.3
1309	57.3
1310	57.3
1311	57.3
1312	57.3
1313	57.3
1314	57.3
1315	57.3
1316	57.3
1317	57.3
1318	57.3
1319	57.3
1320	57.3
1321	57.3
1322	57.3
1323	57.3
1324	57.3
1325	57.3
1326	57.3
1327	57.3
1328	57.3
1329	57.3
1330	57.3
1331	57.3
1332	57.3
1333	57.3
1334	57.3
1335	57.3
1336	57.3
1337	57.3
1338	57.3
1339	57.3
1340	57.3
1341	57.3
1342	57.3
1343	57.3
1344	57.3
1345	57.3
1346	57.3
1347	57.3
1348	57.3
1349	57.3
1350	57.3
1351	57.3
1352	57.3
1353	57.3
1354	57.3
1355	57.3
1356	57.3
1357	57.3
1358	57.3
1359	57.3
1360	57.3
1361	57.3
1362	57.3
1363	57.3
1364	57.3
1365	57.3
1366	57.3
1367	57.3
1368	57.3
1369	57.3
1370	57.3
1371	57.3
1372	57.3
1373	57.3
1374	57.3
1375	57.3
1376	57.3
1377	57.3
1378	57.3
1379	57.3
1380	57.3
1381	57.3
1382	57.3
1383	57.3
1384	57.3
1385	57.3
1386	57.3
1387	57.3
1388	57.3
1389	57.3
1390	57.3
1391	57.3
1392	57.3
1393	57.3
1394	57.3
1395	57.3
1396	57.3
1397	57.3
1398	57.3
1399	57.3
1400	57.3
1401	57.3
1402	57.3
1403	57.3
1404	57.3
1405	57.3
1406	57.3
1407	57.3
1408	57.3
1409	57.3
1410	57.3
1411	57.3
1412	57.3
1413	57.3
1414	57.3
1415	57.3
1416	57.3
1417	57.3
1418	57.3
1419	57.3
1420	57.3
1421	57.3
1422	57.3
1423	57.3
1424	57.3
1425	57.3
1426	57.3
1427	57.3
1428	57.3
1429	57.3
1430	57.3
1431	57.3
1432	57.3
1433	57.3
1434	57.3
1435	57.3
1436	57.3
1437	57.3
1438	57.3
1439	57.3
1440	57.3
1441	57.3
1442	57.3
1443	57.3
1444	57.3
1445	57.3
1446	57.3
1447	57.3
1448	57.3
1449	57.3
1450	57.3
1451	57.3
1452	57.3
1453	57.3
1454	57.3
1455	57.3
1456	57.3
1457	57.3
1458	57.3
1459	57.3
1460	57.3
1461	57.3
1462	57.3
1463	57.3
1464	57.3
1465	57.3
1466	57.3
1467	57.3
1468	57.3
1469	57.3
1470	57.3
1471	57.3
1472	57.3
1473	57.3
1474	57.3
1475	57.3
1476	57.3
1477	57.3
1478	57.3
1479	57.3
1480	57.3
1481	57.3
1482	57.3
1483	57.3
1484	57.3
1485	57.3
1486	57.3
1487	57.3
1488	57.3
1489	57.3
1490	57.3
1491	57.3
1492	57.3
1493	57.3
1494	57.3
1495	57.3
1496	57.3
1497	57.3
1498	57.3
1499	57.3
1500	57.3
1501	57.3
1502	57.3
1503	57.3
1504	57.3
1505	57.3
1506	57.3
1507	57.3
1508	57.3
1509	57.3
1510	57.3
1511	57.3
1512	57.3
1513	57.3
1514	57.3
1515	57.3
1516	57.3
1517	57.3
1518	57.3
1519	57.3
1520	57.3
1521	57.3
1522	57.3
1523	57.3
1524	57.3
1525	57.3
1526	57.3
1527	57.3
1528	57.3
1529	57.3
1530	57.3
1531	57.3
1532	57.3
1533	57.3
1534	57.3
1535	57.3
1536	57.3
1537	57.3
1538	57.3
1539	57.3
1540	57.3
1541	57.3
1542	57.3
1543	57.3
1544	57.3
1545	57.3
1546	57.3
1547	57.3
1548	57.3
1549	57.3
1550	57.3
1551	57.3
1552	57.3
1553	57.3
1554	57.3
1555	57.3
1556	57.3
1557	57.3
1558	57.3
1559	57.3
1560	57.3
1561	57.3
1562	57.3
1563	57.3
1564	57.3
1565	57.3
1566	57.3
1567	57.3
1568	57.3
1569	57.3
1570	57.3
1571	57.3
1572	57.3
1573	57.3
1574	57.3
1575	57.3
1576	57.3
1577	57.3
1578	57.3
1579	57.3
1580	57.3
1581	57.3
1582	57.3
1583	57.3
1584	57.3
1585	57.3
1586	57.3
1587	57.3
1588	57.3
1589	57.3
1590	57.3
1591	57.3
1592	57.3
1593	57.3
1594	57.3
1595	57.3
1596	57.3
1597	57.3
1598	57.3
1599	57.3
1600	57.3
1601	57.3
1602	57.3
1603	57.3
1604	57.3
1605	57.3
1606	57.3
1607	57.3
1608	57.3
1609	57.3
1610	57.3
1611	57.3
1612	57.3
1613	57.3
1614	57.3
1615	57.3
1616	57.3
1617	57.3
1618	57.3
1619	57.3
1620	57.3
1621	57.3
1622	57.3
1623	57.3
1624	57.3
1625	57.3
1626	57.3
1627	57.3
1628	57.3
1629	57.3
1630	57.3
1631	57.3
1632	57.3
1633	57.3
1634	57.3
1635	57.3
1636	57.3
1637	57.3
1638	57.3
1639	57.3
1640	57.3
1641	57.3
1642	57.3
1643	57.3
1644	57.3
1645	57.3
1646	57.3
1647	57.3
1648	57.3
1649	57.3
1650	57.3
1651	57.3
1652	57.3
1653	57.3
1654	57.3
1655	57.3
1656	57.3
1657	57.3
1658	57.3
1659	57.3
1660	57.3
1661	57.3
1662	57.3
1663	57.3
1664	57.3
1665	57.3
1666	57.3
1667	57.3
1668	57.3
1669	57.3
1670	57.3
1671	57.3
1672	57.3
1673	57.3
1674	57.3
1675	57.3
1676	57.3
1677	57.3
1678	57.3
1679	57.3
1680	57.3
1681	57.3
1682	57.3
1683	57.3
1684	57.3
1685	57.3
1686	57.3
1687	57.3
1688	57.3
1689	57.3
1690	57.3
1691	57.3
1692	57.3
1693	57.3
1694	57.3
1695	57.3
1696	57.3
1697	57.3
1698	57.3
1699	57.3
1700	57.3
1701	57.3
1702	57.3
1703	57.3
1704	57.3
1705	57.3
1706	57.3
1707	57.3
1708	57.3
1709	57.3
1710	57.3
1711	57.3
1712	57.3
1713	57.3
1714	57.3
1715	57.3
1716	57.3
1717	57.3
1718	57.3
1719	57.3
1720	57.3
1721	57.3
1722	57.3
1723	57.3
1724	57.3
1725	57.3
1726	57.3
1727	57.3
1728	57.3
1729	57.3
1730	57.3
1731	57.3
1732	57.3
1733	57.3
1734	57.3
1735	57.3
1736	57.3
1737	57.3
1738	57.3
1739	57.3
1740	57.3
1741	57.3
1742	57.3
1743	57.3
1744	57.3
1745	57.3
1746	57.3
1747	57.3
1748	57.3
1749	57.3
1750	57.3
1751	57.3
1752	57.3
1753	57.3
1754	57.3
1755	57.3
1756	57.3
1757	57.3
1758	57.3
1759	57.3
1760	57.3
1761	57.3
1762	57.3
1763	57.3
1764	57.3
1765	57.3
1766	57.3
1767	57.3
1768	57.3
1769	57.3
1770	57.3
1771	57.3
1772	57.3
1773	57.3
1774	57.3
1775	57.3
1776	57.3
1777	57.3
1778	57.3
1779	57.3
1780	57.3
1781	57.3
1782	57.3
1783	57.3
1784	57.3
1785	57.3
1786	57.3
1787	57.3
1788	57.3
1789	57.3
1790	57.3
1791	57.3
1792	57.3
1793	57.3
1794	57.3
1795	57.3
1796	57.3
1797	57.3
1798	57.3
1799	57.3
1800	57.3
1801	57.3
1802	57.3
1803	57.3
1804	57.3
1805	57.3
1806	57.3
1807	57.3
1808	57.3
1809	57.3
1810	57.3
1811	57.3
1812	57.3
1813	57.3
1814	57.3
1815	57.3
1816	57.3
1817	57.3
1818	57.3
1819	57.3
1820	57.3
1821	57.3
1822	57.3
1823	57.3
1824	57.3
1825	57.3
1826	57.3
1827	57.3
1828	57.3
1829	57.3
1830	57.3
1831	57.3
1832	57.3
1833	57.3
1834	57.3
1835	57.3
1836	57.3
1837	57.3
1838	57.3
1839	57.3
1840	57.3
1841	57.3
1842	57.3
1843	57.3
1844	57.3
1845	57.3
1846	57.3
1847	57.3
1848	57.3
1849	57.3
1850	57.3
1851	57.3
1852	57.3
1853	57.3
1854	57.3
1855	57.3
1856	57.3
1857	57.3
1858	57.3
1859	57.3
1860	57.3
1861	57.3
1862	57.3
1863	57.3
1864	57.3
1865	57.3
1866	57.3
1867	57.3
1868	57.3
1869	57.3
1870	57.3
1871	57.3
1872	57.3
1873	57.3
1874	57.3
1875	57.3
1876	57.3
1877	57.3
1878	57.3
1879	57.3
1880	57.3
1881	57.3
1882	57.3
1883	57.3
1884	57.3
1885	57.3
1886	57.3
1887	57.3
1888	57.3
1889	57.3
1890	57.3
1891	57.3
1892	57.3
1893	57.3
1894	57.3
1895	57.3
1896	57.3
1897	57.3
1898	57.3
1899	57.3
1900	57.3
1901	57.3
1902	57.3
1903	57.3
1904	57.3
1905	57.3
1906	57.3
1907	57.3
1908	57.3
1909	57.3
1910	57.3
1911	57.3
1912	57.3
1913	57.3
1914	57.3
1915	57.3
1916	57.3
1917	57.3
1918	57.3
1919	57.3
1920	57.3
1921	57.3
1922	57.3
1923	57.3
1924	57.3
1925	57.3
1926	57.3
1927	57.3
1928	57.3
1929	57.3
1930	57.3
1931	57.3
1932	57.3
1933	57.3
1934	57.3
1935	57.3
1936	57.3
1937	57.3
1938	57.3
1939	57.3
1940	57.3
1941	57.3
1942	57.3
1943	57.3
1944	57.3
1945	57.3
1946	57.3
1947	57.3
1948	57.3
1949	57.3
1950	57.3
1951	57.3
1952	57.3
1953	57.3
1954	57.3
1955	57.3
1956	57.3
1957	57.3
1958	57.3
1959	57.3
1960	57.3
1961	57.3
1962	57.3
1963	57.3
1964	57.3
1965	57.3
1966	57.3
1967	57.3
1968	57.3
1969	57.3
1970	57.3
1971	57.3
1972	57.3
1973	57.3
1974	57.3
1975	57.3
1976	57.3
1977	57.3
1978	57.3
1979	57.3
1980	57.3
1981	57.3
1982	57.3
1983	57.3
1984	57.3
1985	57.3
1986	57.3
1987	57.3
1988	57.3
1989	57.3
1990	57.3
1991	57.3
1992	57.3
1993	57.3
1994	57.3
1995	57.3
1996	57.3
1997	57.3
1998	57.3
1999	57.3
2000	57.3
2001	57.3
2002	57.3
2003	57.3
2004	57.3
2005	57.3
2006	57.3
2007	57.3
2008	57.3
2009	57.3
2010	57.3
2011	57.3
2012	57.3
2013	57.3
2014	57.3
2015	57.3
2016	57.3
2017	57.3
2018	57.3
2019	57.3
2020	57.3
2021	57.3
2022	57.3
2023	57.3
2024	57.3
2025	57.3
2026	57.3
2027	57.3
2028	57.3
2029	57.3
2030	57.3
2031	57.3
2032	57.3
2033	57.3
2034	57.3
2035	57.3
2036	57.3
2037	57.3
2038	57.3
2039	57.3
2040	57.3
2041	57.3
2042	57.3
2043	57.3
2044	57.3
2045	57.3
2046	57.3
2047	57.3
2048	57.3
2049	57.3
2050	57.3
2051	57.3
2052	57.3
2053	57.3
2054	57.3
2055	57.3
2056	57.3
2057	57.3
2058	57.3
2059	57.3
2060	57.3
2061	57.3
2062	57.3
2063	57.3
2064	57.3
2065	57.3
2066	57.3
2067	57.3
2068	57.3
2069	57.3
2070	57.3
2071	57.3
2072	57.3
2073	57.3
2074	57.3
2075	57.3
2076	57.3
2077	57.3
2078	57.3
2079	57.3
2080	57.3
2081	57.3
2082	57.3
2083	57.3
2084	57.3
2085	57.3
2086	57.3
2087	57.3
2088	57.3
2089	57.3
2090	57.3
2091	57.3
2092	57.3
2093	57.3
2094	57.3
2095	57.3
2096	57.3
2097	57.3
2098	57.3
2099	57.3
2100	57.3
2101	57.3
2102	57.3
2103	57.3
2104	57.3
2105	57.3
2106	57.3
2107	57.3
2108	57.3
2109	57.3
2110	57.3
2111	57.3
2112	57.3
2113	57.3
2114	57.3
2115	57.3
2116	57.3
2117	57.3
2118	57.3
2119	57.3
2120	57.3
2121	57.3
2122	57.3
2123	57.3
2124	57.3
2125	57.3
2126	57.3
2127	57.3
2128	57.3
2129	57.3
2130	57.3
2131	57.3
2132	57.3
2133	57.3
2134	57.3
2135	57.3
2136	57.3
2137	57.3
2138	57.3
2139	57.3
2140	57.3
2141	57.3
2142	57.3
2143	57.3
2144	57.3
2145	57.3
2146	57.3
2147	57.3
2148	57.3
2149	57.3
2150	57.3
2151	57.3
2152	57.3
2153	57.3
2154	57.3
2155	57.3
2156	57.3
2157	57.3
2158	57.3
2159	57.3
2160	57.3
2161	57.3
2162	57.3
2163	57.3
2164	57.3
2165	57.3
2166	57.3
2167	57.3
2168	57.3
2169	57.3
2170	57.3
2171	57.3
2172	57.3
2173	57.3
2174	57.3
2175	57.3
2176	57.3
2177	57.3
2178	57.3
2179	57.3
2180	57.3
2181	57.3
2182	57.3
2183	57.3
2184	57.3
2185	57.3
2186	57.3
2187	57.3
2188	57.3
2189	57.3
2190	57.3
2191	57.3
2192	57.3
2193	57.3
2194	57.3
2195	57.3
2196	57.3
2197	57.3
2198	57.3
2199	57.3
2200	57.3
2201	57.3
2202	57.3
2203	57.3
2204	57.3
2205	57.3
2206	57.3
2207	57.3
2208	57.3
2209	57.3
2210	57.3
2211	57.3
2212	57.3
2213	57.3
2214	57.3
2215	57.3
2216	57.3
2217	57.3
2218	57.3
2219	57.3
2220	57.3
2221	57.3
2222	57.3
2223	57.3
2224	57.3
2225	57.3
2226	57.3
2227	57.3
2228	57.3
2229	57.3
2230	57.3
2231	57.3
2232	57.3
2233	57.3
2234	57.3
2235	57.3
2236	57.3
2237	57.3
2238	57.3
2239	57.3
2240	57.3
2241	57.3
2242	57.3
2243	57.3
2244	57.3
2245	57.3
2246	57.3
2247	57.3
2248	57.3
2249	57.3
2250	57.3
2251	57.3
2252	57.3
2253	57.3
2254	57.3
2255	57.3
2256	57.3
2257	57.3
2258	57.3
2259	57.3
2260	57.3
2261	57.3
2262	57.3
2263	57.3
2264	57.3
2265	57.3
2266	57.3
2267	57.3
2268	57.3
2269	57.3
2270	57.3
2271	57.3
2272	57.3
2273	57.3
2274	57.3
2275	57.3
2276	57.3
2277	57.3
2278	57.3
2279	57.3
2280	57.3
2281	57.3
2282	57.3
2283	57.3
2284	57.3
2285	57.3
2286	57.3
2287	57.3
2288	57.3
2289	57.3
2290	57.3
2291	57.3
2292	57.3
2293	57.3
2294	57.3
2295	57.3
2296	57.3
2297	57.3
2298	57.3
2299	57.3
2300	57.3
2301	57.3
2302	57.3
2303	57.3
2304	57.3
2305	57.3
2306	57.3
2307	57.3
2308	57.3
2309	57.3
2310	57.3
2311	57.3
2312	57.3
2313	57.3
2314	57.3
2315	57.3
2316	57.3
2317	57.3
2318	57.3
2319	57.3
2320	57.3
2321	57.3
2322	57.3
2323	57.3
2324	57.3
2325	57.3
2326	57.3
2327	57.3
2328	57.3
2329	57.3
2330	57.3
2331	57.3
2332	57.3
2333	57.3
2334	57.3
2335	57.3
2336	57.3
2337	57.3
2338	57.3
2339	57.3
2340	57.3
2341	57.3
2342	57.3
2343	57.3
2344	57.3
2345	57.3
2346	57.3
2347	57.3
2348	57.3
2349	57.3
2350	57.3
2351	57.3
2352	57.3
2353	57.3
2354	57.3
2355	57.3
2356	57.3
2357	57.3
2358	57.3
2359	57.3
2360	57.3
2361	57.3
2362	57.3
2363	57.3
2364	57.3
2365	57.3
2366	57.3
2367	57.3
2368	57.3
2369	57.3
2370	57.3
2371	57.3
2372	57.3
2373	57.3
2374	57.3
2375	57.3
2376	57.3
2377	57.3
2378	57.3
2379	57.3
2380	57.3
2381	57.3
2382	57.3
2383	57.3
2384	57.3
2385	57.3
2386	57.3
2387	57.3
2388	57.3
2389	57.3
2390	57.3
2391	57.3
2392	57.3
2393	57.3
2394	57.3
2395	57.3
2396	57.3
2397	57.3
2398	57.3
2399	57.3
2400	57.3
2401	57.3
2402	57.3
2403	57.3
2404	57.3
2405	57.3
2406	57.3
2407	57.3
2408	57.3
2409	57.3
2410	57.3
2411	57.3
2412	57.3
2413	57.3
2414	57.3
2415	57.3
2416	57.3
2417	57.3
2418	57.3
2419	57.3
2420	57.3
2421	57.3
2422	57.3
2423	57.3
2424	57.3
2425	57.3
2426	57.3
2427	57.3
2428	57.3
2429	57.3
2430	57.3
2431	57.3
2432	57.3
2433	57.3
2434	57.3
2435	57.3
2436	57.3
2437	57.3
2438	57.3
2439	57.3
2440	57.3
2441	57.3
2442	57.3
2443	57.3
2444	57.3
2445	57.3
2446	57.3
2447	57.3
2448	57.3
2449	57.3
2450	57.3
2451	57.3
2452	57.3
2453	57.3
2454	57.3
2455	57.3
2456	57.3
2457	57.3
2458	57.3
2459	57.3
2460	57.3
2461	57.3
2462	57.3
2463	57.3
2464	57.3
2465	57.3
2466	57.3
2467	57.3
2468	57.3
2469	57.3
2470	57.3
2471	57.3
2472	57.3
2473	57.3
2474	57.3
2475	57.3
2476	57.3
2477	57.3
2478	57.3
2479	57.3
2480	57.3
2481	57.3
2482	57.3
2483	57.3
2484	57.3
2485	57.3
2486	57.3
2487	57.3
2488	57.3
2489	57.3
2490	57.3
2491	57.3
2492	57.3
2493	57.3
2494	57.3
2495	57.3
2496	57.3
2497	57.3
2498	57.3
2499	57.3
2500	57.3
2501	57.3
2502	57.3
2503	57.3
2504	57.3
2505	57.3
2506	57.3
2507	57.3
2508	57.3
2509	57.3
2510	57.3
2511	57.3
2512	57.3
2513	57.3
2514	57.3
2515	57.3
2516	57.3
2517	57.3
2518	57.3
2519	57.3
2520	57.3
2521	57.3
2522	57.3
2523	57.3
2524	57.3
2525	57.3
2526	57.3
2527	57.3
2528	57.3
2529	57.3
2530	57.3
2531	57.3
2532	57.3
2533	57.3
2534	57.3
2535	57.3
2536	57.3
2537	57.3
2538	57.3
2539	57.3
2540	57.3
2541	57.3
2542	57.3
2543	57.3
2544	57.3
2545	57.3
2546	57.3
2547	57.3
2548	57.3
2549	57.3
2550	57.3
2551	57.3
2552	57.3
2553	57.3
2554	57.3
2555	57.3
2556	57.3
2557	57.3
2558	57.3
2559	57.3
2560	57.3
2561	57.3
2562	57.3
2563	57.3
2564	57.3
2565	57.3
2566	57.3
2567	57.3
2568	57.3
2569	57.3
2570	57.3
2571	57.3
2572	57.3
2573	57.3
2574	57.3
2575	57.3
2576	57.3
2577	57.3
2578	57.3
2579	57.3
2580	57.3
2581	57.3
2582	57.3
2583	57.3
2584	57.3
2585	57.3
2586	57.3
2587	57.3
2588	57.3
2589	57.3
2590	57.3
2591	57.3
2592	57.3
2593	57.3
2594	57.3
2595	57.3
2596	57.3
2597	57.3
2598	57.3
2599	57.3
2600	57.3
2601	57.3
2602	57.3
2603	57.3
2604	57.3
2605	57.3
2606	57.3
2607	57.3
2608	57.3
2609	57.3
2610	57.3
2611	57.3
2612	57.3
2613	57.3
2614	57.3
2615	57.3
2616	57.3
2617	57.3
2618	57.3
2619	57.3
2620	57.3
2621	57.3
2622	57.3
2623	57.3
2624	57.3
2625	57.3
2626	57.3
2627	57.3
2628	57.3
2629	57.3
2630	57.3
2631	57.3
2632	57.3
2633	57.3
2634	57.3
2635	57.3
2636	57.3
2637	57.3
2638	57.3
2639	57.3
2640	57.3
2641	57.3
2642	57.3
2643	57.3
2644	57.3
2645	57.3
2646	57.3
2647	57.3
2648	57.3
2649	57.3
2650	57.3
2651	57.3
2652	57.3
2653	57.3
2654	57.3
2655	57.3
2656	57.3
2657	57.3
2658	57.3
2659	57.3
2660	57.3
2661	57.3
2662	57.3
2663	57.3
2664	57.3
2665	57.3
2666	57.3
2667	57.3
2668	57.3
2669	57.3
2670	57.3
2671	57.3
2672	57.3
2673	57.3
2674	57.3
2675	57.3
2676	57.3
2677	57.3
2678	57.3
2679	57.3
2680	57.3
2681	57.3
2682	57.3
2683	57.3
2684	57.3
2685	57.3
2686	57.3
2687	57.3
2688	57.3
2689	57.3
2690	57.3
2691	57.3
2692	57.3
2693	57.3
2694	57.3
2695	57.3
2696	57.3
2697	57.3
2698	57.3
2699	57.3
2700	57.3
2701	57.3
2702	57.3
2703	57.3
2704	57.3
2705	57.3
2706	57.3
2707	57.3
2708	57.3
2709	57.3
2710	57.3
2711	57.3
2712	57.3
2713	57.3
2714	57.3
2715	57.3
2716	57.3
2717	57.3
2718	57.3
2719	57.3
2720	57.3
2721	57.3
2722	57.3
2723	57.3
2724	57.3
2725	57.3
2726	57.3
2727	57.3
2728	57.3
2729	57.3
2730	57.3
2731	57.3
2732	57.3
2733	57.3
2734	57.3
2735	57.3
2736	57.3
2737	57.3
2738	57.3
2739	57.3
2740	57.3
2741	57.3
2742	57.3
2743	57.3
2744	57.3
2745	57.3
2746	57.3
2747	57.3
2748	57.3
2749	57.3
2750	57.3
2751	57.3
2752	57.3
2753	57.3
2754	57.3
2755	57.3
2756	57.3
2757	57.3
2758	57.3
2759	57.3
2760	57.3
2761	57.3
2762	57.3
2763	57.3
2764	57.3
2765	57.3
2766	57.3
2767	57.3
2768	57.3
2769	57.3
2770	57.3
2771	57.3
2772	57.3
2773	57.3
2774	57.3
2775	57.3
2776	57.3
2777	57.3
2778	57.3
2779	57.3
2780	57.3
2781	57.3
2782	57.3
2783	57.3
2784	57.3
2785	57.3
2786	57.3
2787	57.3
2788	57.3
2789	57.3
2790	57.3
2791	57.3
2792	57.3
2793	57.3
2794	57.3
2795	57.3
2796	57.3
2797	57.3
2798	57.3
2799	57.3
2800	57.3
2801	57.3
2802	57.3
2803	57.3
2804	57.3
2805	57.3
2806	57.3
2807	57.3
2808	57.3
2809	57.3
2810	57.3
2811	57.3
2812	57.3
2813	57.3
2814	57.3
2815	57.3
2816	57.3
2817	57.3
2818	57.3
2819	57.3
2820	57.3
2821	57.3
2822	57.3
2823	57.3
2824	57.3
2825	57.3
2826	57.3
2827	57.3
2828	57.3
2829	57.3
2830	57.3
2831	57.3
2832	57.3
2833	57.3
2834	57.3
2835	57.3
2836	57.3
2837	57.3
2838	57.3
2839	57.3
2840	57.3
2841	57.3
2842	57.3
2843	57.3
2844	57.3
2845	57.3
2846	57.3
2847	57.3
2848	57.3
2849	57.3
2850	57.3
2851	57.3
2852	57.3
2853	57.3
2854	57.3
2855	57.3
2856	57.3
2857	57.3
2858	57.3
2859	57.3
2860	57.3
2861	57.3
2862	57.3
2863	57.3
2864	57.3
2865	57.3
2866	57.3
2867	57.3
2868	57.3
2869	57.3
2870	57.3
2871	57.3
2872	57.3
2873	57.3
2874	57.3
2875	57.3
2876	57.3
2877	57.3
2878	57.3
2879	57.3
2880	57.3
2881	57.3
2882	57.3
2883	57.3
2884	57.3
2885	57.3
2886	57.3
2887	57.3
2888	57.3
2889	57.3
2890	57.3
2891	57.3
2892	57.3
2893	57.3
2894	57.3
2895	57.3
2896	57.3
2897	57.3
2898	57.3
2899	57.3
2900	57.3
2901	57.3
2902	57.3
2903	57.3
2904	57.3
2905	57.3
2906	57.3
2907	57.3
2908	57.3
2909	57.3
2910	57.3
2911	57.3
2912	57.3
2913	57.3
2914	57.3
2915	57.3
2916	57.3
2917	57.3
2918	57.3
2919	57.3
2920	57.3
2921	57.3
2922	57.3
2923	57.3
2924	57.3
2925	57.3
2926	57.3
2927	57.3
2928	57.3
2929	57.3
2930	57.3
2931	57.3
2932	57.3
2933	57.3
2934	57.3
2935	57.3
2936	57.3
2937	57.3
2938	57.3
2939	57.3
2940	57.3
2941	57.3
2942	57.3
2943	57.3
2944	57.3
2945	57.3
2946	57.3
2947	57.3
2948	57.3
2949	57.3
2950	57.3
2951	57.3
2952	57.3
2953	57.3
2954	57.3
2955	57.3
2956	57.3
2957	57.3
2958	57.3
2959	57.3
2960	57.3
2961	57.3
2962	57.3
2963	57.3
2964	57.3
2965	57.3
2966	57.3
2967	57.3
2968	57.3
2969	57.3
2970	57.3
2971	57.3
2972	57.3
2973	57.3
2974	57.3
2975	57.3
2976	57.3
2977	57.3
2978	57.3
2979	57.3
2980	57.3
2981	57.3
2982	57.3
2983	57.3
2984	57.3
2985	57.3
2986	57.3
2987	57.3
2988	57.3
2989	57.3
2990	57.3
2991	57.3
2992	57.3
2993	57.3
2994	57.3
2995	57.3
2996	57.3
2997	57.3
