0	86.0
1	86.0
2	86.0
3	86.0
4	86.0
5	86.0
6	86.0
7	86.0
8	86.0
9	86.0
10	86.0
11	86.0
12	86.0
13	86.0
14	86.0
15	86.0
16	86.0
17	86.0
18	86.0
19	86.0
20	86.0
21	86.0
22	86.0
23	86.0
24	86.0
25	86.0
26	86.0
27	86.0
28	86.0
29	86.0
30	86.0
31	86.0
32	86.0
33	86.0
34	86.0
35	86.0
36	86.0
37	86.0
38	86.0
39	86.0
40	86.0
41	86.0
42	86.0
43	86.0
44	86.0
45	86.0
46	86.0
47	86.0
48	86.0
49	86.0
50	86.0
51	86.0
52	86.0
53	86.0
54	86.0
55	86.0
56	86.0
57	86.0
58	86.0
59	86.0
60	86.0
61	86.0
62	86.0
63	86.0
64	86.0
65	86.0
66	86.0
67	86.0
68	86.0
69	86.0
70	86.0
71	86.0
72	86.0
73	86.0
74	86.0
75	86.0
76	86.0
77	86.0
78	86.0
79	86.0
80	86.0
81	86.0
82	86.0
83	86.0
84	86.0
85	86.0
86	86.0
87	86.0
88	86.0
89	86.0
90	86.0
91	86.0
92	86.0
93	86.0
94	86.0
95	86.0
96	86.0
97	86.0
98	86.0
99	86.0
100	86.0
101	86.0
102	86.0
103	86.0
104	86.0
105	86.0
106	86.0
107	86.0
108	86.0
109	86.0
110	86.0
111	86.0
112	86.0
113	86.0
114	86.0
115	86.0
116	86.0
117	86.0
118	86.0
119	86.0
120	86.0
121	86.0
122	86.0
123	86.0
124	86.0
125	86.0
126	86.0
127	86.0
128	86.0
129	86.0
130	86.0
131	86.0
132	86.0
133	86.0
134	86.0
135	86.0
136	86.0
137	86.0
138	86.0
139	86.0
140	86.0
141	86.0
142	86.0
143	86.0
144	86.0
145	86.0
146	86.0
147	86.0
148	86.0
149	86.0
150	86.0
151	86.0
152	86.0
153	86.0
154	86.0
155	86.0
156	86.0
157	86.0
158	86.0
159	86.0
160	86.0
161	86.0
162	86.0
163	86.0
164	86.0
165	86.0
166	86.0
167	86.0
168	86.0
169	86.0
170	86.0
171	86.0
172	86.0
173	86.0
174	86.0
175	86.0
176	86.0
177	86.0
178	86.0
179	86.0
180	86.0
181	86.0
182	86.0
183	86.0
184	86.0
185	86.0
186	86.0
187	86.0
188	86.0
189	86.0
190	86.0
191	86.0
192	86.0
193	86.0
194	86.0
195	86.0
196	86.0
197	86.0
198	86.0
199	86.0
200	86.0
201	86.0
202	86.0
203	86.0
204	86.0
205	86.0
206	86.0
207	86.0
208	86.0
209	86.0
210	86.0
211	86.0
212	86.0
213	86.0
214	86.0
215	86.0
216	86.0
217	86.0
218	86.0
219	86.0
220	86.0
221	86.0
222	86.0
223	86.0
224	86.0
225	86.0
226	86.0
227	86.0
228	86.0
229	86.0
230	86.0
231	86.0
232	86.0
233	86.0
234	86.0
235	86.0
236	86.0
237	86.0
238	86.0
239	86.0
240	86.0
241	86.0
242	86.0
243	86.0
244	86.0
245	86.0
246	86.0
247	86.0
248	86.0
249	86.0
250	86.0
251	86.0
252	86.0
253	86.0
254	86.0
255	86.0
256	86.0
257	86.0
258	86.0
259	86.0
260	86.0
261	86.0
262	86.0
263	86.0
264	86.0
265	86.0
266	86.0
267	86.0
268	86.0
269	86.0
270	86.0
271	86.0
272	86.0
273	86.0
274	86.0
275	86.0
276	86.0
277	86.0
278	86.0
279	86.0
280	86.0
281	86.0
282	86.0
283	86.0
284	86.0
285	86.0
286	86.0
287	86.0
288	86.0
289	86.0
290	86.0
291	86.0
292	86.0
293	86.0
294	86.0
295	86.0
296	86.0
297	86.0
298	86.0
299	86.0
300	86.0
301	86.0
302	86.0
303	86.0
304	86.0
305	86.0
306	86.0
307	86.0
308	86.0
309	86.0
310	86.0
311	86.0
312	86.0
313	86.0
314	86.0
315	86.0
316	86.0
317	86.0
318	86.0
319	86.0
320	86.0
321	86.0
322	86.0
323	86.0
324	86.0
325	86.0
326	86.0
327	86.0
328	86.0
329	86.0
330	86.0
331	86.0
332	86.0
333	86.0
334	86.0
335	86.0
336	86.0
337	86.0
338	86.0
339	86.0
340	86.0
341	86.0
342	86.0
343	86.0
344	86.0
345	86.0
346	86.0
347	86.0
348	86.0
349	86.0
350	86.0
351	86.0
352	86.0
353	86.0
354	86.0
355	86.0
356	86.0
357	86.0
358	86.0
359	86.0
360	86.0
361	86.0
362	86.0
363	86.0
364	86.0
365	86.0
366	86.0
367	86.0
368	86.0
369	86.0
370	86.0
371	86.0
372	86.0
373	86.0
374	86.0
375	86.0
376	86.0
377	86.0
378	86.0
379	86.0
380	86.0
381	86.0
382	86.0
383	86.0
384	86.0
385	86.0
386	86.0
387	86.0
388	86.0
389	86.0
390	86.0
391	86.0
392	86.0
393	86.0
394	86.0
395	86.0
396	86.0
397	86.0
398	86.0
399	86.0
400	86.0
401	86.0
402	86.0
403	86.0
404	86.0
405	86.0
406	86.0
407	86.0
408	86.0
409	86.0
410	86.0
411	86.0
412	86.0
413	86.0
414	86.0
415	86.0
416	86.0
417	86.0
418	86.0
419	86.0
420	86.0
421	86.0
422	86.0
423	86.0
424	86.0
425	86.0
426	86.0
427	86.0
428	86.0
429	86.0
430	86.0
431	86.0
432	86.0
433	86.0
434	86.0
435	86.0
436	86.0
437	86.0
438	86.0
439	86.0
440	86.0
441	86.0
442	86.0
443	86.0
444	86.0
445	86.0
446	86.0
447	86.0
448	86.0
449	86.0
450	86.0
451	86.0
452	86.0
453	86.0
454	86.0
455	86.0
456	86.0
457	86.0
458	86.0
459	86.0
460	86.0
461	86.0
462	86.0
463	86.0
464	86.0
465	86.0
466	86.0
467	86.0
468	86.0
469	86.0
470	86.0
471	86.0
472	86.0
473	86.0
474	86.0
475	86.0
476	86.0
477	86.0
478	86.0
479	86.0
480	86.0
481	86.0
482	86.0
483	86.0
484	86.0
485	86.0
486	86.0
487	86.0
488	86.0
489	86.0
490	86.0
491	86.0
492	86.0
493	86.0
494	86.0
495	86.0
496	86.0
497	86.0
498	86.0
499	86.0
500	86.0
501	86.0
502	86.0
503	86.0
504	86.0
505	86.0
506	86.0
507	86.0
508	86.0
509	86.0
510	86.0
511	86.0
512	86.0
513	86.0
514	86.0
515	86.0
516	86.0
517	86.0
518	86.0
519	86.0
520	86.0
521	86.0
522	86.0
523	86.0
524	86.0
525	86.0
526	86.0
527	86.0
528	86.0
529	86.0
530	86.0
531	86.0
532	86.0
533	86.0
534	86.0
535	86.0
536	86.0
537	86.0
538	86.0
539	86.0
540	86.0
541	86.0
542	86.0
543	86.0
544	86.0
545	86.0
546	86.0
547	86.0
548	86.0
549	86.0
550	86.0
551	86.0
552	86.0
553	86.0
554	86.0
555	86.0
556	86.0
557	86.0
558	86.0
559	86.0
560	86.0
561	86.0
562	86.0
563	86.0
564	86.0
565	86.0
566	86.0
567	86.0
568	86.0
569	86.0
570	86.0
571	86.0
572	86.0
573	86.0
574	86.0
575	86.0
576	86.0
577	86.0
578	86.0
579	86.0
580	86.0
581	86.0
582	86.0
583	86.0
584	86.0
585	86.0
586	86.0
587	86.0
588	86.0
589	86.0
590	86.0
591	86.0
592	86.0
593	86.0
594	86.0
595	86.0
596	86.0
597	86.0
598	86.0
599	86.0
600	86.0
601	86.0
602	86.0
603	86.0
604	86.0
605	86.0
606	86.0
607	86.0
608	86.0
609	86.0
610	86.0
611	86.0
612	86.0
613	86.0
614	86.0
615	86.0
616	86.0
617	86.0
618	86.0
619	86.0
620	86.0
621	86.0
622	86.0
623	86.0
624	86.0
625	86.0
626	86.0
627	86.0
628	86.0
629	86.0
630	86.0
631	86.0
632	86.0
633	86.0
634	86.0
635	86.0
636	86.0
637	86.0
638	86.0
639	86.0
640	86.0
641	86.0
642	86.0
643	86.0
644	86.0
645	86.0
646	86.0
647	86.0
648	86.0
649	86.0
650	86.0
651	86.0
652	86.0
653	86.0
654	86.0
655	86.0
656	86.0
657	86.0
658	86.0
659	86.0
660	86.0
661	86.0
662	86.0
663	86.0
664	86.0
665	86.0
666	86.0
667	86.0
668	86.0
669	86.0
670	86.0
671	86.0
672	86.0
673	86.0
674	86.0
675	86.0
676	86.0
677	86.0
678	86.0
679	86.0
680	86.0
681	86.0
682	86.0
683	86.0
684	86.0
685	86.0
686	86.0
687	86.0
688	86.0
689	86.0
690	86.0
691	86.0
692	86.0
693	86.0
694	86.0
695	86.0
696	86.0
697	86.0
698	86.0
699	86.0
700	86.0
701	86.0
702	86.0
703	86.0
704	86.0
705	86.0
706	86.0
707	86.0
708	86.0
709	86.0
710	86.0
711	86.0
712	86.0
713	86.0
714	86.0
715	86.0
716	86.0
717	86.0
718	86.0
719	86.0
720	86.0
721	86.0
722	86.0
723	86.0
724	86.0
725	86.0
726	86.0
727	86.0
728	86.0
729	86.0
730	86.0
731	86.0
732	86.0
733	86.0
734	86.0
735	86.0
736	86.0
737	86.0
738	86.0
739	86.0
740	86.0
741	86.0
742	86.0
743	86.0
744	86.0
745	86.0
746	86.0
747	86.0
748	86.0
749	86.0
750	86.0
751	86.0
752	86.0
753	86.0
754	86.0
755	86.0
756	86.0
757	86.0
758	86.0
759	86.0
760	86.0
761	86.0
762	86.0
763	86.0
764	86.0
765	86.0
766	86.0
767	86.0
768	86.0
769	86.0
770	86.0
771	86.0
772	86.0
773	86.0
774	86.0
775	86.0
776	86.0
777	86.0
778	86.0
779	86.0
780	86.0
781	86.0
782	86.0
783	86.0
784	86.0
785	86.0
786	86.0
787	86.0
788	86.0
789	86.0
790	86.0
791	86.0
792	86.0
793	86.0
794	86.0
795	86.0
796	86.0
797	86.0
798	86.0
799	86.0
800	86.0
801	86.0
802	86.0
803	86.0
804	86.0
805	86.0
806	86.0
807	86.0
808	86.0
809	86.0
810	86.0
811	86.0
812	86.0
813	86.0
814	86.0
815	86.0
816	86.0
817	86.0
818	86.0
819	86.0
820	86.0
821	86.0
822	86.0
823	86.0
824	86.0
825	86.0
826	86.0
827	86.0
828	86.0
829	86.0
830	86.0
831	86.0
832	86.0
833	86.0
834	86.0
835	86.0
836	86.0
837	86.0
838	86.0
839	86.0
840	86.0
841	86.0
842	86.0
843	86.0
844	86.0
845	86.0
846	86.0
847	86.0
848	86.0
849	86.0
850	86.0
851	86.0
852	86.0
853	86.0
854	86.0
855	86.0
856	86.0
857	86.0
858	86.0
859	86.0
860	86.0
861	86.0
862	86.0
863	86.0
864	86.0
865	86.0
866	86.0
867	86.0
868	86.0
869	86.0
870	86.0
871	86.0
872	86.0
873	86.0
874	86.0
875	86.0
876	86.0
877	86.0
878	86.0
879	86.0
880	86.0
881	86.0
882	86.0
883	86.0
884	86.0
885	86.0
886	86.0
887	86.0
888	86.0
889	86.0
890	86.0
891	86.0
892	86.0
893	86.0
894	86.0
895	86.0
896	86.0
897	86.0
898	86.0
899	86.0
900	86.0
901	86.0
902	86.0
903	86.0
904	86.0
905	86.0
906	86.0
907	86.0
908	86.0
909	86.0
910	86.0
911	86.0
912	86.0
913	86.0
914	86.0
915	86.0
916	86.0
917	86.0
918	86.0
919	86.0
920	86.0
921	86.0
922	86.0
923	86.0
924	86.0
925	86.0
926	86.0
927	86.0
928	86.0
929	86.0
930	86.0
931	86.0
932	86.0
933	86.0
934	86.0
935	86.0
936	86.0
937	86.0
938	86.0
939	86.0
940	86.0
941	86.0
942	86.0
943	86.0
944	86.0
945	86.0
946	86.0
947	86.0
948	86.0
949	86.0
950	86.0
951	86.0
952	86.0
953	86.0
954	86.0
955	86.0
956	86.0
957	86.0
958	86.0
959	86.0
960	86.0
961	86.0
962	86.0
963	86.0
964	86.0
965	86.0
966	86.0
967	86.0
968	86.0
969	86.0
970	86.0
971	86.0
972	86.0
973	86.0
974	86.0
975	86.0
976	86.0
977	86.0
978	86.0
979	86.0
980	86.0
981	86.0
982	86.0
983	86.0
984	86.0
985	86.0
986	86.0
987	86.0
988	86.0
989	86.0
990	86.0
991	86.0
992	86.0
993	86.0
994	86.0
995	86.0
996	86.0
997	86.0
998	86.0
999	86.0
