0	28.7
1	28.7
2	28.7
3	28.7
4	28.7
5	28.7
6	28.7
7	28.7
8	28.7
9	28.7
10	28.7
11	28.7
12	28.7
13	28.7
14	28.7
15	28.7
16	28.7
17	28.7
18	28.7
19	28.7
20	28.7
21	28.7
22	28.7
23	28.7
24	28.7
25	28.7
26	28.7
27	28.7
28	28.7
29	28.7
30	28.7
31	28.7
32	28.7
33	28.7
34	28.7
35	28.7
36	28.7
37	28.7
38	28.7
39	28.7
40	28.7
41	28.7
42	28.7
43	28.7
44	28.7
45	28.7
46	28.7
47	28.7
48	28.7
49	28.7
50	28.7
51	28.7
52	28.7
53	28.7
54	28.7
55	28.7
56	28.7
57	28.7
58	28.7
59	28.7
60	28.7
61	28.7
62	28.7
63	28.7
64	28.7
65	28.7
66	28.7
67	28.7
68	28.7
69	28.7
70	28.7
71	28.7
72	28.7
73	28.7
74	28.7
75	28.7
76	28.7
77	28.7
78	28.7
79	28.7
80	28.7
81	28.7
82	28.7
83	28.7
84	28.7
85	28.7
86	28.7
87	28.7
88	28.7
89	28.7
90	28.7
91	28.7
92	28.7
93	28.7
94	28.7
95	28.7
96	28.7
97	28.7
98	28.7
99	28.7
100	28.7
101	28.7
102	28.7
103	28.7
104	28.7
105	28.7
106	28.7
107	28.7
108	28.7
109	28.7
110	28.7
111	28.7
112	28.7
113	28.7
114	28.7
115	28.7
116	28.7
117	28.7
118	28.7
119	28.7
120	28.7
121	28.7
122	28.7
123	28.7
124	28.7
125	28.7
126	28.7
127	28.7
128	28.7
129	28.7
130	28.7
131	28.7
132	28.7
133	28.7
134	28.7
135	28.7
136	28.7
137	28.7
138	28.7
139	28.7
140	28.7
141	28.7
142	28.7
143	28.7
144	28.7
145	28.7
146	28.7
147	28.7
148	28.7
149	28.7
150	28.7
151	28.7
152	28.7
153	28.7
154	28.7
155	28.7
156	28.7
157	28.7
158	28.7
159	28.7
160	28.7
161	28.7
162	28.7
163	28.7
164	28.7
165	28.7
166	28.7
167	28.7
168	28.7
169	28.7
170	28.7
171	28.7
172	28.7
173	28.7
174	28.7
175	28.7
176	28.7
177	28.7
178	28.7
179	28.7
180	28.7
181	28.7
182	28.7
183	28.7
184	28.7
185	28.7
186	28.7
187	28.7
188	28.7
189	28.7
190	28.7
191	28.7
192	28.7
193	28.7
194	28.7
195	28.7
196	28.7
197	28.7
198	28.7
199	28.7
200	28.7
201	28.7
202	28.7
203	28.7
204	28.7
205	28.7
206	28.7
207	28.7
208	28.7
209	28.7
210	28.7
211	28.7
212	28.7
213	28.7
214	28.7
215	28.7
216	28.7
217	28.7
218	28.7
219	28.7
220	28.7
221	28.7
222	28.7
223	28.7
224	28.7
225	28.7
226	28.7
227	28.7
228	28.7
229	28.7
230	28.7
231	28.7
232	28.7
233	28.7
234	28.7
235	28.7
236	28.7
237	28.7
238	28.7
239	28.7
240	28.7
241	28.7
242	28.7
243	28.7
244	28.7
245	28.7
246	28.7
247	28.7
248	28.7
249	28.7
250	28.7
251	28.7
252	28.7
253	28.7
254	28.7
255	28.7
256	28.7
257	28.7
258	28.7
259	28.7
260	28.7
261	28.7
262	28.7
263	28.7
264	28.7
265	28.7
266	28.7
267	28.7
268	28.7
269	28.7
270	28.7
271	28.7
272	28.7
273	28.7
274	28.7
275	28.7
276	28.7
277	28.7
278	28.7
279	28.7
280	28.7
281	28.7
282	28.7
283	28.7
284	28.7
285	28.7
286	28.7
287	28.7
288	28.7
289	28.7
290	28.7
291	28.7
292	28.7
293	28.7
294	28.7
295	28.7
296	28.7
297	28.7
298	28.7
299	28.7
300	28.7
301	28.7
302	28.7
303	28.7
304	28.7
305	28.7
306	28.7
307	28.7
308	28.7
309	28.7
310	28.7
311	28.7
312	28.7
313	28.7
314	28.7
315	28.7
316	28.7
317	28.7
318	28.7
319	28.7
320	28.7
321	28.7
322	28.7
323	28.7
324	28.7
325	28.7
326	28.7
327	28.7
328	28.7
329	28.7
330	28.7
331	28.7
332	28.7
333	28.7
334	28.7
335	28.7
336	28.7
337	28.7
338	28.7
339	28.7
340	28.7
341	28.7
342	28.7
343	28.7
344	28.7
345	28.7
346	28.7
347	28.7
348	28.7
349	28.7
350	28.7
351	28.7
352	28.7
353	28.7
354	28.7
355	28.7
356	28.7
357	28.7
358	28.7
359	28.7
360	28.7
361	28.7
362	28.7
363	28.7
364	28.7
365	28.7
366	28.7
367	28.7
368	28.7
369	28.7
370	28.7
371	28.7
372	28.7
373	28.7
374	28.7
375	28.7
376	28.7
377	28.7
378	28.7
379	28.7
380	28.7
381	28.7
382	28.7
383	28.7
384	28.7
385	28.7
386	28.7
387	28.7
388	28.7
389	28.7
390	28.7
391	28.7
392	28.7
393	28.7
394	28.7
395	28.7
396	28.7
397	28.7
398	28.7
399	28.7
400	28.7
401	28.7
402	28.7
403	28.7
404	28.7
405	28.7
406	28.7
407	28.7
408	28.7
409	28.7
410	28.7
411	28.7
412	28.7
413	28.7
414	28.7
415	28.7
416	28.7
417	28.7
418	28.7
419	28.7
420	28.7
421	28.7
422	28.7
423	28.7
424	28.7
425	28.7
426	28.7
427	28.7
428	28.7
429	28.7
430	28.7
431	28.7
432	28.7
433	28.7
434	28.7
435	28.7
436	28.7
437	28.7
438	28.7
439	28.7
440	28.7
441	28.7
442	28.7
443	28.7
444	28.7
445	28.7
446	28.7
447	28.7
448	28.7
449	28.7
450	28.7
451	28.7
452	28.7
453	28.7
454	28.7
455	28.7
456	28.7
457	28.7
458	28.7
459	28.7
460	28.7
461	28.7
462	28.7
463	28.7
464	28.7
465	28.7
466	28.7
467	28.7
468	28.7
469	28.7
470	28.7
471	28.7
472	28.7
473	28.7
474	28.7
475	28.7
476	28.7
477	28.7
478	28.7
479	28.7
480	28.7
481	28.7
482	28.7
483	28.7
484	28.7
485	28.7
486	28.7
487	28.7
488	28.7
489	28.7
490	28.7
491	28.7
492	28.7
493	28.7
494	28.7
495	28.7
496	28.7
497	28.7
498	28.7
499	28.7
500	28.7
501	28.7
502	28.7
503	28.7
504	28.7
505	28.7
506	28.7
507	28.7
508	28.7
509	28.7
510	28.7
511	28.7
512	28.7
513	28.7
514	28.7
515	28.7
516	28.7
517	28.7
518	28.7
519	28.7
520	28.7
521	28.7
522	28.7
523	28.7
524	28.7
525	28.7
526	28.7
527	28.7
528	28.7
529	28.7
530	28.7
531	28.7
532	28.7
533	28.7
534	28.7
535	28.7
536	28.7
537	28.7
538	28.7
539	28.7
540	28.7
541	28.7
542	28.7
543	28.7
544	28.7
545	28.7
546	28.7
547	28.7
548	28.7
549	28.7
550	28.7
551	28.7
552	28.7
553	28.7
554	28.7
555	28.7
556	28.7
557	28.7
558	28.7
559	28.7
560	28.7
561	28.7
562	28.7
563	28.7
564	28.7
565	28.7
566	28.7
567	28.7
568	28.7
569	28.7
570	28.7
571	28.7
572	28.7
573	28.7
574	28.7
575	28.7
576	28.7
577	28.7
578	28.7
579	28.7
580	28.7
581	28.7
582	28.7
583	28.7
584	28.7
585	28.7
586	28.7
587	28.7
588	28.7
589	28.7
590	28.7
591	28.7
592	28.7
593	28.7
594	28.7
595	28.7
596	28.7
597	28.7
598	28.7
599	28.7
600	28.7
601	28.7
602	28.7
603	28.7
604	28.7
605	28.7
606	28.7
607	28.7
608	28.7
609	28.7
610	28.7
611	28.7
612	28.7
613	28.7
614	28.7
615	28.7
616	28.7
617	28.7
618	28.7
619	28.7
620	28.7
621	28.7
622	28.7
623	28.7
624	28.7
625	28.7
626	28.7
627	28.7
628	28.7
629	28.7
630	28.7
631	28.7
632	28.7
633	28.7
634	28.7
635	28.7
636	28.7
637	28.7
638	28.7
639	28.7
640	28.7
641	28.7
642	28.7
643	28.7
644	28.7
645	28.7
646	28.7
647	28.7
648	28.7
649	28.7
650	28.7
651	28.7
652	28.7
653	28.7
654	28.7
655	28.7
656	28.7
657	28.7
658	28.7
659	28.7
660	28.7
661	28.7
662	28.7
663	28.7
664	28.7
665	28.7
666	28.7
667	28.7
668	28.7
669	28.7
670	28.7
671	28.7
672	28.7
673	28.7
674	28.7
675	28.7
676	28.7
677	28.7
678	28.7
679	28.7
680	28.7
681	28.7
682	28.7
683	28.7
684	28.7
685	28.7
686	28.7
687	28.7
688	28.7
689	28.7
690	28.7
691	28.7
692	28.7
693	28.7
694	28.7
695	28.7
696	28.7
697	28.7
698	28.7
699	28.7
700	28.7
701	28.7
702	28.7
703	28.7
704	28.7
705	28.7
706	28.7
707	28.7
708	28.7
709	28.7
710	28.7
711	28.7
712	28.7
713	28.7
714	28.7
715	28.7
716	28.7
717	28.7
718	28.7
719	28.7
720	28.7
721	28.7
722	28.7
723	28.7
724	28.7
725	28.7
726	28.7
727	28.7
728	28.7
729	28.7
730	28.7
731	28.7
732	28.7
733	28.7
734	28.7
735	28.7
736	28.7
737	28.7
738	28.7
739	28.7
740	28.7
741	28.7
742	28.7
743	28.7
744	28.7
745	28.7
746	28.7
747	28.7
748	28.7
749	28.7
750	28.7
751	28.7
752	28.7
753	28.7
754	28.7
755	28.7
756	28.7
757	28.7
758	28.7
759	28.7
760	28.7
761	28.7
762	28.7
763	28.7
764	28.7
765	28.7
766	28.7
767	28.7
768	28.7
769	28.7
770	28.7
771	28.7
772	28.7
773	28.7
774	28.7
775	28.7
776	28.7
777	28.7
778	28.7
779	28.7
780	28.7
781	28.7
782	28.7
783	28.7
784	28.7
785	28.7
786	28.7
787	28.7
788	28.7
789	28.7
790	28.7
791	28.7
792	28.7
793	28.7
794	28.7
795	28.7
796	28.7
797	28.7
798	28.7
799	28.7
800	28.7
801	28.7
802	28.7
803	28.7
804	28.7
805	28.7
806	28.7
807	28.7
808	28.7
809	28.7
810	28.7
811	28.7
812	28.7
813	28.7
814	28.7
815	28.7
816	28.7
817	28.7
818	28.7
819	28.7
820	28.7
821	28.7
822	28.7
823	28.7
824	28.7
825	28.7
826	28.7
827	28.7
828	28.7
829	28.7
830	28.7
831	28.7
832	28.7
833	28.7
834	28.7
835	28.7
836	28.7
837	28.7
838	28.7
839	28.7
840	28.7
841	28.7
842	28.7
843	28.7
844	28.7
845	28.7
846	28.7
847	28.7
848	28.7
849	28.7
850	28.7
851	28.7
852	28.7
853	28.7
854	28.7
855	28.7
856	28.7
857	28.7
858	28.7
859	28.7
860	28.7
861	28.7
862	28.7
863	28.7
864	28.7
865	28.7
866	28.7
867	28.7
868	28.7
869	28.7
870	28.7
871	28.7
872	28.7
873	28.7
874	28.7
875	28.7
876	28.7
877	28.7
878	28.7
879	28.7
880	28.7
881	28.7
882	28.7
883	28.7
884	28.7
885	28.7
886	28.7
887	28.7
888	28.7
889	28.7
890	28.7
891	28.7
892	28.7
893	28.7
894	28.7
895	28.7
896	28.7
897	28.7
898	28.7
899	28.7
900	28.7
901	28.7
902	28.7
903	28.7
904	28.7
905	28.7
906	28.7
907	28.7
908	28.7
909	28.7
910	28.7
911	28.7
912	28.7
913	28.7
914	28.7
915	28.7
916	28.7
917	28.7
918	28.7
919	28.7
920	28.7
921	28.7
922	28.7
923	28.7
924	28.7
925	28.7
926	28.7
927	28.7
928	28.7
929	28.7
930	28.7
931	28.7
932	28.7
933	28.7
934	28.7
935	28.7
936	28.7
937	28.7
938	28.7
939	28.7
940	28.7
941	28.7
942	28.7
943	28.7
944	28.7
945	28.7
946	28.7
947	28.7
948	28.7
949	28.7
950	28.7
951	28.7
952	28.7
953	28.7
954	28.7
955	28.7
956	28.7
957	28.7
958	28.7
959	28.7
960	28.7
961	28.7
962	28.7
963	28.7
964	28.7
965	28.7
966	28.7
967	28.7
968	28.7
969	28.7
970	28.7
971	28.7
972	28.7
973	28.7
974	28.7
975	28.7
976	28.7
977	28.7
978	28.7
979	28.7
980	28.7
981	28.7
982	28.7
983	28.7
984	28.7
985	28.7
986	28.7
987	28.7
988	28.7
989	28.7
990	28.7
991	28.7
992	28.7
993	28.7
994	28.7
995	28.7
996	28.7
997	28.7
998	28.7
999	28.7
