0	75.0
1	75.0
2	75.0
3	75.0
4	75.0
5	75.0
6	75.0
7	75.0
8	75.0
9	75.0
10	75.0
11	75.0
12	75.0
13	75.0
14	75.0
15	75.0
16	75.0
17	75.0
18	75.0
19	75.0
20	75.0
21	75.0
22	75.0
23	75.0
24	75.0
25	75.0
26	75.0
27	75.0
28	75.0
29	75.0
30	75.0
31	75.0
32	75.0
33	75.0
34	75.0
35	75.0
36	75.0
37	75.0
38	75.0
39	75.0
40	75.0
41	75.0
42	75.0
43	75.0
44	75.0
45	75.0
46	75.0
47	75.0
48	75.0
49	75.0
50	75.0
51	75.0
52	75.0
53	75.0
54	75.0
55	75.0
56	75.0
57	75.0
58	75.0
59	75.0
60	75.0
61	75.0
62	75.0
63	75.0
64	75.0
65	75.0
66	75.0
67	75.0
68	75.0
69	75.0
70	75.0
71	75.0
72	75.0
73	75.0
74	75.0
75	75.0
76	75.0
77	75.0
78	75.0
79	75.0
80	75.0
81	75.0
82	75.0
83	75.0
84	75.0
85	75.0
86	75.0
87	75.0
88	75.0
89	75.0
90	75.0
91	75.0
92	75.0
93	75.0
94	75.0
95	75.0
96	75.0
97	75.0
98	75.0
99	75.0
100	75.0
101	75.0
102	75.0
103	75.0
104	75.0
105	75.0
106	75.0
107	75.0
108	75.0
109	75.0
110	75.0
111	75.0
112	75.0
113	75.0
114	75.0
115	75.0
116	75.0
117	75.0
118	75.0
119	75.0
120	75.0
121	75.0
122	75.0
123	75.0
124	75.0
125	75.0
126	75.0
127	75.0
128	75.0
129	75.0
130	75.0
131	75.0
132	75.0
133	75.0
134	75.0
135	75.0
136	75.0
137	75.0
138	75.0
139	75.0
140	75.0
141	75.0
142	75.0
143	75.0
144	75.0
145	75.0
146	75.0
147	75.0
148	75.0
149	75.0
150	75.0
151	75.0
152	75.0
153	75.0
154	75.0
155	75.0
156	75.0
157	75.0
158	75.0
159	75.0
160	75.0
161	75.0
162	75.0
163	75.0
164	75.0
165	75.0
166	75.0
167	75.0
168	75.0
169	75.0
170	75.0
171	75.0
172	75.0
173	75.0
174	75.0
175	75.0
176	75.0
177	75.0
178	75.0
179	75.0
180	75.0
181	75.0
182	75.0
183	75.0
184	75.0
185	75.0
186	75.0
187	75.0
188	75.0
189	75.0
190	75.0
191	75.0
192	75.0
193	75.0
194	75.0
195	75.0
196	75.0
197	75.0
198	75.0
199	75.0
200	75.0
201	75.0
202	75.0
203	75.0
204	75.0
205	75.0
206	75.0
207	75.0
208	75.0
209	75.0
210	75.0
211	75.0
212	75.0
213	75.0
214	75.0
215	75.0
216	75.0
217	75.0
218	75.0
219	75.0
220	75.0
221	75.0
222	75.0
223	75.0
224	75.0
225	75.0
226	75.0
227	75.0
228	75.0
229	75.0
230	75.0
231	75.0
232	75.0
233	75.0
234	75.0
235	75.0
236	75.0
237	75.0
238	75.0
239	75.0
240	75.0
241	75.0
242	75.0
243	75.0
244	75.0
245	75.0
246	75.0
247	75.0
248	75.0
249	75.0
250	75.0
251	75.0
252	75.0
253	75.0
254	75.0
255	75.0
256	75.0
257	75.0
258	75.0
259	75.0
260	75.0
261	75.0
262	75.0
263	75.0
264	75.0
265	75.0
266	75.0
267	75.0
268	75.0
269	75.0
270	75.0
271	75.0
272	75.0
273	75.0
274	75.0
275	75.0
276	75.0
277	75.0
278	75.0
279	75.0
280	75.0
281	75.0
282	75.0
283	75.0
284	75.0
285	75.0
286	75.0
287	75.0
288	75.0
289	75.0
290	75.0
291	75.0
292	75.0
293	75.0
294	75.0
295	75.0
296	75.0
297	75.0
298	75.0
299	75.0
300	75.0
301	75.0
302	75.0
303	75.0
304	75.0
305	75.0
306	75.0
307	75.0
308	75.0
309	75.0
310	75.0
311	75.0
312	75.0
313	75.0
314	75.0
315	75.0
316	75.0
317	75.0
318	75.0
319	75.0
320	75.0
321	75.0
322	75.0
323	75.0
324	75.0
325	75.0
326	75.0
327	75.0
328	75.0
329	75.0
330	75.0
331	75.0
332	75.0
333	75.0
334	75.0
335	75.0
336	75.0
337	75.0
338	75.0
339	75.0
340	75.0
341	75.0
342	75.0
343	75.0
344	75.0
345	75.0
346	75.0
347	75.0
348	75.0
349	75.0
350	75.0
351	75.0
352	75.0
353	75.0
354	75.0
355	75.0
356	75.0
357	75.0
358	75.0
359	75.0
360	75.0
361	75.0
362	75.0
363	75.0
364	75.0
365	75.0
366	75.0
367	75.0
368	75.0
369	75.0
370	75.0
371	75.0
372	75.0
373	75.0
374	75.0
375	75.0
376	75.0
377	75.0
378	75.0
379	75.0
380	75.0
381	75.0
382	75.0
383	75.0
384	75.0
385	75.0
386	75.0
387	75.0
388	75.0
389	75.0
390	75.0
391	75.0
392	75.0
393	75.0
394	75.0
395	75.0
396	75.0
397	75.0
398	75.0
399	75.0
400	75.0
401	75.0
402	75.0
403	75.0
404	75.0
405	75.0
406	75.0
407	75.0
408	75.0
409	75.0
410	75.0
411	75.0
412	75.0
413	75.0
414	75.0
415	75.0
416	75.0
417	75.0
418	75.0
419	75.0
420	75.0
421	75.0
422	75.0
423	75.0
424	75.0
425	75.0
426	75.0
427	75.0
428	75.0
429	75.0
430	75.0
431	75.0
432	75.0
433	75.0
434	75.0
435	75.0
436	75.0
437	75.0
438	75.0
439	75.0
440	75.0
441	75.0
442	75.0
443	75.0
444	75.0
445	75.0
446	75.0
447	75.0
448	75.0
449	75.0
450	75.0
451	75.0
452	75.0
453	75.0
454	75.0
455	75.0
456	75.0
457	75.0
458	75.0
459	75.0
460	75.0
461	75.0
462	75.0
463	75.0
464	75.0
465	75.0
466	75.0
467	75.0
468	75.0
469	75.0
470	75.0
471	75.0
472	75.0
473	75.0
474	75.0
475	75.0
476	75.0
477	75.0
478	75.0
479	75.0
480	75.0
481	75.0
482	75.0
483	75.0
484	75.0
485	75.0
486	75.0
487	75.0
488	75.0
489	75.0
490	75.0
491	75.0
492	75.0
493	75.0
494	75.0
495	75.0
496	75.0
497	75.0
498	75.0
499	75.0
500	75.0
501	75.0
502	75.0
503	75.0
504	75.0
505	75.0
506	75.0
507	75.0
508	75.0
509	75.0
510	75.0
511	75.0
512	75.0
513	75.0
514	75.0
515	75.0
516	75.0
517	75.0
518	75.0
519	75.0
520	75.0
521	75.0
522	75.0
523	75.0
524	75.0
525	75.0
526	75.0
527	75.0
528	75.0
529	75.0
530	75.0
531	75.0
532	75.0
533	75.0
534	75.0
535	75.0
536	75.0
537	75.0
538	75.0
539	75.0
540	75.0
541	75.0
542	75.0
543	75.0
544	75.0
545	75.0
546	75.0
547	75.0
548	75.0
549	75.0
550	75.0
551	75.0
552	75.0
553	75.0
554	75.0
555	75.0
556	75.0
557	75.0
558	75.0
559	75.0
560	75.0
561	75.0
562	75.0
563	75.0
564	75.0
565	75.0
566	75.0
567	75.0
568	75.0
569	75.0
570	75.0
571	75.0
572	75.0
573	75.0
574	75.0
575	75.0
576	75.0
577	75.0
578	75.0
579	75.0
580	75.0
581	75.0
582	75.0
583	75.0
584	75.0
585	75.0
586	75.0
587	75.0
588	75.0
589	75.0
590	75.0
591	75.0
592	75.0
593	75.0
594	75.0
595	75.0
596	75.0
597	75.0
598	75.0
599	75.0
600	75.0
601	75.0
602	75.0
603	75.0
604	75.0
605	75.0
606	75.0
607	75.0
608	75.0
609	75.0
610	75.0
611	75.0
612	75.0
613	75.0
614	75.0
615	75.0
616	75.0
617	75.0
618	75.0
619	75.0
620	75.0
621	75.0
622	75.0
623	75.0
624	75.0
625	75.0
626	75.0
627	75.0
628	75.0
629	75.0
630	75.0
631	75.0
632	75.0
633	75.0
634	75.0
635	75.0
636	75.0
637	75.0
638	75.0
639	75.0
640	75.0
641	75.0
642	75.0
643	75.0
644	75.0
645	75.0
646	75.0
647	75.0
648	75.0
649	75.0
650	75.0
651	75.0
652	75.0
653	75.0
654	75.0
655	75.0
656	75.0
657	75.0
658	75.0
659	75.0
660	75.0
661	75.0
662	75.0
663	75.0
664	75.0
665	75.0
666	75.0
667	75.0
668	75.0
669	75.0
670	75.0
671	75.0
672	75.0
673	75.0
674	75.0
675	75.0
676	75.0
677	75.0
678	75.0
679	75.0
680	75.0
681	75.0
682	75.0
683	75.0
684	75.0
685	75.0
686	75.0
687	75.0
688	75.0
689	75.0
690	75.0
691	75.0
692	75.0
693	75.0
694	75.0
695	75.0
696	75.0
697	75.0
698	75.0
699	75.0
700	75.0
701	75.0
702	75.0
703	75.0
704	75.0
705	75.0
706	75.0
707	75.0
708	75.0
709	75.0
710	75.0
711	75.0
712	75.0
713	75.0
714	75.0
715	75.0
716	75.0
717	75.0
718	75.0
719	75.0
720	75.0
721	75.0
722	75.0
723	75.0
724	75.0
725	75.0
726	75.0
727	75.0
728	75.0
729	75.0
730	75.0
731	75.0
732	75.0
733	75.0
734	75.0
735	75.0
736	75.0
737	75.0
738	75.0
739	75.0
740	75.0
741	75.0
742	75.0
743	75.0
744	75.0
745	75.0
746	75.0
747	75.0
748	75.0
749	75.0
750	75.0
751	75.0
752	75.0
753	75.0
754	75.0
755	75.0
756	75.0
757	75.0
758	75.0
759	75.0
760	75.0
761	75.0
762	75.0
763	75.0
764	75.0
765	75.0
766	75.0
767	75.0
768	75.0
769	75.0
770	75.0
771	75.0
772	75.0
773	75.0
774	75.0
775	75.0
776	75.0
777	75.0
778	75.0
779	75.0
780	75.0
781	75.0
782	75.0
783	75.0
784	75.0
785	75.0
786	75.0
787	75.0
788	75.0
789	75.0
790	75.0
791	75.0
792	75.0
793	75.0
794	75.0
795	75.0
796	75.0
797	75.0
798	75.0
799	75.0
800	75.0
801	75.0
802	75.0
803	75.0
804	75.0
805	75.0
806	75.0
807	75.0
808	75.0
809	75.0
810	75.0
811	75.0
812	75.0
813	75.0
814	75.0
815	75.0
816	75.0
817	75.0
818	75.0
819	75.0
820	75.0
821	75.0
822	75.0
823	75.0
824	75.0
825	75.0
826	75.0
827	75.0
828	75.0
829	75.0
830	75.0
831	75.0
832	75.0
833	75.0
834	75.0
835	75.0
836	75.0
837	75.0
838	75.0
839	75.0
840	75.0
841	75.0
842	75.0
843	75.0
844	75.0
845	75.0
846	75.0
847	75.0
848	75.0
849	75.0
850	75.0
851	75.0
852	75.0
853	75.0
854	75.0
855	75.0
856	75.0
857	75.0
858	75.0
859	75.0
860	75.0
861	75.0
862	75.0
863	75.0
864	75.0
865	75.0
866	75.0
867	75.0
868	75.0
869	75.0
870	75.0
871	75.0
872	75.0
873	75.0
874	75.0
875	75.0
876	75.0
877	75.0
878	75.0
879	75.0
880	75.0
881	75.0
882	75.0
883	75.0
884	75.0
885	75.0
886	75.0
887	75.0
888	75.0
889	75.0
890	75.0
891	75.0
892	75.0
893	75.0
894	75.0
895	75.0
896	75.0
897	75.0
898	75.0
899	75.0
900	75.0
901	75.0
902	75.0
903	75.0
904	75.0
905	75.0
906	75.0
907	75.0
908	75.0
909	75.0
910	75.0
911	75.0
912	75.0
913	75.0
914	75.0
915	75.0
916	75.0
917	75.0
918	75.0
919	75.0
920	75.0
921	75.0
922	75.0
923	75.0
924	75.0
925	75.0
926	75.0
927	75.0
928	75.0
929	75.0
930	75.0
931	75.0
932	75.0
933	75.0
934	75.0
935	75.0
936	75.0
937	75.0
938	75.0
939	75.0
940	75.0
941	75.0
942	75.0
943	75.0
944	75.0
945	75.0
946	75.0
947	75.0
948	75.0
949	75.0
950	75.0
951	75.0
952	75.0
953	75.0
954	75.0
955	75.0
956	75.0
957	75.0
958	75.0
959	75.0
960	75.0
961	75.0
962	75.0
963	75.0
964	75.0
965	75.0
966	75.0
967	75.0
968	75.0
969	75.0
970	75.0
971	75.0
972	75.0
973	75.0
974	75.0
975	75.0
976	75.0
977	75.0
978	75.0
979	75.0
980	75.0
981	75.0
982	75.0
983	75.0
984	75.0
985	75.0
986	75.0
987	75.0
988	75.0
989	75.0
990	75.0
991	75.0
992	75.0
993	75.0
994	75.0
995	75.0
996	75.0
997	75.0
998	75.0
999	75.0
1000	75.0
1001	75.0
1002	75.0
1003	75.0
1004	75.0
1005	75.0
1006	75.0
1007	75.0
1008	75.0
1009	75.0
1010	75.0
1011	75.0
1012	75.0
1013	75.0
1014	75.0
1015	75.0
1016	75.0
1017	75.0
1018	75.0
1019	75.0
1020	75.0
1021	75.0
1022	75.0
1023	75.0
1024	75.0
1025	75.0
1026	75.0
1027	75.0
1028	75.0
1029	75.0
1030	75.0
1031	75.0
1032	75.0
1033	75.0
1034	75.0
1035	75.0
1036	75.0
1037	75.0
1038	75.0
1039	75.0
1040	75.0
1041	75.0
1042	75.0
1043	75.0
1044	75.0
1045	75.0
1046	75.0
1047	75.0
1048	75.0
1049	75.0
1050	75.0
1051	75.0
1052	75.0
1053	75.0
1054	75.0
1055	75.0
1056	75.0
1057	75.0
1058	75.0
1059	75.0
1060	75.0
1061	75.0
1062	75.0
1063	75.0
1064	75.0
1065	75.0
1066	75.0
1067	75.0
1068	75.0
1069	75.0
1070	75.0
1071	75.0
1072	75.0
1073	75.0
1074	75.0
1075	75.0
1076	75.0
1077	75.0
1078	75.0
1079	75.0
1080	75.0
1081	75.0
1082	75.0
1083	75.0
1084	75.0
1085	75.0
1086	75.0
1087	75.0
1088	75.0
1089	75.0
1090	75.0
1091	75.0
1092	75.0
1093	75.0
1094	75.0
1095	75.0
1096	75.0
1097	75.0
1098	75.0
1099	75.0
1100	75.0
1101	75.0
1102	75.0
1103	75.0
1104	75.0
1105	75.0
1106	75.0
1107	75.0
1108	75.0
1109	75.0
1110	75.0
1111	75.0
1112	75.0
1113	75.0
1114	75.0
1115	75.0
1116	75.0
1117	75.0
1118	75.0
1119	75.0
1120	75.0
1121	75.0
1122	75.0
1123	75.0
1124	75.0
1125	75.0
1126	75.0
1127	75.0
1128	75.0
1129	75.0
1130	75.0
1131	75.0
1132	75.0
1133	75.0
1134	75.0
1135	75.0
1136	75.0
1137	75.0
1138	75.0
1139	75.0
1140	75.0
1141	75.0
1142	75.0
1143	75.0
1144	75.0
1145	75.0
1146	75.0
1147	75.0
1148	75.0
1149	75.0
1150	75.0
1151	75.0
1152	75.0
1153	75.0
1154	75.0
1155	75.0
1156	75.0
1157	75.0
1158	75.0
1159	75.0
1160	75.0
1161	75.0
1162	75.0
1163	75.0
1164	75.0
1165	75.0
1166	75.0
1167	75.0
1168	75.0
1169	75.0
1170	75.0
1171	75.0
1172	75.0
1173	75.0
1174	75.0
1175	75.0
1176	75.0
1177	75.0
1178	75.0
1179	75.0
1180	75.0
1181	75.0
1182	75.0
1183	75.0
1184	75.0
1185	75.0
1186	75.0
1187	75.0
1188	75.0
1189	75.0
1190	75.0
1191	75.0
1192	75.0
1193	75.0
1194	75.0
1195	75.0
1196	75.0
1197	75.0
1198	75.0
1199	75.0
1200	75.0
1201	75.0
1202	75.0
1203	75.0
1204	75.0
1205	75.0
1206	75.0
1207	75.0
1208	75.0
1209	75.0
1210	75.0
1211	75.0
1212	75.0
1213	75.0
1214	75.0
1215	75.0
1216	75.0
1217	75.0
1218	75.0
1219	75.0
1220	75.0
1221	75.0
1222	75.0
1223	75.0
1224	75.0
1225	75.0
1226	75.0
1227	75.0
1228	75.0
1229	75.0
1230	75.0
1231	75.0
1232	75.0
1233	75.0
1234	75.0
1235	75.0
1236	75.0
1237	75.0
1238	75.0
1239	75.0
1240	75.0
1241	75.0
1242	75.0
1243	75.0
1244	75.0
1245	75.0
1246	75.0
1247	75.0
1248	75.0
1249	75.0
1250	75.0
1251	75.0
1252	75.0
1253	75.0
1254	75.0
1255	75.0
1256	75.0
1257	75.0
1258	75.0
1259	75.0
1260	75.0
1261	75.0
1262	75.0
1263	75.0
1264	75.0
1265	75.0
1266	75.0
1267	75.0
1268	75.0
1269	75.0
1270	75.0
1271	75.0
1272	75.0
1273	75.0
1274	75.0
1275	75.0
1276	75.0
1277	75.0
1278	75.0
1279	75.0
1280	75.0
1281	75.0
1282	75.0
1283	75.0
1284	75.0
1285	75.0
1286	75.0
1287	75.0
1288	75.0
1289	75.0
1290	75.0
1291	75.0
1292	75.0
1293	75.0
1294	75.0
1295	75.0
1296	75.0
1297	75.0
1298	75.0
1299	75.0
1300	75.0
1301	75.0
1302	75.0
1303	75.0
1304	75.0
1305	75.0
1306	75.0
1307	75.0
1308	75.0
1309	75.0
1310	75.0
1311	75.0
1312	75.0
1313	75.0
1314	75.0
1315	75.0
1316	75.0
1317	75.0
1318	75.0
1319	75.0
1320	75.0
1321	75.0
1322	75.0
1323	75.0
1324	75.0
1325	75.0
1326	75.0
1327	75.0
1328	75.0
1329	75.0
1330	75.0
1331	75.0
1332	75.0
1333	75.0
1334	75.0
1335	75.0
1336	75.0
1337	75.0
1338	75.0
1339	75.0
1340	75.0
1341	75.0
1342	75.0
1343	75.0
1344	75.0
1345	75.0
1346	75.0
1347	75.0
1348	75.0
1349	75.0
1350	75.0
1351	75.0
1352	75.0
1353	75.0
1354	75.0
1355	75.0
1356	75.0
1357	75.0
1358	75.0
1359	75.0
1360	75.0
1361	75.0
1362	75.0
1363	75.0
1364	75.0
1365	75.0
1366	75.0
1367	75.0
1368	75.0
1369	75.0
1370	75.0
1371	75.0
1372	75.0
1373	75.0
1374	75.0
1375	75.0
1376	75.0
1377	75.0
1378	75.0
1379	75.0
1380	75.0
1381	75.0
1382	75.0
1383	75.0
1384	75.0
1385	75.0
1386	75.0
1387	75.0
1388	75.0
1389	75.0
1390	75.0
1391	75.0
1392	75.0
1393	75.0
1394	75.0
1395	75.0
1396	75.0
1397	75.0
1398	75.0
1399	75.0
1400	75.0
1401	75.0
1402	75.0
1403	75.0
1404	75.0
1405	75.0
1406	75.0
1407	75.0
1408	75.0
1409	75.0
1410	75.0
1411	75.0
1412	75.0
1413	75.0
1414	75.0
1415	75.0
1416	75.0
1417	75.0
1418	75.0
1419	75.0
1420	75.0
1421	75.0
1422	75.0
1423	75.0
1424	75.0
1425	75.0
1426	75.0
1427	75.0
1428	75.0
1429	75.0
1430	75.0
1431	75.0
1432	75.0
1433	75.0
1434	75.0
1435	75.0
1436	75.0
1437	75.0
1438	75.0
1439	75.0
1440	75.0
1441	75.0
1442	75.0
1443	75.0
1444	75.0
1445	75.0
1446	75.0
1447	75.0
1448	75.0
1449	75.0
1450	75.0
1451	75.0
1452	75.0
1453	75.0
1454	75.0
1455	75.0
1456	75.0
1457	75.0
1458	75.0
1459	75.0
1460	75.0
1461	75.0
1462	75.0
1463	75.0
1464	75.0
1465	75.0
1466	75.0
1467	75.0
1468	75.0
1469	75.0
1470	75.0
1471	75.0
1472	75.0
1473	75.0
1474	75.0
1475	75.0
1476	75.0
1477	75.0
1478	75.0
1479	75.0
1480	75.0
1481	75.0
1482	75.0
1483	75.0
1484	75.0
1485	75.0
1486	75.0
1487	75.0
1488	75.0
1489	75.0
1490	75.0
1491	75.0
1492	75.0
1493	75.0
1494	75.0
1495	75.0
1496	75.0
1497	75.0
1498	75.0
1499	75.0
1500	75.0
1501	75.0
1502	75.0
1503	75.0
1504	75.0
1505	75.0
1506	75.0
1507	75.0
1508	75.0
1509	75.0
1510	75.0
1511	75.0
1512	75.0
1513	75.0
1514	75.0
1515	75.0
1516	75.0
1517	75.0
1518	75.0
1519	75.0
1520	75.0
1521	75.0
1522	75.0
1523	75.0
1524	75.0
1525	75.0
1526	75.0
1527	75.0
1528	75.0
1529	75.0
1530	75.0
1531	75.0
1532	75.0
1533	75.0
1534	75.0
1535	75.0
1536	75.0
1537	75.0
1538	75.0
1539	75.0
1540	75.0
1541	75.0
1542	75.0
1543	75.0
1544	75.0
1545	75.0
1546	75.0
1547	75.0
1548	75.0
1549	75.0
1550	75.0
1551	75.0
1552	75.0
1553	75.0
1554	75.0
1555	75.0
1556	75.0
1557	75.0
1558	75.0
1559	75.0
1560	75.0
1561	75.0
1562	75.0
1563	75.0
1564	75.0
1565	75.0
1566	75.0
1567	75.0
1568	75.0
1569	75.0
1570	75.0
1571	75.0
1572	75.0
1573	75.0
1574	75.0
1575	75.0
1576	75.0
1577	75.0
1578	75.0
1579	75.0
1580	75.0
1581	75.0
1582	75.0
1583	75.0
1584	75.0
1585	75.0
1586	75.0
1587	75.0
1588	75.0
1589	75.0
1590	75.0
1591	75.0
1592	75.0
1593	75.0
1594	75.0
1595	75.0
1596	75.0
1597	75.0
1598	75.0
1599	75.0
1600	75.0
1601	75.0
1602	75.0
1603	75.0
1604	75.0
1605	75.0
1606	75.0
1607	75.0
1608	75.0
1609	75.0
1610	75.0
1611	75.0
1612	75.0
1613	75.0
1614	75.0
1615	75.0
1616	75.0
1617	75.0
1618	75.0
1619	75.0
1620	75.0
1621	75.0
1622	75.0
1623	75.0
1624	75.0
1625	75.0
1626	75.0
1627	75.0
1628	75.0
1629	75.0
1630	75.0
1631	75.0
1632	75.0
1633	75.0
1634	75.0
1635	75.0
1636	75.0
1637	75.0
1638	75.0
1639	75.0
1640	75.0
1641	75.0
1642	75.0
1643	75.0
1644	75.0
1645	75.0
1646	75.0
1647	75.0
1648	75.0
1649	75.0
1650	75.0
1651	75.0
1652	75.0
1653	75.0
1654	75.0
1655	75.0
1656	75.0
1657	75.0
1658	75.0
1659	75.0
1660	75.0
1661	75.0
1662	75.0
1663	75.0
1664	75.0
1665	75.0
1666	75.0
1667	75.0
1668	75.0
1669	75.0
1670	75.0
1671	75.0
1672	75.0
1673	75.0
1674	75.0
1675	75.0
1676	75.0
1677	75.0
1678	75.0
1679	75.0
1680	75.0
1681	75.0
1682	75.0
1683	75.0
1684	75.0
1685	75.0
1686	75.0
1687	75.0
1688	75.0
1689	75.0
1690	75.0
1691	75.0
1692	75.0
1693	75.0
1694	75.0
1695	75.0
1696	75.0
1697	75.0
1698	75.0
1699	75.0
1700	75.0
1701	75.0
1702	75.0
1703	75.0
1704	75.0
1705	75.0
1706	75.0
1707	75.0
1708	75.0
1709	75.0
1710	75.0
1711	75.0
1712	75.0
1713	75.0
1714	75.0
1715	75.0
1716	75.0
1717	75.0
1718	75.0
1719	75.0
1720	75.0
1721	75.0
1722	75.0
1723	75.0
1724	75.0
1725	75.0
1726	75.0
1727	75.0
1728	75.0
1729	75.0
1730	75.0
1731	75.0
1732	75.0
1733	75.0
1734	75.0
1735	75.0
1736	75.0
1737	75.0
1738	75.0
1739	75.0
1740	75.0
1741	75.0
1742	75.0
1743	75.0
1744	75.0
1745	75.0
1746	75.0
1747	75.0
1748	75.0
1749	75.0
1750	75.0
1751	75.0
1752	75.0
1753	75.0
1754	75.0
1755	75.0
1756	75.0
1757	75.0
1758	75.0
1759	75.0
1760	75.0
1761	75.0
1762	75.0
1763	75.0
1764	75.0
1765	75.0
1766	75.0
1767	75.0
1768	75.0
1769	75.0
1770	75.0
1771	75.0
1772	75.0
1773	75.0
1774	75.0
1775	75.0
1776	75.0
1777	75.0
1778	75.0
1779	75.0
1780	75.0
1781	75.0
1782	75.0
1783	75.0
1784	75.0
1785	75.0
1786	75.0
1787	75.0
1788	75.0
1789	75.0
1790	75.0
1791	75.0
1792	75.0
1793	75.0
1794	75.0
1795	75.0
1796	75.0
1797	75.0
1798	75.0
1799	75.0
1800	75.0
1801	75.0
1802	75.0
1803	75.0
1804	75.0
1805	75.0
1806	75.0
1807	75.0
1808	75.0
1809	75.0
1810	75.0
1811	75.0
1812	75.0
1813	75.0
1814	75.0
1815	75.0
1816	75.0
1817	75.0
1818	75.0
1819	75.0
1820	75.0
1821	75.0
1822	75.0
1823	75.0
1824	75.0
1825	75.0
1826	75.0
1827	75.0
1828	75.0
1829	75.0
1830	75.0
1831	75.0
1832	75.0
1833	75.0
1834	75.0
1835	75.0
1836	75.0
1837	75.0
1838	75.0
1839	75.0
1840	75.0
1841	75.0
1842	75.0
1843	75.0
1844	75.0
1845	75.0
1846	75.0
1847	75.0
1848	75.0
1849	75.0
1850	75.0
1851	75.0
1852	75.0
1853	75.0
1854	75.0
1855	75.0
1856	75.0
1857	75.0
1858	75.0
1859	75.0
1860	75.0
1861	75.0
1862	75.0
1863	75.0
1864	75.0
1865	75.0
1866	75.0
1867	75.0
1868	75.0
1869	75.0
1870	75.0
1871	75.0
1872	75.0
1873	75.0
1874	75.0
1875	75.0
1876	75.0
1877	75.0
1878	75.0
1879	75.0
1880	75.0
1881	75.0
1882	75.0
1883	75.0
1884	75.0
1885	75.0
1886	75.0
1887	75.0
1888	75.0
1889	75.0
1890	75.0
1891	75.0
1892	75.0
1893	75.0
1894	75.0
1895	75.0
1896	75.0
1897	75.0
1898	75.0
1899	75.0
1900	75.0
1901	75.0
1902	75.0
1903	75.0
1904	75.0
1905	75.0
1906	75.0
1907	75.0
1908	75.0
1909	75.0
1910	75.0
1911	75.0
1912	75.0
1913	75.0
1914	75.0
1915	75.0
1916	75.0
1917	75.0
1918	75.0
1919	75.0
1920	75.0
1921	75.0
1922	75.0
1923	75.0
1924	75.0
1925	75.0
1926	75.0
1927	75.0
1928	75.0
1929	75.0
1930	75.0
1931	75.0
1932	75.0
1933	75.0
1934	75.0
1935	75.0
1936	75.0
1937	75.0
1938	75.0
1939	75.0
1940	75.0
1941	75.0
1942	75.0
1943	75.0
1944	75.0
1945	75.0
1946	75.0
1947	75.0
1948	75.0
1949	75.0
1950	75.0
1951	75.0
1952	75.0
1953	75.0
1954	75.0
1955	75.0
1956	75.0
1957	75.0
1958	75.0
1959	75.0
1960	75.0
1961	75.0
1962	75.0
1963	75.0
1964	75.0
1965	75.0
1966	75.0
1967	75.0
1968	75.0
1969	75.0
1970	75.0
1971	75.0
1972	75.0
1973	75.0
1974	75.0
1975	75.0
1976	75.0
1977	75.0
1978	75.0
1979	75.0
1980	75.0
1981	75.0
1982	75.0
1983	75.0
1984	75.0
1985	75.0
1986	75.0
1987	75.0
1988	75.0
1989	75.0
1990	75.0
1991	75.0
1992	75.0
1993	75.0
1994	75.0
1995	75.0
1996	75.0
1997	75.0
1998	75.0
1999	75.0
2000	75.0
2001	75.0
2002	75.0
2003	75.0
2004	75.0
2005	75.0
2006	75.0
2007	75.0
2008	75.0
2009	75.0
2010	75.0
2011	75.0
2012	75.0
2013	75.0
2014	75.0
2015	75.0
2016	75.0
2017	75.0
2018	75.0
2019	75.0
2020	75.0
2021	75.0
2022	75.0
2023	75.0
2024	75.0
2025	75.0
2026	75.0
2027	75.0
2028	75.0
2029	75.0
2030	75.0
2031	75.0
2032	75.0
2033	75.0
2034	75.0
2035	75.0
2036	75.0
2037	75.0
2038	75.0
2039	75.0
2040	75.0
2041	75.0
2042	75.0
2043	75.0
2044	75.0
2045	75.0
2046	75.0
2047	75.0
2048	75.0
2049	75.0
2050	75.0
2051	75.0
2052	75.0
2053	75.0
2054	75.0
2055	75.0
2056	75.0
2057	75.0
2058	75.0
2059	75.0
2060	75.0
2061	75.0
2062	75.0
2063	75.0
2064	75.0
2065	75.0
2066	75.0
2067	75.0
2068	75.0
2069	75.0
2070	75.0
2071	75.0
2072	75.0
2073	75.0
2074	75.0
2075	75.0
2076	75.0
2077	75.0
2078	75.0
2079	75.0
2080	75.0
2081	75.0
2082	75.0
2083	75.0
2084	75.0
2085	75.0
2086	75.0
2087	75.0
2088	75.0
2089	75.0
2090	75.0
2091	75.0
2092	75.0
2093	75.0
2094	75.0
2095	75.0
2096	75.0
2097	75.0
2098	75.0
2099	75.0
2100	75.0
2101	75.0
2102	75.0
2103	75.0
2104	75.0
2105	75.0
2106	75.0
2107	75.0
2108	75.0
2109	75.0
2110	75.0
2111	75.0
2112	75.0
2113	75.0
2114	75.0
2115	75.0
2116	75.0
2117	75.0
2118	75.0
2119	75.0
2120	75.0
2121	75.0
2122	75.0
2123	75.0
2124	75.0
2125	75.0
2126	75.0
2127	75.0
2128	75.0
2129	75.0
2130	75.0
2131	75.0
2132	75.0
2133	75.0
2134	75.0
2135	75.0
2136	75.0
2137	75.0
2138	75.0
2139	75.0
2140	75.0
2141	75.0
2142	75.0
2143	75.0
2144	75.0
2145	75.0
2146	75.0
2147	75.0
2148	75.0
2149	75.0
2150	75.0
2151	75.0
2152	75.0
2153	75.0
2154	75.0
2155	75.0
2156	75.0
2157	75.0
2158	75.0
2159	75.0
2160	75.0
2161	75.0
2162	75.0
2163	75.0
2164	75.0
2165	75.0
2166	75.0
2167	75.0
2168	75.0
2169	75.0
2170	75.0
2171	75.0
2172	75.0
2173	75.0
2174	75.0
2175	75.0
2176	75.0
2177	75.0
2178	75.0
2179	75.0
2180	75.0
2181	75.0
2182	75.0
2183	75.0
2184	75.0
2185	75.0
2186	75.0
2187	75.0
2188	75.0
2189	75.0
2190	75.0
2191	75.0
2192	75.0
2193	75.0
2194	75.0
2195	75.0
2196	75.0
2197	75.0
2198	75.0
2199	75.0
2200	75.0
2201	75.0
2202	75.0
2203	75.0
2204	75.0
2205	75.0
2206	75.0
2207	75.0
2208	75.0
2209	75.0
2210	75.0
2211	75.0
2212	75.0
2213	75.0
2214	75.0
2215	75.0
2216	75.0
2217	75.0
2218	75.0
2219	75.0
2220	75.0
2221	75.0
2222	75.0
2223	75.0
2224	75.0
2225	75.0
2226	75.0
2227	75.0
2228	75.0
2229	75.0
2230	75.0
2231	75.0
2232	75.0
2233	75.0
2234	75.0
2235	75.0
2236	75.0
2237	75.0
2238	75.0
2239	75.0
2240	75.0
2241	75.0
2242	75.0
2243	75.0
2244	75.0
2245	75.0
2246	75.0
2247	75.0
2248	75.0
2249	75.0
2250	75.0
2251	75.0
2252	75.0
2253	75.0
2254	75.0
2255	75.0
2256	75.0
2257	75.0
2258	75.0
2259	75.0
2260	75.0
2261	75.0
2262	75.0
2263	75.0
2264	75.0
2265	75.0
2266	75.0
2267	75.0
2268	75.0
2269	75.0
2270	75.0
2271	75.0
2272	75.0
2273	75.0
2274	75.0
2275	75.0
2276	75.0
2277	75.0
2278	75.0
2279	75.0
2280	75.0
2281	75.0
2282	75.0
2283	75.0
2284	75.0
2285	75.0
2286	75.0
2287	75.0
2288	75.0
2289	75.0
2290	75.0
2291	75.0
2292	75.0
2293	75.0
2294	75.0
2295	75.0
2296	75.0
2297	75.0
2298	75.0
2299	75.0
2300	75.0
2301	75.0
2302	75.0
2303	75.0
2304	75.0
2305	75.0
2306	75.0
2307	75.0
2308	75.0
2309	75.0
2310	75.0
2311	75.0
2312	75.0
2313	75.0
2314	75.0
2315	75.0
2316	75.0
2317	75.0
2318	75.0
2319	75.0
2320	75.0
2321	75.0
2322	75.0
2323	75.0
2324	75.0
2325	75.0
2326	75.0
2327	75.0
2328	75.0
2329	75.0
2330	75.0
2331	75.0
2332	75.0
2333	75.0
2334	75.0
2335	75.0
2336	75.0
2337	75.0
2338	75.0
2339	75.0
2340	75.0
2341	75.0
2342	75.0
2343	75.0
2344	75.0
2345	75.0
2346	75.0
2347	75.0
2348	75.0
2349	75.0
2350	75.0
2351	75.0
2352	75.0
2353	75.0
2354	75.0
2355	75.0
2356	75.0
2357	75.0
2358	75.0
2359	75.0
2360	75.0
2361	75.0
2362	75.0
2363	75.0
2364	75.0
2365	75.0
2366	75.0
2367	75.0
2368	75.0
2369	75.0
2370	75.0
2371	75.0
2372	75.0
2373	75.0
2374	75.0
2375	75.0
2376	75.0
2377	75.0
2378	75.0
2379	75.0
2380	75.0
2381	75.0
2382	75.0
2383	75.0
2384	75.0
2385	75.0
2386	75.0
2387	75.0
2388	75.0
2389	75.0
2390	75.0
2391	75.0
2392	75.0
2393	75.0
2394	75.0
2395	75.0
2396	75.0
2397	75.0
2398	75.0
2399	75.0
2400	75.0
2401	75.0
2402	75.0
2403	75.0
2404	75.0
2405	75.0
2406	75.0
2407	75.0
2408	75.0
2409	75.0
2410	75.0
2411	75.0
2412	75.0
2413	75.0
2414	75.0
2415	75.0
2416	75.0
2417	75.0
2418	75.0
2419	75.0
2420	75.0
2421	75.0
2422	75.0
2423	75.0
2424	75.0
2425	75.0
2426	75.0
2427	75.0
2428	75.0
2429	75.0
2430	75.0
2431	75.0
2432	75.0
2433	75.0
2434	75.0
2435	75.0
2436	75.0
2437	75.0
2438	75.0
2439	75.0
2440	75.0
2441	75.0
2442	75.0
2443	75.0
2444	75.0
2445	75.0
2446	75.0
2447	75.0
2448	75.0
2449	75.0
2450	75.0
2451	75.0
2452	75.0
2453	75.0
2454	75.0
2455	75.0
2456	75.0
2457	75.0
2458	75.0
2459	75.0
2460	75.0
2461	75.0
2462	75.0
2463	75.0
2464	75.0
2465	75.0
2466	75.0
2467	75.0
2468	75.0
2469	75.0
2470	75.0
2471	75.0
2472	75.0
2473	75.0
2474	75.0
2475	75.0
2476	75.0
2477	75.0
2478	75.0
2479	75.0
2480	75.0
2481	75.0
2482	75.0
2483	75.0
2484	75.0
2485	75.0
2486	75.0
2487	75.0
2488	75.0
2489	75.0
2490	75.0
2491	75.0
2492	75.0
2493	75.0
2494	75.0
2495	75.0
2496	75.0
2497	75.0
2498	75.0
2499	75.0
2500	75.0
2501	75.0
2502	75.0
2503	75.0
2504	75.0
2505	75.0
2506	75.0
2507	75.0
2508	75.0
2509	75.0
2510	75.0
2511	75.0
2512	75.0
2513	75.0
2514	75.0
2515	75.0
2516	75.0
2517	75.0
2518	75.0
2519	75.0
2520	75.0
2521	75.0
2522	75.0
2523	75.0
2524	75.0
2525	75.0
2526	75.0
2527	75.0
2528	75.0
2529	75.0
2530	75.0
2531	75.0
2532	75.0
2533	75.0
2534	75.0
2535	75.0
2536	75.0
2537	75.0
2538	75.0
2539	75.0
2540	75.0
2541	75.0
2542	75.0
2543	75.0
2544	75.0
2545	75.0
2546	75.0
2547	75.0
2548	75.0
2549	75.0
2550	75.0
2551	75.0
2552	75.0
2553	75.0
2554	75.0
2555	75.0
2556	75.0
2557	75.0
2558	75.0
2559	75.0
2560	75.0
2561	75.0
2562	75.0
2563	75.0
2564	75.0
2565	75.0
2566	75.0
2567	75.0
2568	75.0
2569	75.0
2570	75.0
2571	75.0
2572	75.0
2573	75.0
2574	75.0
2575	75.0
2576	75.0
2577	75.0
2578	75.0
2579	75.0
2580	75.0
2581	75.0
2582	75.0
2583	75.0
2584	75.0
2585	75.0
2586	75.0
2587	75.0
2588	75.0
2589	75.0
2590	75.0
2591	75.0
2592	75.0
2593	75.0
2594	75.0
2595	75.0
2596	75.0
2597	75.0
2598	75.0
2599	75.0
2600	75.0
2601	75.0
2602	75.0
2603	75.0
2604	75.0
2605	75.0
2606	75.0
2607	75.0
2608	75.0
2609	75.0
2610	75.0
2611	75.0
2612	75.0
2613	75.0
2614	75.0
2615	75.0
2616	75.0
2617	75.0
2618	75.0
2619	75.0
2620	75.0
2621	75.0
2622	75.0
2623	75.0
2624	75.0
2625	75.0
2626	75.0
2627	75.0
2628	75.0
2629	75.0
2630	75.0
2631	75.0
2632	75.0
2633	75.0
2634	75.0
2635	75.0
2636	75.0
2637	75.0
2638	75.0
2639	75.0
2640	75.0
2641	75.0
2642	75.0
2643	75.0
2644	75.0
2645	75.0
2646	75.0
2647	75.0
2648	75.0
2649	75.0
2650	75.0
2651	75.0
2652	75.0
2653	75.0
2654	75.0
2655	75.0
2656	75.0
2657	75.0
2658	75.0
2659	75.0
2660	75.0
2661	75.0
2662	75.0
2663	75.0
2664	75.0
2665	75.0
2666	75.0
2667	75.0
2668	75.0
2669	75.0
2670	75.0
2671	75.0
2672	75.0
2673	75.0
2674	75.0
2675	75.0
2676	75.0
2677	75.0
2678	75.0
2679	75.0
2680	75.0
2681	75.0
2682	75.0
2683	75.0
2684	75.0
2685	75.0
2686	75.0
2687	75.0
2688	75.0
2689	75.0
2690	75.0
2691	75.0
2692	75.0
2693	75.0
2694	75.0
2695	75.0
2696	75.0
2697	75.0
2698	75.0
2699	75.0
2700	75.0
2701	75.0
2702	75.0
2703	75.0
2704	75.0
2705	75.0
2706	75.0
2707	75.0
2708	75.0
2709	75.0
2710	75.0
2711	75.0
2712	75.0
2713	75.0
2714	75.0
2715	75.0
2716	75.0
2717	75.0
2718	75.0
2719	75.0
2720	75.0
2721	75.0
2722	75.0
2723	75.0
2724	75.0
2725	75.0
2726	75.0
2727	75.0
2728	75.0
2729	75.0
2730	75.0
2731	75.0
2732	75.0
2733	75.0
2734	75.0
2735	75.0
2736	75.0
2737	75.0
2738	75.0
2739	75.0
2740	75.0
2741	75.0
2742	75.0
2743	75.0
2744	75.0
2745	75.0
2746	75.0
2747	75.0
2748	75.0
2749	75.0
2750	75.0
2751	75.0
2752	75.0
2753	75.0
2754	75.0
2755	75.0
2756	75.0
2757	75.0
2758	75.0
2759	75.0
2760	75.0
2761	75.0
2762	75.0
2763	75.0
2764	75.0
2765	75.0
2766	75.0
2767	75.0
2768	75.0
2769	75.0
2770	75.0
2771	75.0
2772	75.0
2773	75.0
2774	75.0
2775	75.0
2776	75.0
2777	75.0
2778	75.0
2779	75.0
2780	75.0
2781	75.0
2782	75.0
2783	75.0
2784	75.0
2785	75.0
2786	75.0
2787	75.0
2788	75.0
2789	75.0
2790	75.0
2791	75.0
2792	75.0
2793	75.0
2794	75.0
2795	75.0
2796	75.0
2797	75.0
2798	75.0
2799	75.0
2800	75.0
2801	75.0
2802	75.0
2803	75.0
2804	75.0
2805	75.0
2806	75.0
2807	75.0
2808	75.0
2809	75.0
2810	75.0
2811	75.0
2812	75.0
2813	75.0
2814	75.0
2815	75.0
2816	75.0
2817	75.0
2818	75.0
2819	75.0
2820	75.0
2821	75.0
2822	75.0
2823	75.0
2824	75.0
2825	75.0
2826	75.0
2827	75.0
2828	75.0
2829	75.0
2830	75.0
2831	75.0
2832	75.0
2833	75.0
2834	75.0
2835	75.0
2836	75.0
2837	75.0
2838	75.0
2839	75.0
2840	75.0
2841	75.0
2842	75.0
2843	75.0
2844	75.0
2845	75.0
2846	75.0
2847	75.0
2848	75.0
2849	75.0
2850	75.0
2851	75.0
2852	75.0
2853	75.0
2854	75.0
2855	75.0
2856	75.0
2857	75.0
2858	75.0
2859	75.0
2860	75.0
2861	75.0
2862	75.0
2863	75.0
2864	75.0
2865	75.0
2866	75.0
2867	75.0
2868	75.0
2869	75.0
2870	75.0
2871	75.0
2872	75.0
2873	75.0
2874	75.0
2875	75.0
2876	75.0
2877	75.0
2878	75.0
2879	75.0
2880	75.0
2881	75.0
2882	75.0
2883	75.0
2884	75.0
2885	75.0
2886	75.0
2887	75.0
2888	75.0
2889	75.0
2890	75.0
2891	75.0
2892	75.0
2893	75.0
2894	75.0
2895	75.0
2896	75.0
2897	75.0
2898	75.0
2899	75.0
2900	75.0
2901	75.0
2902	75.0
2903	75.0
2904	75.0
2905	75.0
2906	75.0
2907	75.0
2908	75.0
2909	75.0
2910	75.0
2911	75.0
2912	75.0
2913	75.0
2914	75.0
2915	75.0
2916	75.0
2917	75.0
2918	75.0
2919	75.0
2920	75.0
2921	75.0
2922	75.0
2923	75.0
2924	75.0
2925	75.0
2926	75.0
2927	75.0
2928	75.0
2929	75.0
2930	75.0
2931	75.0
2932	75.0
2933	75.0
2934	75.0
2935	75.0
2936	75.0
2937	75.0
2938	75.0
2939	75.0
2940	75.0
2941	75.0
2942	75.0
2943	75.0
2944	75.0
2945	75.0
2946	75.0
2947	75.0
2948	75.0
2949	75.0
2950	75.0
2951	75.0
2952	75.0
2953	75.0
2954	75.0
2955	75.0
2956	75.0
2957	75.0
2958	75.0
2959	75.0
2960	75.0
2961	75.0
2962	75.0
2963	75.0
2964	75.0
2965	75.0
2966	75.0
2967	75.0
2968	75.0
2969	75.0
2970	75.0
2971	75.0
2972	75.0
2973	75.0
2974	75.0
2975	75.0
2976	75.0
2977	75.0
2978	75.0
2979	75.0
2980	75.0
2981	75.0
2982	75.0
2983	75.0
2984	75.0
2985	75.0
2986	75.0
2987	75.0
2988	75.0
2989	75.0
2990	75.0
2991	75.0
2992	75.0
2993	75.0
2994	75.0
2995	75.0
2996	75.0
2997	75.0
2998	75.0
2999	75.0
3000	75.0
3001	75.0
3002	75.0
3003	75.0
3004	75.0
3005	75.0
3006	75.0
3007	75.0
3008	75.0
3009	75.0
3010	75.0
3011	75.0
3012	75.0
3013	75.0
3014	75.0
3015	75.0
3016	75.0
3017	75.0
3018	75.0
3019	75.0
3020	75.0
3021	75.0
3022	75.0
3023	75.0
3024	75.0
3025	75.0
3026	75.0
3027	75.0
3028	75.0
3029	75.0
3030	75.0
3031	75.0
3032	75.0
3033	75.0
3034	75.0
3035	75.0
3036	75.0
3037	75.0
3038	75.0
3039	75.0
3040	75.0
3041	75.0
3042	75.0
3043	75.0
3044	75.0
3045	75.0
3046	75.0
3047	75.0
3048	75.0
3049	75.0
3050	75.0
3051	75.0
3052	75.0
3053	75.0
3054	75.0
3055	75.0
3056	75.0
3057	75.0
3058	75.0
3059	75.0
3060	75.0
3061	75.0
3062	75.0
3063	75.0
3064	75.0
3065	75.0
3066	75.0
3067	75.0
3068	75.0
3069	75.0
3070	75.0
3071	75.0
3072	75.0
3073	75.0
3074	75.0
3075	75.0
3076	75.0
3077	75.0
3078	75.0
3079	75.0
3080	75.0
3081	75.0
3082	75.0
3083	75.0
3084	75.0
3085	75.0
3086	75.0
3087	75.0
3088	75.0
3089	75.0
3090	75.0
3091	75.0
3092	75.0
3093	75.0
3094	75.0
3095	75.0
3096	75.0
3097	75.0
3098	75.0
3099	75.0
3100	75.0
3101	75.0
3102	75.0
3103	75.0
3104	75.0
3105	75.0
3106	75.0
3107	75.0
3108	75.0
3109	75.0
3110	75.0
3111	75.0
3112	75.0
3113	75.0
3114	75.0
3115	75.0
3116	75.0
3117	75.0
3118	75.0
3119	75.0
3120	75.0
3121	75.0
3122	75.0
3123	75.0
3124	75.0
3125	75.0
3126	75.0
3127	75.0
3128	75.0
3129	75.0
3130	75.0
3131	75.0
3132	75.0
3133	75.0
3134	75.0
3135	75.0
3136	75.0
3137	75.0
3138	75.0
3139	75.0
3140	75.0
3141	75.0
3142	75.0
3143	75.0
3144	75.0
3145	75.0
3146	75.0
3147	75.0
3148	75.0
3149	75.0
3150	75.0
3151	75.0
3152	75.0
3153	75.0
3154	75.0
3155	75.0
3156	75.0
3157	75.0
3158	75.0
3159	75.0
3160	75.0
3161	75.0
3162	75.0
3163	75.0
3164	75.0
3165	75.0
3166	75.0
3167	75.0
3168	75.0
3169	75.0
3170	75.0
3171	75.0
3172	75.0
3173	75.0
3174	75.0
3175	75.0
3176	75.0
3177	75.0
3178	75.0
3179	75.0
3180	75.0
3181	75.0
3182	75.0
3183	75.0
3184	75.0
3185	75.0
3186	75.0
3187	75.0
3188	75.0
3189	75.0
3190	75.0
3191	75.0
3192	75.0
3193	75.0
3194	75.0
3195	75.0
3196	75.0
3197	75.0
3198	75.0
3199	75.0
3200	75.0
3201	75.0
3202	75.0
3203	75.0
3204	75.0
3205	75.0
3206	75.0
3207	75.0
3208	75.0
3209	75.0
3210	75.0
3211	75.0
3212	75.0
3213	75.0
3214	75.0
3215	75.0
3216	75.0
3217	75.0
3218	75.0
3219	75.0
3220	75.0
3221	75.0
3222	75.0
3223	75.0
3224	75.0
3225	75.0
3226	75.0
3227	75.0
3228	75.0
3229	75.0
3230	75.0
3231	75.0
3232	75.0
3233	75.0
3234	75.0
3235	75.0
3236	75.0
3237	75.0
3238	75.0
3239	75.0
3240	75.0
3241	75.0
3242	75.0
3243	75.0
3244	75.0
3245	75.0
3246	75.0
3247	75.0
3248	75.0
3249	75.0
3250	75.0
3251	75.0
3252	75.0
3253	75.0
3254	75.0
3255	75.0
3256	75.0
3257	75.0
3258	75.0
3259	75.0
3260	75.0
3261	75.0
3262	75.0
3263	75.0
3264	75.0
3265	75.0
3266	75.0
3267	75.0
3268	75.0
3269	75.0
3270	75.0
3271	75.0
3272	75.0
3273	75.0
3274	75.0
3275	75.0
3276	75.0
3277	75.0
3278	75.0
3279	75.0
3280	75.0
3281	75.0
3282	75.0
3283	75.0
3284	75.0
3285	75.0
3286	75.0
3287	75.0
3288	75.0
3289	75.0
3290	75.0
3291	75.0
3292	75.0
3293	75.0
3294	75.0
3295	75.0
3296	75.0
3297	75.0
3298	75.0
3299	75.0
3300	75.0
3301	75.0
3302	75.0
3303	75.0
3304	75.0
3305	75.0
3306	75.0
3307	75.0
3308	75.0
3309	75.0
3310	75.0
3311	75.0
3312	75.0
3313	75.0
3314	75.0
3315	75.0
3316	75.0
3317	75.0
3318	75.0
3319	75.0
3320	75.0
3321	75.0
3322	75.0
3323	75.0
3324	75.0
3325	75.0
3326	75.0
3327	75.0
3328	75.0
3329	75.0
3330	75.0
3331	75.0
3332	75.0
3333	75.0
3334	75.0
3335	75.0
3336	75.0
3337	75.0
3338	75.0
3339	75.0
3340	75.0
3341	75.0
3342	75.0
3343	75.0
3344	75.0
3345	75.0
3346	75.0
3347	75.0
3348	75.0
3349	75.0
3350	75.0
3351	75.0
3352	75.0
3353	75.0
3354	75.0
3355	75.0
3356	75.0
3357	75.0
3358	75.0
3359	75.0
3360	75.0
3361	75.0
3362	75.0
3363	75.0
3364	75.0
3365	75.0
3366	75.0
3367	75.0
3368	75.0
3369	75.0
3370	75.0
3371	75.0
3372	75.0
3373	75.0
3374	75.0
3375	75.0
3376	75.0
3377	75.0
3378	75.0
3379	75.0
3380	75.0
3381	75.0
3382	75.0
3383	75.0
3384	75.0
3385	75.0
3386	75.0
3387	75.0
3388	75.0
3389	75.0
3390	75.0
3391	75.0
3392	75.0
3393	75.0
3394	75.0
3395	75.0
3396	75.0
3397	75.0
3398	75.0
3399	75.0
3400	75.0
3401	75.0
3402	75.0
3403	75.0
3404	75.0
3405	75.0
3406	75.0
3407	75.0
3408	75.0
3409	75.0
3410	75.0
3411	75.0
3412	75.0
3413	75.0
3414	75.0
3415	75.0
3416	75.0
3417	75.0
3418	75.0
3419	75.0
3420	75.0
3421	75.0
3422	75.0
3423	75.0
3424	75.0
3425	75.0
3426	75.0
3427	75.0
3428	75.0
3429	75.0
3430	75.0
3431	75.0
3432	75.0
3433	75.0
3434	75.0
3435	75.0
3436	75.0
3437	75.0
3438	75.0
3439	75.0
3440	75.0
3441	75.0
3442	75.0
3443	75.0
3444	75.0
3445	75.0
3446	75.0
3447	75.0
3448	75.0
3449	75.0
3450	75.0
3451	75.0
3452	75.0
3453	75.0
3454	75.0
3455	75.0
3456	75.0
3457	75.0
3458	75.0
3459	75.0
3460	75.0
3461	75.0
3462	75.0
3463	75.0
3464	75.0
3465	75.0
3466	75.0
3467	75.0
3468	75.0
3469	75.0
3470	75.0
3471	75.0
3472	75.0
3473	75.0
3474	75.0
3475	75.0
3476	75.0
3477	75.0
3478	75.0
3479	75.0
3480	75.0
3481	75.0
3482	75.0
3483	75.0
3484	75.0
3485	75.0
3486	75.0
3487	75.0
3488	75.0
3489	75.0
3490	75.0
3491	75.0
3492	75.0
3493	75.0
3494	75.0
3495	75.0
3496	75.0
3497	75.0
3498	75.0
3499	75.0
3500	75.0
3501	75.0
3502	75.0
3503	75.0
3504	75.0
3505	75.0
3506	75.0
3507	75.0
3508	75.0
3509	75.0
3510	75.0
3511	75.0
3512	75.0
3513	75.0
3514	75.0
3515	75.0
3516	75.0
3517	75.0
3518	75.0
3519	75.0
3520	75.0
3521	75.0
3522	75.0
3523	75.0
3524	75.0
3525	75.0
3526	75.0
3527	75.0
3528	75.0
3529	75.0
3530	75.0
3531	75.0
3532	75.0
3533	75.0
3534	75.0
3535	75.0
3536	75.0
3537	75.0
3538	75.0
3539	75.0
3540	75.0
3541	75.0
3542	75.0
3543	75.0
3544	75.0
3545	75.0
3546	75.0
3547	75.0
3548	75.0
3549	75.0
3550	75.0
3551	75.0
3552	75.0
3553	75.0
3554	75.0
3555	75.0
3556	75.0
3557	75.0
3558	75.0
3559	75.0
3560	75.0
3561	75.0
3562	75.0
3563	75.0
3564	75.0
3565	75.0
3566	75.0
3567	75.0
3568	75.0
3569	75.0
3570	75.0
3571	75.0
3572	75.0
3573	75.0
3574	75.0
3575	75.0
3576	75.0
3577	75.0
3578	75.0
3579	75.0
3580	75.0
3581	75.0
3582	75.0
3583	75.0
3584	75.0
3585	75.0
3586	75.0
3587	75.0
3588	75.0
3589	75.0
3590	75.0
3591	75.0
3592	75.0
3593	75.0
3594	75.0
3595	75.0
3596	75.0
3597	75.0
3598	75.0
3599	75.0
3600	75.0
3601	75.0
3602	75.0
3603	75.0
3604	75.0
3605	75.0
3606	75.0
3607	75.0
3608	75.0
3609	75.0
3610	75.0
3611	75.0
3612	75.0
3613	75.0
3614	75.0
3615	75.0
3616	75.0
3617	75.0
3618	75.0
3619	75.0
3620	75.0
3621	75.0
3622	75.0
3623	75.0
3624	75.0
3625	75.0
3626	75.0
3627	75.0
3628	75.0
3629	75.0
3630	75.0
3631	75.0
3632	75.0
3633	75.0
3634	75.0
3635	75.0
3636	75.0
3637	75.0
3638	75.0
3639	75.0
3640	75.0
3641	75.0
3642	75.0
3643	75.0
3644	75.0
3645	75.0
3646	75.0
3647	75.0
3648	75.0
3649	75.0
3650	75.0
3651	75.0
3652	75.0
3653	75.0
3654	75.0
3655	75.0
3656	75.0
3657	75.0
3658	75.0
3659	75.0
3660	75.0
3661	75.0
3662	75.0
3663	75.0
3664	75.0
3665	75.0
3666	75.0
3667	75.0
3668	75.0
3669	75.0
3670	75.0
3671	75.0
3672	75.0
3673	75.0
3674	75.0
3675	75.0
3676	75.0
3677	75.0
3678	75.0
3679	75.0
3680	75.0
3681	75.0
3682	75.0
3683	75.0
3684	75.0
3685	75.0
3686	75.0
3687	75.0
3688	75.0
3689	75.0
3690	75.0
3691	75.0
3692	75.0
3693	75.0
3694	75.0
3695	75.0
3696	75.0
3697	75.0
3698	75.0
3699	75.0
3700	75.0
3701	75.0
3702	75.0
3703	75.0
3704	75.0
3705	75.0
3706	75.0
3707	75.0
3708	75.0
3709	75.0
3710	75.0
3711	75.0
3712	75.0
3713	75.0
3714	75.0
3715	75.0
3716	75.0
3717	75.0
3718	75.0
3719	75.0
3720	75.0
3721	75.0
3722	75.0
3723	75.0
3724	75.0
3725	75.0
3726	75.0
3727	75.0
3728	75.0
3729	75.0
3730	75.0
3731	75.0
3732	75.0
3733	75.0
3734	75.0
3735	75.0
3736	75.0
3737	75.0
3738	75.0
3739	75.0
3740	75.0
3741	75.0
3742	75.0
3743	75.0
3744	75.0
3745	75.0
3746	75.0
3747	75.0
3748	75.0
3749	75.0
3750	75.0
3751	75.0
3752	75.0
3753	75.0
3754	75.0
3755	75.0
3756	75.0
3757	75.0
3758	75.0
3759	75.0
3760	75.0
3761	75.0
3762	75.0
3763	75.0
3764	75.0
3765	75.0
3766	75.0
3767	75.0
3768	75.0
3769	75.0
3770	75.0
3771	75.0
3772	75.0
3773	75.0
3774	75.0
3775	75.0
3776	75.0
3777	75.0
3778	75.0
3779	75.0
3780	75.0
3781	75.0
3782	75.0
3783	75.0
3784	75.0
3785	75.0
3786	75.0
3787	75.0
3788	75.0
3789	75.0
3790	75.0
3791	75.0
3792	75.0
3793	75.0
3794	75.0
3795	75.0
3796	75.0
3797	75.0
3798	75.0
3799	75.0
3800	75.0
3801	75.0
3802	75.0
3803	75.0
3804	75.0
3805	75.0
3806	75.0
3807	75.0
3808	75.0
3809	75.0
3810	75.0
3811	75.0
3812	75.0
3813	75.0
3814	75.0
3815	75.0
3816	75.0
3817	75.0
3818	75.0
3819	75.0
3820	75.0
3821	75.0
3822	75.0
3823	75.0
3824	75.0
3825	75.0
3826	75.0
3827	75.0
3828	75.0
3829	75.0
3830	75.0
3831	75.0
3832	75.0
3833	75.0
3834	75.0
3835	75.0
3836	75.0
3837	75.0
3838	75.0
3839	75.0
3840	75.0
3841	75.0
3842	75.0
3843	75.0
3844	75.0
3845	75.0
3846	75.0
3847	75.0
3848	75.0
3849	75.0
3850	75.0
3851	75.0
3852	75.0
3853	75.0
3854	75.0
3855	75.0
3856	75.0
3857	75.0
3858	75.0
3859	75.0
3860	75.0
3861	75.0
3862	75.0
3863	75.0
3864	75.0
3865	75.0
3866	75.0
3867	75.0
3868	75.0
3869	75.0
3870	75.0
3871	75.0
3872	75.0
3873	75.0
3874	75.0
3875	75.0
3876	75.0
3877	75.0
3878	75.0
3879	75.0
3880	75.0
3881	75.0
3882	75.0
3883	75.0
3884	75.0
3885	75.0
3886	75.0
3887	75.0
3888	75.0
3889	75.0
3890	75.0
3891	75.0
3892	75.0
3893	75.0
3894	75.0
3895	75.0
3896	75.0
3897	75.0
3898	75.0
3899	75.0
3900	75.0
3901	75.0
3902	75.0
3903	75.0
3904	75.0
3905	75.0
3906	75.0
3907	75.0
3908	75.0
3909	75.0
3910	75.0
3911	75.0
3912	75.0
3913	75.0
3914	75.0
3915	75.0
3916	75.0
3917	75.0
3918	75.0
3919	75.0
3920	75.0
3921	75.0
3922	75.0
3923	75.0
3924	75.0
3925	75.0
3926	75.0
3927	75.0
3928	75.0
3929	75.0
3930	75.0
3931	75.0
3932	75.0
3933	75.0
3934	75.0
3935	75.0
3936	75.0
3937	75.0
3938	75.0
3939	75.0
3940	75.0
3941	75.0
3942	75.0
3943	75.0
3944	75.0
3945	75.0
3946	75.0
3947	75.0
3948	75.0
3949	75.0
3950	75.0
3951	75.0
3952	75.0
3953	75.0
3954	75.0
3955	75.0
3956	75.0
3957	75.0
3958	75.0
3959	75.0
3960	75.0
3961	75.0
3962	75.0
3963	75.0
3964	75.0
3965	75.0
3966	75.0
3967	75.0
3968	75.0
3969	75.0
3970	75.0
3971	75.0
3972	75.0
3973	75.0
3974	75.0
3975	75.0
3976	75.0
3977	75.0
3978	75.0
3979	75.0
3980	75.0
3981	75.0
3982	75.0
3983	75.0
3984	75.0
3985	75.0
3986	75.0
3987	75.0
3988	75.0
3989	75.0
3990	75.0
3991	75.0
3992	75.0
3993	75.0
3994	75.0
3995	75.0
