0	89.99
1	89.99
2	89.99
3	89.99
4	89.99
5	89.99
6	89.99
7	89.99
8	89.99
9	89.99
10	89.99
11	89.99
12	89.99
13	89.99
14	89.99
15	89.99
16	89.99
17	89.99
18	89.99
19	89.99
20	89.99
21	89.99
22	89.99
23	89.99
24	89.99
25	89.99
26	89.99
27	89.99
28	89.99
29	89.99
30	89.99
31	89.99
32	89.99
33	89.99
34	89.99
35	89.99
36	89.99
37	89.99
38	89.99
39	89.99
40	89.99
41	89.99
42	89.99
43	89.99
44	89.99
45	89.99
46	89.99
47	89.99
48	89.99
49	89.99
50	89.99
51	89.99
52	89.99
53	89.99
54	89.99
55	89.99
56	89.99
57	89.99
58	89.99
59	89.99
60	89.99
61	89.99
62	89.99
63	89.99
64	89.99
65	89.99
66	89.99
67	89.99
68	89.99
69	89.99
70	89.99
71	89.99
72	89.99
73	89.99
74	89.99
75	89.99
76	89.99
77	89.99
78	89.99
79	89.99
80	89.99
81	89.99
82	89.99
83	89.99
84	89.99
85	89.99
86	89.99
87	89.99
88	89.99
89	89.99
90	89.99
91	89.99
92	89.99
93	89.99
94	89.99
95	89.99
96	89.99
97	89.99
98	89.99
99	89.99
100	89.99
101	89.99
102	89.99
103	89.99
104	89.99
105	89.99
106	89.99
107	89.99
108	89.99
109	89.99
110	89.99
111	89.99
112	89.99
113	89.99
114	89.99
115	89.99
116	89.99
117	89.99
118	89.99
119	89.99
120	89.99
121	89.99
122	89.99
123	89.99
124	89.99
125	89.99
126	89.99
127	89.99
128	89.99
129	89.99
130	89.99
131	89.99
132	89.99
133	89.99
134	89.99
135	89.99
136	89.99
137	89.99
138	89.99
139	89.99
140	89.99
141	89.99
142	89.99
143	89.99
144	89.99
145	89.99
146	89.99
147	89.99
148	89.99
149	89.99
150	89.99
151	89.99
152	89.99
153	89.99
154	89.99
155	89.99
156	89.99
157	89.99
158	89.99
159	89.99
160	89.99
161	89.99
162	89.99
163	89.99
164	89.99
165	89.99
166	89.99
167	89.99
168	89.99
169	89.99
170	89.99
171	89.99
172	89.99
173	89.99
174	89.99
175	89.99
176	89.99
177	89.99
178	89.99
179	89.99
180	89.99
181	89.99
182	89.99
183	89.99
184	89.99
185	89.99
186	89.99
187	89.99
188	89.99
189	89.99
190	89.99
191	89.99
192	89.99
193	89.99
194	89.99
195	89.99
196	89.99
197	89.99
198	89.99
199	89.99
200	89.99
201	89.99
202	89.99
203	89.99
204	89.99
205	89.99
206	89.99
207	89.99
208	89.99
209	89.99
210	89.99
211	89.99
212	89.99
213	89.99
214	89.99
215	89.99
216	89.99
217	89.99
218	89.99
219	89.99
220	89.99
221	89.99
222	89.99
223	89.99
224	89.99
225	89.99
226	89.99
227	89.99
228	89.99
229	89.99
230	89.99
231	89.99
232	89.99
233	89.99
234	89.99
235	89.99
236	89.99
237	89.99
238	89.99
239	89.99
240	89.99
241	89.99
242	89.99
243	89.99
244	89.99
245	89.99
246	89.99
247	89.99
248	89.99
249	89.99
250	89.99
251	89.99
252	89.99
253	89.99
254	89.99
255	89.99
256	89.99
257	89.99
258	89.99
259	89.99
260	89.99
261	89.99
262	89.99
263	89.99
264	89.99
265	89.99
266	89.99
267	89.99
268	89.99
269	89.99
270	89.99
271	89.99
272	89.99
273	89.99
274	89.99
275	89.99
276	89.99
277	89.99
278	89.99
279	89.99
280	89.99
281	89.99
282	89.99
283	89.99
284	89.99
285	89.99
286	89.99
287	89.99
288	89.99
289	89.99
290	89.99
291	89.99
292	89.99
293	89.99
294	89.99
295	89.99
296	89.99
297	89.99
298	89.99
299	89.99
300	89.99
301	89.99
302	89.99
303	89.99
304	89.99
305	89.99
306	89.99
307	89.99
308	89.99
309	89.99
310	89.99
311	89.99
312	89.99
313	89.99
314	89.99
315	89.99
316	89.99
317	89.99
318	89.99
319	89.99
320	89.99
321	89.99
322	89.99
323	89.99
324	89.99
325	89.99
326	89.99
327	89.99
328	89.99
329	89.99
330	89.99
331	89.99
332	89.99
333	89.99
334	89.99
335	89.99
336	89.99
337	89.99
338	89.99
339	89.99
340	89.99
341	89.99
342	89.99
343	89.99
344	89.99
345	89.99
346	89.99
347	89.99
348	89.99
349	89.99
350	89.99
351	89.99
352	89.99
353	89.99
354	89.99
355	89.99
356	89.99
357	89.99
358	89.99
359	89.99
360	89.99
361	89.99
362	89.99
363	89.99
364	89.99
365	89.99
366	89.99
367	89.99
368	89.99
369	89.99
370	89.99
371	89.99
372	89.99
373	89.99
374	89.99
375	89.99
376	89.99
377	89.99
378	89.99
379	89.99
380	89.99
381	89.99
382	89.99
383	89.99
384	89.99
385	89.99
386	89.99
387	89.99
388	89.99
389	89.99
390	89.99
391	89.99
392	89.99
393	89.99
394	89.99
395	89.99
396	89.99
397	89.99
398	89.99
399	89.99
400	89.99
401	89.99
402	89.99
403	89.99
404	89.99
405	89.99
406	89.99
407	89.99
408	89.99
409	89.99
410	89.99
411	89.99
412	89.99
413	89.99
414	89.99
415	89.99
416	89.99
417	89.99
418	89.99
419	89.99
420	89.99
421	89.99
422	89.99
423	89.99
424	89.99
425	89.99
426	89.99
427	89.99
428	89.99
429	89.99
430	89.99
431	89.99
432	89.99
433	89.99
434	89.99
435	89.99
436	89.99
437	89.99
438	89.99
439	89.99
440	89.99
441	89.99
442	89.99
443	89.99
444	89.99
445	89.99
446	89.99
447	89.99
448	89.99
449	89.99
450	89.99
451	89.99
452	89.99
453	89.99
454	89.99
455	89.99
456	89.99
457	89.99
458	89.99
459	89.99
460	89.99
461	89.99
462	89.99
463	89.99
464	89.99
465	89.99
466	89.99
467	89.99
468	89.99
469	89.99
470	89.99
471	89.99
472	89.99
473	89.99
474	89.99
475	89.99
476	89.99
477	89.99
478	89.99
479	89.99
480	89.99
481	89.99
482	89.99
483	89.99
484	89.99
485	89.99
486	89.99
487	89.99
488	89.99
489	89.99
490	89.99
491	89.99
492	89.99
493	89.99
494	89.99
495	89.99
496	89.99
497	89.99
498	89.99
499	89.99
500	89.99
501	89.99
502	89.99
503	89.99
504	89.99
505	89.99
506	89.99
507	89.99
508	89.99
509	89.99
510	89.99
511	89.99
512	89.99
513	89.99
514	89.99
515	89.99
516	89.99
517	89.99
518	89.99
519	89.99
520	89.99
521	89.99
522	89.99
523	89.99
524	89.99
525	89.99
526	89.99
527	89.99
528	89.99
529	89.99
530	89.99
531	89.99
532	89.99
533	89.99
534	89.99
535	89.99
536	89.99
537	89.99
538	89.99
539	89.99
540	89.99
541	89.99
542	89.99
543	89.99
544	89.99
545	89.99
546	89.99
547	89.99
548	89.99
549	89.99
550	89.99
551	89.99
552	89.99
553	89.99
554	89.99
555	89.99
556	89.99
557	89.99
558	89.99
559	89.99
560	89.99
561	89.99
562	89.99
563	89.99
564	89.99
565	89.99
566	89.99
567	89.99
568	89.99
569	89.99
570	89.99
571	89.99
572	89.99
573	89.99
574	89.99
575	89.99
576	89.99
577	89.99
578	89.99
579	89.99
580	89.99
581	89.99
582	89.99
583	89.99
584	89.99
585	89.99
586	89.99
587	89.99
588	89.99
589	89.99
590	89.99
591	89.99
592	89.99
593	89.99
594	89.99
595	89.99
596	89.99
597	89.99
598	89.99
599	89.99
600	89.99
601	89.99
602	89.99
603	89.99
604	89.99
605	89.99
606	89.99
607	89.99
608	89.99
609	89.99
610	89.99
611	89.99
612	89.99
613	89.99
614	89.99
615	89.99
616	89.99
617	89.99
618	89.99
619	89.99
620	89.99
621	89.99
622	89.99
623	89.99
624	89.99
625	89.99
626	89.99
627	89.99
628	89.99
629	89.99
630	89.99
631	89.99
632	89.99
633	89.99
634	89.99
635	89.99
636	89.99
637	89.99
638	89.99
639	89.99
640	89.99
641	89.99
642	89.99
643	89.99
644	89.99
645	89.99
646	89.99
647	89.99
648	89.99
649	89.99
650	89.99
651	89.99
652	89.99
653	89.99
654	89.99
655	89.99
656	89.99
657	89.99
658	89.99
659	89.99
660	89.99
661	89.99
662	89.99
663	89.99
664	89.99
665	89.99
666	89.99
667	89.99
668	89.99
669	89.99
670	89.99
671	89.99
672	89.99
673	89.99
674	89.99
675	89.99
676	89.99
677	89.99
678	89.99
679	89.99
680	89.99
681	89.99
682	89.99
683	89.99
684	89.99
685	89.99
686	89.99
687	89.99
688	89.99
689	89.99
690	89.99
691	89.99
692	89.99
693	89.99
694	89.99
695	89.99
696	89.99
697	89.99
698	89.99
699	89.99
700	89.99
701	89.99
702	89.99
703	89.99
704	89.99
705	89.99
706	89.99
707	89.99
708	89.99
709	89.99
710	89.99
711	89.99
712	89.99
713	89.99
714	89.99
715	89.99
716	89.99
717	89.99
718	89.99
719	89.99
720	89.99
721	89.99
722	89.99
723	89.99
724	89.99
725	89.99
726	89.99
727	89.99
728	89.99
729	89.99
730	89.99
731	89.99
732	89.99
733	89.99
734	89.99
735	89.99
736	89.99
737	89.99
738	89.99
739	89.99
740	89.99
741	89.99
742	89.99
743	89.99
744	89.99
745	89.99
746	89.99
747	89.99
748	89.99
749	89.99
750	89.99
751	89.99
752	89.99
753	89.99
754	89.99
755	89.99
756	89.99
757	89.99
758	89.99
759	89.99
760	89.99
761	89.99
762	89.99
763	89.99
764	89.99
765	89.99
766	89.99
767	89.99
768	89.99
769	89.99
770	89.99
771	89.99
772	89.99
773	89.99
774	89.99
775	89.99
776	89.99
777	89.99
778	89.99
779	89.99
780	89.99
781	89.99
782	89.99
783	89.99
784	89.99
785	89.99
786	89.99
787	89.99
788	89.99
789	89.99
790	89.99
791	89.99
792	89.99
793	89.99
794	89.99
795	89.99
796	89.99
797	89.99
798	89.99
799	89.99
800	89.99
801	89.99
802	89.99
803	89.99
804	89.99
805	89.99
806	89.99
807	89.99
808	89.99
809	89.99
810	89.99
811	89.99
812	89.99
813	89.99
814	89.99
815	89.99
816	89.99
817	89.99
818	89.99
819	89.99
820	89.99
821	89.99
822	89.99
823	89.99
824	89.99
825	89.99
826	89.99
827	89.99
828	89.99
829	89.99
830	89.99
831	89.99
832	89.99
833	89.99
834	89.99
835	89.99
836	89.99
837	89.99
838	89.99
839	89.99
840	89.99
841	89.99
842	89.99
843	89.99
844	89.99
845	89.99
846	89.99
847	89.99
848	89.99
849	89.99
850	89.99
851	89.99
852	89.99
853	89.99
854	89.99
855	89.99
856	89.99
857	89.99
858	89.99
859	89.99
860	89.99
861	89.99
862	89.99
863	89.99
864	89.99
865	89.99
866	89.99
867	89.99
868	89.99
869	89.99
870	89.99
871	89.99
872	89.99
873	89.99
874	89.99
875	89.99
876	89.99
877	89.99
878	89.99
879	89.99
880	89.99
881	89.99
882	89.99
883	89.99
884	89.99
885	89.99
886	89.99
887	89.99
888	89.99
889	89.99
890	89.99
891	89.99
892	89.99
893	89.99
894	89.99
895	89.99
896	89.99
897	89.99
898	89.99
899	89.99
900	89.99
901	89.99
902	89.99
903	89.99
904	89.99
905	89.99
906	89.99
907	89.99
908	89.99
909	89.99
910	89.99
911	89.99
912	89.99
913	89.99
914	89.99
915	89.99
916	89.99
917	89.99
918	89.99
919	89.99
920	89.99
921	89.99
922	89.99
923	89.99
924	89.99
925	89.99
926	89.99
927	89.99
928	89.99
929	89.99
930	89.99
931	89.99
932	89.99
933	89.99
934	89.99
935	89.99
936	89.99
937	89.99
938	89.99
939	89.99
940	89.99
941	89.99
942	89.99
943	89.99
944	89.99
945	89.99
946	89.99
947	89.99
948	89.99
949	89.99
950	89.99
951	89.99
952	89.99
953	89.99
954	89.99
955	89.99
956	89.99
957	89.99
958	89.99
959	89.99
960	89.99
961	89.99
962	89.99
963	89.99
964	89.99
965	89.99
966	89.99
967	89.99
968	89.99
969	89.99
970	89.99
971	89.99
972	89.99
973	89.99
974	89.99
975	89.99
976	89.99
977	89.99
978	89.99
979	89.99
980	89.99
981	89.99
982	89.99
983	89.99
984	89.99
985	89.99
986	89.99
987	89.99
988	89.99
989	89.99
990	89.99
991	89.99
992	89.99
993	89.99
994	89.99
995	89.99
996	89.99
997	89.99
998	89.99
999	89.99
1000	89.99
1001	89.99
1002	89.99
1003	89.99
1004	89.99
1005	89.99
1006	89.99
1007	89.99
1008	89.99
1009	89.99
1010	89.99
1011	89.99
1012	89.99
1013	89.99
1014	89.99
1015	89.99
1016	89.99
1017	89.99
1018	89.99
1019	89.99
1020	89.99
1021	89.99
1022	89.99
1023	89.99
1024	89.99
1025	89.99
1026	89.99
1027	89.99
1028	89.99
1029	89.99
1030	89.99
1031	89.99
1032	89.99
1033	89.99
1034	89.99
1035	89.99
1036	89.99
1037	89.99
1038	89.99
1039	89.99
1040	89.99
1041	89.99
1042	89.99
1043	89.99
1044	89.99
1045	89.99
1046	89.99
1047	89.99
1048	89.99
1049	89.99
1050	89.99
1051	89.99
1052	89.99
1053	89.99
1054	89.99
1055	89.99
1056	89.99
1057	89.99
1058	89.99
1059	89.99
1060	89.99
1061	89.99
1062	89.99
1063	89.99
1064	89.99
1065	89.99
1066	89.99
1067	89.99
1068	89.99
1069	89.99
1070	89.99
1071	89.99
1072	89.99
1073	89.99
1074	89.99
1075	89.99
1076	89.99
1077	89.99
1078	89.99
1079	89.99
1080	89.99
1081	89.99
1082	89.99
1083	89.99
1084	89.99
1085	89.99
1086	89.99
1087	89.99
1088	89.99
1089	89.99
1090	89.99
1091	89.99
1092	89.99
1093	89.99
1094	89.99
1095	89.99
1096	89.99
1097	89.99
1098	89.99
1099	89.99
1100	89.99
1101	89.99
1102	89.99
1103	89.99
1104	89.99
1105	89.99
1106	89.99
1107	89.99
1108	89.99
1109	89.99
1110	89.99
1111	89.99
1112	89.99
1113	89.99
1114	89.99
1115	89.99
1116	89.99
1117	89.99
1118	89.99
1119	89.99
1120	89.99
1121	89.99
1122	89.99
1123	89.99
1124	89.99
1125	89.99
1126	89.99
1127	89.99
1128	89.99
1129	89.99
1130	89.99
1131	89.99
1132	89.99
1133	89.99
1134	89.99
1135	89.99
1136	89.99
1137	89.99
1138	89.99
1139	89.99
1140	89.99
1141	89.99
1142	89.99
1143	89.99
1144	89.99
1145	89.99
1146	89.99
1147	89.99
1148	89.99
1149	89.99
1150	89.99
1151	89.99
1152	89.99
1153	89.99
1154	89.99
1155	89.99
1156	89.99
1157	89.99
1158	89.99
1159	89.99
1160	89.99
1161	89.99
1162	89.99
1163	89.99
1164	89.99
1165	89.99
1166	89.99
1167	89.99
1168	89.99
1169	89.99
1170	89.99
1171	89.99
1172	89.99
1173	89.99
1174	89.99
1175	89.99
1176	89.99
1177	89.99
1178	89.99
1179	89.99
1180	89.99
1181	89.99
1182	89.99
1183	89.99
1184	89.99
1185	89.99
1186	89.99
1187	89.99
1188	89.99
1189	89.99
1190	89.99
1191	89.99
1192	89.99
1193	89.99
1194	89.99
1195	89.99
1196	89.99
1197	89.99
1198	89.99
1199	89.99
1200	89.99
1201	89.99
1202	89.99
1203	89.99
1204	89.99
1205	89.99
1206	89.99
1207	89.99
1208	89.99
1209	89.99
1210	89.99
1211	89.99
1212	89.99
1213	89.99
1214	89.99
1215	89.99
1216	89.99
1217	89.99
1218	89.99
1219	89.99
1220	89.99
1221	89.99
1222	89.99
1223	89.99
1224	89.99
1225	89.99
1226	89.99
1227	89.99
1228	89.99
1229	89.99
1230	89.99
1231	89.99
1232	89.99
1233	89.99
1234	89.99
1235	89.99
1236	89.99
1237	89.99
1238	89.99
1239	89.99
1240	89.99
1241	89.99
1242	89.99
1243	89.99
1244	89.99
1245	89.99
1246	89.99
1247	89.99
1248	89.99
1249	89.99
1250	89.99
1251	89.99
1252	89.99
1253	89.99
1254	89.99
1255	89.99
1256	89.99
1257	89.99
1258	89.99
1259	89.99
1260	89.99
1261	89.99
1262	89.99
1263	89.99
1264	89.99
1265	89.99
1266	89.99
1267	89.99
1268	89.99
1269	89.99
1270	89.99
1271	89.99
1272	89.99
1273	89.99
1274	89.99
1275	89.99
1276	89.99
1277	89.99
1278	89.99
1279	89.99
1280	89.99
1281	89.99
1282	89.99
1283	89.99
1284	89.99
1285	89.99
1286	89.99
1287	89.99
1288	89.99
1289	89.99
1290	89.99
1291	89.99
1292	89.99
1293	89.99
1294	89.99
1295	89.99
1296	89.99
1297	89.99
1298	89.99
1299	89.99
1300	89.99
1301	89.99
1302	89.99
1303	89.99
1304	89.99
1305	89.99
1306	89.99
1307	89.99
1308	89.99
1309	89.99
1310	89.99
1311	89.99
1312	89.99
1313	89.99
1314	89.99
1315	89.99
1316	89.99
1317	89.99
1318	89.99
1319	89.99
1320	89.99
1321	89.99
1322	89.99
1323	89.99
1324	89.99
1325	89.99
1326	89.99
1327	89.99
1328	89.99
1329	89.99
1330	89.99
1331	89.99
1332	89.99
1333	89.99
1334	89.99
1335	89.99
1336	89.99
1337	89.99
1338	89.99
1339	89.99
1340	89.99
1341	89.99
1342	89.99
1343	89.99
1344	89.99
1345	89.99
1346	89.99
1347	89.99
1348	89.99
1349	89.99
1350	89.99
1351	89.99
1352	89.99
1353	89.99
1354	89.99
1355	89.99
1356	89.99
1357	89.99
1358	89.99
1359	89.99
1360	89.99
1361	89.99
1362	89.99
1363	89.99
1364	89.99
1365	89.99
1366	89.99
1367	89.99
1368	89.99
1369	89.99
1370	89.99
1371	89.99
1372	89.99
1373	89.99
1374	89.99
1375	89.99
1376	89.99
1377	89.99
1378	89.99
1379	89.99
1380	89.99
1381	89.99
1382	89.99
1383	89.99
1384	89.99
1385	89.99
1386	89.99
1387	89.99
1388	89.99
1389	89.99
1390	89.99
1391	89.99
1392	89.99
1393	89.99
1394	89.99
1395	89.99
1396	89.99
1397	89.99
1398	89.99
1399	89.99
1400	89.99
1401	89.99
1402	89.99
1403	89.99
1404	89.99
1405	89.99
1406	89.99
1407	89.99
1408	89.99
1409	89.99
1410	89.99
1411	89.99
1412	89.99
1413	89.99
1414	89.99
1415	89.99
1416	89.99
1417	89.99
1418	89.99
1419	89.99
1420	89.99
1421	89.99
1422	89.99
1423	89.99
1424	89.99
1425	89.99
1426	89.99
1427	89.99
1428	89.99
1429	89.99
1430	89.99
1431	89.99
1432	89.99
1433	89.99
1434	89.99
1435	89.99
1436	89.99
1437	89.99
1438	89.99
1439	89.99
1440	89.99
1441	89.99
1442	89.99
1443	89.99
1444	89.99
1445	89.99
1446	89.99
1447	89.99
1448	89.99
1449	89.99
1450	89.99
1451	89.99
1452	89.99
1453	89.99
1454	89.99
1455	89.99
1456	89.99
1457	89.99
1458	89.99
1459	89.99
1460	89.99
1461	89.99
1462	89.99
1463	89.99
1464	89.99
1465	89.99
1466	89.99
1467	89.99
1468	89.99
1469	89.99
1470	89.99
1471	89.99
1472	89.99
1473	89.99
1474	89.99
1475	89.99
1476	89.99
1477	89.99
1478	89.99
1479	89.99
1480	89.99
1481	89.99
1482	89.99
1483	89.99
1484	89.99
1485	89.99
1486	89.99
1487	89.99
1488	89.99
1489	89.99
1490	89.99
1491	89.99
1492	89.99
1493	89.99
1494	89.99
1495	89.99
1496	89.99
1497	89.99
1498	89.99
1499	89.99
1500	89.99
1501	89.99
1502	89.99
1503	89.99
1504	89.99
1505	89.99
1506	89.99
1507	89.99
1508	89.99
1509	89.99
1510	89.99
1511	89.99
1512	89.99
1513	89.99
1514	89.99
1515	89.99
1516	89.99
1517	89.99
1518	89.99
1519	89.99
1520	89.99
1521	89.99
1522	89.99
1523	89.99
1524	89.99
1525	89.99
1526	89.99
1527	89.99
1528	89.99
1529	89.99
1530	89.99
1531	89.99
1532	89.99
1533	89.99
1534	89.99
1535	89.99
1536	89.99
1537	89.99
1538	89.99
1539	89.99
1540	89.99
1541	89.99
1542	89.99
1543	89.99
1544	89.99
1545	89.99
1546	89.99
1547	89.99
1548	89.99
1549	89.99
1550	89.99
1551	89.99
1552	89.99
1553	89.99
1554	89.99
1555	89.99
1556	89.99
1557	89.99
1558	89.99
1559	89.99
1560	89.99
1561	89.99
1562	89.99
1563	89.99
1564	89.99
1565	89.99
1566	89.99
1567	89.99
1568	89.99
1569	89.99
1570	89.99
1571	89.99
1572	89.99
1573	89.99
1574	89.99
1575	89.99
1576	89.99
1577	89.99
1578	89.99
1579	89.99
1580	89.99
1581	89.99
1582	89.99
1583	89.99
1584	89.99
1585	89.99
1586	89.99
1587	89.99
1588	89.99
1589	89.99
1590	89.99
1591	89.99
1592	89.99
1593	89.99
1594	89.99
1595	89.99
1596	89.99
1597	89.99
1598	89.99
1599	89.99
1600	89.99
1601	89.99
1602	89.99
1603	89.99
1604	89.99
1605	89.99
1606	89.99
1607	89.99
1608	89.99
1609	89.99
1610	89.99
1611	89.99
1612	89.99
1613	89.99
1614	89.99
1615	89.99
1616	89.99
1617	89.99
1618	89.99
1619	89.99
1620	89.99
1621	89.99
1622	89.99
1623	89.99
1624	89.99
1625	89.99
1626	89.99
1627	89.99
1628	89.99
1629	89.99
1630	89.99
1631	89.99
1632	89.99
1633	89.99
1634	89.99
1635	89.99
1636	89.99
1637	89.99
1638	89.99
1639	89.99
1640	89.99
1641	89.99
1642	89.99
1643	89.99
1644	89.99
1645	89.99
1646	89.99
1647	89.99
1648	89.99
1649	89.99
1650	89.99
1651	89.99
1652	89.99
1653	89.99
1654	89.99
1655	89.99
1656	89.99
1657	89.99
1658	89.99
1659	89.99
1660	89.99
1661	89.99
1662	89.99
1663	89.99
1664	89.99
1665	89.99
1666	89.99
1667	89.99
1668	89.99
1669	89.99
1670	89.99
1671	89.99
1672	89.99
1673	89.99
1674	89.99
1675	89.99
1676	89.99
1677	89.99
1678	89.99
1679	89.99
1680	89.99
1681	89.99
1682	89.99
1683	89.99
1684	89.99
1685	89.99
1686	89.99
1687	89.99
1688	89.99
1689	89.99
1690	89.99
1691	89.99
1692	89.99
1693	89.99
1694	89.99
1695	89.99
1696	89.99
1697	89.99
1698	89.99
1699	89.99
1700	89.99
1701	89.99
1702	89.99
1703	89.99
1704	89.99
1705	89.99
1706	89.99
1707	89.99
1708	89.99
1709	89.99
1710	89.99
1711	89.99
1712	89.99
1713	89.99
1714	89.99
1715	89.99
1716	89.99
1717	89.99
1718	89.99
1719	89.99
1720	89.99
1721	89.99
1722	89.99
1723	89.99
1724	89.99
1725	89.99
1726	89.99
1727	89.99
1728	89.99
1729	89.99
1730	89.99
1731	89.99
1732	89.99
1733	89.99
1734	89.99
1735	89.99
1736	89.99
1737	89.99
1738	89.99
1739	89.99
1740	89.99
1741	89.99
1742	89.99
1743	89.99
1744	89.99
1745	89.99
1746	89.99
1747	89.99
1748	89.99
1749	89.99
1750	89.99
1751	89.99
1752	89.99
1753	89.99
1754	89.99
1755	89.99
1756	89.99
1757	89.99
1758	89.99
1759	89.99
1760	89.99
1761	89.99
1762	89.99
1763	89.99
1764	89.99
1765	89.99
1766	89.99
1767	89.99
1768	89.99
1769	89.99
1770	89.99
1771	89.99
1772	89.99
1773	89.99
1774	89.99
1775	89.99
1776	89.99
1777	89.99
1778	89.99
1779	89.99
1780	89.99
1781	89.99
1782	89.99
1783	89.99
1784	89.99
1785	89.99
1786	89.99
1787	89.99
1788	89.99
1789	89.99
1790	89.99
1791	89.99
1792	89.99
1793	89.99
1794	89.99
1795	89.99
1796	89.99
1797	89.99
1798	89.99
1799	89.99
1800	89.99
1801	89.99
1802	89.99
1803	89.99
1804	89.99
1805	89.99
1806	89.99
1807	89.99
1808	89.99
1809	89.99
1810	89.99
1811	89.99
1812	89.99
1813	89.99
1814	89.99
1815	89.99
1816	89.99
1817	89.99
1818	89.99
1819	89.99
1820	89.99
1821	89.99
1822	89.99
1823	89.99
1824	89.99
1825	89.99
1826	89.99
1827	89.99
1828	89.99
1829	89.99
1830	89.99
1831	89.99
1832	89.99
1833	89.99
1834	89.99
1835	89.99
1836	89.99
1837	89.99
1838	89.99
1839	89.99
1840	89.99
1841	89.99
1842	89.99
1843	89.99
1844	89.99
1845	89.99
1846	89.99
1847	89.99
1848	89.99
1849	89.99
1850	89.99
1851	89.99
1852	89.99
1853	89.99
1854	89.99
1855	89.99
1856	89.99
1857	89.99
1858	89.99
1859	89.99
1860	89.99
1861	89.99
1862	89.99
1863	89.99
1864	89.99
1865	89.99
1866	89.99
1867	89.99
1868	89.99
1869	89.99
1870	89.99
1871	89.99
1872	89.99
1873	89.99
1874	89.99
1875	89.99
1876	89.99
1877	89.99
1878	89.99
1879	89.99
1880	89.99
1881	89.99
1882	89.99
1883	89.99
1884	89.99
1885	89.99
1886	89.99
1887	89.99
1888	89.99
1889	89.99
1890	89.99
1891	89.99
1892	89.99
1893	89.99
1894	89.99
1895	89.99
1896	89.99
1897	89.99
1898	89.99
1899	89.99
1900	89.99
1901	89.99
1902	89.99
1903	89.99
1904	89.99
1905	89.99
1906	89.99
1907	89.99
1908	89.99
1909	89.99
1910	89.99
1911	89.99
1912	89.99
1913	89.99
1914	89.99
1915	89.99
1916	89.99
1917	89.99
1918	89.99
1919	89.99
1920	89.99
1921	89.99
1922	89.99
1923	89.99
1924	89.99
1925	89.99
1926	89.99
1927	89.99
1928	89.99
1929	89.99
1930	89.99
1931	89.99
1932	89.99
1933	89.99
1934	89.99
1935	89.99
1936	89.99
1937	89.99
1938	89.99
1939	89.99
1940	89.99
1941	89.99
1942	89.99
1943	89.99
1944	89.99
1945	89.99
1946	89.99
1947	89.99
1948	89.99
1949	89.99
1950	89.99
1951	89.99
1952	89.99
1953	89.99
1954	89.99
1955	89.99
1956	89.99
1957	89.99
1958	89.99
1959	89.99
1960	89.99
1961	89.99
1962	89.99
1963	89.99
1964	89.99
1965	89.99
1966	89.99
1967	89.99
1968	89.99
1969	89.99
1970	89.99
1971	89.99
1972	89.99
1973	89.99
1974	89.99
1975	89.99
1976	89.99
1977	89.99
1978	89.99
1979	89.99
1980	89.99
1981	89.99
1982	89.99
1983	89.99
1984	89.99
1985	89.99
1986	89.99
1987	89.99
1988	89.99
1989	89.99
1990	89.99
1991	89.99
1992	89.99
1993	89.99
1994	89.99
1995	89.99
1996	89.99
1997	89.99
1998	89.99
1999	89.99
2000	89.99
2001	89.99
2002	89.99
2003	89.99
2004	89.99
2005	89.99
2006	89.99
2007	89.99
2008	89.99
2009	89.99
2010	89.99
2011	89.99
2012	89.99
2013	89.99
2014	89.99
2015	89.99
2016	89.99
2017	89.99
2018	89.99
2019	89.99
2020	89.99
2021	89.99
2022	89.99
2023	89.99
2024	89.99
2025	89.99
2026	89.99
2027	89.99
2028	89.99
2029	89.99
2030	89.99
2031	89.99
2032	89.99
2033	89.99
2034	89.99
2035	89.99
2036	89.99
2037	89.99
2038	89.99
2039	89.99
2040	89.99
2041	89.99
2042	89.99
2043	89.99
2044	89.99
2045	89.99
2046	89.99
2047	89.99
2048	89.99
2049	89.99
2050	89.99
2051	89.99
2052	89.99
2053	89.99
2054	89.99
2055	89.99
2056	89.99
2057	89.99
2058	89.99
2059	89.99
2060	89.99
2061	89.99
2062	89.99
2063	89.99
2064	89.99
2065	89.99
2066	89.99
2067	89.99
2068	89.99
2069	89.99
2070	89.99
2071	89.99
2072	89.99
2073	89.99
2074	89.99
2075	89.99
2076	89.99
2077	89.99
2078	89.99
2079	89.99
2080	89.99
2081	89.99
2082	89.99
2083	89.99
2084	89.99
2085	89.99
2086	89.99
2087	89.99
2088	89.99
2089	89.99
2090	89.99
2091	89.99
2092	89.99
2093	89.99
2094	89.99
2095	89.99
2096	89.99
2097	89.99
2098	89.99
2099	89.99
2100	89.99
2101	89.99
2102	89.99
2103	89.99
2104	89.99
2105	89.99
2106	89.99
2107	89.99
2108	89.99
2109	89.99
2110	89.99
2111	89.99
2112	89.99
2113	89.99
2114	89.99
2115	89.99
2116	89.99
2117	89.99
2118	89.99
2119	89.99
2120	89.99
2121	89.99
2122	89.99
2123	89.99
2124	89.99
2125	89.99
2126	89.99
2127	89.99
2128	89.99
2129	89.99
2130	89.99
2131	89.99
2132	89.99
2133	89.99
2134	89.99
2135	89.99
2136	89.99
2137	89.99
2138	89.99
2139	89.99
2140	89.99
2141	89.99
2142	89.99
2143	89.99
2144	89.99
2145	89.99
2146	89.99
2147	89.99
2148	89.99
2149	89.99
2150	89.99
2151	89.99
2152	89.99
2153	89.99
2154	89.99
2155	89.99
2156	89.99
2157	89.99
2158	89.99
2159	89.99
2160	89.99
2161	89.99
2162	89.99
2163	89.99
2164	89.99
2165	89.99
2166	89.99
2167	89.99
2168	89.99
2169	89.99
2170	89.99
2171	89.99
2172	89.99
2173	89.99
2174	89.99
2175	89.99
2176	89.99
2177	89.99
2178	89.99
2179	89.99
2180	89.99
2181	89.99
2182	89.99
2183	89.99
2184	89.99
2185	89.99
2186	89.99
2187	89.99
2188	89.99
2189	89.99
2190	89.99
2191	89.99
2192	89.99
2193	89.99
2194	89.99
2195	89.99
2196	89.99
2197	89.99
2198	89.99
2199	89.99
2200	89.99
2201	89.99
2202	89.99
2203	89.99
2204	89.99
2205	89.99
2206	89.99
2207	89.99
2208	89.99
2209	89.99
2210	89.99
2211	89.99
2212	89.99
2213	89.99
2214	89.99
2215	89.99
2216	89.99
2217	89.99
2218	89.99
2219	89.99
2220	89.99
2221	89.99
2222	89.99
2223	89.99
2224	89.99
2225	89.99
2226	89.99
2227	89.99
2228	89.99
2229	89.99
2230	89.99
2231	89.99
2232	89.99
2233	89.99
2234	89.99
2235	89.99
2236	89.99
2237	89.99
2238	89.99
2239	89.99
2240	89.99
2241	89.99
2242	89.99
2243	89.99
2244	89.99
2245	89.99
2246	89.99
2247	89.99
2248	89.99
2249	89.99
2250	89.99
2251	89.99
2252	89.99
2253	89.99
2254	89.99
2255	89.99
2256	89.99
2257	89.99
2258	89.99
2259	89.99
2260	89.99
2261	89.99
2262	89.99
2263	89.99
2264	89.99
2265	89.99
2266	89.99
2267	89.99
2268	89.99
2269	89.99
2270	89.99
2271	89.99
2272	89.99
2273	89.99
2274	89.99
2275	89.99
2276	89.99
2277	89.99
2278	89.99
2279	89.99
2280	89.99
2281	89.99
2282	89.99
2283	89.99
2284	89.99
2285	89.99
2286	89.99
2287	89.99
2288	89.99
2289	89.99
2290	89.99
2291	89.99
2292	89.99
2293	89.99
2294	89.99
2295	89.99
2296	89.99
2297	89.99
2298	89.99
2299	89.99
2300	89.99
2301	89.99
2302	89.99
2303	89.99
2304	89.99
2305	89.99
2306	89.99
2307	89.99
2308	89.99
2309	89.99
2310	89.99
2311	89.99
2312	89.99
2313	89.99
2314	89.99
2315	89.99
2316	89.99
2317	89.99
2318	89.99
2319	89.99
2320	89.99
2321	89.99
2322	89.99
2323	89.99
2324	89.99
2325	89.99
2326	89.99
2327	89.99
2328	89.99
2329	89.99
2330	89.99
2331	89.99
2332	89.99
2333	89.99
2334	89.99
2335	89.99
2336	89.99
2337	89.99
2338	89.99
2339	89.99
2340	89.99
2341	89.99
2342	89.99
2343	89.99
2344	89.99
2345	89.99
2346	89.99
2347	89.99
2348	89.99
2349	89.99
2350	89.99
2351	89.99
2352	89.99
2353	89.99
2354	89.99
2355	89.99
2356	89.99
2357	89.99
2358	89.99
2359	89.99
2360	89.99
2361	89.99
2362	89.99
2363	89.99
2364	89.99
2365	89.99
2366	89.99
2367	89.99
2368	89.99
2369	89.99
2370	89.99
2371	89.99
2372	89.99
2373	89.99
2374	89.99
2375	89.99
2376	89.99
2377	89.99
2378	89.99
2379	89.99
2380	89.99
2381	89.99
2382	89.99
2383	89.99
2384	89.99
2385	89.99
2386	89.99
2387	89.99
2388	89.99
2389	89.99
2390	89.99
2391	89.99
2392	89.99
2393	89.99
2394	89.99
2395	89.99
2396	89.99
2397	89.99
2398	89.99
2399	89.99
2400	89.99
2401	89.99
2402	89.99
2403	89.99
2404	89.99
2405	89.99
2406	89.99
2407	89.99
2408	89.99
2409	89.99
2410	89.99
2411	89.99
2412	89.99
2413	89.99
2414	89.99
2415	89.99
2416	89.99
2417	89.99
2418	89.99
2419	89.99
2420	89.99
2421	89.99
2422	89.99
2423	89.99
2424	89.99
2425	89.99
2426	89.99
2427	89.99
2428	89.99
2429	89.99
2430	89.99
2431	89.99
2432	89.99
2433	89.99
2434	89.99
2435	89.99
2436	89.99
2437	89.99
2438	89.99
2439	89.99
2440	89.99
2441	89.99
2442	89.99
2443	89.99
2444	89.99
2445	89.99
2446	89.99
2447	89.99
2448	89.99
2449	89.99
2450	89.99
2451	89.99
2452	89.99
2453	89.99
2454	89.99
2455	89.99
2456	89.99
2457	89.99
2458	89.99
2459	89.99
2460	89.99
2461	89.99
2462	89.99
2463	89.99
2464	89.99
2465	89.99
2466	89.99
2467	89.99
2468	89.99
2469	89.99
2470	89.99
2471	89.99
2472	89.99
2473	89.99
2474	89.99
2475	89.99
2476	89.99
2477	89.99
2478	89.99
2479	89.99
2480	89.99
2481	89.99
2482	89.99
2483	89.99
2484	89.99
2485	89.99
2486	89.99
2487	89.99
2488	89.99
2489	89.99
2490	89.99
2491	89.99
2492	89.99
2493	89.99
2494	89.99
2495	89.99
2496	89.99
2497	89.99
2498	89.99
2499	89.99
2500	89.99
2501	89.99
2502	89.99
2503	89.99
2504	89.99
2505	89.99
2506	89.99
2507	89.99
2508	89.99
2509	89.99
2510	89.99
2511	89.99
2512	89.99
2513	89.99
2514	89.99
2515	89.99
2516	89.99
2517	89.99
2518	89.99
2519	89.99
2520	89.99
2521	89.99
2522	89.99
2523	89.99
2524	89.99
2525	89.99
2526	89.99
2527	89.99
2528	89.99
2529	89.99
2530	89.99
2531	89.99
2532	89.99
2533	89.99
2534	89.99
2535	89.99
2536	89.99
2537	89.99
2538	89.99
2539	89.99
2540	89.99
2541	89.99
2542	89.99
2543	89.99
2544	89.99
2545	89.99
2546	89.99
2547	89.99
2548	89.99
2549	89.99
2550	89.99
2551	89.99
2552	89.99
2553	89.99
2554	89.99
2555	89.99
2556	89.99
2557	89.99
2558	89.99
2559	89.99
2560	89.99
2561	89.99
2562	89.99
2563	89.99
2564	89.99
2565	89.99
2566	89.99
2567	89.99
2568	89.99
2569	89.99
2570	89.99
2571	89.99
2572	89.99
2573	89.99
2574	89.99
2575	89.99
2576	89.99
2577	89.99
2578	89.99
2579	89.99
2580	89.99
2581	89.99
2582	89.99
2583	89.99
2584	89.99
2585	89.99
2586	89.99
2587	89.99
2588	89.99
2589	89.99
2590	89.99
2591	89.99
2592	89.99
2593	89.99
2594	89.99
2595	89.99
2596	89.99
2597	89.99
2598	89.99
2599	89.99
2600	89.99
2601	89.99
2602	89.99
2603	89.99
2604	89.99
2605	89.99
2606	89.99
2607	89.99
2608	89.99
2609	89.99
2610	89.99
2611	89.99
2612	89.99
2613	89.99
2614	89.99
2615	89.99
2616	89.99
2617	89.99
2618	89.99
2619	89.99
2620	89.99
2621	89.99
2622	89.99
2623	89.99
2624	89.99
2625	89.99
2626	89.99
2627	89.99
2628	89.99
2629	89.99
2630	89.99
2631	89.99
2632	89.99
2633	89.99
2634	89.99
2635	89.99
2636	89.99
2637	89.99
2638	89.99
2639	89.99
2640	89.99
2641	89.99
2642	89.99
2643	89.99
2644	89.99
2645	89.99
2646	89.99
2647	89.99
2648	89.99
2649	89.99
2650	89.99
2651	89.99
2652	89.99
2653	89.99
2654	89.99
2655	89.99
2656	89.99
2657	89.99
2658	89.99
2659	89.99
2660	89.99
2661	89.99
2662	89.99
2663	89.99
2664	89.99
2665	89.99
2666	89.99
2667	89.99
2668	89.99
2669	89.99
2670	89.99
2671	89.99
2672	89.99
2673	89.99
2674	89.99
2675	89.99
2676	89.99
2677	89.99
2678	89.99
2679	89.99
2680	89.99
2681	89.99
2682	89.99
2683	89.99
2684	89.99
2685	89.99
2686	89.99
2687	89.99
2688	89.99
2689	89.99
2690	89.99
2691	89.99
2692	89.99
2693	89.99
2694	89.99
2695	89.99
2696	89.99
2697	89.99
2698	89.99
2699	89.99
2700	89.99
2701	89.99
2702	89.99
2703	89.99
2704	89.99
2705	89.99
2706	89.99
2707	89.99
2708	89.99
2709	89.99
2710	89.99
2711	89.99
2712	89.99
2713	89.99
2714	89.99
2715	89.99
2716	89.99
2717	89.99
2718	89.99
2719	89.99
2720	89.99
2721	89.99
2722	89.99
2723	89.99
2724	89.99
2725	89.99
2726	89.99
2727	89.99
2728	89.99
2729	89.99
2730	89.99
2731	89.99
2732	89.99
2733	89.99
2734	89.99
2735	89.99
2736	89.99
2737	89.99
2738	89.99
2739	89.99
2740	89.99
2741	89.99
2742	89.99
2743	89.99
2744	89.99
2745	89.99
2746	89.99
2747	89.99
2748	89.99
2749	89.99
2750	89.99
2751	89.99
2752	89.99
2753	89.99
2754	89.99
2755	89.99
2756	89.99
2757	89.99
2758	89.99
2759	89.99
2760	89.99
2761	89.99
2762	89.99
2763	89.99
2764	89.99
2765	89.99
2766	89.99
2767	89.99
2768	89.99
2769	89.99
2770	89.99
2771	89.99
2772	89.99
2773	89.99
2774	89.99
2775	89.99
2776	89.99
2777	89.99
2778	89.99
2779	89.99
2780	89.99
2781	89.99
2782	89.99
2783	89.99
2784	89.99
2785	89.99
2786	89.99
2787	89.99
2788	89.99
2789	89.99
2790	89.99
2791	89.99
2792	89.99
2793	89.99
2794	89.99
2795	89.99
2796	89.99
2797	89.99
2798	89.99
2799	89.99
2800	89.99
2801	89.99
2802	89.99
2803	89.99
2804	89.99
2805	89.99
2806	89.99
2807	89.99
2808	89.99
2809	89.99
2810	89.99
2811	89.99
2812	89.99
2813	89.99
2814	89.99
2815	89.99
2816	89.99
2817	89.99
2818	89.99
2819	89.99
2820	89.99
2821	89.99
2822	89.99
2823	89.99
2824	89.99
2825	89.99
2826	89.99
2827	89.99
2828	89.99
2829	89.99
2830	89.99
2831	89.99
2832	89.99
2833	89.99
2834	89.99
2835	89.99
2836	89.99
2837	89.99
2838	89.99
2839	89.99
2840	89.99
2841	89.99
2842	89.99
2843	89.99
2844	89.99
2845	89.99
2846	89.99
2847	89.99
2848	89.99
2849	89.99
2850	89.99
2851	89.99
2852	89.99
2853	89.99
2854	89.99
2855	89.99
2856	89.99
2857	89.99
2858	89.99
2859	89.99
2860	89.99
2861	89.99
2862	89.99
2863	89.99
2864	89.99
2865	89.99
2866	89.99
2867	89.99
2868	89.99
2869	89.99
2870	89.99
2871	89.99
2872	89.99
2873	89.99
2874	89.99
2875	89.99
2876	89.99
2877	89.99
2878	89.99
2879	89.99
2880	89.99
2881	89.99
2882	89.99
2883	89.99
2884	89.99
2885	89.99
2886	89.99
2887	89.99
2888	89.99
2889	89.99
2890	89.99
2891	89.99
2892	89.99
2893	89.99
2894	89.99
2895	89.99
2896	89.99
2897	89.99
2898	89.99
2899	89.99
2900	89.99
2901	89.99
2902	89.99
2903	89.99
2904	89.99
2905	89.99
2906	89.99
2907	89.99
2908	89.99
2909	89.99
2910	89.99
2911	89.99
2912	89.99
2913	89.99
2914	89.99
2915	89.99
2916	89.99
2917	89.99
2918	89.99
2919	89.99
2920	89.99
2921	89.99
2922	89.99
2923	89.99
2924	89.99
2925	89.99
2926	89.99
2927	89.99
2928	89.99
2929	89.99
2930	89.99
2931	89.99
2932	89.99
2933	89.99
2934	89.99
2935	89.99
2936	89.99
2937	89.99
2938	89.99
2939	89.99
2940	89.99
2941	89.99
2942	89.99
2943	89.99
2944	89.99
2945	89.99
2946	89.99
2947	89.99
2948	89.99
2949	89.99
2950	89.99
2951	89.99
2952	89.99
2953	89.99
2954	89.99
2955	89.99
2956	89.99
2957	89.99
2958	89.99
2959	89.99
2960	89.99
2961	89.99
2962	89.99
2963	89.99
2964	89.99
2965	89.99
2966	89.99
2967	89.99
2968	89.99
2969	89.99
2970	89.99
2971	89.99
2972	89.99
2973	89.99
2974	89.99
2975	89.99
2976	89.99
2977	89.99
2978	89.99
2979	89.99
2980	89.99
2981	89.99
2982	89.99
2983	89.99
2984	89.99
2985	89.99
2986	89.99
2987	89.99
2988	89.99
2989	89.99
2990	89.99
2991	89.99
2992	89.99
2993	89.99
2994	89.99
2995	89.99
2996	89.99
2997	89.99
2998	89.99
2999	89.99
3000	89.99
3001	89.99
3002	89.99
3003	89.99
3004	89.99
3005	89.99
3006	89.99
3007	89.99
3008	89.99
3009	89.99
3010	89.99
3011	89.99
3012	89.99
3013	89.99
3014	89.99
3015	89.99
3016	89.99
3017	89.99
3018	89.99
3019	89.99
3020	89.99
3021	89.99
3022	89.99
3023	89.99
3024	89.99
3025	89.99
3026	89.99
3027	89.99
3028	89.99
3029	89.99
3030	89.99
3031	89.99
3032	89.99
3033	89.99
3034	89.99
3035	89.99
3036	89.99
3037	89.99
3038	89.99
3039	89.99
3040	89.99
3041	89.99
3042	89.99
3043	89.99
3044	89.99
3045	89.99
3046	89.99
3047	89.99
3048	89.99
3049	89.99
3050	89.99
3051	89.99
3052	89.99
3053	89.99
3054	89.99
3055	89.99
3056	89.99
3057	89.99
3058	89.99
3059	89.99
3060	89.99
3061	89.99
3062	89.99
3063	89.99
3064	89.99
3065	89.99
3066	89.99
3067	89.99
3068	89.99
3069	89.99
3070	89.99
3071	89.99
3072	89.99
3073	89.99
3074	89.99
3075	89.99
3076	89.99
3077	89.99
3078	89.99
3079	89.99
3080	89.99
3081	89.99
3082	89.99
3083	89.99
3084	89.99
3085	89.99
3086	89.99
3087	89.99
3088	89.99
3089	89.99
3090	89.99
3091	89.99
3092	89.99
3093	89.99
3094	89.99
3095	89.99
3096	89.99
3097	89.99
3098	89.99
3099	89.99
3100	89.99
3101	89.99
3102	89.99
3103	89.99
3104	89.99
3105	89.99
3106	89.99
3107	89.99
3108	89.99
3109	89.99
3110	89.99
3111	89.99
3112	89.99
3113	89.99
3114	89.99
3115	89.99
3116	89.99
3117	89.99
3118	89.99
3119	89.99
3120	89.99
3121	89.99
3122	89.99
3123	89.99
3124	89.99
3125	89.99
3126	89.99
3127	89.99
3128	89.99
3129	89.99
3130	89.99
3131	89.99
3132	89.99
3133	89.99
3134	89.99
3135	89.99
3136	89.99
3137	89.99
3138	89.99
3139	89.99
3140	89.99
3141	89.99
3142	89.99
3143	89.99
3144	89.99
3145	89.99
3146	89.99
3147	89.99
3148	89.99
3149	89.99
3150	89.99
3151	89.99
3152	89.99
3153	89.99
3154	89.99
3155	89.99
3156	89.99
3157	89.99
3158	89.99
3159	89.99
3160	89.99
3161	89.99
3162	89.99
3163	89.99
3164	89.99
3165	89.99
3166	89.99
3167	89.99
3168	89.99
3169	89.99
3170	89.99
3171	89.99
3172	89.99
3173	89.99
3174	89.99
3175	89.99
3176	89.99
3177	89.99
3178	89.99
3179	89.99
3180	89.99
3181	89.99
3182	89.99
3183	89.99
3184	89.99
3185	89.99
3186	89.99
3187	89.99
3188	89.99
3189	89.99
3190	89.99
3191	89.99
3192	89.99
3193	89.99
3194	89.99
3195	89.99
3196	89.99
3197	89.99
3198	89.99
3199	89.99
3200	89.99
3201	89.99
3202	89.99
3203	89.99
3204	89.99
3205	89.99
3206	89.99
3207	89.99
3208	89.99
3209	89.99
3210	89.99
3211	89.99
3212	89.99
3213	89.99
3214	89.99
3215	89.99
3216	89.99
3217	89.99
3218	89.99
3219	89.99
3220	89.99
3221	89.99
3222	89.99
3223	89.99
3224	89.99
3225	89.99
3226	89.99
3227	89.99
3228	89.99
3229	89.99
3230	89.99
3231	89.99
3232	89.99
3233	89.99
3234	89.99
3235	89.99
3236	89.99
3237	89.99
3238	89.99
3239	89.99
3240	89.99
3241	89.99
3242	89.99
3243	89.99
3244	89.99
3245	89.99
3246	89.99
3247	89.99
3248	89.99
3249	89.99
3250	89.99
3251	89.99
3252	89.99
3253	89.99
3254	89.99
3255	89.99
3256	89.99
3257	89.99
3258	89.99
3259	89.99
3260	89.99
3261	89.99
3262	89.99
3263	89.99
3264	89.99
3265	89.99
3266	89.99
3267	89.99
3268	89.99
3269	89.99
3270	89.99
3271	89.99
3272	89.99
3273	89.99
3274	89.99
3275	89.99
3276	89.99
3277	89.99
3278	89.99
3279	89.99
3280	89.99
3281	89.99
3282	89.99
3283	89.99
3284	89.99
3285	89.99
3286	89.99
3287	89.99
3288	89.99
3289	89.99
3290	89.99
3291	89.99
3292	89.99
3293	89.99
3294	89.99
3295	89.99
3296	89.99
3297	89.99
3298	89.99
3299	89.99
3300	89.99
3301	89.99
3302	89.99
3303	89.99
3304	89.99
3305	89.99
3306	89.99
3307	89.99
3308	89.99
3309	89.99
3310	89.99
3311	89.99
3312	89.99
3313	89.99
3314	89.99
3315	89.99
3316	89.99
3317	89.99
3318	89.99
3319	89.99
3320	89.99
3321	89.99
3322	89.99
3323	89.99
3324	89.99
3325	89.99
3326	89.99
3327	89.99
3328	89.99
3329	89.99
3330	89.99
3331	89.99
3332	89.99
3333	89.99
3334	89.99
3335	89.99
3336	89.99
3337	89.99
3338	89.99
3339	89.99
3340	89.99
3341	89.99
3342	89.99
3343	89.99
3344	89.99
3345	89.99
3346	89.99
3347	89.99
3348	89.99
3349	89.99
3350	89.99
3351	89.99
3352	89.99
3353	89.99
3354	89.99
3355	89.99
3356	89.99
3357	89.99
3358	89.99
3359	89.99
3360	89.99
3361	89.99
3362	89.99
3363	89.99
3364	89.99
3365	89.99
3366	89.99
3367	89.99
3368	89.99
3369	89.99
3370	89.99
3371	89.99
3372	89.99
3373	89.99
3374	89.99
3375	89.99
3376	89.99
3377	89.99
3378	89.99
3379	89.99
3380	89.99
3381	89.99
3382	89.99
3383	89.99
3384	89.99
3385	89.99
3386	89.99
3387	89.99
3388	89.99
3389	89.99
3390	89.99
3391	89.99
3392	89.99
3393	89.99
3394	89.99
3395	89.99
3396	89.99
3397	89.99
3398	89.99
3399	89.99
3400	89.99
3401	89.99
3402	89.99
3403	89.99
3404	89.99
3405	89.99
3406	89.99
3407	89.99
3408	89.99
3409	89.99
3410	89.99
3411	89.99
3412	89.99
3413	89.99
3414	89.99
3415	89.99
3416	89.99
3417	89.99
3418	89.99
3419	89.99
3420	89.99
3421	89.99
3422	89.99
3423	89.99
3424	89.99
3425	89.99
3426	89.99
3427	89.99
3428	89.99
3429	89.99
3430	89.99
3431	89.99
3432	89.99
3433	89.99
3434	89.99
3435	89.99
3436	89.99
3437	89.99
3438	89.99
3439	89.99
3440	89.99
3441	89.99
3442	89.99
3443	89.99
3444	89.99
3445	89.99
3446	89.99
3447	89.99
3448	89.99
3449	89.99
3450	89.99
3451	89.99
3452	89.99
3453	89.99
3454	89.99
3455	89.99
3456	89.99
3457	89.99
3458	89.99
3459	89.99
3460	89.99
3461	89.99
3462	89.99
3463	89.99
3464	89.99
3465	89.99
3466	89.99
3467	89.99
3468	89.99
3469	89.99
3470	89.99
3471	89.99
3472	89.99
3473	89.99
3474	89.99
3475	89.99
3476	89.99
3477	89.99
3478	89.99
3479	89.99
3480	89.99
3481	89.99
3482	89.99
3483	89.99
3484	89.99
3485	89.99
3486	89.99
3487	89.99
3488	89.99
3489	89.99
3490	89.99
3491	89.99
3492	89.99
3493	89.99
3494	89.99
3495	89.99
3496	89.99
3497	89.99
3498	89.99
3499	89.99
3500	89.99
3501	89.99
3502	89.99
3503	89.99
3504	89.99
3505	89.99
3506	89.99
3507	89.99
3508	89.99
3509	89.99
3510	89.99
3511	89.99
3512	89.99
3513	89.99
3514	89.99
3515	89.99
3516	89.99
3517	89.99
3518	89.99
3519	89.99
3520	89.99
3521	89.99
3522	89.99
3523	89.99
3524	89.99
3525	89.99
3526	89.99
3527	89.99
3528	89.99
3529	89.99
3530	89.99
3531	89.99
3532	89.99
3533	89.99
3534	89.99
3535	89.99
3536	89.99
3537	89.99
3538	89.99
3539	89.99
3540	89.99
3541	89.99
3542	89.99
3543	89.99
3544	89.99
3545	89.99
3546	89.99
3547	89.99
3548	89.99
3549	89.99
3550	89.99
3551	89.99
3552	89.99
3553	89.99
3554	89.99
3555	89.99
3556	89.99
3557	89.99
3558	89.99
3559	89.99
3560	89.99
3561	89.99
3562	89.99
3563	89.99
3564	89.99
3565	89.99
3566	89.99
3567	89.99
3568	89.99
3569	89.99
3570	89.99
3571	89.99
3572	89.99
3573	89.99
3574	89.99
3575	89.99
3576	89.99
3577	89.99
3578	89.99
3579	89.99
3580	89.99
3581	89.99
3582	89.99
3583	89.99
3584	89.99
3585	89.99
3586	89.99
3587	89.99
3588	89.99
3589	89.99
3590	89.99
3591	89.99
3592	89.99
3593	89.99
3594	89.99
3595	89.99
3596	89.99
3597	89.99
3598	89.99
3599	89.99
3600	89.99
3601	89.99
3602	89.99
3603	89.99
3604	89.99
3605	89.99
3606	89.99
3607	89.99
3608	89.99
3609	89.99
3610	89.99
3611	89.99
3612	89.99
3613	89.99
3614	89.99
3615	89.99
3616	89.99
3617	89.99
3618	89.99
3619	89.99
3620	89.99
3621	89.99
3622	89.99
3623	89.99
3624	89.99
3625	89.99
3626	89.99
3627	89.99
3628	89.99
3629	89.99
3630	89.99
3631	89.99
3632	89.99
3633	89.99
3634	89.99
3635	89.99
3636	89.99
3637	89.99
3638	89.99
3639	89.99
3640	89.99
3641	89.99
3642	89.99
3643	89.99
3644	89.99
3645	89.99
3646	89.99
3647	89.99
3648	89.99
3649	89.99
3650	89.99
3651	89.99
3652	89.99
3653	89.99
3654	89.99
3655	89.99
3656	89.99
3657	89.99
3658	89.99
3659	89.99
3660	89.99
3661	89.99
3662	89.99
3663	89.99
3664	89.99
3665	89.99
3666	89.99
3667	89.99
3668	89.99
3669	89.99
3670	89.99
3671	89.99
3672	89.99
3673	89.99
3674	89.99
3675	89.99
3676	89.99
3677	89.99
3678	89.99
3679	89.99
3680	89.99
3681	89.99
3682	89.99
3683	89.99
3684	89.99
3685	89.99
3686	89.99
3687	89.99
3688	89.99
3689	89.99
3690	89.99
3691	89.99
3692	89.99
3693	89.99
3694	89.99
3695	89.99
3696	89.99
3697	89.99
3698	89.99
3699	89.99
3700	89.99
3701	89.99
3702	89.99
3703	89.99
3704	89.99
3705	89.99
3706	89.99
3707	89.99
3708	89.99
3709	89.99
3710	89.99
3711	89.99
3712	89.99
3713	89.99
3714	89.99
3715	89.99
3716	89.99
3717	89.99
3718	89.99
3719	89.99
3720	89.99
3721	89.99
3722	89.99
3723	89.99
3724	89.99
3725	89.99
3726	89.99
3727	89.99
3728	89.99
3729	89.99
3730	89.99
3731	89.99
3732	89.99
3733	89.99
3734	89.99
3735	89.99
3736	89.99
3737	89.99
3738	89.99
3739	89.99
3740	89.99
3741	89.99
3742	89.99
3743	89.99
3744	89.99
3745	89.99
3746	89.99
3747	89.99
3748	89.99
3749	89.99
3750	89.99
3751	89.99
3752	89.99
3753	89.99
3754	89.99
3755	89.99
3756	89.99
3757	89.99
3758	89.99
3759	89.99
3760	89.99
3761	89.99
3762	89.99
3763	89.99
3764	89.99
3765	89.99
3766	89.99
3767	89.99
3768	89.99
3769	89.99
3770	89.99
3771	89.99
3772	89.99
3773	89.99
3774	89.99
3775	89.99
3776	89.99
3777	89.99
3778	89.99
3779	89.99
3780	89.99
3781	89.99
3782	89.99
3783	89.99
3784	89.99
3785	89.99
3786	89.99
3787	89.99
3788	89.99
3789	89.99
3790	89.99
3791	89.99
3792	89.99
3793	89.99
3794	89.99
3795	89.99
3796	89.99
3797	89.99
3798	89.99
3799	89.99
3800	89.99
3801	89.99
3802	89.99
3803	89.99
3804	89.99
3805	89.99
3806	89.99
3807	89.99
3808	89.99
3809	89.99
3810	89.99
3811	89.99
3812	89.99
3813	89.99
3814	89.99
3815	89.99
3816	89.99
3817	89.99
3818	89.99
3819	89.99
3820	89.99
3821	89.99
3822	89.99
3823	89.99
3824	89.99
3825	89.99
3826	89.99
3827	89.99
3828	89.99
3829	89.99
3830	89.99
3831	89.99
3832	89.99
3833	89.99
3834	89.99
3835	89.99
3836	89.99
3837	89.99
3838	89.99
3839	89.99
3840	89.99
3841	89.99
3842	89.99
3843	89.99
3844	89.99
3845	89.99
3846	89.99
3847	89.99
3848	89.99
3849	89.99
3850	89.99
3851	89.99
3852	89.99
3853	89.99
3854	89.99
3855	89.99
3856	89.99
3857	89.99
3858	89.99
3859	89.99
3860	89.99
3861	89.99
3862	89.99
3863	89.99
3864	89.99
3865	89.99
3866	89.99
3867	89.99
3868	89.99
3869	89.99
3870	89.99
3871	89.99
3872	89.99
3873	89.99
3874	89.99
3875	89.99
3876	89.99
3877	89.99
3878	89.99
3879	89.99
3880	89.99
3881	89.99
3882	89.99
3883	89.99
3884	89.99
3885	89.99
3886	89.99
3887	89.99
3888	89.99
3889	89.99
3890	89.99
3891	89.99
3892	89.99
3893	89.99
3894	89.99
3895	89.99
3896	89.99
3897	89.99
3898	89.99
3899	89.99
3900	89.99
3901	89.99
3902	89.99
3903	89.99
3904	89.99
3905	89.99
3906	89.99
3907	89.99
3908	89.99
3909	89.99
3910	89.99
3911	89.99
3912	89.99
3913	89.99
3914	89.99
3915	89.99
3916	89.99
3917	89.99
3918	89.99
3919	89.99
3920	89.99
3921	89.99
3922	89.99
3923	89.99
3924	89.99
3925	89.99
3926	89.99
3927	89.99
3928	89.99
3929	89.99
3930	89.99
3931	89.99
3932	89.99
3933	89.99
3934	89.99
3935	89.99
3936	89.99
3937	89.99
3938	89.99
3939	89.99
3940	89.99
3941	89.99
3942	89.99
3943	89.99
3944	89.99
3945	89.99
3946	89.99
3947	89.99
3948	89.99
3949	89.99
3950	89.99
3951	89.99
3952	89.99
3953	89.99
3954	89.99
3955	89.99
3956	89.99
3957	89.99
3958	89.99
3959	89.99
3960	89.99
3961	89.99
3962	89.99
3963	89.99
3964	89.99
3965	89.99
3966	89.99
3967	89.99
3968	89.99
3969	89.99
3970	89.99
3971	89.99
3972	89.99
3973	89.99
3974	89.99
3975	89.99
3976	89.99
3977	89.99
3978	89.99
3979	89.99
3980	89.99
3981	89.99
3982	89.99
3983	89.99
3984	89.99
3985	89.99
3986	89.99
3987	89.99
3988	89.99
3989	89.99
3990	89.99
3991	89.99
3992	89.99
3993	89.99
3994	89.99
3995	89.99
3996	89.99
3997	89.99
3998	89.99
3999	89.99
4000	89.99
4001	89.99
4002	89.99
4003	89.99
4004	89.99
4005	89.99
4006	89.99
4007	89.99
4008	89.99
4009	89.99
4010	89.99
4011	89.99
4012	89.99
4013	89.99
4014	89.99
4015	89.99
4016	89.99
4017	89.99
4018	89.99
4019	89.99
4020	89.99
4021	89.99
4022	89.99
4023	89.99
4024	89.99
4025	89.99
4026	89.99
4027	89.99
4028	89.99
4029	89.99
4030	89.99
4031	89.99
4032	89.99
4033	89.99
4034	89.99
4035	89.99
4036	89.99
4037	89.99
4038	89.99
4039	89.99
4040	89.99
4041	89.99
4042	89.99
4043	89.99
4044	89.99
4045	89.99
4046	89.99
4047	89.99
4048	89.99
4049	89.99
4050	89.99
4051	89.99
4052	89.99
4053	89.99
4054	89.99
4055	89.99
4056	89.99
4057	89.99
4058	89.99
4059	89.99
4060	89.99
4061	89.99
4062	89.99
4063	89.99
4064	89.99
4065	89.99
4066	89.99
4067	89.99
4068	89.99
4069	89.99
4070	89.99
4071	89.99
4072	89.99
4073	89.99
4074	89.99
4075	89.99
4076	89.99
4077	89.99
4078	89.99
4079	89.99
4080	89.99
4081	89.99
4082	89.99
4083	89.99
4084	89.99
4085	89.99
4086	89.99
4087	89.99
4088	89.99
4089	89.99
4090	89.99
4091	89.99
4092	89.99
4093	89.99
4094	89.99
4095	89.99
4096	89.99
4097	89.99
4098	89.99
4099	89.99
4100	89.99
4101	89.99
4102	89.99
4103	89.99
4104	89.99
4105	89.99
4106	89.99
4107	89.99
4108	89.99
4109	89.99
4110	89.99
4111	89.99
4112	89.99
4113	89.99
4114	89.99
4115	89.99
4116	89.99
4117	89.99
4118	89.99
4119	89.99
4120	89.99
4121	89.99
4122	89.99
4123	89.99
4124	89.99
4125	89.99
4126	89.99
4127	89.99
4128	89.99
4129	89.99
4130	89.99
4131	89.99
4132	89.99
4133	89.99
4134	89.99
4135	89.99
4136	89.99
4137	89.99
4138	89.99
4139	89.99
4140	89.99
4141	89.99
4142	89.99
4143	89.99
4144	89.99
4145	89.99
4146	89.99
4147	89.99
4148	89.99
4149	89.99
4150	89.99
4151	89.99
4152	89.99
4153	89.99
4154	89.99
4155	89.99
4156	89.99
4157	89.99
4158	89.99
4159	89.99
4160	89.99
4161	89.99
4162	89.99
4163	89.99
4164	89.99
4165	89.99
4166	89.99
4167	89.99
4168	89.99
4169	89.99
4170	89.99
4171	89.99
4172	89.99
4173	89.99
4174	89.99
4175	89.99
4176	89.99
4177	89.99
4178	89.99
4179	89.99
4180	89.99
4181	89.99
4182	89.99
4183	89.99
4184	89.99
4185	89.99
4186	89.99
4187	89.99
4188	89.99
4189	89.99
4190	89.99
4191	89.99
4192	89.99
4193	89.99
4194	89.99
4195	89.99
4196	89.99
4197	89.99
4198	89.99
4199	89.99
4200	89.99
4201	89.99
4202	89.99
4203	89.99
4204	89.99
4205	89.99
4206	89.99
4207	89.99
4208	89.99
4209	89.99
4210	89.99
4211	89.99
4212	89.99
4213	89.99
4214	89.99
4215	89.99
4216	89.99
4217	89.99
4218	89.99
4219	89.99
4220	89.99
4221	89.99
4222	89.99
4223	89.99
4224	89.99
4225	89.99
4226	89.99
4227	89.99
4228	89.99
4229	89.99
4230	89.99
4231	89.99
4232	89.99
4233	89.99
4234	89.99
4235	89.99
4236	89.99
4237	89.99
4238	89.99
4239	89.99
4240	89.99
4241	89.99
4242	89.99
4243	89.99
4244	89.99
4245	89.99
4246	89.99
4247	89.99
4248	89.99
4249	89.99
4250	89.99
4251	89.99
4252	89.99
4253	89.99
4254	89.99
4255	89.99
4256	89.99
4257	89.99
4258	89.99
4259	89.99
4260	89.99
4261	89.99
4262	89.99
4263	89.99
4264	89.99
4265	89.99
4266	89.99
4267	89.99
4268	89.99
4269	89.99
4270	89.99
4271	89.99
4272	89.99
4273	89.99
4274	89.99
4275	89.99
4276	89.99
4277	89.99
4278	89.99
4279	89.99
4280	89.99
4281	89.99
4282	89.99
4283	89.99
4284	89.99
4285	89.99
4286	89.99
4287	89.99
4288	89.99
4289	89.99
4290	89.99
4291	89.99
4292	89.99
4293	89.99
4294	89.99
4295	89.99
4296	89.99
4297	89.99
4298	89.99
4299	89.99
4300	89.99
4301	89.99
4302	89.99
4303	89.99
4304	89.99
4305	89.99
4306	89.99
4307	89.99
4308	89.99
4309	89.99
4310	89.99
4311	89.99
4312	89.99
4313	89.99
4314	89.99
4315	89.99
4316	89.99
4317	89.99
4318	89.99
4319	89.99
4320	89.99
4321	89.99
4322	89.99
4323	89.99
4324	89.99
4325	89.99
4326	89.99
4327	89.99
4328	89.99
4329	89.99
4330	89.99
4331	89.99
4332	89.99
4333	89.99
4334	89.99
4335	89.99
4336	89.99
4337	89.99
4338	89.99
4339	89.99
4340	89.99
4341	89.99
4342	89.99
4343	89.99
4344	89.99
4345	89.99
4346	89.99
4347	89.99
4348	89.99
4349	89.99
4350	89.99
4351	89.99
4352	89.99
4353	89.99
4354	89.99
4355	89.99
4356	89.99
4357	89.99
4358	89.99
4359	89.99
4360	89.99
4361	89.99
4362	89.99
4363	89.99
4364	89.99
4365	89.99
4366	89.99
4367	89.99
4368	89.99
4369	89.99
4370	89.99
4371	89.99
4372	89.99
4373	89.99
4374	89.99
4375	89.99
4376	89.99
4377	89.99
4378	89.99
4379	89.99
4380	89.99
4381	89.99
4382	89.99
4383	89.99
4384	89.99
4385	89.99
4386	89.99
4387	89.99
4388	89.99
4389	89.99
4390	89.99
4391	89.99
4392	89.99
4393	89.99
4394	89.99
4395	89.99
4396	89.99
4397	89.99
4398	89.99
4399	89.99
4400	89.99
4401	89.99
4402	89.99
4403	89.99
4404	89.99
4405	89.99
4406	89.99
4407	89.99
4408	89.99
4409	89.99
4410	89.99
4411	89.99
4412	89.99
4413	89.99
4414	89.99
4415	89.99
4416	89.99
4417	89.99
4418	89.99
4419	89.99
4420	89.99
4421	89.99
4422	89.99
4423	89.99
4424	89.99
4425	89.99
4426	89.99
4427	89.99
4428	89.99
4429	89.99
4430	89.99
4431	89.99
4432	89.99
4433	89.99
4434	89.99
4435	89.99
4436	89.99
4437	89.99
4438	89.99
4439	89.99
4440	89.99
4441	89.99
4442	89.99
4443	89.99
4444	89.99
4445	89.99
4446	89.99
4447	89.99
4448	89.99
4449	89.99
4450	89.99
4451	89.99
4452	89.99
4453	89.99
4454	89.99
4455	89.99
4456	89.99
4457	89.99
4458	89.99
4459	89.99
4460	89.99
4461	89.99
4462	89.99
4463	89.99
4464	89.99
4465	89.99
4466	89.99
4467	89.99
4468	89.99
4469	89.99
4470	89.99
4471	89.99
4472	89.99
4473	89.99
4474	89.99
4475	89.99
4476	89.99
4477	89.99
4478	89.99
4479	89.99
4480	89.99
4481	89.99
4482	89.99
4483	89.99
4484	89.99
4485	89.99
4486	89.99
4487	89.99
4488	89.99
4489	89.99
4490	89.99
4491	89.99
4492	89.99
4493	89.99
4494	89.99
4495	89.99
4496	89.99
4497	89.99
4498	89.99
4499	89.99
4500	89.99
4501	89.99
4502	89.99
4503	89.99
4504	89.99
4505	89.99
4506	89.99
4507	89.99
4508	89.99
4509	89.99
4510	89.99
4511	89.99
4512	89.99
4513	89.99
4514	89.99
4515	89.99
4516	89.99
4517	89.99
4518	89.99
4519	89.99
4520	89.99
4521	89.99
4522	89.99
4523	89.99
4524	89.99
4525	89.99
4526	89.99
4527	89.99
4528	89.99
4529	89.99
4530	89.99
4531	89.99
4532	89.99
4533	89.99
4534	89.99
4535	89.99
4536	89.99
4537	89.99
4538	89.99
4539	89.99
4540	89.99
4541	89.99
4542	89.99
4543	89.99
4544	89.99
4545	89.99
4546	89.99
4547	89.99
4548	89.99
4549	89.99
4550	89.99
4551	89.99
4552	89.99
4553	89.99
4554	89.99
4555	89.99
4556	89.99
4557	89.99
4558	89.99
4559	89.99
4560	89.99
4561	89.99
4562	89.99
4563	89.99
4564	89.99
4565	89.99
4566	89.99
4567	89.99
4568	89.99
4569	89.99
4570	89.99
4571	89.99
4572	89.99
4573	89.99
4574	89.99
4575	89.99
4576	89.99
4577	89.99
4578	89.99
4579	89.99
4580	89.99
4581	89.99
4582	89.99
4583	89.99
4584	89.99
4585	89.99
4586	89.99
4587	89.99
4588	89.99
4589	89.99
4590	89.99
4591	89.99
4592	89.99
4593	89.99
4594	89.99
4595	89.99
4596	89.99
4597	89.99
4598	89.99
4599	89.99
4600	89.99
4601	89.99
4602	89.99
4603	89.99
4604	89.99
4605	89.99
4606	89.99
4607	89.99
4608	89.99
4609	89.99
4610	89.99
4611	89.99
4612	89.99
4613	89.99
4614	89.99
4615	89.99
4616	89.99
4617	89.99
4618	89.99
4619	89.99
4620	89.99
4621	89.99
4622	89.99
4623	89.99
4624	89.99
4625	89.99
4626	89.99
4627	89.99
4628	89.99
4629	89.99
4630	89.99
4631	89.99
4632	89.99
4633	89.99
4634	89.99
4635	89.99
4636	89.99
4637	89.99
4638	89.99
4639	89.99
4640	89.99
4641	89.99
4642	89.99
4643	89.99
4644	89.99
4645	89.99
4646	89.99
4647	89.99
4648	89.99
4649	89.99
4650	89.99
4651	89.99
4652	89.99
4653	89.99
4654	89.99
4655	89.99
4656	89.99
4657	89.99
4658	89.99
4659	89.99
4660	89.99
4661	89.99
4662	89.99
4663	89.99
4664	89.99
4665	89.99
4666	89.99
4667	89.99
4668	89.99
4669	89.99
4670	89.99
4671	89.99
4672	89.99
4673	89.99
4674	89.99
4675	89.99
4676	89.99
4677	89.99
4678	89.99
4679	89.99
4680	89.99
4681	89.99
4682	89.99
4683	89.99
4684	89.99
4685	89.99
4686	89.99
4687	89.99
4688	89.99
4689	89.99
4690	89.99
4691	89.99
4692	89.99
4693	89.99
4694	89.99
4695	89.99
4696	89.99
4697	89.99
4698	89.99
4699	89.99
4700	89.99
4701	89.99
4702	89.99
4703	89.99
4704	89.99
4705	89.99
4706	89.99
4707	89.99
4708	89.99
4709	89.99
4710	89.99
4711	89.99
4712	89.99
4713	89.99
4714	89.99
4715	89.99
4716	89.99
4717	89.99
4718	89.99
4719	89.99
4720	89.99
4721	89.99
4722	89.99
4723	89.99
4724	89.99
4725	89.99
4726	89.99
4727	89.99
4728	89.99
4729	89.99
4730	89.99
4731	89.99
4732	89.99
4733	89.99
4734	89.99
4735	89.99
4736	89.99
4737	89.99
4738	89.99
4739	89.99
4740	89.99
4741	89.99
4742	89.99
4743	89.99
4744	89.99
4745	89.99
4746	89.99
4747	89.99
4748	89.99
4749	89.99
4750	89.99
4751	89.99
4752	89.99
4753	89.99
4754	89.99
4755	89.99
4756	89.99
4757	89.99
4758	89.99
4759	89.99
4760	89.99
4761	89.99
4762	89.99
4763	89.99
4764	89.99
4765	89.99
4766	89.99
4767	89.99
4768	89.99
4769	89.99
4770	89.99
4771	89.99
4772	89.99
4773	89.99
4774	89.99
4775	89.99
4776	89.99
4777	89.99
4778	89.99
4779	89.99
4780	89.99
4781	89.99
4782	89.99
4783	89.99
4784	89.99
4785	89.99
4786	89.99
4787	89.99
4788	89.99
4789	89.99
4790	89.99
4791	89.99
4792	89.99
4793	89.99
4794	89.99
4795	89.99
4796	89.99
4797	89.99
4798	89.99
4799	89.99
4800	89.99
4801	89.99
4802	89.99
4803	89.99
4804	89.99
4805	89.99
4806	89.99
4807	89.99
4808	89.99
4809	89.99
4810	89.99
4811	89.99
4812	89.99
4813	89.99
4814	89.99
4815	89.99
4816	89.99
4817	89.99
4818	89.99
4819	89.99
4820	89.99
4821	89.99
4822	89.99
4823	89.99
4824	89.99
4825	89.99
4826	89.99
4827	89.99
4828	89.99
4829	89.99
4830	89.99
4831	89.99
4832	89.99
4833	89.99
4834	89.99
4835	89.99
4836	89.99
4837	89.99
4838	89.99
4839	89.99
4840	89.99
4841	89.99
4842	89.99
4843	89.99
4844	89.99
4845	89.99
4846	89.99
4847	89.99
4848	89.99
4849	89.99
4850	89.99
4851	89.99
4852	89.99
4853	89.99
4854	89.99
4855	89.99
4856	89.99
4857	89.99
4858	89.99
4859	89.99
4860	89.99
4861	89.99
4862	89.99
4863	89.99
4864	89.99
4865	89.99
4866	89.99
4867	89.99
4868	89.99
4869	89.99
4870	89.99
4871	89.99
4872	89.99
4873	89.99
4874	89.99
4875	89.99
4876	89.99
4877	89.99
4878	89.99
4879	89.99
4880	89.99
4881	89.99
4882	89.99
4883	89.99
4884	89.99
4885	89.99
4886	89.99
4887	89.99
4888	89.99
4889	89.99
4890	89.99
4891	89.99
4892	89.99
4893	89.99
4894	89.99
4895	89.99
4896	89.99
4897	89.99
4898	89.99
4899	89.99
4900	89.99
4901	89.99
4902	89.99
4903	89.99
4904	89.99
4905	89.99
4906	89.99
4907	89.99
4908	89.99
4909	89.99
4910	89.99
4911	89.99
4912	89.99
4913	89.99
4914	89.99
4915	89.99
4916	89.99
4917	89.99
4918	89.99
4919	89.99
4920	89.99
4921	89.99
4922	89.99
4923	89.99
4924	89.99
4925	89.99
4926	89.99
4927	89.99
4928	89.99
4929	89.99
4930	89.99
4931	89.99
4932	89.99
4933	89.99
4934	89.99
4935	89.99
4936	89.99
4937	89.99
4938	89.99
4939	89.99
4940	89.99
4941	89.99
4942	89.99
4943	89.99
4944	89.99
4945	89.99
4946	89.99
4947	89.99
4948	89.99
4949	89.99
4950	89.99
4951	89.99
4952	89.99
4953	89.99
4954	89.99
4955	89.99
4956	89.99
4957	89.99
4958	89.99
4959	89.99
4960	89.99
4961	89.99
4962	89.99
4963	89.99
4964	89.99
4965	89.99
4966	89.99
4967	89.99
4968	89.99
4969	89.99
4970	89.99
4971	89.99
4972	89.99
4973	89.99
4974	89.99
4975	89.99
4976	89.99
4977	89.99
4978	89.99
4979	89.99
4980	89.99
4981	89.99
4982	89.99
4983	89.99
4984	89.99
4985	89.99
4986	89.99
4987	89.99
4988	89.99
4989	89.99
4990	89.99
4991	89.99
4992	89.99
4993	89.99
4994	89.99
4995	89.99
4996	89.99
4997	89.99
4998	89.99
4999	89.99
5000	89.99
5001	89.99
5002	89.99
5003	89.99
5004	89.99
5005	89.99
5006	89.99
5007	89.99
5008	89.99
5009	89.99
5010	89.99
5011	89.99
5012	89.99
5013	89.99
5014	89.99
5015	89.99
5016	89.99
5017	89.99
5018	89.99
5019	89.99
5020	89.99
5021	89.99
5022	89.99
5023	89.99
5024	89.99
5025	89.99
5026	89.99
5027	89.99
5028	89.99
5029	89.99
5030	89.99
5031	89.99
5032	89.99
5033	89.99
5034	89.99
5035	89.99
5036	89.99
5037	89.99
5038	89.99
5039	89.99
5040	89.99
5041	89.99
5042	89.99
5043	89.99
5044	89.99
5045	89.99
5046	89.99
5047	89.99
5048	89.99
5049	89.99
5050	89.99
5051	89.99
5052	89.99
5053	89.99
5054	89.99
5055	89.99
5056	89.99
5057	89.99
5058	89.99
5059	89.99
5060	89.99
5061	89.99
5062	89.99
5063	89.99
5064	89.99
5065	89.99
5066	89.99
5067	89.99
5068	89.99
5069	89.99
5070	89.99
5071	89.99
5072	89.99
5073	89.99
5074	89.99
5075	89.99
5076	89.99
5077	89.99
5078	89.99
5079	89.99
5080	89.99
5081	89.99
5082	89.99
5083	89.99
5084	89.99
5085	89.99
5086	89.99
5087	89.99
5088	89.99
5089	89.99
5090	89.99
5091	89.99
5092	89.99
5093	89.99
5094	89.99
5095	89.99
5096	89.99
5097	89.99
5098	89.99
5099	89.99
5100	89.99
5101	89.99
5102	89.99
5103	89.99
5104	89.99
5105	89.99
5106	89.99
5107	89.99
5108	89.99
5109	89.99
5110	89.99
5111	89.99
5112	89.99
5113	89.99
5114	89.99
5115	89.99
5116	89.99
5117	89.99
5118	89.99
5119	89.99
5120	89.99
5121	89.99
5122	89.99
5123	89.99
5124	89.99
5125	89.99
5126	89.99
5127	89.99
5128	89.99
5129	89.99
5130	89.99
5131	89.99
5132	89.99
5133	89.99
5134	89.99
5135	89.99
5136	89.99
5137	89.99
5138	89.99
5139	89.99
5140	89.99
5141	89.99
5142	89.99
5143	89.99
5144	89.99
5145	89.99
5146	89.99
5147	89.99
5148	89.99
5149	89.99
5150	89.99
5151	89.99
5152	89.99
5153	89.99
5154	89.99
5155	89.99
5156	89.99
5157	89.99
5158	89.99
5159	89.99
5160	89.99
5161	89.99
5162	89.99
5163	89.99
5164	89.99
5165	89.99
5166	89.99
5167	89.99
5168	89.99
5169	89.99
5170	89.99
5171	89.99
5172	89.99
5173	89.99
5174	89.99
5175	89.99
5176	89.99
5177	89.99
5178	89.99
5179	89.99
5180	89.99
5181	89.99
5182	89.99
5183	89.99
5184	89.99
5185	89.99
5186	89.99
5187	89.99
5188	89.99
5189	89.99
5190	89.99
5191	89.99
5192	89.99
5193	89.99
5194	89.99
5195	89.99
5196	89.99
5197	89.99
5198	89.99
5199	89.99
5200	89.99
5201	89.99
5202	89.99
5203	89.99
5204	89.99
5205	89.99
5206	89.99
5207	89.99
5208	89.99
5209	89.99
5210	89.99
5211	89.99
5212	89.99
5213	89.99
5214	89.99
5215	89.99
5216	89.99
5217	89.99
5218	89.99
5219	89.99
5220	89.99
5221	89.99
5222	89.99
5223	89.99
5224	89.99
5225	89.99
5226	89.99
5227	89.99
5228	89.99
5229	89.99
5230	89.99
5231	89.99
5232	89.99
5233	89.99
5234	89.99
5235	89.99
5236	89.99
5237	89.99
5238	89.99
5239	89.99
5240	89.99
5241	89.99
5242	89.99
5243	89.99
5244	89.99
5245	89.99
5246	89.99
5247	89.99
5248	89.99
5249	89.99
5250	89.99
5251	89.99
5252	89.99
5253	89.99
5254	89.99
5255	89.99
5256	89.99
5257	89.99
5258	89.99
5259	89.99
5260	89.99
5261	89.99
5262	89.99
5263	89.99
5264	89.99
5265	89.99
5266	89.99
5267	89.99
5268	89.99
5269	89.99
5270	89.99
5271	89.99
5272	89.99
5273	89.99
5274	89.99
5275	89.99
5276	89.99
5277	89.99
5278	89.99
5279	89.99
5280	89.99
5281	89.99
5282	89.99
5283	89.99
5284	89.99
5285	89.99
5286	89.99
5287	89.99
5288	89.99
5289	89.99
5290	89.99
5291	89.99
5292	89.99
5293	89.99
5294	89.99
5295	89.99
5296	89.99
5297	89.99
5298	89.99
5299	89.99
5300	89.99
5301	89.99
5302	89.99
5303	89.99
5304	89.99
5305	89.99
5306	89.99
5307	89.99
5308	89.99
5309	89.99
5310	89.99
5311	89.99
5312	89.99
5313	89.99
5314	89.99
5315	89.99
5316	89.99
5317	89.99
5318	89.99
5319	89.99
5320	89.99
5321	89.99
5322	89.99
5323	89.99
5324	89.99
5325	89.99
5326	89.99
5327	89.99
5328	89.99
5329	89.99
5330	89.99
5331	89.99
5332	89.99
5333	89.99
5334	89.99
5335	89.99
5336	89.99
5337	89.99
5338	89.99
5339	89.99
5340	89.99
5341	89.99
5342	89.99
5343	89.99
5344	89.99
5345	89.99
5346	89.99
5347	89.99
5348	89.99
5349	89.99
5350	89.99
5351	89.99
5352	89.99
5353	89.99
5354	89.99
5355	89.99
5356	89.99
5357	89.99
5358	89.99
5359	89.99
5360	89.99
5361	89.99
5362	89.99
5363	89.99
5364	89.99
5365	89.99
5366	89.99
5367	89.99
5368	89.99
5369	89.99
5370	89.99
5371	89.99
5372	89.99
5373	89.99
5374	89.99
5375	89.99
5376	89.99
5377	89.99
5378	89.99
5379	89.99
5380	89.99
5381	89.99
5382	89.99
5383	89.99
5384	89.99
5385	89.99
5386	89.99
5387	89.99
5388	89.99
5389	89.99
5390	89.99
5391	89.99
5392	89.99
5393	89.99
5394	89.99
5395	89.99
5396	89.99
5397	89.99
5398	89.99
5399	89.99
5400	89.99
5401	89.99
5402	89.99
5403	89.99
5404	89.99
5405	89.99
5406	89.99
5407	89.99
5408	89.99
5409	89.99
5410	89.99
5411	89.99
5412	89.99
5413	89.99
5414	89.99
5415	89.99
5416	89.99
5417	89.99
5418	89.99
5419	89.99
5420	89.99
5421	89.99
5422	89.99
5423	89.99
5424	89.99
5425	89.99
5426	89.99
5427	89.99
5428	89.99
5429	89.99
5430	89.99
5431	89.99
5432	89.99
5433	89.99
5434	89.99
5435	89.99
5436	89.99
5437	89.99
5438	89.99
5439	89.99
5440	89.99
5441	89.99
5442	89.99
5443	89.99
5444	89.99
5445	89.99
5446	89.99
5447	89.99
5448	89.99
5449	89.99
5450	89.99
5451	89.99
5452	89.99
5453	89.99
5454	89.99
5455	89.99
5456	89.99
5457	89.99
5458	89.99
5459	89.99
5460	89.99
5461	89.99
5462	89.99
5463	89.99
5464	89.99
5465	89.99
5466	89.99
5467	89.99
5468	89.99
5469	89.99
5470	89.99
5471	89.99
5472	89.99
5473	89.99
5474	89.99
5475	89.99
5476	89.99
5477	89.99
5478	89.99
5479	89.99
5480	89.99
5481	89.99
5482	89.99
5483	89.99
5484	89.99
5485	89.99
5486	89.99
5487	89.99
5488	89.99
5489	89.99
5490	89.99
5491	89.99
5492	89.99
5493	89.99
5494	89.99
5495	89.99
5496	89.99
5497	89.99
5498	89.99
5499	89.99
5500	89.99
5501	89.99
5502	89.99
5503	89.99
5504	89.99
5505	89.99
5506	89.99
5507	89.99
5508	89.99
5509	89.99
5510	89.99
5511	89.99
5512	89.99
5513	89.99
5514	89.99
5515	89.99
5516	89.99
5517	89.99
5518	89.99
5519	89.99
5520	89.99
5521	89.99
5522	89.99
5523	89.99
5524	89.99
5525	89.99
5526	89.99
5527	89.99
5528	89.99
5529	89.99
5530	89.99
5531	89.99
5532	89.99
5533	89.99
5534	89.99
5535	89.99
5536	89.99
5537	89.99
5538	89.99
5539	89.99
5540	89.99
5541	89.99
5542	89.99
5543	89.99
5544	89.99
5545	89.99
5546	89.99
5547	89.99
5548	89.99
5549	89.99
5550	89.99
5551	89.99
5552	89.99
5553	89.99
5554	89.99
5555	89.99
5556	89.99
5557	89.99
5558	89.99
5559	89.99
5560	89.99
5561	89.99
5562	89.99
5563	89.99
5564	89.99
5565	89.99
5566	89.99
5567	89.99
5568	89.99
5569	89.99
5570	89.99
5571	89.99
5572	89.99
5573	89.99
5574	89.99
5575	89.99
5576	89.99
5577	89.99
5578	89.99
5579	89.99
5580	89.99
5581	89.99
5582	89.99
5583	89.99
5584	89.99
5585	89.99
5586	89.99
5587	89.99
5588	89.99
5589	89.99
5590	89.99
5591	89.99
5592	89.99
5593	89.99
5594	89.99
5595	89.99
5596	89.99
5597	89.99
5598	89.99
5599	89.99
5600	89.99
5601	89.99
5602	89.99
5603	89.99
5604	89.99
5605	89.99
5606	89.99
5607	89.99
5608	89.99
5609	89.99
5610	89.99
5611	89.99
5612	89.99
5613	89.99
5614	89.99
5615	89.99
5616	89.99
5617	89.99
5618	89.99
5619	89.99
5620	89.99
5621	89.99
5622	89.99
5623	89.99
5624	89.99
5625	89.99
5626	89.99
5627	89.99
5628	89.99
5629	89.99
5630	89.99
5631	89.99
5632	89.99
5633	89.99
5634	89.99
5635	89.99
5636	89.99
5637	89.99
5638	89.99
5639	89.99
5640	89.99
5641	89.99
5642	89.99
5643	89.99
5644	89.99
5645	89.99
5646	89.99
5647	89.99
5648	89.99
5649	89.99
5650	89.99
5651	89.99
5652	89.99
5653	89.99
5654	89.99
5655	89.99
5656	89.99
5657	89.99
5658	89.99
5659	89.99
5660	89.99
5661	89.99
5662	89.99
5663	89.99
5664	89.99
5665	89.99
5666	89.99
5667	89.99
5668	89.99
5669	89.99
5670	89.99
5671	89.99
5672	89.99
5673	89.99
5674	89.99
5675	89.99
5676	89.99
5677	89.99
5678	89.99
5679	89.99
5680	89.99
5681	89.99
5682	89.99
5683	89.99
5684	89.99
5685	89.99
5686	89.99
5687	89.99
5688	89.99
5689	89.99
5690	89.99
5691	89.99
5692	89.99
5693	89.99
5694	89.99
5695	89.99
5696	89.99
5697	89.99
5698	89.99
5699	89.99
5700	89.99
5701	89.99
5702	89.99
5703	89.99
5704	89.99
5705	89.99
5706	89.99
5707	89.99
5708	89.99
5709	89.99
5710	89.99
5711	89.99
5712	89.99
5713	89.99
5714	89.99
5715	89.99
5716	89.99
5717	89.99
5718	89.99
5719	89.99
5720	89.99
5721	89.99
5722	89.99
5723	89.99
5724	89.99
5725	89.99
5726	89.99
5727	89.99
5728	89.99
5729	89.99
5730	89.99
5731	89.99
5732	89.99
5733	89.99
5734	89.99
5735	89.99
5736	89.99
5737	89.99
5738	89.99
5739	89.99
5740	89.99
5741	89.99
5742	89.99
5743	89.99
5744	89.99
5745	89.99
5746	89.99
5747	89.99
5748	89.99
5749	89.99
5750	89.99
5751	89.99
5752	89.99
5753	89.99
5754	89.99
5755	89.99
5756	89.99
5757	89.99
5758	89.99
5759	89.99
5760	89.99
5761	89.99
5762	89.99
5763	89.99
5764	89.99
5765	89.99
5766	89.99
5767	89.99
5768	89.99
5769	89.99
5770	89.99
5771	89.99
5772	89.99
5773	89.99
5774	89.99
5775	89.99
5776	89.99
5777	89.99
5778	89.99
5779	89.99
5780	89.99
5781	89.99
5782	89.99
5783	89.99
5784	89.99
5785	89.99
5786	89.99
5787	89.99
5788	89.99
5789	89.99
5790	89.99
5791	89.99
5792	89.99
5793	89.99
5794	89.99
5795	89.99
5796	89.99
5797	89.99
5798	89.99
5799	89.99
5800	89.99
5801	89.99
5802	89.99
5803	89.99
5804	89.99
5805	89.99
5806	89.99
5807	89.99
5808	89.99
5809	89.99
5810	89.99
5811	89.99
5812	89.99
5813	89.99
5814	89.99
5815	89.99
5816	89.99
5817	89.99
5818	89.99
5819	89.99
5820	89.99
5821	89.99
5822	89.99
5823	89.99
5824	89.99
5825	89.99
5826	89.99
5827	89.99
5828	89.99
5829	89.99
5830	89.99
5831	89.99
5832	89.99
5833	89.99
5834	89.99
5835	89.99
5836	89.99
5837	89.99
5838	89.99
5839	89.99
5840	89.99
5841	89.99
5842	89.99
5843	89.99
5844	89.99
5845	89.99
5846	89.99
5847	89.99
5848	89.99
5849	89.99
5850	89.99
5851	89.99
5852	89.99
5853	89.99
5854	89.99
5855	89.99
5856	89.99
5857	89.99
5858	89.99
5859	89.99
5860	89.99
5861	89.99
5862	89.99
5863	89.99
5864	89.99
5865	89.99
5866	89.99
5867	89.99
5868	89.99
5869	89.99
5870	89.99
5871	89.99
5872	89.99
5873	89.99
5874	89.99
5875	89.99
5876	89.99
5877	89.99
5878	89.99
5879	89.99
5880	89.99
5881	89.99
5882	89.99
5883	89.99
5884	89.99
5885	89.99
5886	89.99
5887	89.99
5888	89.99
5889	89.99
5890	89.99
5891	89.99
5892	89.99
5893	89.99
5894	89.99
5895	89.99
5896	89.99
5897	89.99
5898	89.99
5899	89.99
5900	89.99
5901	89.99
5902	89.99
5903	89.99
5904	89.99
5905	89.99
5906	89.99
5907	89.99
5908	89.99
5909	89.99
5910	89.99
5911	89.99
5912	89.99
5913	89.99
5914	89.99
5915	89.99
5916	89.99
5917	89.99
5918	89.99
5919	89.99
5920	89.99
5921	89.99
5922	89.99
5923	89.99
5924	89.99
5925	89.99
5926	89.99
5927	89.99
5928	89.99
5929	89.99
5930	89.99
5931	89.99
5932	89.99
5933	89.99
5934	89.99
5935	89.99
5936	89.99
5937	89.99
5938	89.99
5939	89.99
5940	89.99
5941	89.99
5942	89.99
5943	89.99
5944	89.99
5945	89.99
5946	89.99
5947	89.99
5948	89.99
5949	89.99
5950	89.99
5951	89.99
5952	89.99
5953	89.99
5954	89.99
5955	89.99
5956	89.99
5957	89.99
5958	89.99
5959	89.99
5960	89.99
5961	89.99
5962	89.99
5963	89.99
5964	89.99
5965	89.99
5966	89.99
5967	89.99
5968	89.99
5969	89.99
5970	89.99
5971	89.99
5972	89.99
5973	89.99
5974	89.99
5975	89.99
5976	89.99
5977	89.99
5978	89.99
5979	89.99
5980	89.99
5981	89.99
5982	89.99
5983	89.99
5984	89.99
5985	89.99
5986	89.99
5987	89.99
5988	89.99
5989	89.99
5990	89.99
5991	89.99
5992	89.99
5993	89.99
5994	89.99
5995	89.99
5996	89.99
5997	89.99
5998	89.99
5999	89.99
6000	89.99
6001	89.99
6002	89.99
6003	89.99
6004	89.99
6005	89.99
6006	89.99
6007	89.99
6008	89.99
6009	89.99
6010	89.99
6011	89.99
6012	89.99
6013	89.99
6014	89.99
6015	89.99
6016	89.99
6017	89.99
6018	89.99
6019	89.99
6020	89.99
6021	89.99
6022	89.99
6023	89.99
6024	89.99
6025	89.99
6026	89.99
6027	89.99
6028	89.99
6029	89.99
6030	89.99
6031	89.99
6032	89.99
6033	89.99
6034	89.99
6035	89.99
6036	89.99
6037	89.99
6038	89.99
6039	89.99
6040	89.99
6041	89.99
6042	89.99
6043	89.99
6044	89.99
6045	89.99
6046	89.99
6047	89.99
6048	89.99
6049	89.99
6050	89.99
6051	89.99
6052	89.99
6053	89.99
6054	89.99
6055	89.99
6056	89.99
6057	89.99
6058	89.99
6059	89.99
6060	89.99
6061	89.99
6062	89.99
6063	89.99
6064	89.99
6065	89.99
6066	89.99
6067	89.99
6068	89.99
6069	89.99
6070	89.99
6071	89.99
6072	89.99
6073	89.99
6074	89.99
6075	89.99
6076	89.99
6077	89.99
6078	89.99
6079	89.99
6080	89.99
6081	89.99
6082	89.99
6083	89.99
6084	89.99
6085	89.99
6086	89.99
6087	89.99
6088	89.99
6089	89.99
6090	89.99
6091	89.99
6092	89.99
6093	89.99
6094	89.99
6095	89.99
6096	89.99
6097	89.99
6098	89.99
6099	89.99
6100	89.99
6101	89.99
6102	89.99
6103	89.99
6104	89.99
6105	89.99
6106	89.99
6107	89.99
6108	89.99
6109	89.99
6110	89.99
6111	89.99
6112	89.99
6113	89.99
6114	89.99
6115	89.99
6116	89.99
6117	89.99
6118	89.99
6119	89.99
6120	89.99
6121	89.99
6122	89.99
6123	89.99
6124	89.99
6125	89.99
6126	89.99
6127	89.99
6128	89.99
6129	89.99
6130	89.99
6131	89.99
6132	89.99
6133	89.99
6134	89.99
6135	89.99
6136	89.99
6137	89.99
6138	89.99
6139	89.99
6140	89.99
6141	89.99
6142	89.99
6143	89.99
6144	89.99
6145	89.99
6146	89.99
6147	89.99
6148	89.99
6149	89.99
6150	89.99
6151	89.99
6152	89.99
6153	89.99
6154	89.99
6155	89.99
6156	89.99
6157	89.99
6158	89.99
6159	89.99
6160	89.99
6161	89.99
6162	89.99
6163	89.99
6164	89.99
6165	89.99
6166	89.99
6167	89.99
6168	89.99
6169	89.99
6170	89.99
6171	89.99
6172	89.99
6173	89.99
6174	89.99
6175	89.99
6176	89.99
6177	89.99
6178	89.99
6179	89.99
6180	89.99
6181	89.99
6182	89.99
6183	89.99
6184	89.99
6185	89.99
6186	89.99
6187	89.99
6188	89.99
6189	89.99
6190	89.99
6191	89.99
6192	89.99
6193	89.99
6194	89.99
6195	89.99
6196	89.99
6197	89.99
6198	89.99
6199	89.99
6200	89.99
6201	89.99
6202	89.99
6203	89.99
6204	89.99
6205	89.99
6206	89.99
6207	89.99
6208	89.99
6209	89.99
6210	89.99
6211	89.99
6212	89.99
6213	89.99
6214	89.99
6215	89.99
6216	89.99
6217	89.99
6218	89.99
6219	89.99
6220	89.99
6221	89.99
6222	89.99
6223	89.99
6224	89.99
6225	89.99
6226	89.99
6227	89.99
6228	89.99
6229	89.99
6230	89.99
6231	89.99
6232	89.99
6233	89.99
6234	89.99
6235	89.99
6236	89.99
6237	89.99
6238	89.99
6239	89.99
6240	89.99
6241	89.99
6242	89.99
6243	89.99
6244	89.99
6245	89.99
6246	89.99
6247	89.99
6248	89.99
6249	89.99
6250	89.99
6251	89.99
6252	89.99
6253	89.99
6254	89.99
6255	89.99
6256	89.99
6257	89.99
6258	89.99
6259	89.99
6260	89.99
6261	89.99
6262	89.99
6263	89.99
6264	89.99
6265	89.99
6266	89.99
6267	89.99
6268	89.99
6269	89.99
6270	89.99
6271	89.99
6272	89.99
6273	89.99
6274	89.99
6275	89.99
6276	89.99
6277	89.99
6278	89.99
6279	89.99
6280	89.99
6281	89.99
6282	89.99
6283	89.99
6284	89.99
6285	89.99
6286	89.99
6287	89.99
6288	89.99
6289	89.99
6290	89.99
6291	89.99
6292	89.99
6293	89.99
6294	89.99
6295	89.99
6296	89.99
6297	89.99
6298	89.99
6299	89.99
6300	89.99
6301	89.99
6302	89.99
6303	89.99
6304	89.99
6305	89.99
6306	89.99
6307	89.99
6308	89.99
6309	89.99
6310	89.99
6311	89.99
6312	89.99
6313	89.99
6314	89.99
6315	89.99
6316	89.99
6317	89.99
6318	89.99
6319	89.99
6320	89.99
6321	89.99
6322	89.99
6323	89.99
6324	89.99
6325	89.99
6326	89.99
6327	89.99
6328	89.99
6329	89.99
6330	89.99
6331	89.99
6332	89.99
6333	89.99
6334	89.99
6335	89.99
6336	89.99
6337	89.99
6338	89.99
6339	89.99
6340	89.99
6341	89.99
6342	89.99
6343	89.99
6344	89.99
6345	89.99
6346	89.99
6347	89.99
6348	89.99
6349	89.99
6350	89.99
6351	89.99
6352	89.99
6353	89.99
6354	89.99
6355	89.99
6356	89.99
6357	89.99
6358	89.99
6359	89.99
6360	89.99
6361	89.99
6362	89.99
6363	89.99
6364	89.99
6365	89.99
6366	89.99
6367	89.99
6368	89.99
6369	89.99
6370	89.99
6371	89.99
6372	89.99
6373	89.99
6374	89.99
6375	89.99
6376	89.99
6377	89.99
6378	89.99
6379	89.99
6380	89.99
6381	89.99
6382	89.99
6383	89.99
6384	89.99
6385	89.99
6386	89.99
6387	89.99
6388	89.99
6389	89.99
6390	89.99
6391	89.99
6392	89.99
6393	89.99
6394	89.99
6395	89.99
6396	89.99
6397	89.99
6398	89.99
6399	89.99
6400	89.99
6401	89.99
6402	89.99
6403	89.99
6404	89.99
6405	89.99
6406	89.99
6407	89.99
6408	89.99
6409	89.99
6410	89.99
6411	89.99
6412	89.99
6413	89.99
6414	89.99
6415	89.99
6416	89.99
6417	89.99
6418	89.99
6419	89.99
6420	89.99
6421	89.99
6422	89.99
6423	89.99
6424	89.99
6425	89.99
6426	89.99
6427	89.99
6428	89.99
6429	89.99
6430	89.99
6431	89.99
6432	89.99
6433	89.99
6434	89.99
6435	89.99
6436	89.99
6437	89.99
6438	89.99
6439	89.99
6440	89.99
6441	89.99
6442	89.99
6443	89.99
6444	89.99
6445	89.99
6446	89.99
6447	89.99
6448	89.99
6449	89.99
6450	89.99
6451	89.99
6452	89.99
6453	89.99
6454	89.99
6455	89.99
6456	89.99
6457	89.99
6458	89.99
6459	89.99
6460	89.99
6461	89.99
6462	89.99
6463	89.99
6464	89.99
6465	89.99
6466	89.99
6467	89.99
6468	89.99
6469	89.99
6470	89.99
6471	89.99
6472	89.99
6473	89.99
6474	89.99
6475	89.99
6476	89.99
6477	89.99
6478	89.99
6479	89.99
6480	89.99
6481	89.99
6482	89.99
6483	89.99
6484	89.99
6485	89.99
6486	89.99
6487	89.99
6488	89.99
6489	89.99
6490	89.99
6491	89.99
6492	89.99
6493	89.99
6494	89.99
6495	89.99
6496	89.99
6497	89.99
6498	89.99
6499	89.99
6500	89.99
6501	89.99
6502	89.99
6503	89.99
6504	89.99
6505	89.99
6506	89.99
6507	89.99
6508	89.99
6509	89.99
6510	89.99
6511	89.99
6512	89.99
6513	89.99
6514	89.99
6515	89.99
6516	89.99
6517	89.99
6518	89.99
6519	89.99
6520	89.99
6521	89.99
6522	89.99
6523	89.99
6524	89.99
6525	89.99
6526	89.99
6527	89.99
6528	89.99
6529	89.99
6530	89.99
6531	89.99
6532	89.99
6533	89.99
6534	89.99
6535	89.99
6536	89.99
6537	89.99
6538	89.99
6539	89.99
6540	89.99
6541	89.99
6542	89.99
6543	89.99
6544	89.99
6545	89.99
6546	89.99
6547	89.99
6548	89.99
6549	89.99
6550	89.99
6551	89.99
6552	89.99
6553	89.99
6554	89.99
6555	89.99
6556	89.99
6557	89.99
6558	89.99
6559	89.99
6560	89.99
6561	89.99
6562	89.99
6563	89.99
6564	89.99
6565	89.99
6566	89.99
6567	89.99
6568	89.99
6569	89.99
6570	89.99
6571	89.99
6572	89.99
6573	89.99
6574	89.99
6575	89.99
6576	89.99
6577	89.99
6578	89.99
6579	89.99
6580	89.99
6581	89.99
6582	89.99
6583	89.99
6584	89.99
6585	89.99
6586	89.99
6587	89.99
6588	89.99
6589	89.99
6590	89.99
6591	89.99
6592	89.99
6593	89.99
6594	89.99
6595	89.99
6596	89.99
6597	89.99
6598	89.99
6599	89.99
6600	89.99
6601	89.99
6602	89.99
6603	89.99
6604	89.99
6605	89.99
6606	89.99
6607	89.99
6608	89.99
6609	89.99
6610	89.99
6611	89.99
6612	89.99
6613	89.99
6614	89.99
6615	89.99
6616	89.99
6617	89.99
6618	89.99
6619	89.99
6620	89.99
6621	89.99
6622	89.99
6623	89.99
6624	89.99
6625	89.99
6626	89.99
6627	89.99
6628	89.99
6629	89.99
6630	89.99
6631	89.99
6632	89.99
6633	89.99
6634	89.99
6635	89.99
6636	89.99
6637	89.99
6638	89.99
6639	89.99
6640	89.99
6641	89.99
6642	89.99
6643	89.99
6644	89.99
6645	89.99
6646	89.99
6647	89.99
6648	89.99
6649	89.99
6650	89.99
6651	89.99
6652	89.99
6653	89.99
6654	89.99
6655	89.99
6656	89.99
6657	89.99
6658	89.99
6659	89.99
6660	89.99
6661	89.99
6662	89.99
6663	89.99
6664	89.99
6665	89.99
6666	89.99
6667	89.99
6668	89.99
6669	89.99
6670	89.99
6671	89.99
6672	89.99
6673	89.99
6674	89.99
6675	89.99
6676	89.99
6677	89.99
6678	89.99
6679	89.99
6680	89.99
6681	89.99
6682	89.99
6683	89.99
6684	89.99
6685	89.99
6686	89.99
6687	89.99
6688	89.99
6689	89.99
6690	89.99
6691	89.99
6692	89.99
6693	89.99
6694	89.99
6695	89.99
6696	89.99
6697	89.99
6698	89.99
6699	89.99
6700	89.99
6701	89.99
6702	89.99
6703	89.99
6704	89.99
6705	89.99
6706	89.99
6707	89.99
6708	89.99
6709	89.99
6710	89.99
6711	89.99
6712	89.99
6713	89.99
6714	89.99
6715	89.99
6716	89.99
6717	89.99
6718	89.99
6719	89.99
6720	89.99
6721	89.99
6722	89.99
6723	89.99
6724	89.99
6725	89.99
6726	89.99
6727	89.99
6728	89.99
6729	89.99
6730	89.99
6731	89.99
6732	89.99
6733	89.99
6734	89.99
6735	89.99
6736	89.99
6737	89.99
6738	89.99
6739	89.99
6740	89.99
6741	89.99
6742	89.99
6743	89.99
6744	89.99
6745	89.99
6746	89.99
6747	89.99
6748	89.99
6749	89.99
6750	89.99
6751	89.99
6752	89.99
6753	89.99
6754	89.99
6755	89.99
6756	89.99
6757	89.99
6758	89.99
6759	89.99
6760	89.99
6761	89.99
6762	89.99
6763	89.99
6764	89.99
6765	89.99
6766	89.99
6767	89.99
6768	89.99
6769	89.99
6770	89.99
6771	89.99
6772	89.99
6773	89.99
6774	89.99
6775	89.99
6776	89.99
6777	89.99
6778	89.99
6779	89.99
6780	89.99
6781	89.99
6782	89.99
6783	89.99
6784	89.99
6785	89.99
6786	89.99
6787	89.99
6788	89.99
6789	89.99
6790	89.99
6791	89.99
6792	89.99
6793	89.99
6794	89.99
6795	89.99
6796	89.99
6797	89.99
6798	89.99
6799	89.99
6800	89.99
6801	89.99
6802	89.99
6803	89.99
6804	89.99
6805	89.99
6806	89.99
6807	89.99
6808	89.99
6809	89.99
6810	89.99
6811	89.99
6812	89.99
6813	89.99
6814	89.99
6815	89.99
6816	89.99
6817	89.99
6818	89.99
6819	89.99
6820	89.99
6821	89.99
6822	89.99
6823	89.99
6824	89.99
6825	89.99
6826	89.99
6827	89.99
6828	89.99
6829	89.99
6830	89.99
6831	89.99
6832	89.99
6833	89.99
6834	89.99
6835	89.99
6836	89.99
6837	89.99
6838	89.99
6839	89.99
6840	89.99
6841	89.99
6842	89.99
6843	89.99
6844	89.99
6845	89.99
6846	89.99
6847	89.99
6848	89.99
6849	89.99
6850	89.99
6851	89.99
6852	89.99
6853	89.99
6854	89.99
6855	89.99
6856	89.99
6857	89.99
6858	89.99
6859	89.99
6860	89.99
6861	89.99
6862	89.99
6863	89.99
6864	89.99
6865	89.99
6866	89.99
6867	89.99
6868	89.99
6869	89.99
6870	89.99
6871	89.99
6872	89.99
6873	89.99
6874	89.99
6875	89.99
6876	89.99
6877	89.99
6878	89.99
6879	89.99
6880	89.99
6881	89.99
6882	89.99
6883	89.99
6884	89.99
6885	89.99
6886	89.99
6887	89.99
6888	89.99
6889	89.99
6890	89.99
6891	89.99
6892	89.99
6893	89.99
6894	89.99
6895	89.99
6896	89.99
6897	89.99
6898	89.99
6899	89.99
6900	89.99
6901	89.99
6902	89.99
6903	89.99
6904	89.99
6905	89.99
6906	89.99
6907	89.99
6908	89.99
6909	89.99
6910	89.99
6911	89.99
6912	89.99
6913	89.99
6914	89.99
6915	89.99
6916	89.99
6917	89.99
6918	89.99
6919	89.99
6920	89.99
6921	89.99
6922	89.99
6923	89.99
6924	89.99
6925	89.99
6926	89.99
6927	89.99
6928	89.99
6929	89.99
6930	89.99
6931	89.99
6932	89.99
6933	89.99
6934	89.99
6935	89.99
6936	89.99
6937	89.99
6938	89.99
6939	89.99
6940	89.99
6941	89.99
6942	89.99
6943	89.99
6944	89.99
6945	89.99
6946	89.99
6947	89.99
6948	89.99
6949	89.99
6950	89.99
6951	89.99
6952	89.99
6953	89.99
6954	89.99
6955	89.99
6956	89.99
6957	89.99
6958	89.99
6959	89.99
6960	89.99
6961	89.99
6962	89.99
6963	89.99
6964	89.99
6965	89.99
6966	89.99
6967	89.99
6968	89.99
6969	89.99
6970	89.99
6971	89.99
6972	89.99
6973	89.99
6974	89.99
6975	89.99
6976	89.99
6977	89.99
6978	89.99
6979	89.99
6980	89.99
6981	89.99
6982	89.99
6983	89.99
6984	89.99
6985	89.99
6986	89.99
6987	89.99
6988	89.99
6989	89.99
6990	89.99
6991	89.99
6992	89.99
6993	89.99
6994	89.99
6995	89.99
6996	89.99
6997	89.99
6998	89.99
6999	89.99
7000	89.99
7001	89.99
7002	89.99
7003	89.99
7004	89.99
7005	89.99
7006	89.99
7007	89.99
7008	89.99
7009	89.99
7010	89.99
7011	89.99
7012	89.99
7013	89.99
7014	89.99
7015	89.99
7016	89.99
7017	89.99
7018	89.99
7019	89.99
7020	89.99
7021	89.99
7022	89.99
7023	89.99
7024	89.99
7025	89.99
7026	89.99
7027	89.99
7028	89.99
7029	89.99
7030	89.99
7031	89.99
7032	89.99
7033	89.99
7034	89.99
7035	89.99
7036	89.99
7037	89.99
7038	89.99
7039	89.99
7040	89.99
7041	89.99
7042	89.99
7043	89.99
7044	89.99
7045	89.99
7046	89.99
7047	89.99
7048	89.99
7049	89.99
7050	89.99
7051	89.99
7052	89.99
7053	89.99
7054	89.99
7055	89.99
7056	89.99
7057	89.99
7058	89.99
7059	89.99
7060	89.99
7061	89.99
7062	89.99
7063	89.99
7064	89.99
7065	89.99
7066	89.99
7067	89.99
7068	89.99
7069	89.99
7070	89.99
7071	89.99
7072	89.99
7073	89.99
7074	89.99
7075	89.99
7076	89.99
7077	89.99
7078	89.99
7079	89.99
7080	89.99
7081	89.99
7082	89.99
7083	89.99
7084	89.99
7085	89.99
7086	89.99
7087	89.99
7088	89.99
7089	89.99
7090	89.99
7091	89.99
7092	89.99
7093	89.99
7094	89.99
7095	89.99
7096	89.99
7097	89.99
7098	89.99
7099	89.99
7100	89.99
7101	89.99
7102	89.99
7103	89.99
7104	89.99
7105	89.99
7106	89.99
7107	89.99
7108	89.99
7109	89.99
7110	89.99
7111	89.99
7112	89.99
7113	89.99
7114	89.99
7115	89.99
7116	89.99
7117	89.99
7118	89.99
7119	89.99
7120	89.99
7121	89.99
7122	89.99
7123	89.99
7124	89.99
7125	89.99
7126	89.99
7127	89.99
7128	89.99
7129	89.99
7130	89.99
7131	89.99
7132	89.99
7133	89.99
7134	89.99
7135	89.99
7136	89.99
7137	89.99
7138	89.99
7139	89.99
7140	89.99
7141	89.99
7142	89.99
7143	89.99
7144	89.99
7145	89.99
7146	89.99
7147	89.99
7148	89.99
7149	89.99
7150	89.99
7151	89.99
7152	89.99
7153	89.99
7154	89.99
7155	89.99
7156	89.99
7157	89.99
7158	89.99
7159	89.99
7160	89.99
7161	89.99
7162	89.99
7163	89.99
7164	89.99
7165	89.99
7166	89.99
7167	89.99
7168	89.99
7169	89.99
7170	89.99
7171	89.99
7172	89.99
7173	89.99
7174	89.99
7175	89.99
7176	89.99
7177	89.99
7178	89.99
7179	89.99
7180	89.99
7181	89.99
7182	89.99
7183	89.99
7184	89.99
7185	89.99
7186	89.99
7187	89.99
7188	89.99
7189	89.99
7190	89.99
7191	89.99
7192	89.99
7193	89.99
7194	89.99
7195	89.99
7196	89.99
7197	89.99
7198	89.99
7199	89.99
7200	89.99
7201	89.99
7202	89.99
7203	89.99
7204	89.99
7205	89.99
7206	89.99
7207	89.99
7208	89.99
7209	89.99
7210	89.99
7211	89.99
7212	89.99
7213	89.99
7214	89.99
7215	89.99
7216	89.99
7217	89.99
7218	89.99
7219	89.99
7220	89.99
7221	89.99
7222	89.99
7223	89.99
7224	89.99
7225	89.99
7226	89.99
7227	89.99
7228	89.99
7229	89.99
7230	89.99
7231	89.99
7232	89.99
7233	89.99
7234	89.99
7235	89.99
7236	89.99
7237	89.99
7238	89.99
7239	89.99
7240	89.99
7241	89.99
7242	89.99
7243	89.99
7244	89.99
7245	89.99
7246	89.99
7247	89.99
7248	89.99
7249	89.99
7250	89.99
7251	89.99
7252	89.99
7253	89.99
7254	89.99
7255	89.99
7256	89.99
7257	89.99
7258	89.99
7259	89.99
7260	89.99
7261	89.99
7262	89.99
7263	89.99
7264	89.99
7265	89.99
7266	89.99
7267	89.99
7268	89.99
7269	89.99
7270	89.99
7271	89.99
7272	89.99
7273	89.99
7274	89.99
7275	89.99
7276	89.99
7277	89.99
7278	89.99
7279	89.99
7280	89.99
7281	89.99
7282	89.99
7283	89.99
7284	89.99
7285	89.99
7286	89.99
7287	89.99
7288	89.99
7289	89.99
7290	89.99
7291	89.99
7292	89.99
7293	89.99
7294	89.99
7295	89.99
7296	89.99
7297	89.99
7298	89.99
7299	89.99
7300	89.99
7301	89.99
7302	89.99
7303	89.99
7304	89.99
7305	89.99
7306	89.99
7307	89.99
7308	89.99
7309	89.99
7310	89.99
7311	89.99
7312	89.99
7313	89.99
7314	89.99
7315	89.99
7316	89.99
7317	89.99
7318	89.99
7319	89.99
7320	89.99
7321	89.99
7322	89.99
7323	89.99
7324	89.99
7325	89.99
7326	89.99
7327	89.99
7328	89.99
7329	89.99
7330	89.99
7331	89.99
7332	89.99
7333	89.99
7334	89.99
7335	89.99
7336	89.99
7337	89.99
7338	89.99
7339	89.99
7340	89.99
7341	89.99
7342	89.99
7343	89.99
7344	89.99
7345	89.99
7346	89.99
7347	89.99
7348	89.99
7349	89.99
7350	89.99
7351	89.99
7352	89.99
7353	89.99
7354	89.99
7355	89.99
7356	89.99
7357	89.99
7358	89.99
7359	89.99
7360	89.99
7361	89.99
7362	89.99
7363	89.99
7364	89.99
7365	89.99
7366	89.99
7367	89.99
7368	89.99
7369	89.99
7370	89.99
7371	89.99
7372	89.99
7373	89.99
7374	89.99
7375	89.99
7376	89.99
7377	89.99
7378	89.99
7379	89.99
7380	89.99
7381	89.99
7382	89.99
7383	89.99
7384	89.99
7385	89.99
7386	89.99
7387	89.99
7388	89.99
7389	89.99
7390	89.99
7391	89.99
7392	89.99
7393	89.99
7394	89.99
7395	89.99
7396	89.99
7397	89.99
7398	89.99
7399	89.99
7400	89.99
7401	89.99
7402	89.99
7403	89.99
7404	89.99
7405	89.99
7406	89.99
7407	89.99
7408	89.99
7409	89.99
7410	89.99
7411	89.99
7412	89.99
7413	89.99
7414	89.99
7415	89.99
7416	89.99
7417	89.99
7418	89.99
7419	89.99
7420	89.99
7421	89.99
7422	89.99
7423	89.99
7424	89.99
7425	89.99
7426	89.99
7427	89.99
7428	89.99
7429	89.99
7430	89.99
7431	89.99
7432	89.99
7433	89.99
7434	89.99
7435	89.99
7436	89.99
7437	89.99
7438	89.99
7439	89.99
7440	89.99
7441	89.99
7442	89.99
7443	89.99
7444	89.99
7445	89.99
7446	89.99
7447	89.99
7448	89.99
7449	89.99
7450	89.99
7451	89.99
7452	89.99
7453	89.99
7454	89.99
7455	89.99
7456	89.99
7457	89.99
7458	89.99
7459	89.99
7460	89.99
7461	89.99
7462	89.99
7463	89.99
7464	89.99
7465	89.99
7466	89.99
7467	89.99
7468	89.99
7469	89.99
7470	89.99
7471	89.99
7472	89.99
7473	89.99
7474	89.99
7475	89.99
7476	89.99
7477	89.99
7478	89.99
7479	89.99
7480	89.99
7481	89.99
7482	89.99
7483	89.99
7484	89.99
7485	89.99
7486	89.99
7487	89.99
7488	89.99
7489	89.99
7490	89.99
7491	89.99
7492	89.99
7493	89.99
7494	89.99
7495	89.99
7496	89.99
7497	89.99
7498	89.99
7499	89.99
7500	89.99
7501	89.99
7502	89.99
7503	89.99
7504	89.99
7505	89.99
7506	89.99
7507	89.99
7508	89.99
7509	89.99
7510	89.99
7511	89.99
7512	89.99
7513	89.99
7514	89.99
7515	89.99
7516	89.99
7517	89.99
7518	89.99
7519	89.99
7520	89.99
7521	89.99
7522	89.99
7523	89.99
7524	89.99
7525	89.99
7526	89.99
7527	89.99
7528	89.99
7529	89.99
7530	89.99
7531	89.99
7532	89.99
7533	89.99
7534	89.99
7535	89.99
7536	89.99
7537	89.99
7538	89.99
7539	89.99
7540	89.99
7541	89.99
7542	89.99
7543	89.99
7544	89.99
7545	89.99
7546	89.99
7547	89.99
7548	89.99
7549	89.99
7550	89.99
7551	89.99
7552	89.99
7553	89.99
7554	89.99
7555	89.99
7556	89.99
7557	89.99
7558	89.99
7559	89.99
7560	89.99
7561	89.99
7562	89.99
7563	89.99
7564	89.99
7565	89.99
7566	89.99
7567	89.99
7568	89.99
7569	89.99
7570	89.99
7571	89.99
7572	89.99
7573	89.99
7574	89.99
7575	89.99
7576	89.99
7577	89.99
7578	89.99
7579	89.99
7580	89.99
7581	89.99
7582	89.99
7583	89.99
7584	89.99
7585	89.99
7586	89.99
7587	89.99
7588	89.99
7589	89.99
7590	89.99
7591	89.99
7592	89.99
7593	89.99
7594	89.99
7595	89.99
7596	89.99
7597	89.99
7598	89.99
7599	89.99
7600	89.99
7601	89.99
7602	89.99
7603	89.99
7604	89.99
7605	89.99
7606	89.99
7607	89.99
7608	89.99
7609	89.99
7610	89.99
7611	89.99
7612	89.99
7613	89.99
7614	89.99
7615	89.99
7616	89.99
7617	89.99
7618	89.99
7619	89.99
7620	89.99
7621	89.99
7622	89.99
7623	89.99
7624	89.99
7625	89.99
7626	89.99
7627	89.99
7628	89.99
7629	89.99
7630	89.99
7631	89.99
7632	89.99
7633	89.99
7634	89.99
7635	89.99
7636	89.99
7637	89.99
7638	89.99
7639	89.99
7640	89.99
7641	89.99
7642	89.99
7643	89.99
7644	89.99
7645	89.99
7646	89.99
7647	89.99
7648	89.99
7649	89.99
7650	89.99
7651	89.99
7652	89.99
7653	89.99
7654	89.99
7655	89.99
7656	89.99
7657	89.99
7658	89.99
7659	89.99
7660	89.99
7661	89.99
7662	89.99
7663	89.99
7664	89.99
7665	89.99
7666	89.99
7667	89.99
7668	89.99
7669	89.99
7670	89.99
7671	89.99
7672	89.99
7673	89.99
7674	89.99
7675	89.99
7676	89.99
7677	89.99
7678	89.99
7679	89.99
7680	89.99
7681	89.99
7682	89.99
7683	89.99
7684	89.99
7685	89.99
7686	89.99
7687	89.99
7688	89.99
7689	89.99
7690	89.99
7691	89.99
7692	89.99
7693	89.99
7694	89.99
7695	89.99
7696	89.99
7697	89.99
7698	89.99
7699	89.99
7700	89.99
7701	89.99
7702	89.99
7703	89.99
7704	89.99
7705	89.99
7706	89.99
7707	89.99
7708	89.99
7709	89.99
7710	89.99
7711	89.99
7712	89.99
7713	89.99
7714	89.99
7715	89.99
7716	89.99
7717	89.99
7718	89.99
7719	89.99
7720	89.99
7721	89.99
7722	89.99
7723	89.99
7724	89.99
7725	89.99
7726	89.99
7727	89.99
7728	89.99
7729	89.99
7730	89.99
7731	89.99
7732	89.99
7733	89.99
7734	89.99
7735	89.99
7736	89.99
7737	89.99
7738	89.99
7739	89.99
7740	89.99
7741	89.99
7742	89.99
7743	89.99
7744	89.99
7745	89.99
7746	89.99
7747	89.99
7748	89.99
7749	89.99
7750	89.99
7751	89.99
7752	89.99
7753	89.99
7754	89.99
7755	89.99
7756	89.99
7757	89.99
7758	89.99
7759	89.99
7760	89.99
7761	89.99
7762	89.99
7763	89.99
7764	89.99
7765	89.99
7766	89.99
7767	89.99
7768	89.99
7769	89.99
7770	89.99
7771	89.99
7772	89.99
7773	89.99
7774	89.99
7775	89.99
7776	89.99
7777	89.99
7778	89.99
7779	89.99
7780	89.99
7781	89.99
7782	89.99
7783	89.99
7784	89.99
7785	89.99
7786	89.99
7787	89.99
7788	89.99
7789	89.99
7790	89.99
7791	89.99
7792	89.99
7793	89.99
7794	89.99
7795	89.99
7796	89.99
7797	89.99
7798	89.99
7799	89.99
7800	89.99
7801	89.99
7802	89.99
7803	89.99
7804	89.99
7805	89.99
7806	89.99
7807	89.99
7808	89.99
7809	89.99
7810	89.99
7811	89.99
7812	89.99
7813	89.99
7814	89.99
7815	89.99
7816	89.99
7817	89.99
7818	89.99
7819	89.99
7820	89.99
7821	89.99
7822	89.99
7823	89.99
7824	89.99
7825	89.99
7826	89.99
7827	89.99
7828	89.99
7829	89.99
7830	89.99
7831	89.99
7832	89.99
7833	89.99
7834	89.99
7835	89.99
7836	89.99
7837	89.99
7838	89.99
7839	89.99
7840	89.99
7841	89.99
7842	89.99
7843	89.99
7844	89.99
7845	89.99
7846	89.99
7847	89.99
7848	89.99
7849	89.99
7850	89.99
7851	89.99
7852	89.99
7853	89.99
7854	89.99
7855	89.99
7856	89.99
7857	89.99
7858	89.99
7859	89.99
7860	89.99
7861	89.99
7862	89.99
7863	89.99
7864	89.99
7865	89.99
7866	89.99
7867	89.99
7868	89.99
7869	89.99
7870	89.99
7871	89.99
7872	89.99
7873	89.99
7874	89.99
7875	89.99
7876	89.99
7877	89.99
7878	89.99
7879	89.99
7880	89.99
7881	89.99
7882	89.99
7883	89.99
7884	89.99
7885	89.99
7886	89.99
7887	89.99
7888	89.99
7889	89.99
7890	89.99
7891	89.99
7892	89.99
7893	89.99
7894	89.99
7895	89.99
7896	89.99
7897	89.99
7898	89.99
7899	89.99
7900	89.99
7901	89.99
7902	89.99
7903	89.99
7904	89.99
7905	89.99
7906	89.99
7907	89.99
7908	89.99
7909	89.99
7910	89.99
7911	89.99
7912	89.99
7913	89.99
7914	89.99
7915	89.99
7916	89.99
7917	89.99
7918	89.99
7919	89.99
7920	89.99
7921	89.99
7922	89.99
7923	89.99
7924	89.99
7925	89.99
7926	89.99
7927	89.99
7928	89.99
7929	89.99
7930	89.99
7931	89.99
7932	89.99
7933	89.99
7934	89.99
7935	89.99
7936	89.99
7937	89.99
7938	89.99
7939	89.99
7940	89.99
7941	89.99
7942	89.99
7943	89.99
7944	89.99
7945	89.99
7946	89.99
7947	89.99
7948	89.99
7949	89.99
7950	89.99
7951	89.99
7952	89.99
7953	89.99
7954	89.99
7955	89.99
7956	89.99
7957	89.99
7958	89.99
7959	89.99
7960	89.99
7961	89.99
7962	89.99
7963	89.99
7964	89.99
7965	89.99
7966	89.99
7967	89.99
7968	89.99
7969	89.99
7970	89.99
7971	89.99
7972	89.99
7973	89.99
7974	89.99
7975	89.99
7976	89.99
7977	89.99
7978	89.99
7979	89.99
7980	89.99
7981	89.99
7982	89.99
7983	89.99
7984	89.99
7985	89.99
7986	89.99
7987	89.99
7988	89.99
7989	89.99
7990	89.99
7991	89.99
