0	80.0
1	80.0
2	80.0
3	80.0
4	80.0
5	80.0
6	80.0
7	80.0
8	80.0
9	80.0
10	80.0
11	80.0
12	80.0
13	80.0
14	80.0
15	80.0
16	80.0
17	80.0
18	80.0
19	80.0
20	80.0
21	80.0
22	80.0
23	80.0
24	80.0
25	80.0
26	80.0
27	80.0
28	80.0
29	80.0
30	80.0
31	80.0
32	80.0
33	80.0
34	80.0
35	80.0
36	80.0
37	80.0
38	80.0
39	80.0
40	80.0
41	80.0
42	80.0
43	80.0
44	80.0
45	80.0
46	80.0
47	80.0
48	80.0
49	80.0
50	80.0
51	80.0
52	80.0
53	80.0
54	80.0
55	80.0
56	80.0
57	80.0
58	80.0
59	80.0
60	80.0
61	80.0
62	80.0
63	80.0
64	80.0
65	80.0
66	80.0
67	80.0
68	80.0
69	80.0
70	80.0
71	80.0
72	80.0
73	80.0
74	80.0
75	80.0
76	80.0
77	80.0
78	80.0
79	80.0
80	80.0
81	80.0
82	80.0
83	80.0
84	80.0
85	80.0
86	80.0
87	80.0
88	80.0
89	80.0
90	80.0
91	80.0
92	80.0
93	80.0
94	80.0
95	80.0
96	80.0
97	80.0
98	80.0
99	80.0
100	80.0
101	80.0
102	80.0
103	80.0
104	80.0
105	80.0
106	80.0
107	80.0
108	80.0
109	80.0
110	80.0
111	80.0
112	80.0
113	80.0
114	80.0
115	80.0
116	80.0
117	80.0
118	80.0
119	80.0
120	80.0
121	80.0
122	80.0
123	80.0
124	80.0
125	80.0
126	80.0
127	80.0
128	80.0
129	80.0
130	80.0
131	80.0
132	80.0
133	80.0
134	80.0
135	80.0
136	80.0
137	80.0
138	80.0
139	80.0
140	80.0
141	80.0
142	80.0
143	80.0
144	80.0
145	80.0
146	80.0
147	80.0
148	80.0
149	80.0
150	80.0
151	80.0
152	80.0
153	80.0
154	80.0
155	80.0
156	80.0
157	80.0
158	80.0
159	80.0
160	80.0
161	80.0
162	80.0
163	80.0
164	80.0
165	80.0
166	80.0
167	80.0
168	80.0
169	80.0
170	80.0
171	80.0
172	80.0
173	80.0
174	80.0
175	80.0
176	80.0
177	80.0
178	80.0
179	80.0
180	80.0
181	80.0
182	80.0
183	80.0
184	80.0
185	80.0
186	80.0
187	80.0
188	80.0
189	80.0
190	80.0
191	80.0
192	80.0
193	80.0
194	80.0
195	80.0
196	80.0
197	80.0
198	80.0
199	80.0
200	80.0
201	80.0
202	80.0
203	80.0
204	80.0
205	80.0
206	80.0
207	80.0
208	80.0
209	80.0
210	80.0
211	80.0
212	80.0
213	80.0
214	80.0
215	80.0
216	80.0
217	80.0
218	80.0
219	80.0
220	80.0
221	80.0
222	80.0
223	80.0
224	80.0
225	80.0
226	80.0
227	80.0
228	80.0
229	80.0
230	80.0
231	80.0
232	80.0
233	80.0
234	80.0
235	80.0
236	80.0
237	80.0
238	80.0
239	80.0
240	80.0
241	80.0
242	80.0
243	80.0
244	80.0
245	80.0
246	80.0
247	80.0
248	80.0
249	80.0
250	80.0
251	80.0
252	80.0
253	80.0
254	80.0
255	80.0
256	80.0
257	80.0
258	80.0
259	80.0
260	80.0
261	80.0
262	80.0
263	80.0
264	80.0
265	80.0
266	80.0
267	80.0
268	80.0
269	80.0
270	80.0
271	80.0
272	80.0
273	80.0
274	80.0
275	80.0
276	80.0
277	80.0
278	80.0
279	80.0
280	80.0
281	80.0
282	80.0
283	80.0
284	80.0
285	80.0
286	80.0
287	80.0
288	80.0
289	80.0
290	80.0
291	80.0
292	80.0
293	80.0
294	80.0
295	80.0
296	80.0
297	80.0
298	80.0
299	80.0
300	80.0
301	80.0
302	80.0
303	80.0
304	80.0
305	80.0
306	80.0
307	80.0
308	80.0
309	80.0
310	80.0
311	80.0
312	80.0
313	80.0
314	80.0
315	80.0
316	80.0
317	80.0
318	80.0
319	80.0
320	80.0
321	80.0
322	80.0
323	80.0
324	80.0
325	80.0
326	80.0
327	80.0
328	80.0
329	80.0
330	80.0
331	80.0
332	80.0
333	80.0
334	80.0
335	80.0
336	80.0
337	80.0
338	80.0
339	80.0
340	80.0
341	80.0
342	80.0
343	80.0
344	80.0
345	80.0
346	80.0
347	80.0
348	80.0
349	80.0
350	80.0
351	80.0
352	80.0
353	80.0
354	80.0
355	80.0
356	80.0
357	80.0
358	80.0
359	80.0
360	80.0
361	80.0
362	80.0
363	80.0
364	80.0
365	80.0
366	80.0
367	80.0
368	80.0
369	80.0
370	80.0
371	80.0
372	80.0
373	80.0
374	80.0
375	80.0
376	80.0
377	80.0
378	80.0
379	80.0
380	80.0
381	80.0
382	80.0
383	80.0
384	80.0
385	80.0
386	80.0
387	80.0
388	80.0
389	80.0
390	80.0
391	80.0
392	80.0
393	80.0
394	80.0
395	80.0
396	80.0
397	80.0
398	80.0
399	80.0
400	80.0
401	80.0
402	80.0
403	80.0
404	80.0
405	80.0
406	80.0
407	80.0
408	80.0
409	80.0
410	80.0
411	80.0
412	80.0
413	80.0
414	80.0
415	80.0
416	80.0
417	80.0
418	80.0
419	80.0
420	80.0
421	80.0
422	80.0
423	80.0
424	80.0
425	80.0
426	80.0
427	80.0
428	80.0
429	80.0
430	80.0
431	80.0
432	80.0
433	80.0
434	80.0
435	80.0
436	80.0
437	80.0
438	80.0
439	80.0
440	80.0
441	80.0
442	80.0
443	80.0
444	80.0
445	80.0
446	80.0
447	80.0
448	80.0
449	80.0
450	80.0
451	80.0
452	80.0
453	80.0
454	80.0
455	80.0
456	80.0
457	80.0
458	80.0
459	80.0
460	80.0
461	80.0
462	80.0
463	80.0
464	80.0
465	80.0
466	80.0
467	80.0
468	80.0
469	80.0
470	80.0
471	80.0
472	80.0
473	80.0
474	80.0
475	80.0
476	80.0
477	80.0
478	80.0
479	80.0
480	80.0
481	80.0
482	80.0
483	80.0
484	80.0
485	80.0
486	80.0
487	80.0
488	80.0
489	80.0
490	80.0
491	80.0
492	80.0
493	80.0
494	80.0
495	80.0
496	80.0
497	80.0
498	80.0
499	80.0
500	80.0
501	80.0
502	80.0
503	80.0
504	80.0
505	80.0
506	80.0
507	80.0
508	80.0
509	80.0
510	80.0
511	80.0
512	80.0
513	80.0
514	80.0
515	80.0
516	80.0
517	80.0
518	80.0
519	80.0
520	80.0
521	80.0
522	80.0
523	80.0
524	80.0
525	80.0
526	80.0
527	80.0
528	80.0
529	80.0
530	80.0
531	80.0
532	80.0
533	80.0
534	80.0
535	80.0
536	80.0
537	80.0
538	80.0
539	80.0
540	80.0
541	80.0
542	80.0
543	80.0
544	80.0
545	80.0
546	80.0
547	80.0
548	80.0
549	80.0
550	80.0
551	80.0
552	80.0
553	80.0
554	80.0
555	80.0
556	80.0
557	80.0
558	80.0
559	80.0
560	80.0
561	80.0
562	80.0
563	80.0
564	80.0
565	80.0
566	80.0
567	80.0
568	80.0
569	80.0
570	80.0
571	80.0
572	80.0
573	80.0
574	80.0
575	80.0
576	80.0
577	80.0
578	80.0
579	80.0
580	80.0
581	80.0
582	80.0
583	80.0
584	80.0
585	80.0
586	80.0
587	80.0
588	80.0
589	80.0
590	80.0
591	80.0
592	80.0
593	80.0
594	80.0
595	80.0
596	80.0
597	80.0
598	80.0
599	80.0
600	80.0
601	80.0
602	80.0
603	80.0
604	80.0
605	80.0
606	80.0
607	80.0
608	80.0
609	80.0
610	80.0
611	80.0
612	80.0
613	80.0
614	80.0
615	80.0
616	80.0
617	80.0
618	80.0
619	80.0
620	80.0
621	80.0
622	80.0
623	80.0
624	80.0
625	80.0
626	80.0
627	80.0
628	80.0
629	80.0
630	80.0
631	80.0
632	80.0
633	80.0
634	80.0
635	80.0
636	80.0
637	80.0
638	80.0
639	80.0
640	80.0
641	80.0
642	80.0
643	80.0
644	80.0
645	80.0
646	80.0
647	80.0
648	80.0
649	80.0
650	80.0
651	80.0
652	80.0
653	80.0
654	80.0
655	80.0
656	80.0
657	80.0
658	80.0
659	80.0
660	80.0
661	80.0
662	80.0
663	80.0
664	80.0
665	80.0
666	80.0
667	80.0
668	80.0
669	80.0
670	80.0
671	80.0
672	80.0
673	80.0
674	80.0
675	80.0
676	80.0
677	80.0
678	80.0
679	80.0
680	80.0
681	80.0
682	80.0
683	80.0
684	80.0
685	80.0
686	80.0
687	80.0
688	80.0
689	80.0
690	80.0
691	80.0
692	80.0
693	80.0
694	80.0
695	80.0
696	80.0
697	80.0
698	80.0
699	80.0
700	80.0
701	80.0
702	80.0
703	80.0
704	80.0
705	80.0
706	80.0
707	80.0
708	80.0
709	80.0
710	80.0
711	80.0
712	80.0
713	80.0
714	80.0
715	80.0
716	80.0
717	80.0
718	80.0
719	80.0
720	80.0
721	80.0
722	80.0
723	80.0
724	80.0
725	80.0
726	80.0
727	80.0
728	80.0
729	80.0
730	80.0
731	80.0
732	80.0
733	80.0
734	80.0
735	80.0
736	80.0
737	80.0
738	80.0
739	80.0
740	80.0
741	80.0
742	80.0
743	80.0
744	80.0
745	80.0
746	80.0
747	80.0
748	80.0
749	80.0
750	80.0
751	80.0
752	80.0
753	80.0
754	80.0
755	80.0
756	80.0
757	80.0
758	80.0
759	80.0
760	80.0
761	80.0
762	80.0
763	80.0
764	80.0
765	80.0
766	80.0
767	80.0
768	80.0
769	80.0
770	80.0
771	80.0
772	80.0
773	80.0
774	80.0
775	80.0
776	80.0
777	80.0
778	80.0
779	80.0
780	80.0
781	80.0
782	80.0
783	80.0
784	80.0
785	80.0
786	80.0
787	80.0
788	80.0
789	80.0
790	80.0
791	80.0
792	80.0
793	80.0
794	80.0
795	80.0
796	80.0
797	80.0
798	80.0
799	80.0
800	80.0
801	80.0
802	80.0
803	80.0
804	80.0
805	80.0
806	80.0
807	80.0
808	80.0
809	80.0
810	80.0
811	80.0
812	80.0
813	80.0
814	80.0
815	80.0
816	80.0
817	80.0
818	80.0
819	80.0
820	80.0
821	80.0
822	80.0
823	80.0
824	80.0
825	80.0
826	80.0
827	80.0
828	80.0
829	80.0
830	80.0
831	80.0
832	80.0
833	80.0
834	80.0
835	80.0
836	80.0
837	80.0
838	80.0
839	80.0
840	80.0
841	80.0
842	80.0
843	80.0
844	80.0
845	80.0
846	80.0
847	80.0
848	80.0
849	80.0
850	80.0
851	80.0
852	80.0
853	80.0
854	80.0
855	80.0
856	80.0
857	80.0
858	80.0
859	80.0
860	80.0
861	80.0
862	80.0
863	80.0
864	80.0
865	80.0
866	80.0
867	80.0
868	80.0
869	80.0
870	80.0
871	80.0
872	80.0
873	80.0
874	80.0
875	80.0
876	80.0
877	80.0
878	80.0
879	80.0
880	80.0
881	80.0
882	80.0
883	80.0
884	80.0
885	80.0
886	80.0
887	80.0
888	80.0
889	80.0
890	80.0
891	80.0
892	80.0
893	80.0
894	80.0
895	80.0
896	80.0
897	80.0
898	80.0
899	80.0
900	80.0
901	80.0
902	80.0
903	80.0
904	80.0
905	80.0
906	80.0
907	80.0
908	80.0
909	80.0
910	80.0
911	80.0
912	80.0
913	80.0
914	80.0
915	80.0
916	80.0
917	80.0
918	80.0
919	80.0
920	80.0
921	80.0
922	80.0
923	80.0
924	80.0
925	80.0
926	80.0
927	80.0
928	80.0
929	80.0
930	80.0
931	80.0
932	80.0
933	80.0
934	80.0
935	80.0
936	80.0
937	80.0
938	80.0
939	80.0
940	80.0
941	80.0
942	80.0
943	80.0
944	80.0
945	80.0
946	80.0
947	80.0
948	80.0
949	80.0
950	80.0
951	80.0
952	80.0
953	80.0
954	80.0
955	80.0
956	80.0
957	80.0
958	80.0
959	80.0
960	80.0
961	80.0
962	80.0
963	80.0
964	80.0
965	80.0
966	80.0
967	80.0
968	80.0
969	80.0
970	80.0
971	80.0
972	80.0
973	80.0
974	80.0
975	80.0
976	80.0
977	80.0
978	80.0
979	80.0
980	80.0
981	80.0
982	80.0
983	80.0
984	80.0
985	80.0
986	80.0
987	80.0
988	80.0
989	80.0
990	80.0
991	80.0
992	80.0
993	80.0
994	80.0
995	80.0
996	80.0
997	80.0
998	80.0
999	80.0
1000	80.0
1001	80.0
1002	80.0
1003	80.0
1004	80.0
1005	80.0
1006	80.0
1007	80.0
1008	80.0
1009	80.0
1010	80.0
1011	80.0
1012	80.0
1013	80.0
1014	80.0
1015	80.0
1016	80.0
1017	80.0
1018	80.0
1019	80.0
1020	80.0
1021	80.0
1022	80.0
1023	80.0
1024	80.0
1025	80.0
1026	80.0
1027	80.0
1028	80.0
1029	80.0
1030	80.0
1031	80.0
1032	80.0
1033	80.0
1034	80.0
1035	80.0
1036	80.0
1037	80.0
1038	80.0
1039	80.0
1040	80.0
1041	80.0
1042	80.0
1043	80.0
1044	80.0
1045	80.0
1046	80.0
1047	80.0
1048	80.0
1049	80.0
1050	80.0
1051	80.0
1052	80.0
1053	80.0
1054	80.0
1055	80.0
1056	80.0
1057	80.0
1058	80.0
1059	80.0
1060	80.0
1061	80.0
1062	80.0
1063	80.0
1064	80.0
1065	80.0
1066	80.0
1067	80.0
1068	80.0
1069	80.0
1070	80.0
1071	80.0
1072	80.0
1073	80.0
1074	80.0
1075	80.0
1076	80.0
1077	80.0
1078	80.0
1079	80.0
1080	80.0
1081	80.0
1082	80.0
1083	80.0
1084	80.0
1085	80.0
1086	80.0
1087	80.0
1088	80.0
1089	80.0
1090	80.0
1091	80.0
1092	80.0
1093	80.0
1094	80.0
1095	80.0
1096	80.0
1097	80.0
1098	80.0
1099	80.0
1100	80.0
1101	80.0
1102	80.0
1103	80.0
1104	80.0
1105	80.0
1106	80.0
1107	80.0
1108	80.0
1109	80.0
1110	80.0
1111	80.0
1112	80.0
1113	80.0
1114	80.0
1115	80.0
1116	80.0
1117	80.0
1118	80.0
1119	80.0
1120	80.0
1121	80.0
1122	80.0
1123	80.0
1124	80.0
1125	80.0
1126	80.0
1127	80.0
1128	80.0
1129	80.0
1130	80.0
1131	80.0
1132	80.0
1133	80.0
1134	80.0
1135	80.0
1136	80.0
1137	80.0
1138	80.0
1139	80.0
1140	80.0
1141	80.0
1142	80.0
1143	80.0
1144	80.0
1145	80.0
1146	80.0
1147	80.0
1148	80.0
1149	80.0
1150	80.0
1151	80.0
1152	80.0
1153	80.0
1154	80.0
1155	80.0
1156	80.0
1157	80.0
1158	80.0
1159	80.0
1160	80.0
1161	80.0
1162	80.0
1163	80.0
1164	80.0
1165	80.0
1166	80.0
1167	80.0
1168	80.0
1169	80.0
1170	80.0
1171	80.0
1172	80.0
1173	80.0
1174	80.0
1175	80.0
1176	80.0
1177	80.0
1178	80.0
1179	80.0
1180	80.0
1181	80.0
1182	80.0
1183	80.0
1184	80.0
1185	80.0
1186	80.0
1187	80.0
1188	80.0
1189	80.0
1190	80.0
1191	80.0
1192	80.0
1193	80.0
1194	80.0
1195	80.0
1196	80.0
1197	80.0
1198	80.0
1199	80.0
1200	80.0
1201	80.0
1202	80.0
1203	80.0
1204	80.0
1205	80.0
1206	80.0
1207	80.0
1208	80.0
1209	80.0
1210	80.0
1211	80.0
1212	80.0
1213	80.0
1214	80.0
1215	80.0
1216	80.0
1217	80.0
1218	80.0
1219	80.0
1220	80.0
1221	80.0
1222	80.0
1223	80.0
1224	80.0
1225	80.0
1226	80.0
1227	80.0
1228	80.0
1229	80.0
1230	80.0
1231	80.0
1232	80.0
1233	80.0
1234	80.0
1235	80.0
1236	80.0
1237	80.0
1238	80.0
1239	80.0
1240	80.0
1241	80.0
1242	80.0
1243	80.0
1244	80.0
1245	80.0
1246	80.0
1247	80.0
1248	80.0
1249	80.0
1250	80.0
1251	80.0
1252	80.0
1253	80.0
1254	80.0
1255	80.0
1256	80.0
1257	80.0
1258	80.0
1259	80.0
1260	80.0
1261	80.0
1262	80.0
1263	80.0
1264	80.0
1265	80.0
1266	80.0
1267	80.0
1268	80.0
1269	80.0
1270	80.0
1271	80.0
1272	80.0
1273	80.0
1274	80.0
1275	80.0
1276	80.0
1277	80.0
1278	80.0
1279	80.0
1280	80.0
1281	80.0
1282	80.0
1283	80.0
1284	80.0
1285	80.0
1286	80.0
1287	80.0
1288	80.0
1289	80.0
1290	80.0
1291	80.0
1292	80.0
1293	80.0
1294	80.0
1295	80.0
1296	80.0
1297	80.0
1298	80.0
1299	80.0
1300	80.0
1301	80.0
1302	80.0
1303	80.0
1304	80.0
1305	80.0
1306	80.0
1307	80.0
1308	80.0
1309	80.0
1310	80.0
1311	80.0
1312	80.0
1313	80.0
1314	80.0
1315	80.0
1316	80.0
1317	80.0
1318	80.0
1319	80.0
1320	80.0
1321	80.0
1322	80.0
1323	80.0
1324	80.0
1325	80.0
1326	80.0
1327	80.0
1328	80.0
1329	80.0
1330	80.0
1331	80.0
1332	80.0
1333	80.0
1334	80.0
1335	80.0
1336	80.0
1337	80.0
1338	80.0
1339	80.0
1340	80.0
1341	80.0
1342	80.0
1343	80.0
1344	80.0
1345	80.0
1346	80.0
1347	80.0
1348	80.0
1349	80.0
1350	80.0
1351	80.0
1352	80.0
1353	80.0
1354	80.0
1355	80.0
1356	80.0
1357	80.0
1358	80.0
1359	80.0
1360	80.0
1361	80.0
1362	80.0
1363	80.0
1364	80.0
1365	80.0
1366	80.0
1367	80.0
1368	80.0
1369	80.0
1370	80.0
1371	80.0
1372	80.0
1373	80.0
1374	80.0
1375	80.0
1376	80.0
1377	80.0
1378	80.0
1379	80.0
1380	80.0
1381	80.0
1382	80.0
1383	80.0
1384	80.0
1385	80.0
1386	80.0
1387	80.0
1388	80.0
1389	80.0
1390	80.0
1391	80.0
1392	80.0
1393	80.0
1394	80.0
1395	80.0
1396	80.0
1397	80.0
1398	80.0
1399	80.0
1400	80.0
1401	80.0
1402	80.0
1403	80.0
1404	80.0
1405	80.0
1406	80.0
1407	80.0
1408	80.0
1409	80.0
1410	80.0
1411	80.0
1412	80.0
1413	80.0
1414	80.0
1415	80.0
1416	80.0
1417	80.0
1418	80.0
1419	80.0
1420	80.0
1421	80.0
1422	80.0
1423	80.0
1424	80.0
1425	80.0
1426	80.0
1427	80.0
1428	80.0
1429	80.0
1430	80.0
1431	80.0
1432	80.0
1433	80.0
1434	80.0
1435	80.0
1436	80.0
1437	80.0
1438	80.0
1439	80.0
1440	80.0
1441	80.0
1442	80.0
1443	80.0
1444	80.0
1445	80.0
1446	80.0
1447	80.0
1448	80.0
1449	80.0
1450	80.0
1451	80.0
1452	80.0
1453	80.0
1454	80.0
1455	80.0
1456	80.0
1457	80.0
1458	80.0
1459	80.0
1460	80.0
1461	80.0
1462	80.0
1463	80.0
1464	80.0
1465	80.0
1466	80.0
1467	80.0
1468	80.0
1469	80.0
1470	80.0
1471	80.0
1472	80.0
1473	80.0
1474	80.0
1475	80.0
1476	80.0
1477	80.0
1478	80.0
1479	80.0
1480	80.0
1481	80.0
1482	80.0
1483	80.0
1484	80.0
1485	80.0
1486	80.0
1487	80.0
1488	80.0
1489	80.0
1490	80.0
1491	80.0
1492	80.0
1493	80.0
1494	80.0
1495	80.0
1496	80.0
1497	80.0
1498	80.0
1499	80.0
1500	80.0
1501	80.0
1502	80.0
1503	80.0
1504	80.0
1505	80.0
1506	80.0
1507	80.0
1508	80.0
1509	80.0
1510	80.0
1511	80.0
1512	80.0
1513	80.0
1514	80.0
1515	80.0
1516	80.0
1517	80.0
1518	80.0
1519	80.0
1520	80.0
1521	80.0
1522	80.0
1523	80.0
1524	80.0
1525	80.0
1526	80.0
1527	80.0
1528	80.0
1529	80.0
1530	80.0
1531	80.0
1532	80.0
1533	80.0
1534	80.0
1535	80.0
1536	80.0
1537	80.0
1538	80.0
1539	80.0
1540	80.0
1541	80.0
1542	80.0
1543	80.0
1544	80.0
1545	80.0
1546	80.0
1547	80.0
1548	80.0
1549	80.0
1550	80.0
1551	80.0
1552	80.0
1553	80.0
1554	80.0
1555	80.0
1556	80.0
1557	80.0
1558	80.0
1559	80.0
1560	80.0
1561	80.0
1562	80.0
1563	80.0
1564	80.0
1565	80.0
1566	80.0
1567	80.0
1568	80.0
1569	80.0
1570	80.0
1571	80.0
1572	80.0
1573	80.0
1574	80.0
1575	80.0
1576	80.0
1577	80.0
1578	80.0
1579	80.0
1580	80.0
1581	80.0
1582	80.0
1583	80.0
1584	80.0
1585	80.0
1586	80.0
1587	80.0
1588	80.0
1589	80.0
1590	80.0
1591	80.0
1592	80.0
1593	80.0
1594	80.0
1595	80.0
1596	80.0
1597	80.0
1598	80.0
1599	80.0
1600	80.0
1601	80.0
1602	80.0
1603	80.0
1604	80.0
1605	80.0
1606	80.0
1607	80.0
1608	80.0
1609	80.0
1610	80.0
1611	80.0
1612	80.0
1613	80.0
1614	80.0
1615	80.0
1616	80.0
1617	80.0
1618	80.0
1619	80.0
1620	80.0
1621	80.0
1622	80.0
1623	80.0
1624	80.0
1625	80.0
1626	80.0
1627	80.0
1628	80.0
1629	80.0
1630	80.0
1631	80.0
1632	80.0
1633	80.0
1634	80.0
1635	80.0
1636	80.0
1637	80.0
1638	80.0
1639	80.0
1640	80.0
1641	80.0
1642	80.0
1643	80.0
1644	80.0
1645	80.0
1646	80.0
1647	80.0
1648	80.0
1649	80.0
1650	80.0
1651	80.0
1652	80.0
1653	80.0
1654	80.0
1655	80.0
1656	80.0
1657	80.0
1658	80.0
1659	80.0
1660	80.0
1661	80.0
1662	80.0
1663	80.0
1664	80.0
1665	80.0
1666	80.0
1667	80.0
1668	80.0
1669	80.0
1670	80.0
1671	80.0
1672	80.0
1673	80.0
1674	80.0
1675	80.0
1676	80.0
1677	80.0
1678	80.0
1679	80.0
1680	80.0
1681	80.0
1682	80.0
1683	80.0
1684	80.0
1685	80.0
1686	80.0
1687	80.0
1688	80.0
1689	80.0
1690	80.0
1691	80.0
1692	80.0
1693	80.0
1694	80.0
1695	80.0
1696	80.0
1697	80.0
1698	80.0
1699	80.0
1700	80.0
1701	80.0
1702	80.0
1703	80.0
1704	80.0
1705	80.0
1706	80.0
1707	80.0
1708	80.0
1709	80.0
1710	80.0
1711	80.0
1712	80.0
1713	80.0
1714	80.0
1715	80.0
1716	80.0
1717	80.0
1718	80.0
1719	80.0
1720	80.0
1721	80.0
1722	80.0
1723	80.0
1724	80.0
1725	80.0
1726	80.0
1727	80.0
1728	80.0
1729	80.0
1730	80.0
1731	80.0
1732	80.0
1733	80.0
1734	80.0
1735	80.0
1736	80.0
1737	80.0
1738	80.0
1739	80.0
1740	80.0
1741	80.0
1742	80.0
1743	80.0
1744	80.0
1745	80.0
1746	80.0
1747	80.0
1748	80.0
1749	80.0
1750	80.0
1751	80.0
1752	80.0
1753	80.0
1754	80.0
1755	80.0
1756	80.0
1757	80.0
1758	80.0
1759	80.0
1760	80.0
1761	80.0
1762	80.0
1763	80.0
1764	80.0
1765	80.0
1766	80.0
1767	80.0
1768	80.0
1769	80.0
1770	80.0
1771	80.0
1772	80.0
1773	80.0
1774	80.0
1775	80.0
1776	80.0
1777	80.0
1778	80.0
1779	80.0
1780	80.0
1781	80.0
1782	80.0
1783	80.0
1784	80.0
1785	80.0
1786	80.0
1787	80.0
1788	80.0
1789	80.0
1790	80.0
1791	80.0
1792	80.0
1793	80.0
1794	80.0
1795	80.0
1796	80.0
1797	80.0
1798	80.0
1799	80.0
1800	80.0
1801	80.0
1802	80.0
1803	80.0
1804	80.0
1805	80.0
1806	80.0
1807	80.0
1808	80.0
1809	80.0
1810	80.0
1811	80.0
1812	80.0
1813	80.0
1814	80.0
1815	80.0
1816	80.0
1817	80.0
1818	80.0
1819	80.0
1820	80.0
1821	80.0
1822	80.0
1823	80.0
1824	80.0
1825	80.0
1826	80.0
1827	80.0
1828	80.0
1829	80.0
1830	80.0
1831	80.0
1832	80.0
1833	80.0
1834	80.0
1835	80.0
1836	80.0
1837	80.0
1838	80.0
1839	80.0
1840	80.0
1841	80.0
1842	80.0
1843	80.0
1844	80.0
1845	80.0
1846	80.0
1847	80.0
1848	80.0
1849	80.0
1850	80.0
1851	80.0
1852	80.0
1853	80.0
1854	80.0
1855	80.0
1856	80.0
1857	80.0
1858	80.0
1859	80.0
1860	80.0
1861	80.0
1862	80.0
1863	80.0
1864	80.0
1865	80.0
1866	80.0
1867	80.0
1868	80.0
1869	80.0
1870	80.0
1871	80.0
1872	80.0
1873	80.0
1874	80.0
1875	80.0
1876	80.0
1877	80.0
1878	80.0
1879	80.0
1880	80.0
1881	80.0
1882	80.0
1883	80.0
1884	80.0
1885	80.0
1886	80.0
1887	80.0
1888	80.0
1889	80.0
1890	80.0
1891	80.0
1892	80.0
1893	80.0
1894	80.0
1895	80.0
1896	80.0
1897	80.0
1898	80.0
1899	80.0
1900	80.0
1901	80.0
1902	80.0
1903	80.0
1904	80.0
1905	80.0
1906	80.0
1907	80.0
1908	80.0
1909	80.0
1910	80.0
1911	80.0
1912	80.0
1913	80.0
1914	80.0
1915	80.0
1916	80.0
1917	80.0
1918	80.0
1919	80.0
1920	80.0
1921	80.0
1922	80.0
1923	80.0
1924	80.0
1925	80.0
1926	80.0
1927	80.0
1928	80.0
1929	80.0
1930	80.0
1931	80.0
1932	80.0
1933	80.0
1934	80.0
1935	80.0
1936	80.0
1937	80.0
1938	80.0
1939	80.0
1940	80.0
1941	80.0
1942	80.0
1943	80.0
1944	80.0
1945	80.0
1946	80.0
1947	80.0
1948	80.0
1949	80.0
1950	80.0
1951	80.0
1952	80.0
1953	80.0
1954	80.0
1955	80.0
1956	80.0
1957	80.0
1958	80.0
1959	80.0
1960	80.0
1961	80.0
1962	80.0
1963	80.0
1964	80.0
1965	80.0
1966	80.0
1967	80.0
1968	80.0
1969	80.0
1970	80.0
1971	80.0
1972	80.0
1973	80.0
1974	80.0
1975	80.0
1976	80.0
1977	80.0
1978	80.0
1979	80.0
1980	80.0
1981	80.0
1982	80.0
1983	80.0
1984	80.0
1985	80.0
1986	80.0
1987	80.0
1988	80.0
1989	80.0
1990	80.0
1991	80.0
1992	80.0
1993	80.0
1994	80.0
1995	80.0
1996	80.0
1997	80.0
1998	80.0
1999	80.0
2000	80.0
2001	80.0
2002	80.0
2003	80.0
2004	80.0
2005	80.0
2006	80.0
2007	80.0
2008	80.0
2009	80.0
2010	80.0
2011	80.0
2012	80.0
2013	80.0
2014	80.0
2015	80.0
2016	80.0
2017	80.0
2018	80.0
2019	80.0
2020	80.0
2021	80.0
2022	80.0
2023	80.0
2024	80.0
2025	80.0
2026	80.0
2027	80.0
2028	80.0
2029	80.0
2030	80.0
2031	80.0
2032	80.0
2033	80.0
2034	80.0
2035	80.0
2036	80.0
2037	80.0
2038	80.0
2039	80.0
2040	80.0
2041	80.0
2042	80.0
2043	80.0
2044	80.0
2045	80.0
2046	80.0
2047	80.0
2048	80.0
2049	80.0
2050	80.0
2051	80.0
2052	80.0
2053	80.0
2054	80.0
2055	80.0
2056	80.0
2057	80.0
2058	80.0
2059	80.0
2060	80.0
2061	80.0
2062	80.0
2063	80.0
2064	80.0
2065	80.0
2066	80.0
2067	80.0
2068	80.0
2069	80.0
2070	80.0
2071	80.0
2072	80.0
2073	80.0
2074	80.0
2075	80.0
2076	80.0
2077	80.0
2078	80.0
2079	80.0
2080	80.0
2081	80.0
2082	80.0
2083	80.0
2084	80.0
2085	80.0
2086	80.0
2087	80.0
2088	80.0
2089	80.0
2090	80.0
2091	80.0
2092	80.0
2093	80.0
2094	80.0
2095	80.0
2096	80.0
2097	80.0
2098	80.0
2099	80.0
2100	80.0
2101	80.0
2102	80.0
2103	80.0
2104	80.0
2105	80.0
2106	80.0
2107	80.0
2108	80.0
2109	80.0
2110	80.0
2111	80.0
2112	80.0
2113	80.0
2114	80.0
2115	80.0
2116	80.0
2117	80.0
2118	80.0
2119	80.0
2120	80.0
2121	80.0
2122	80.0
2123	80.0
2124	80.0
2125	80.0
2126	80.0
2127	80.0
2128	80.0
2129	80.0
2130	80.0
2131	80.0
2132	80.0
2133	80.0
2134	80.0
2135	80.0
2136	80.0
2137	80.0
2138	80.0
2139	80.0
2140	80.0
2141	80.0
2142	80.0
2143	80.0
2144	80.0
2145	80.0
2146	80.0
2147	80.0
2148	80.0
2149	80.0
2150	80.0
2151	80.0
2152	80.0
2153	80.0
2154	80.0
2155	80.0
2156	80.0
2157	80.0
2158	80.0
2159	80.0
2160	80.0
2161	80.0
2162	80.0
2163	80.0
2164	80.0
2165	80.0
2166	80.0
2167	80.0
2168	80.0
2169	80.0
2170	80.0
2171	80.0
2172	80.0
2173	80.0
2174	80.0
2175	80.0
2176	80.0
2177	80.0
2178	80.0
2179	80.0
2180	80.0
2181	80.0
2182	80.0
2183	80.0
2184	80.0
2185	80.0
2186	80.0
2187	80.0
2188	80.0
2189	80.0
2190	80.0
2191	80.0
2192	80.0
2193	80.0
2194	80.0
2195	80.0
2196	80.0
2197	80.0
2198	80.0
2199	80.0
2200	80.0
2201	80.0
2202	80.0
2203	80.0
2204	80.0
2205	80.0
2206	80.0
2207	80.0
2208	80.0
2209	80.0
2210	80.0
2211	80.0
2212	80.0
2213	80.0
2214	80.0
2215	80.0
2216	80.0
2217	80.0
2218	80.0
2219	80.0
2220	80.0
2221	80.0
2222	80.0
2223	80.0
2224	80.0
2225	80.0
2226	80.0
2227	80.0
2228	80.0
2229	80.0
2230	80.0
2231	80.0
2232	80.0
2233	80.0
2234	80.0
2235	80.0
2236	80.0
2237	80.0
2238	80.0
2239	80.0
2240	80.0
2241	80.0
2242	80.0
2243	80.0
2244	80.0
2245	80.0
2246	80.0
2247	80.0
2248	80.0
2249	80.0
2250	80.0
2251	80.0
2252	80.0
2253	80.0
2254	80.0
2255	80.0
2256	80.0
2257	80.0
2258	80.0
2259	80.0
2260	80.0
2261	80.0
2262	80.0
2263	80.0
2264	80.0
2265	80.0
2266	80.0
2267	80.0
2268	80.0
2269	80.0
2270	80.0
2271	80.0
2272	80.0
2273	80.0
2274	80.0
2275	80.0
2276	80.0
2277	80.0
2278	80.0
2279	80.0
2280	80.0
2281	80.0
2282	80.0
2283	80.0
2284	80.0
2285	80.0
2286	80.0
2287	80.0
2288	80.0
2289	80.0
2290	80.0
2291	80.0
2292	80.0
2293	80.0
2294	80.0
2295	80.0
2296	80.0
2297	80.0
2298	80.0
2299	80.0
2300	80.0
2301	80.0
2302	80.0
2303	80.0
2304	80.0
2305	80.0
2306	80.0
2307	80.0
2308	80.0
2309	80.0
2310	80.0
2311	80.0
2312	80.0
2313	80.0
2314	80.0
2315	80.0
2316	80.0
2317	80.0
2318	80.0
2319	80.0
2320	80.0
2321	80.0
2322	80.0
2323	80.0
2324	80.0
2325	80.0
2326	80.0
2327	80.0
2328	80.0
2329	80.0
2330	80.0
2331	80.0
2332	80.0
2333	80.0
2334	80.0
2335	80.0
2336	80.0
2337	80.0
2338	80.0
2339	80.0
2340	80.0
2341	80.0
2342	80.0
2343	80.0
2344	80.0
2345	80.0
2346	80.0
2347	80.0
2348	80.0
2349	80.0
2350	80.0
2351	80.0
2352	80.0
2353	80.0
2354	80.0
2355	80.0
2356	80.0
2357	80.0
2358	80.0
2359	80.0
2360	80.0
2361	80.0
2362	80.0
2363	80.0
2364	80.0
2365	80.0
2366	80.0
2367	80.0
2368	80.0
2369	80.0
2370	80.0
2371	80.0
2372	80.0
2373	80.0
2374	80.0
2375	80.0
2376	80.0
2377	80.0
2378	80.0
2379	80.0
2380	80.0
2381	80.0
2382	80.0
2383	80.0
2384	80.0
2385	80.0
2386	80.0
2387	80.0
2388	80.0
2389	80.0
2390	80.0
2391	80.0
2392	80.0
2393	80.0
2394	80.0
2395	80.0
2396	80.0
2397	80.0
2398	80.0
2399	80.0
2400	80.0
2401	80.0
2402	80.0
2403	80.0
2404	80.0
2405	80.0
2406	80.0
2407	80.0
2408	80.0
2409	80.0
2410	80.0
2411	80.0
2412	80.0
2413	80.0
2414	80.0
2415	80.0
2416	80.0
2417	80.0
2418	80.0
2419	80.0
2420	80.0
2421	80.0
2422	80.0
2423	80.0
2424	80.0
2425	80.0
2426	80.0
2427	80.0
2428	80.0
2429	80.0
2430	80.0
2431	80.0
2432	80.0
2433	80.0
2434	80.0
2435	80.0
2436	80.0
2437	80.0
2438	80.0
2439	80.0
2440	80.0
2441	80.0
2442	80.0
2443	80.0
2444	80.0
2445	80.0
2446	80.0
2447	80.0
2448	80.0
2449	80.0
2450	80.0
2451	80.0
2452	80.0
2453	80.0
2454	80.0
2455	80.0
2456	80.0
2457	80.0
2458	80.0
2459	80.0
2460	80.0
2461	80.0
2462	80.0
2463	80.0
2464	80.0
2465	80.0
2466	80.0
2467	80.0
2468	80.0
2469	80.0
2470	80.0
2471	80.0
2472	80.0
2473	80.0
2474	80.0
2475	80.0
2476	80.0
2477	80.0
2478	80.0
2479	80.0
2480	80.0
2481	80.0
2482	80.0
2483	80.0
2484	80.0
2485	80.0
2486	80.0
2487	80.0
2488	80.0
2489	80.0
2490	80.0
2491	80.0
2492	80.0
2493	80.0
2494	80.0
2495	80.0
2496	80.0
2497	80.0
2498	80.0
2499	80.0
2500	80.0
2501	80.0
2502	80.0
2503	80.0
2504	80.0
2505	80.0
2506	80.0
2507	80.0
2508	80.0
2509	80.0
2510	80.0
2511	80.0
2512	80.0
2513	80.0
2514	80.0
2515	80.0
2516	80.0
2517	80.0
2518	80.0
2519	80.0
2520	80.0
2521	80.0
2522	80.0
2523	80.0
2524	80.0
2525	80.0
2526	80.0
2527	80.0
2528	80.0
2529	80.0
2530	80.0
2531	80.0
2532	80.0
2533	80.0
2534	80.0
2535	80.0
2536	80.0
2537	80.0
2538	80.0
2539	80.0
2540	80.0
2541	80.0
2542	80.0
2543	80.0
2544	80.0
2545	80.0
2546	80.0
2547	80.0
2548	80.0
2549	80.0
2550	80.0
2551	80.0
2552	80.0
2553	80.0
2554	80.0
2555	80.0
2556	80.0
2557	80.0
2558	80.0
2559	80.0
2560	80.0
2561	80.0
2562	80.0
2563	80.0
2564	80.0
2565	80.0
2566	80.0
2567	80.0
2568	80.0
2569	80.0
2570	80.0
2571	80.0
2572	80.0
2573	80.0
2574	80.0
2575	80.0
2576	80.0
2577	80.0
2578	80.0
2579	80.0
2580	80.0
2581	80.0
2582	80.0
2583	80.0
2584	80.0
2585	80.0
2586	80.0
2587	80.0
2588	80.0
2589	80.0
2590	80.0
2591	80.0
2592	80.0
2593	80.0
2594	80.0
2595	80.0
2596	80.0
2597	80.0
2598	80.0
2599	80.0
2600	80.0
2601	80.0
2602	80.0
2603	80.0
2604	80.0
2605	80.0
2606	80.0
2607	80.0
2608	80.0
2609	80.0
2610	80.0
2611	80.0
2612	80.0
2613	80.0
2614	80.0
2615	80.0
2616	80.0
2617	80.0
2618	80.0
2619	80.0
2620	80.0
2621	80.0
2622	80.0
2623	80.0
2624	80.0
2625	80.0
2626	80.0
2627	80.0
2628	80.0
2629	80.0
2630	80.0
2631	80.0
2632	80.0
2633	80.0
2634	80.0
2635	80.0
2636	80.0
2637	80.0
2638	80.0
2639	80.0
2640	80.0
2641	80.0
2642	80.0
2643	80.0
2644	80.0
2645	80.0
2646	80.0
2647	80.0
2648	80.0
2649	80.0
2650	80.0
2651	80.0
2652	80.0
2653	80.0
2654	80.0
2655	80.0
2656	80.0
2657	80.0
2658	80.0
2659	80.0
2660	80.0
2661	80.0
2662	80.0
2663	80.0
2664	80.0
2665	80.0
2666	80.0
2667	80.0
2668	80.0
2669	80.0
2670	80.0
2671	80.0
2672	80.0
2673	80.0
2674	80.0
2675	80.0
2676	80.0
2677	80.0
2678	80.0
2679	80.0
2680	80.0
2681	80.0
2682	80.0
2683	80.0
2684	80.0
2685	80.0
2686	80.0
2687	80.0
2688	80.0
2689	80.0
2690	80.0
2691	80.0
2692	80.0
2693	80.0
2694	80.0
2695	80.0
2696	80.0
2697	80.0
2698	80.0
2699	80.0
2700	80.0
2701	80.0
2702	80.0
2703	80.0
2704	80.0
2705	80.0
2706	80.0
2707	80.0
2708	80.0
2709	80.0
2710	80.0
2711	80.0
2712	80.0
2713	80.0
2714	80.0
2715	80.0
2716	80.0
2717	80.0
2718	80.0
2719	80.0
2720	80.0
2721	80.0
2722	80.0
2723	80.0
2724	80.0
2725	80.0
2726	80.0
2727	80.0
2728	80.0
2729	80.0
2730	80.0
2731	80.0
2732	80.0
2733	80.0
2734	80.0
2735	80.0
2736	80.0
2737	80.0
2738	80.0
2739	80.0
2740	80.0
2741	80.0
2742	80.0
2743	80.0
2744	80.0
2745	80.0
2746	80.0
2747	80.0
2748	80.0
2749	80.0
2750	80.0
2751	80.0
2752	80.0
2753	80.0
2754	80.0
2755	80.0
2756	80.0
2757	80.0
2758	80.0
2759	80.0
2760	80.0
2761	80.0
2762	80.0
2763	80.0
2764	80.0
2765	80.0
2766	80.0
2767	80.0
2768	80.0
2769	80.0
2770	80.0
2771	80.0
2772	80.0
2773	80.0
2774	80.0
2775	80.0
2776	80.0
2777	80.0
2778	80.0
2779	80.0
2780	80.0
2781	80.0
2782	80.0
2783	80.0
2784	80.0
2785	80.0
2786	80.0
2787	80.0
2788	80.0
2789	80.0
2790	80.0
2791	80.0
2792	80.0
2793	80.0
2794	80.0
2795	80.0
2796	80.0
2797	80.0
2798	80.0
2799	80.0
2800	80.0
2801	80.0
2802	80.0
2803	80.0
2804	80.0
2805	80.0
2806	80.0
2807	80.0
2808	80.0
2809	80.0
2810	80.0
2811	80.0
2812	80.0
2813	80.0
2814	80.0
2815	80.0
2816	80.0
2817	80.0
2818	80.0
2819	80.0
2820	80.0
2821	80.0
2822	80.0
2823	80.0
2824	80.0
2825	80.0
2826	80.0
2827	80.0
2828	80.0
2829	80.0
2830	80.0
2831	80.0
2832	80.0
2833	80.0
2834	80.0
2835	80.0
2836	80.0
2837	80.0
2838	80.0
2839	80.0
2840	80.0
2841	80.0
2842	80.0
2843	80.0
2844	80.0
2845	80.0
2846	80.0
2847	80.0
2848	80.0
2849	80.0
2850	80.0
2851	80.0
2852	80.0
2853	80.0
2854	80.0
2855	80.0
2856	80.0
2857	80.0
2858	80.0
2859	80.0
2860	80.0
2861	80.0
2862	80.0
2863	80.0
2864	80.0
2865	80.0
2866	80.0
2867	80.0
2868	80.0
2869	80.0
2870	80.0
2871	80.0
2872	80.0
2873	80.0
2874	80.0
2875	80.0
2876	80.0
2877	80.0
2878	80.0
2879	80.0
2880	80.0
2881	80.0
2882	80.0
2883	80.0
2884	80.0
2885	80.0
2886	80.0
2887	80.0
2888	80.0
2889	80.0
2890	80.0
2891	80.0
2892	80.0
2893	80.0
2894	80.0
2895	80.0
2896	80.0
2897	80.0
2898	80.0
2899	80.0
2900	80.0
2901	80.0
2902	80.0
2903	80.0
2904	80.0
2905	80.0
2906	80.0
2907	80.0
2908	80.0
2909	80.0
2910	80.0
2911	80.0
2912	80.0
2913	80.0
2914	80.0
2915	80.0
2916	80.0
2917	80.0
2918	80.0
2919	80.0
2920	80.0
2921	80.0
2922	80.0
2923	80.0
2924	80.0
2925	80.0
2926	80.0
2927	80.0
2928	80.0
2929	80.0
2930	80.0
2931	80.0
2932	80.0
2933	80.0
2934	80.0
2935	80.0
2936	80.0
2937	80.0
2938	80.0
2939	80.0
2940	80.0
2941	80.0
2942	80.0
2943	80.0
2944	80.0
2945	80.0
2946	80.0
2947	80.0
2948	80.0
2949	80.0
2950	80.0
2951	80.0
2952	80.0
2953	80.0
2954	80.0
2955	80.0
2956	80.0
2957	80.0
2958	80.0
2959	80.0
2960	80.0
2961	80.0
2962	80.0
2963	80.0
2964	80.0
2965	80.0
2966	80.0
2967	80.0
2968	80.0
2969	80.0
2970	80.0
2971	80.0
2972	80.0
2973	80.0
2974	80.0
2975	80.0
2976	80.0
2977	80.0
2978	80.0
2979	80.0
2980	80.0
2981	80.0
2982	80.0
2983	80.0
2984	80.0
2985	80.0
2986	80.0
2987	80.0
2988	80.0
2989	80.0
2990	80.0
2991	80.0
2992	80.0
2993	80.0
2994	80.0
2995	80.0
2996	80.0
2997	80.0
2998	80.0
2999	80.0
3000	80.0
3001	80.0
3002	80.0
3003	80.0
3004	80.0
3005	80.0
3006	80.0
3007	80.0
3008	80.0
3009	80.0
3010	80.0
3011	80.0
3012	80.0
3013	80.0
3014	80.0
3015	80.0
3016	80.0
3017	80.0
3018	80.0
3019	80.0
3020	80.0
3021	80.0
3022	80.0
3023	80.0
3024	80.0
3025	80.0
3026	80.0
3027	80.0
3028	80.0
3029	80.0
3030	80.0
3031	80.0
3032	80.0
3033	80.0
3034	80.0
3035	80.0
3036	80.0
3037	80.0
3038	80.0
3039	80.0
3040	80.0
3041	80.0
3042	80.0
3043	80.0
3044	80.0
3045	80.0
3046	80.0
3047	80.0
3048	80.0
3049	80.0
3050	80.0
3051	80.0
3052	80.0
3053	80.0
3054	80.0
3055	80.0
3056	80.0
3057	80.0
3058	80.0
3059	80.0
3060	80.0
3061	80.0
3062	80.0
3063	80.0
3064	80.0
3065	80.0
3066	80.0
3067	80.0
3068	80.0
3069	80.0
3070	80.0
3071	80.0
3072	80.0
3073	80.0
3074	80.0
3075	80.0
3076	80.0
3077	80.0
3078	80.0
3079	80.0
3080	80.0
3081	80.0
3082	80.0
3083	80.0
3084	80.0
3085	80.0
3086	80.0
3087	80.0
3088	80.0
3089	80.0
3090	80.0
3091	80.0
3092	80.0
3093	80.0
3094	80.0
3095	80.0
3096	80.0
3097	80.0
3098	80.0
3099	80.0
3100	80.0
3101	80.0
3102	80.0
3103	80.0
3104	80.0
3105	80.0
3106	80.0
3107	80.0
3108	80.0
3109	80.0
3110	80.0
3111	80.0
3112	80.0
3113	80.0
3114	80.0
3115	80.0
3116	80.0
3117	80.0
3118	80.0
3119	80.0
3120	80.0
3121	80.0
3122	80.0
3123	80.0
3124	80.0
3125	80.0
3126	80.0
3127	80.0
3128	80.0
3129	80.0
3130	80.0
3131	80.0
3132	80.0
3133	80.0
3134	80.0
3135	80.0
3136	80.0
3137	80.0
3138	80.0
3139	80.0
3140	80.0
3141	80.0
3142	80.0
3143	80.0
3144	80.0
3145	80.0
3146	80.0
3147	80.0
3148	80.0
3149	80.0
3150	80.0
3151	80.0
3152	80.0
3153	80.0
3154	80.0
3155	80.0
3156	80.0
3157	80.0
3158	80.0
3159	80.0
3160	80.0
3161	80.0
3162	80.0
3163	80.0
3164	80.0
3165	80.0
3166	80.0
3167	80.0
3168	80.0
3169	80.0
3170	80.0
3171	80.0
3172	80.0
3173	80.0
3174	80.0
3175	80.0
3176	80.0
3177	80.0
3178	80.0
3179	80.0
3180	80.0
3181	80.0
3182	80.0
3183	80.0
3184	80.0
3185	80.0
3186	80.0
3187	80.0
3188	80.0
3189	80.0
3190	80.0
3191	80.0
3192	80.0
3193	80.0
3194	80.0
3195	80.0
3196	80.0
3197	80.0
3198	80.0
3199	80.0
3200	80.0
3201	80.0
3202	80.0
3203	80.0
3204	80.0
3205	80.0
3206	80.0
3207	80.0
3208	80.0
3209	80.0
3210	80.0
3211	80.0
3212	80.0
3213	80.0
3214	80.0
3215	80.0
3216	80.0
3217	80.0
3218	80.0
3219	80.0
3220	80.0
3221	80.0
3222	80.0
3223	80.0
3224	80.0
3225	80.0
3226	80.0
3227	80.0
3228	80.0
3229	80.0
3230	80.0
3231	80.0
3232	80.0
3233	80.0
3234	80.0
3235	80.0
3236	80.0
3237	80.0
3238	80.0
3239	80.0
3240	80.0
3241	80.0
3242	80.0
3243	80.0
3244	80.0
3245	80.0
3246	80.0
3247	80.0
3248	80.0
3249	80.0
3250	80.0
3251	80.0
3252	80.0
3253	80.0
3254	80.0
3255	80.0
3256	80.0
3257	80.0
3258	80.0
3259	80.0
3260	80.0
3261	80.0
3262	80.0
3263	80.0
3264	80.0
3265	80.0
3266	80.0
3267	80.0
3268	80.0
3269	80.0
3270	80.0
3271	80.0
3272	80.0
3273	80.0
3274	80.0
3275	80.0
3276	80.0
3277	80.0
3278	80.0
3279	80.0
3280	80.0
3281	80.0
3282	80.0
3283	80.0
3284	80.0
3285	80.0
3286	80.0
3287	80.0
3288	80.0
3289	80.0
3290	80.0
3291	80.0
3292	80.0
3293	80.0
3294	80.0
3295	80.0
3296	80.0
3297	80.0
3298	80.0
3299	80.0
3300	80.0
3301	80.0
3302	80.0
3303	80.0
3304	80.0
3305	80.0
3306	80.0
3307	80.0
3308	80.0
3309	80.0
3310	80.0
3311	80.0
3312	80.0
3313	80.0
3314	80.0
3315	80.0
3316	80.0
3317	80.0
3318	80.0
3319	80.0
3320	80.0
3321	80.0
3322	80.0
3323	80.0
3324	80.0
3325	80.0
3326	80.0
3327	80.0
3328	80.0
3329	80.0
3330	80.0
3331	80.0
3332	80.0
3333	80.0
3334	80.0
3335	80.0
3336	80.0
3337	80.0
3338	80.0
3339	80.0
3340	80.0
3341	80.0
3342	80.0
3343	80.0
3344	80.0
3345	80.0
3346	80.0
3347	80.0
3348	80.0
3349	80.0
3350	80.0
3351	80.0
3352	80.0
3353	80.0
3354	80.0
3355	80.0
3356	80.0
3357	80.0
3358	80.0
3359	80.0
3360	80.0
3361	80.0
3362	80.0
3363	80.0
3364	80.0
3365	80.0
3366	80.0
3367	80.0
3368	80.0
3369	80.0
3370	80.0
3371	80.0
3372	80.0
3373	80.0
3374	80.0
3375	80.0
3376	80.0
3377	80.0
3378	80.0
3379	80.0
3380	80.0
3381	80.0
3382	80.0
3383	80.0
3384	80.0
3385	80.0
3386	80.0
3387	80.0
3388	80.0
3389	80.0
3390	80.0
3391	80.0
3392	80.0
3393	80.0
3394	80.0
3395	80.0
3396	80.0
3397	80.0
3398	80.0
3399	80.0
3400	80.0
3401	80.0
3402	80.0
3403	80.0
3404	80.0
3405	80.0
3406	80.0
3407	80.0
3408	80.0
3409	80.0
3410	80.0
3411	80.0
3412	80.0
3413	80.0
3414	80.0
3415	80.0
3416	80.0
3417	80.0
3418	80.0
3419	80.0
3420	80.0
3421	80.0
3422	80.0
3423	80.0
3424	80.0
3425	80.0
3426	80.0
3427	80.0
3428	80.0
3429	80.0
3430	80.0
3431	80.0
3432	80.0
3433	80.0
3434	80.0
3435	80.0
3436	80.0
3437	80.0
3438	80.0
3439	80.0
3440	80.0
3441	80.0
3442	80.0
3443	80.0
3444	80.0
3445	80.0
3446	80.0
3447	80.0
3448	80.0
3449	80.0
3450	80.0
3451	80.0
3452	80.0
3453	80.0
3454	80.0
3455	80.0
3456	80.0
3457	80.0
3458	80.0
3459	80.0
3460	80.0
3461	80.0
3462	80.0
3463	80.0
3464	80.0
3465	80.0
3466	80.0
3467	80.0
3468	80.0
3469	80.0
3470	80.0
3471	80.0
3472	80.0
3473	80.0
3474	80.0
3475	80.0
3476	80.0
3477	80.0
3478	80.0
3479	80.0
3480	80.0
3481	80.0
3482	80.0
3483	80.0
3484	80.0
3485	80.0
3486	80.0
3487	80.0
3488	80.0
3489	80.0
3490	80.0
3491	80.0
3492	80.0
3493	80.0
3494	80.0
3495	80.0
3496	80.0
3497	80.0
3498	80.0
3499	80.0
3500	80.0
3501	80.0
3502	80.0
3503	80.0
3504	80.0
3505	80.0
3506	80.0
3507	80.0
3508	80.0
3509	80.0
3510	80.0
3511	80.0
3512	80.0
3513	80.0
3514	80.0
3515	80.0
3516	80.0
3517	80.0
3518	80.0
3519	80.0
3520	80.0
3521	80.0
3522	80.0
3523	80.0
3524	80.0
3525	80.0
3526	80.0
3527	80.0
3528	80.0
3529	80.0
3530	80.0
3531	80.0
3532	80.0
3533	80.0
3534	80.0
3535	80.0
3536	80.0
3537	80.0
3538	80.0
3539	80.0
3540	80.0
3541	80.0
3542	80.0
3543	80.0
3544	80.0
3545	80.0
3546	80.0
3547	80.0
3548	80.0
3549	80.0
3550	80.0
3551	80.0
3552	80.0
3553	80.0
3554	80.0
3555	80.0
3556	80.0
3557	80.0
3558	80.0
3559	80.0
3560	80.0
3561	80.0
3562	80.0
3563	80.0
3564	80.0
3565	80.0
3566	80.0
3567	80.0
3568	80.0
3569	80.0
3570	80.0
3571	80.0
3572	80.0
3573	80.0
3574	80.0
3575	80.0
3576	80.0
3577	80.0
3578	80.0
3579	80.0
3580	80.0
3581	80.0
3582	80.0
3583	80.0
3584	80.0
3585	80.0
3586	80.0
3587	80.0
3588	80.0
3589	80.0
3590	80.0
3591	80.0
3592	80.0
3593	80.0
3594	80.0
3595	80.0
3596	80.0
3597	80.0
3598	80.0
3599	80.0
3600	80.0
3601	80.0
3602	80.0
3603	80.0
3604	80.0
3605	80.0
3606	80.0
3607	80.0
3608	80.0
3609	80.0
3610	80.0
3611	80.0
3612	80.0
3613	80.0
3614	80.0
3615	80.0
3616	80.0
3617	80.0
3618	80.0
3619	80.0
3620	80.0
3621	80.0
3622	80.0
3623	80.0
3624	80.0
3625	80.0
3626	80.0
3627	80.0
3628	80.0
3629	80.0
3630	80.0
3631	80.0
3632	80.0
3633	80.0
3634	80.0
3635	80.0
3636	80.0
3637	80.0
3638	80.0
3639	80.0
3640	80.0
3641	80.0
3642	80.0
3643	80.0
3644	80.0
3645	80.0
3646	80.0
3647	80.0
3648	80.0
3649	80.0
3650	80.0
3651	80.0
3652	80.0
3653	80.0
3654	80.0
3655	80.0
3656	80.0
3657	80.0
3658	80.0
3659	80.0
3660	80.0
3661	80.0
3662	80.0
3663	80.0
3664	80.0
3665	80.0
3666	80.0
3667	80.0
3668	80.0
3669	80.0
3670	80.0
3671	80.0
3672	80.0
3673	80.0
3674	80.0
3675	80.0
3676	80.0
3677	80.0
3678	80.0
3679	80.0
3680	80.0
3681	80.0
3682	80.0
3683	80.0
3684	80.0
3685	80.0
3686	80.0
3687	80.0
3688	80.0
3689	80.0
3690	80.0
3691	80.0
3692	80.0
3693	80.0
3694	80.0
3695	80.0
3696	80.0
3697	80.0
3698	80.0
3699	80.0
3700	80.0
3701	80.0
3702	80.0
3703	80.0
3704	80.0
3705	80.0
3706	80.0
3707	80.0
3708	80.0
3709	80.0
3710	80.0
3711	80.0
3712	80.0
3713	80.0
3714	80.0
3715	80.0
3716	80.0
3717	80.0
3718	80.0
3719	80.0
3720	80.0
3721	80.0
3722	80.0
3723	80.0
3724	80.0
3725	80.0
3726	80.0
3727	80.0
3728	80.0
3729	80.0
3730	80.0
3731	80.0
3732	80.0
3733	80.0
3734	80.0
3735	80.0
3736	80.0
3737	80.0
3738	80.0
3739	80.0
3740	80.0
3741	80.0
3742	80.0
3743	80.0
3744	80.0
3745	80.0
3746	80.0
3747	80.0
3748	80.0
3749	80.0
3750	80.0
3751	80.0
3752	80.0
3753	80.0
3754	80.0
3755	80.0
3756	80.0
3757	80.0
3758	80.0
3759	80.0
3760	80.0
3761	80.0
3762	80.0
3763	80.0
3764	80.0
3765	80.0
3766	80.0
3767	80.0
3768	80.0
3769	80.0
3770	80.0
3771	80.0
3772	80.0
3773	80.0
3774	80.0
3775	80.0
3776	80.0
3777	80.0
3778	80.0
3779	80.0
3780	80.0
3781	80.0
3782	80.0
3783	80.0
3784	80.0
3785	80.0
3786	80.0
3787	80.0
3788	80.0
3789	80.0
3790	80.0
3791	80.0
3792	80.0
3793	80.0
3794	80.0
3795	80.0
3796	80.0
3797	80.0
3798	80.0
3799	80.0
3800	80.0
3801	80.0
3802	80.0
3803	80.0
3804	80.0
3805	80.0
3806	80.0
3807	80.0
3808	80.0
3809	80.0
3810	80.0
3811	80.0
3812	80.0
3813	80.0
3814	80.0
3815	80.0
3816	80.0
3817	80.0
3818	80.0
3819	80.0
3820	80.0
3821	80.0
3822	80.0
3823	80.0
3824	80.0
3825	80.0
3826	80.0
3827	80.0
3828	80.0
3829	80.0
3830	80.0
3831	80.0
3832	80.0
3833	80.0
3834	80.0
3835	80.0
3836	80.0
3837	80.0
3838	80.0
3839	80.0
3840	80.0
3841	80.0
3842	80.0
3843	80.0
3844	80.0
3845	80.0
3846	80.0
3847	80.0
3848	80.0
3849	80.0
3850	80.0
3851	80.0
3852	80.0
3853	80.0
3854	80.0
3855	80.0
3856	80.0
3857	80.0
3858	80.0
3859	80.0
3860	80.0
3861	80.0
3862	80.0
3863	80.0
3864	80.0
3865	80.0
3866	80.0
3867	80.0
3868	80.0
3869	80.0
3870	80.0
3871	80.0
3872	80.0
3873	80.0
3874	80.0
3875	80.0
3876	80.0
3877	80.0
3878	80.0
3879	80.0
3880	80.0
3881	80.0
3882	80.0
3883	80.0
3884	80.0
3885	80.0
3886	80.0
3887	80.0
3888	80.0
3889	80.0
3890	80.0
3891	80.0
3892	80.0
3893	80.0
3894	80.0
3895	80.0
3896	80.0
3897	80.0
3898	80.0
3899	80.0
3900	80.0
3901	80.0
3902	80.0
3903	80.0
3904	80.0
3905	80.0
3906	80.0
3907	80.0
3908	80.0
3909	80.0
3910	80.0
3911	80.0
3912	80.0
3913	80.0
3914	80.0
3915	80.0
3916	80.0
3917	80.0
3918	80.0
3919	80.0
3920	80.0
3921	80.0
3922	80.0
3923	80.0
3924	80.0
3925	80.0
3926	80.0
3927	80.0
3928	80.0
3929	80.0
3930	80.0
3931	80.0
3932	80.0
3933	80.0
3934	80.0
3935	80.0
3936	80.0
3937	80.0
3938	80.0
3939	80.0
3940	80.0
3941	80.0
3942	80.0
3943	80.0
3944	80.0
3945	80.0
3946	80.0
3947	80.0
3948	80.0
3949	80.0
3950	80.0
3951	80.0
3952	80.0
3953	80.0
3954	80.0
3955	80.0
3956	80.0
3957	80.0
3958	80.0
3959	80.0
3960	80.0
3961	80.0
3962	80.0
3963	80.0
3964	80.0
3965	80.0
3966	80.0
3967	80.0
3968	80.0
3969	80.0
3970	80.0
3971	80.0
3972	80.0
3973	80.0
3974	80.0
3975	80.0
3976	80.0
3977	80.0
3978	80.0
3979	80.0
3980	80.0
3981	80.0
3982	80.0
3983	80.0
3984	80.0
3985	80.0
3986	80.0
3987	80.0
3988	80.0
3989	80.0
3990	80.0
3991	80.0
3992	80.0
3993	80.0
3994	80.0
3995	80.0
3996	80.0
3997	80.0
3998	80.0
3999	80.0
4000	80.0
4001	80.0
4002	80.0
4003	80.0
4004	80.0
4005	80.0
4006	80.0
4007	80.0
4008	80.0
4009	80.0
4010	80.0
4011	80.0
4012	80.0
4013	80.0
4014	80.0
4015	80.0
4016	80.0
4017	80.0
4018	80.0
4019	80.0
4020	80.0
4021	80.0
4022	80.0
4023	80.0
4024	80.0
4025	80.0
4026	80.0
4027	80.0
4028	80.0
4029	80.0
4030	80.0
4031	80.0
4032	80.0
4033	80.0
4034	80.0
4035	80.0
4036	80.0
4037	80.0
4038	80.0
4039	80.0
4040	80.0
4041	80.0
4042	80.0
4043	80.0
4044	80.0
4045	80.0
4046	80.0
4047	80.0
4048	80.0
4049	80.0
4050	80.0
4051	80.0
4052	80.0
4053	80.0
4054	80.0
4055	80.0
4056	80.0
4057	80.0
4058	80.0
4059	80.0
4060	80.0
4061	80.0
4062	80.0
4063	80.0
4064	80.0
4065	80.0
4066	80.0
4067	80.0
4068	80.0
4069	80.0
4070	80.0
4071	80.0
4072	80.0
4073	80.0
4074	80.0
4075	80.0
4076	80.0
4077	80.0
4078	80.0
4079	80.0
4080	80.0
4081	80.0
4082	80.0
4083	80.0
4084	80.0
4085	80.0
4086	80.0
4087	80.0
4088	80.0
4089	80.0
4090	80.0
4091	80.0
4092	80.0
4093	80.0
4094	80.0
4095	80.0
4096	80.0
4097	80.0
4098	80.0
4099	80.0
4100	80.0
4101	80.0
4102	80.0
4103	80.0
4104	80.0
4105	80.0
4106	80.0
4107	80.0
4108	80.0
4109	80.0
4110	80.0
4111	80.0
4112	80.0
4113	80.0
4114	80.0
4115	80.0
4116	80.0
4117	80.0
4118	80.0
4119	80.0
4120	80.0
4121	80.0
4122	80.0
4123	80.0
4124	80.0
4125	80.0
4126	80.0
4127	80.0
4128	80.0
4129	80.0
4130	80.0
4131	80.0
4132	80.0
4133	80.0
4134	80.0
4135	80.0
4136	80.0
4137	80.0
4138	80.0
4139	80.0
4140	80.0
4141	80.0
4142	80.0
4143	80.0
4144	80.0
4145	80.0
4146	80.0
4147	80.0
4148	80.0
4149	80.0
4150	80.0
4151	80.0
4152	80.0
4153	80.0
4154	80.0
4155	80.0
4156	80.0
4157	80.0
4158	80.0
4159	80.0
4160	80.0
4161	80.0
4162	80.0
4163	80.0
4164	80.0
4165	80.0
4166	80.0
4167	80.0
4168	80.0
4169	80.0
4170	80.0
4171	80.0
4172	80.0
4173	80.0
4174	80.0
4175	80.0
4176	80.0
4177	80.0
4178	80.0
4179	80.0
4180	80.0
4181	80.0
4182	80.0
4183	80.0
4184	80.0
4185	80.0
4186	80.0
4187	80.0
4188	80.0
4189	80.0
4190	80.0
4191	80.0
4192	80.0
4193	80.0
4194	80.0
4195	80.0
4196	80.0
4197	80.0
4198	80.0
4199	80.0
4200	80.0
4201	80.0
4202	80.0
4203	80.0
4204	80.0
4205	80.0
4206	80.0
4207	80.0
4208	80.0
4209	80.0
4210	80.0
4211	80.0
4212	80.0
4213	80.0
4214	80.0
4215	80.0
4216	80.0
4217	80.0
4218	80.0
4219	80.0
4220	80.0
4221	80.0
4222	80.0
4223	80.0
4224	80.0
4225	80.0
4226	80.0
4227	80.0
4228	80.0
4229	80.0
4230	80.0
4231	80.0
4232	80.0
4233	80.0
4234	80.0
4235	80.0
4236	80.0
4237	80.0
4238	80.0
4239	80.0
4240	80.0
4241	80.0
4242	80.0
4243	80.0
4244	80.0
4245	80.0
4246	80.0
4247	80.0
4248	80.0
4249	80.0
4250	80.0
4251	80.0
4252	80.0
4253	80.0
4254	80.0
4255	80.0
4256	80.0
4257	80.0
4258	80.0
4259	80.0
4260	80.0
4261	80.0
4262	80.0
4263	80.0
4264	80.0
4265	80.0
4266	80.0
4267	80.0
4268	80.0
4269	80.0
4270	80.0
4271	80.0
4272	80.0
4273	80.0
4274	80.0
4275	80.0
4276	80.0
4277	80.0
4278	80.0
4279	80.0
4280	80.0
4281	80.0
4282	80.0
4283	80.0
4284	80.0
4285	80.0
4286	80.0
4287	80.0
4288	80.0
4289	80.0
4290	80.0
4291	80.0
4292	80.0
4293	80.0
4294	80.0
4295	80.0
4296	80.0
4297	80.0
4298	80.0
4299	80.0
4300	80.0
4301	80.0
4302	80.0
4303	80.0
4304	80.0
4305	80.0
4306	80.0
4307	80.0
4308	80.0
4309	80.0
4310	80.0
4311	80.0
4312	80.0
4313	80.0
4314	80.0
4315	80.0
4316	80.0
4317	80.0
4318	80.0
4319	80.0
4320	80.0
4321	80.0
4322	80.0
4323	80.0
4324	80.0
4325	80.0
4326	80.0
4327	80.0
4328	80.0
4329	80.0
4330	80.0
4331	80.0
4332	80.0
4333	80.0
4334	80.0
4335	80.0
4336	80.0
4337	80.0
4338	80.0
4339	80.0
4340	80.0
4341	80.0
4342	80.0
4343	80.0
4344	80.0
4345	80.0
4346	80.0
4347	80.0
4348	80.0
4349	80.0
4350	80.0
4351	80.0
4352	80.0
4353	80.0
4354	80.0
4355	80.0
4356	80.0
4357	80.0
4358	80.0
4359	80.0
4360	80.0
4361	80.0
4362	80.0
4363	80.0
4364	80.0
4365	80.0
4366	80.0
4367	80.0
4368	80.0
4369	80.0
4370	80.0
4371	80.0
4372	80.0
4373	80.0
4374	80.0
4375	80.0
4376	80.0
4377	80.0
4378	80.0
4379	80.0
4380	80.0
4381	80.0
4382	80.0
4383	80.0
4384	80.0
4385	80.0
4386	80.0
4387	80.0
4388	80.0
4389	80.0
4390	80.0
4391	80.0
4392	80.0
4393	80.0
4394	80.0
4395	80.0
4396	80.0
4397	80.0
4398	80.0
4399	80.0
4400	80.0
4401	80.0
4402	80.0
4403	80.0
4404	80.0
4405	80.0
4406	80.0
4407	80.0
4408	80.0
4409	80.0
4410	80.0
4411	80.0
4412	80.0
4413	80.0
4414	80.0
4415	80.0
4416	80.0
4417	80.0
4418	80.0
4419	80.0
4420	80.0
4421	80.0
4422	80.0
4423	80.0
4424	80.0
4425	80.0
4426	80.0
4427	80.0
4428	80.0
4429	80.0
4430	80.0
4431	80.0
4432	80.0
4433	80.0
4434	80.0
4435	80.0
4436	80.0
4437	80.0
4438	80.0
4439	80.0
4440	80.0
4441	80.0
4442	80.0
4443	80.0
4444	80.0
4445	80.0
4446	80.0
4447	80.0
4448	80.0
4449	80.0
4450	80.0
4451	80.0
4452	80.0
4453	80.0
4454	80.0
4455	80.0
4456	80.0
4457	80.0
4458	80.0
4459	80.0
4460	80.0
4461	80.0
4462	80.0
4463	80.0
4464	80.0
4465	80.0
4466	80.0
4467	80.0
4468	80.0
4469	80.0
4470	80.0
4471	80.0
4472	80.0
4473	80.0
4474	80.0
4475	80.0
4476	80.0
4477	80.0
4478	80.0
4479	80.0
4480	80.0
4481	80.0
4482	80.0
4483	80.0
4484	80.0
4485	80.0
4486	80.0
4487	80.0
4488	80.0
4489	80.0
4490	80.0
4491	80.0
4492	80.0
4493	80.0
4494	80.0
4495	80.0
4496	80.0
4497	80.0
4498	80.0
4499	80.0
4500	80.0
4501	80.0
4502	80.0
4503	80.0
4504	80.0
4505	80.0
4506	80.0
4507	80.0
4508	80.0
4509	80.0
4510	80.0
4511	80.0
4512	80.0
4513	80.0
4514	80.0
4515	80.0
4516	80.0
4517	80.0
4518	80.0
4519	80.0
4520	80.0
4521	80.0
4522	80.0
4523	80.0
4524	80.0
4525	80.0
4526	80.0
4527	80.0
4528	80.0
4529	80.0
4530	80.0
4531	80.0
4532	80.0
4533	80.0
4534	80.0
4535	80.0
4536	80.0
4537	80.0
4538	80.0
4539	80.0
4540	80.0
4541	80.0
4542	80.0
4543	80.0
4544	80.0
4545	80.0
4546	80.0
4547	80.0
4548	80.0
4549	80.0
4550	80.0
4551	80.0
4552	80.0
4553	80.0
4554	80.0
4555	80.0
4556	80.0
4557	80.0
4558	80.0
4559	80.0
4560	80.0
4561	80.0
4562	80.0
4563	80.0
4564	80.0
4565	80.0
4566	80.0
4567	80.0
4568	80.0
4569	80.0
4570	80.0
4571	80.0
4572	80.0
4573	80.0
4574	80.0
4575	80.0
4576	80.0
4577	80.0
4578	80.0
4579	80.0
4580	80.0
4581	80.0
4582	80.0
4583	80.0
4584	80.0
4585	80.0
4586	80.0
4587	80.0
4588	80.0
4589	80.0
4590	80.0
4591	80.0
4592	80.0
4593	80.0
4594	80.0
4595	80.0
4596	80.0
4597	80.0
4598	80.0
4599	80.0
4600	80.0
4601	80.0
4602	80.0
4603	80.0
4604	80.0
4605	80.0
4606	80.0
4607	80.0
4608	80.0
4609	80.0
4610	80.0
4611	80.0
4612	80.0
4613	80.0
4614	80.0
4615	80.0
4616	80.0
4617	80.0
4618	80.0
4619	80.0
4620	80.0
4621	80.0
4622	80.0
4623	80.0
4624	80.0
4625	80.0
4626	80.0
4627	80.0
4628	80.0
4629	80.0
4630	80.0
4631	80.0
4632	80.0
4633	80.0
4634	80.0
4635	80.0
4636	80.0
4637	80.0
4638	80.0
4639	80.0
4640	80.0
4641	80.0
4642	80.0
4643	80.0
4644	80.0
4645	80.0
4646	80.0
4647	80.0
4648	80.0
4649	80.0
4650	80.0
4651	80.0
4652	80.0
4653	80.0
4654	80.0
4655	80.0
4656	80.0
4657	80.0
4658	80.0
4659	80.0
4660	80.0
4661	80.0
4662	80.0
4663	80.0
4664	80.0
4665	80.0
4666	80.0
4667	80.0
4668	80.0
4669	80.0
4670	80.0
4671	80.0
4672	80.0
4673	80.0
4674	80.0
4675	80.0
4676	80.0
4677	80.0
4678	80.0
4679	80.0
4680	80.0
4681	80.0
4682	80.0
4683	80.0
4684	80.0
4685	80.0
4686	80.0
4687	80.0
4688	80.0
4689	80.0
4690	80.0
4691	80.0
4692	80.0
4693	80.0
4694	80.0
4695	80.0
4696	80.0
4697	80.0
4698	80.0
4699	80.0
4700	80.0
4701	80.0
4702	80.0
4703	80.0
4704	80.0
4705	80.0
4706	80.0
4707	80.0
4708	80.0
4709	80.0
4710	80.0
4711	80.0
4712	80.0
4713	80.0
4714	80.0
4715	80.0
4716	80.0
4717	80.0
4718	80.0
4719	80.0
4720	80.0
4721	80.0
4722	80.0
4723	80.0
4724	80.0
4725	80.0
4726	80.0
4727	80.0
4728	80.0
4729	80.0
4730	80.0
4731	80.0
4732	80.0
4733	80.0
4734	80.0
4735	80.0
4736	80.0
4737	80.0
4738	80.0
4739	80.0
4740	80.0
4741	80.0
4742	80.0
4743	80.0
4744	80.0
4745	80.0
4746	80.0
4747	80.0
4748	80.0
4749	80.0
4750	80.0
4751	80.0
4752	80.0
4753	80.0
4754	80.0
4755	80.0
4756	80.0
4757	80.0
4758	80.0
4759	80.0
4760	80.0
4761	80.0
4762	80.0
4763	80.0
4764	80.0
4765	80.0
4766	80.0
4767	80.0
4768	80.0
4769	80.0
4770	80.0
4771	80.0
4772	80.0
4773	80.0
4774	80.0
4775	80.0
4776	80.0
4777	80.0
4778	80.0
4779	80.0
4780	80.0
4781	80.0
4782	80.0
4783	80.0
4784	80.0
4785	80.0
4786	80.0
4787	80.0
4788	80.0
4789	80.0
4790	80.0
4791	80.0
4792	80.0
4793	80.0
4794	80.0
4795	80.0
4796	80.0
4797	80.0
4798	80.0
4799	80.0
4800	80.0
4801	80.0
4802	80.0
4803	80.0
4804	80.0
4805	80.0
4806	80.0
4807	80.0
4808	80.0
4809	80.0
4810	80.0
4811	80.0
4812	80.0
4813	80.0
4814	80.0
4815	80.0
4816	80.0
4817	80.0
4818	80.0
4819	80.0
4820	80.0
4821	80.0
4822	80.0
4823	80.0
4824	80.0
4825	80.0
4826	80.0
4827	80.0
4828	80.0
4829	80.0
4830	80.0
4831	80.0
4832	80.0
4833	80.0
4834	80.0
4835	80.0
4836	80.0
4837	80.0
4838	80.0
4839	80.0
4840	80.0
4841	80.0
4842	80.0
4843	80.0
4844	80.0
4845	80.0
4846	80.0
4847	80.0
4848	80.0
4849	80.0
4850	80.0
4851	80.0
4852	80.0
4853	80.0
4854	80.0
4855	80.0
4856	80.0
4857	80.0
4858	80.0
4859	80.0
4860	80.0
4861	80.0
4862	80.0
4863	80.0
4864	80.0
4865	80.0
4866	80.0
4867	80.0
4868	80.0
4869	80.0
4870	80.0
4871	80.0
4872	80.0
4873	80.0
4874	80.0
4875	80.0
4876	80.0
4877	80.0
4878	80.0
4879	80.0
4880	80.0
4881	80.0
4882	80.0
4883	80.0
4884	80.0
4885	80.0
4886	80.0
4887	80.0
4888	80.0
4889	80.0
4890	80.0
4891	80.0
4892	80.0
4893	80.0
4894	80.0
4895	80.0
4896	80.0
4897	80.0
4898	80.0
4899	80.0
4900	80.0
4901	80.0
4902	80.0
4903	80.0
4904	80.0
4905	80.0
4906	80.0
4907	80.0
4908	80.0
4909	80.0
4910	80.0
4911	80.0
4912	80.0
4913	80.0
4914	80.0
4915	80.0
4916	80.0
4917	80.0
4918	80.0
4919	80.0
4920	80.0
4921	80.0
4922	80.0
4923	80.0
4924	80.0
4925	80.0
4926	80.0
4927	80.0
4928	80.0
4929	80.0
4930	80.0
4931	80.0
4932	80.0
4933	80.0
4934	80.0
4935	80.0
4936	80.0
4937	80.0
4938	80.0
4939	80.0
4940	80.0
4941	80.0
4942	80.0
4943	80.0
4944	80.0
4945	80.0
4946	80.0
4947	80.0
4948	80.0
4949	80.0
4950	80.0
4951	80.0
4952	80.0
4953	80.0
4954	80.0
4955	80.0
4956	80.0
4957	80.0
4958	80.0
4959	80.0
4960	80.0
4961	80.0
4962	80.0
4963	80.0
4964	80.0
4965	80.0
4966	80.0
4967	80.0
4968	80.0
4969	80.0
4970	80.0
4971	80.0
4972	80.0
4973	80.0
4974	80.0
4975	80.0
4976	80.0
4977	80.0
4978	80.0
4979	80.0
4980	80.0
4981	80.0
4982	80.0
4983	80.0
4984	80.0
4985	80.0
4986	80.0
4987	80.0
4988	80.0
4989	80.0
4990	80.0
4991	80.0
4992	80.0
4993	80.0
4994	80.0
4995	80.0
4996	80.0
4997	80.0
4998	80.0
4999	80.0
5000	80.0
5001	80.0
5002	80.0
5003	80.0
5004	80.0
5005	80.0
5006	80.0
5007	80.0
5008	80.0
5009	80.0
5010	80.0
5011	80.0
5012	80.0
5013	80.0
5014	80.0
5015	80.0
5016	80.0
5017	80.0
5018	80.0
5019	80.0
5020	80.0
5021	80.0
5022	80.0
5023	80.0
5024	80.0
5025	80.0
5026	80.0
5027	80.0
5028	80.0
5029	80.0
5030	80.0
5031	80.0
5032	80.0
5033	80.0
5034	80.0
5035	80.0
5036	80.0
5037	80.0
5038	80.0
5039	80.0
5040	80.0
5041	80.0
5042	80.0
5043	80.0
5044	80.0
5045	80.0
5046	80.0
5047	80.0
5048	80.0
5049	80.0
5050	80.0
5051	80.0
5052	80.0
5053	80.0
5054	80.0
5055	80.0
5056	80.0
5057	80.0
5058	80.0
5059	80.0
5060	80.0
5061	80.0
5062	80.0
5063	80.0
5064	80.0
5065	80.0
5066	80.0
5067	80.0
5068	80.0
5069	80.0
5070	80.0
5071	80.0
5072	80.0
5073	80.0
5074	80.0
5075	80.0
5076	80.0
5077	80.0
5078	80.0
5079	80.0
5080	80.0
5081	80.0
5082	80.0
5083	80.0
5084	80.0
5085	80.0
5086	80.0
5087	80.0
5088	80.0
5089	80.0
5090	80.0
5091	80.0
5092	80.0
5093	80.0
5094	80.0
5095	80.0
5096	80.0
5097	80.0
5098	80.0
5099	80.0
5100	80.0
5101	80.0
5102	80.0
5103	80.0
5104	80.0
5105	80.0
5106	80.0
5107	80.0
5108	80.0
5109	80.0
5110	80.0
5111	80.0
5112	80.0
5113	80.0
5114	80.0
5115	80.0
5116	80.0
5117	80.0
5118	80.0
5119	80.0
5120	80.0
5121	80.0
5122	80.0
5123	80.0
5124	80.0
5125	80.0
5126	80.0
5127	80.0
5128	80.0
5129	80.0
5130	80.0
5131	80.0
5132	80.0
5133	80.0
5134	80.0
5135	80.0
5136	80.0
5137	80.0
5138	80.0
5139	80.0
5140	80.0
5141	80.0
5142	80.0
5143	80.0
5144	80.0
5145	80.0
5146	80.0
5147	80.0
5148	80.0
5149	80.0
5150	80.0
5151	80.0
5152	80.0
5153	80.0
5154	80.0
5155	80.0
5156	80.0
5157	80.0
5158	80.0
5159	80.0
5160	80.0
5161	80.0
5162	80.0
5163	80.0
5164	80.0
5165	80.0
5166	80.0
5167	80.0
5168	80.0
5169	80.0
5170	80.0
5171	80.0
5172	80.0
5173	80.0
5174	80.0
5175	80.0
5176	80.0
5177	80.0
5178	80.0
5179	80.0
5180	80.0
5181	80.0
5182	80.0
5183	80.0
5184	80.0
5185	80.0
5186	80.0
5187	80.0
5188	80.0
5189	80.0
5190	80.0
5191	80.0
5192	80.0
5193	80.0
5194	80.0
5195	80.0
5196	80.0
5197	80.0
5198	80.0
5199	80.0
5200	80.0
5201	80.0
5202	80.0
5203	80.0
5204	80.0
5205	80.0
5206	80.0
5207	80.0
5208	80.0
5209	80.0
5210	80.0
5211	80.0
5212	80.0
5213	80.0
5214	80.0
5215	80.0
5216	80.0
5217	80.0
5218	80.0
5219	80.0
5220	80.0
5221	80.0
5222	80.0
5223	80.0
5224	80.0
5225	80.0
5226	80.0
5227	80.0
5228	80.0
5229	80.0
5230	80.0
5231	80.0
5232	80.0
5233	80.0
5234	80.0
5235	80.0
5236	80.0
5237	80.0
5238	80.0
5239	80.0
5240	80.0
5241	80.0
5242	80.0
5243	80.0
5244	80.0
5245	80.0
5246	80.0
5247	80.0
5248	80.0
5249	80.0
5250	80.0
5251	80.0
5252	80.0
5253	80.0
5254	80.0
5255	80.0
5256	80.0
5257	80.0
5258	80.0
5259	80.0
5260	80.0
5261	80.0
5262	80.0
5263	80.0
5264	80.0
5265	80.0
5266	80.0
5267	80.0
5268	80.0
5269	80.0
5270	80.0
5271	80.0
5272	80.0
5273	80.0
5274	80.0
5275	80.0
5276	80.0
5277	80.0
5278	80.0
5279	80.0
5280	80.0
5281	80.0
5282	80.0
5283	80.0
5284	80.0
5285	80.0
5286	80.0
5287	80.0
5288	80.0
5289	80.0
5290	80.0
5291	80.0
5292	80.0
5293	80.0
5294	80.0
5295	80.0
5296	80.0
5297	80.0
5298	80.0
5299	80.0
5300	80.0
5301	80.0
5302	80.0
5303	80.0
5304	80.0
5305	80.0
5306	80.0
5307	80.0
5308	80.0
5309	80.0
5310	80.0
5311	80.0
5312	80.0
5313	80.0
5314	80.0
5315	80.0
5316	80.0
5317	80.0
5318	80.0
5319	80.0
5320	80.0
5321	80.0
5322	80.0
5323	80.0
5324	80.0
5325	80.0
5326	80.0
5327	80.0
5328	80.0
5329	80.0
5330	80.0
5331	80.0
5332	80.0
5333	80.0
5334	80.0
5335	80.0
5336	80.0
5337	80.0
5338	80.0
5339	80.0
5340	80.0
5341	80.0
5342	80.0
5343	80.0
5344	80.0
5345	80.0
5346	80.0
5347	80.0
5348	80.0
5349	80.0
5350	80.0
5351	80.0
5352	80.0
5353	80.0
5354	80.0
5355	80.0
5356	80.0
5357	80.0
5358	80.0
5359	80.0
5360	80.0
5361	80.0
5362	80.0
5363	80.0
5364	80.0
5365	80.0
5366	80.0
5367	80.0
5368	80.0
5369	80.0
5370	80.0
5371	80.0
5372	80.0
5373	80.0
5374	80.0
5375	80.0
5376	80.0
5377	80.0
5378	80.0
5379	80.0
5380	80.0
5381	80.0
5382	80.0
5383	80.0
5384	80.0
5385	80.0
5386	80.0
5387	80.0
5388	80.0
5389	80.0
5390	80.0
5391	80.0
5392	80.0
5393	80.0
5394	80.0
5395	80.0
5396	80.0
5397	80.0
5398	80.0
5399	80.0
5400	80.0
5401	80.0
5402	80.0
5403	80.0
5404	80.0
5405	80.0
5406	80.0
5407	80.0
5408	80.0
5409	80.0
5410	80.0
5411	80.0
5412	80.0
5413	80.0
5414	80.0
5415	80.0
5416	80.0
5417	80.0
5418	80.0
5419	80.0
5420	80.0
5421	80.0
5422	80.0
5423	80.0
5424	80.0
5425	80.0
5426	80.0
5427	80.0
5428	80.0
5429	80.0
5430	80.0
5431	80.0
5432	80.0
5433	80.0
5434	80.0
5435	80.0
5436	80.0
5437	80.0
5438	80.0
5439	80.0
5440	80.0
5441	80.0
5442	80.0
5443	80.0
5444	80.0
5445	80.0
5446	80.0
5447	80.0
5448	80.0
5449	80.0
5450	80.0
5451	80.0
5452	80.0
5453	80.0
5454	80.0
5455	80.0
5456	80.0
5457	80.0
5458	80.0
5459	80.0
5460	80.0
5461	80.0
5462	80.0
5463	80.0
5464	80.0
5465	80.0
5466	80.0
5467	80.0
5468	80.0
5469	80.0
5470	80.0
5471	80.0
5472	80.0
5473	80.0
5474	80.0
5475	80.0
5476	80.0
5477	80.0
5478	80.0
5479	80.0
5480	80.0
5481	80.0
5482	80.0
5483	80.0
5484	80.0
5485	80.0
5486	80.0
5487	80.0
5488	80.0
5489	80.0
5490	80.0
5491	80.0
5492	80.0
5493	80.0
5494	80.0
5495	80.0
5496	80.0
5497	80.0
5498	80.0
5499	80.0
5500	80.0
5501	80.0
5502	80.0
5503	80.0
5504	80.0
5505	80.0
5506	80.0
5507	80.0
5508	80.0
5509	80.0
5510	80.0
5511	80.0
5512	80.0
5513	80.0
5514	80.0
5515	80.0
5516	80.0
5517	80.0
5518	80.0
5519	80.0
5520	80.0
5521	80.0
5522	80.0
5523	80.0
5524	80.0
5525	80.0
5526	80.0
5527	80.0
5528	80.0
5529	80.0
5530	80.0
5531	80.0
5532	80.0
5533	80.0
5534	80.0
5535	80.0
5536	80.0
5537	80.0
5538	80.0
5539	80.0
5540	80.0
5541	80.0
5542	80.0
5543	80.0
5544	80.0
5545	80.0
5546	80.0
5547	80.0
5548	80.0
5549	80.0
5550	80.0
5551	80.0
5552	80.0
5553	80.0
5554	80.0
5555	80.0
5556	80.0
5557	80.0
5558	80.0
5559	80.0
5560	80.0
5561	80.0
5562	80.0
5563	80.0
5564	80.0
5565	80.0
5566	80.0
5567	80.0
5568	80.0
5569	80.0
5570	80.0
5571	80.0
5572	80.0
5573	80.0
5574	80.0
5575	80.0
5576	80.0
5577	80.0
5578	80.0
5579	80.0
5580	80.0
5581	80.0
5582	80.0
5583	80.0
5584	80.0
5585	80.0
5586	80.0
5587	80.0
5588	80.0
5589	80.0
5590	80.0
5591	80.0
5592	80.0
5593	80.0
5594	80.0
5595	80.0
5596	80.0
5597	80.0
5598	80.0
5599	80.0
5600	80.0
5601	80.0
5602	80.0
5603	80.0
5604	80.0
5605	80.0
5606	80.0
5607	80.0
5608	80.0
5609	80.0
5610	80.0
5611	80.0
5612	80.0
5613	80.0
5614	80.0
5615	80.0
5616	80.0
5617	80.0
5618	80.0
5619	80.0
5620	80.0
5621	80.0
5622	80.0
5623	80.0
5624	80.0
5625	80.0
5626	80.0
5627	80.0
5628	80.0
5629	80.0
5630	80.0
5631	80.0
5632	80.0
5633	80.0
5634	80.0
5635	80.0
5636	80.0
5637	80.0
5638	80.0
5639	80.0
5640	80.0
5641	80.0
5642	80.0
5643	80.0
5644	80.0
5645	80.0
5646	80.0
5647	80.0
5648	80.0
5649	80.0
5650	80.0
5651	80.0
5652	80.0
5653	80.0
5654	80.0
5655	80.0
5656	80.0
5657	80.0
5658	80.0
5659	80.0
5660	80.0
5661	80.0
5662	80.0
5663	80.0
5664	80.0
5665	80.0
5666	80.0
5667	80.0
5668	80.0
5669	80.0
5670	80.0
5671	80.0
5672	80.0
5673	80.0
5674	80.0
5675	80.0
5676	80.0
5677	80.0
5678	80.0
5679	80.0
5680	80.0
5681	80.0
5682	80.0
5683	80.0
5684	80.0
5685	80.0
5686	80.0
5687	80.0
5688	80.0
5689	80.0
5690	80.0
5691	80.0
5692	80.0
5693	80.0
5694	80.0
5695	80.0
5696	80.0
5697	80.0
5698	80.0
5699	80.0
5700	80.0
5701	80.0
5702	80.0
5703	80.0
5704	80.0
5705	80.0
5706	80.0
5707	80.0
5708	80.0
5709	80.0
5710	80.0
5711	80.0
5712	80.0
5713	80.0
5714	80.0
5715	80.0
5716	80.0
5717	80.0
5718	80.0
5719	80.0
5720	80.0
5721	80.0
5722	80.0
5723	80.0
5724	80.0
5725	80.0
5726	80.0
5727	80.0
5728	80.0
5729	80.0
5730	80.0
5731	80.0
5732	80.0
5733	80.0
5734	80.0
5735	80.0
5736	80.0
5737	80.0
5738	80.0
5739	80.0
5740	80.0
5741	80.0
5742	80.0
5743	80.0
5744	80.0
5745	80.0
5746	80.0
5747	80.0
5748	80.0
5749	80.0
5750	80.0
5751	80.0
5752	80.0
5753	80.0
5754	80.0
5755	80.0
5756	80.0
5757	80.0
5758	80.0
5759	80.0
5760	80.0
5761	80.0
5762	80.0
5763	80.0
5764	80.0
5765	80.0
5766	80.0
5767	80.0
5768	80.0
5769	80.0
5770	80.0
5771	80.0
5772	80.0
5773	80.0
5774	80.0
5775	80.0
5776	80.0
5777	80.0
5778	80.0
5779	80.0
5780	80.0
5781	80.0
5782	80.0
5783	80.0
5784	80.0
5785	80.0
5786	80.0
5787	80.0
5788	80.0
5789	80.0
5790	80.0
5791	80.0
5792	80.0
5793	80.0
5794	80.0
5795	80.0
5796	80.0
5797	80.0
5798	80.0
5799	80.0
5800	80.0
5801	80.0
5802	80.0
5803	80.0
5804	80.0
5805	80.0
5806	80.0
5807	80.0
5808	80.0
5809	80.0
5810	80.0
5811	80.0
5812	80.0
5813	80.0
5814	80.0
5815	80.0
5816	80.0
5817	80.0
5818	80.0
5819	80.0
5820	80.0
5821	80.0
5822	80.0
5823	80.0
5824	80.0
5825	80.0
5826	80.0
5827	80.0
5828	80.0
5829	80.0
5830	80.0
5831	80.0
5832	80.0
5833	80.0
5834	80.0
5835	80.0
5836	80.0
5837	80.0
5838	80.0
5839	80.0
5840	80.0
5841	80.0
5842	80.0
5843	80.0
5844	80.0
5845	80.0
5846	80.0
5847	80.0
5848	80.0
5849	80.0
5850	80.0
5851	80.0
5852	80.0
5853	80.0
5854	80.0
5855	80.0
5856	80.0
5857	80.0
5858	80.0
5859	80.0
5860	80.0
5861	80.0
5862	80.0
5863	80.0
5864	80.0
5865	80.0
5866	80.0
5867	80.0
5868	80.0
5869	80.0
5870	80.0
5871	80.0
5872	80.0
5873	80.0
5874	80.0
5875	80.0
5876	80.0
5877	80.0
5878	80.0
5879	80.0
5880	80.0
5881	80.0
5882	80.0
5883	80.0
5884	80.0
5885	80.0
5886	80.0
5887	80.0
5888	80.0
5889	80.0
5890	80.0
5891	80.0
5892	80.0
5893	80.0
5894	80.0
5895	80.0
5896	80.0
5897	80.0
5898	80.0
5899	80.0
5900	80.0
5901	80.0
5902	80.0
5903	80.0
5904	80.0
5905	80.0
5906	80.0
5907	80.0
5908	80.0
5909	80.0
5910	80.0
5911	80.0
5912	80.0
5913	80.0
5914	80.0
5915	80.0
5916	80.0
5917	80.0
5918	80.0
5919	80.0
5920	80.0
5921	80.0
5922	80.0
5923	80.0
5924	80.0
5925	80.0
5926	80.0
5927	80.0
5928	80.0
5929	80.0
5930	80.0
5931	80.0
5932	80.0
5933	80.0
5934	80.0
5935	80.0
5936	80.0
5937	80.0
5938	80.0
5939	80.0
5940	80.0
5941	80.0
5942	80.0
5943	80.0
5944	80.0
5945	80.0
5946	80.0
5947	80.0
5948	80.0
5949	80.0
5950	80.0
5951	80.0
5952	80.0
5953	80.0
5954	80.0
5955	80.0
5956	80.0
5957	80.0
5958	80.0
5959	80.0
5960	80.0
5961	80.0
5962	80.0
5963	80.0
5964	80.0
5965	80.0
5966	80.0
5967	80.0
5968	80.0
5969	80.0
5970	80.0
5971	80.0
5972	80.0
5973	80.0
5974	80.0
5975	80.0
5976	80.0
5977	80.0
5978	80.0
5979	80.0
5980	80.0
5981	80.0
5982	80.0
5983	80.0
5984	80.0
5985	80.0
5986	80.0
5987	80.0
5988	80.0
5989	80.0
5990	80.0
5991	80.0
5992	80.0
5993	80.0
