0	48.5
1	48.5
2	48.5
3	48.5
4	48.5
5	48.5
6	48.5
7	48.5
8	48.5
9	48.5
10	48.5
11	48.5
12	48.5
13	48.5
14	48.5
15	48.5
16	48.5
17	48.5
18	48.5
19	48.5
20	48.5
21	48.5
22	48.5
23	48.5
24	48.5
25	48.5
26	48.5
27	48.5
28	48.5
29	48.5
30	48.5
31	48.5
32	48.5
33	48.5
34	48.5
35	48.5
36	48.5
37	48.5
38	48.5
39	48.5
40	48.5
41	48.5
42	48.5
43	48.5
44	48.5
45	48.5
46	48.5
47	48.5
48	48.5
49	48.5
50	48.5
51	48.5
52	48.5
53	48.5
54	48.5
55	48.5
56	48.5
57	48.5
58	48.5
59	48.5
60	48.5
61	48.5
62	48.5
63	48.5
64	48.5
65	48.5
66	48.5
67	48.5
68	48.5
69	48.5
70	48.5
71	48.5
72	48.5
73	48.5
74	48.5
75	48.5
76	48.5
77	48.5
78	48.5
79	48.5
80	48.5
81	48.5
82	48.5
83	48.5
84	48.5
85	48.5
86	48.5
87	48.5
88	48.5
89	48.5
90	48.5
91	48.5
92	48.5
93	48.5
94	48.5
95	48.5
96	48.5
97	48.5
98	48.5
99	48.5
100	48.5
101	48.5
102	48.5
103	48.5
104	48.5
105	48.5
106	48.5
107	48.5
108	48.5
109	48.5
110	48.5
111	48.5
112	48.5
113	48.5
114	48.5
115	48.5
116	48.5
117	48.5
118	48.5
119	48.5
120	48.5
121	48.5
122	48.5
123	48.5
124	48.5
125	48.5
126	48.5
127	48.5
128	48.5
129	48.5
130	48.5
131	48.5
132	48.5
133	48.5
134	48.5
135	48.5
136	48.5
137	48.5
138	48.5
139	48.5
140	48.5
141	48.5
142	48.5
143	48.5
144	48.5
145	48.5
146	48.5
147	48.5
148	48.5
149	48.5
150	48.5
151	48.5
152	48.5
153	48.5
154	48.5
155	48.5
156	48.5
157	48.5
158	48.5
159	48.5
160	48.5
161	48.5
162	48.5
163	48.5
164	48.5
165	48.5
166	48.5
167	48.5
168	48.5
169	48.5
170	48.5
171	48.5
172	48.5
173	48.5
174	48.5
175	48.5
176	48.5
177	48.5
178	48.5
179	48.5
180	48.5
181	48.5
182	48.5
183	48.5
184	48.5
185	48.5
186	48.5
187	48.5
188	48.5
189	48.5
190	48.5
191	48.5
192	48.5
193	48.5
194	48.5
195	48.5
196	48.5
197	48.5
198	48.5
199	48.5
200	48.5
201	48.5
202	48.5
203	48.5
204	48.5
205	48.5
206	48.5
207	48.5
208	48.5
209	48.5
210	48.5
211	48.5
212	48.5
213	48.5
214	48.5
215	48.5
216	48.5
217	48.5
218	48.5
219	48.5
220	48.5
221	48.5
222	48.5
223	48.5
224	48.5
225	48.5
226	48.5
227	48.5
228	48.5
229	48.5
230	48.5
231	48.5
232	48.5
233	48.5
234	48.5
235	48.5
236	48.5
237	48.5
238	48.5
239	48.5
240	48.5
241	48.5
242	48.5
243	48.5
244	48.5
245	48.5
246	48.5
247	48.5
248	48.5
249	48.5
250	48.5
251	48.5
252	48.5
253	48.5
254	48.5
255	48.5
256	48.5
257	48.5
258	48.5
259	48.5
260	48.5
261	48.5
262	48.5
263	48.5
264	48.5
265	48.5
266	48.5
267	48.5
268	48.5
269	48.5
270	48.5
271	48.5
272	48.5
273	48.5
274	48.5
275	48.5
276	48.5
277	48.5
278	48.5
279	48.5
280	48.5
281	48.5
282	48.5
283	48.5
284	48.5
285	48.5
286	48.5
287	48.5
288	48.5
289	48.5
290	48.5
291	48.5
292	48.5
293	48.5
294	48.5
295	48.5
296	48.5
297	48.5
298	48.5
299	48.5
300	48.5
301	48.5
302	48.5
303	48.5
304	48.5
305	48.5
306	48.5
307	48.5
308	48.5
309	48.5
310	48.5
311	48.5
312	48.5
313	48.5
314	48.5
315	48.5
316	48.5
317	48.5
318	48.5
319	48.5
320	48.5
321	48.5
322	48.5
323	48.5
324	48.5
325	48.5
326	48.5
327	48.5
328	48.5
329	48.5
330	48.5
331	48.5
332	48.5
333	48.5
334	48.5
335	48.5
336	48.5
337	48.5
338	48.5
339	48.5
340	48.5
341	48.5
342	48.5
343	48.5
344	48.5
345	48.5
346	48.5
347	48.5
348	48.5
349	48.5
350	48.5
351	48.5
352	48.5
353	48.5
354	48.5
355	48.5
356	48.5
357	48.5
358	48.5
359	48.5
360	48.5
361	48.5
362	48.5
363	48.5
364	48.5
365	48.5
366	48.5
367	48.5
368	48.5
369	48.5
370	48.5
371	48.5
372	48.5
373	48.5
374	48.5
375	48.5
376	48.5
377	48.5
378	48.5
379	48.5
380	48.5
381	48.5
382	48.5
383	48.5
384	48.5
385	48.5
386	48.5
387	48.5
388	48.5
389	48.5
390	48.5
391	48.5
392	48.5
393	48.5
394	48.5
395	48.5
396	48.5
397	48.5
398	48.5
399	48.5
400	48.5
401	48.5
402	48.5
403	48.5
404	48.5
405	48.5
406	48.5
407	48.5
408	48.5
409	48.5
410	48.5
411	48.5
412	48.5
413	48.5
414	48.5
415	48.5
416	48.5
417	48.5
418	48.5
419	48.5
420	48.5
421	48.5
422	48.5
423	48.5
424	48.5
425	48.5
426	48.5
427	48.5
428	48.5
429	48.5
430	48.5
431	48.5
432	48.5
433	48.5
434	48.5
435	48.5
436	48.5
437	48.5
438	48.5
439	48.5
440	48.5
441	48.5
442	48.5
443	48.5
444	48.5
445	48.5
446	48.5
447	48.5
448	48.5
449	48.5
450	48.5
451	48.5
452	48.5
453	48.5
454	48.5
455	48.5
456	48.5
457	48.5
458	48.5
459	48.5
460	48.5
461	48.5
462	48.5
463	48.5
464	48.5
465	48.5
466	48.5
467	48.5
468	48.5
469	48.5
470	48.5
471	48.5
472	48.5
473	48.5
474	48.5
475	48.5
476	48.5
477	48.5
478	48.5
479	48.5
480	48.5
481	48.5
482	48.5
483	48.5
484	48.5
485	48.5
486	48.5
487	48.5
488	48.5
489	48.5
490	48.5
491	48.5
492	48.5
493	48.5
494	48.5
495	48.5
496	48.5
497	48.5
498	48.5
499	48.5
500	48.5
501	48.5
502	48.5
503	48.5
504	48.5
505	48.5
506	48.5
507	48.5
508	48.5
509	48.5
510	48.5
511	48.5
512	48.5
513	48.5
514	48.5
515	48.5
516	48.5
517	48.5
518	48.5
519	48.5
520	48.5
521	48.5
522	48.5
523	48.5
524	48.5
525	48.5
526	48.5
527	48.5
528	48.5
529	48.5
530	48.5
531	48.5
532	48.5
533	48.5
534	48.5
535	48.5
536	48.5
537	48.5
538	48.5
539	48.5
540	48.5
541	48.5
542	48.5
543	48.5
544	48.5
545	48.5
546	48.5
547	48.5
548	48.5
549	48.5
550	48.5
551	48.5
552	48.5
553	48.5
554	48.5
555	48.5
556	48.5
557	48.5
558	48.5
559	48.5
560	48.5
561	48.5
562	48.5
563	48.5
564	48.5
565	48.5
566	48.5
567	48.5
568	48.5
569	48.5
570	48.5
571	48.5
572	48.5
573	48.5
574	48.5
575	48.5
576	48.5
577	48.5
578	48.5
579	48.5
580	48.5
581	48.5
582	48.5
583	48.5
584	48.5
585	48.5
586	48.5
587	48.5
588	48.5
589	48.5
590	48.5
591	48.5
592	48.5
593	48.5
594	48.5
595	48.5
596	48.5
597	48.5
598	48.5
599	48.5
600	48.5
601	48.5
602	48.5
603	48.5
604	48.5
605	48.5
606	48.5
607	48.5
608	48.5
609	48.5
610	48.5
611	48.5
612	48.5
613	48.5
614	48.5
615	48.5
616	48.5
617	48.5
618	48.5
619	48.5
620	48.5
621	48.5
622	48.5
623	48.5
624	48.5
625	48.5
626	48.5
627	48.5
628	48.5
629	48.5
630	48.5
631	48.5
632	48.5
633	48.5
634	48.5
635	48.5
636	48.5
637	48.5
638	48.5
639	48.5
640	48.5
641	48.5
642	48.5
643	48.5
644	48.5
645	48.5
646	48.5
647	48.5
648	48.5
649	48.5
650	48.5
651	48.5
652	48.5
653	48.5
654	48.5
655	48.5
656	48.5
657	48.5
658	48.5
659	48.5
660	48.5
661	48.5
662	48.5
663	48.5
664	48.5
665	48.5
666	48.5
667	48.5
668	48.5
669	48.5
670	48.5
671	48.5
672	48.5
673	48.5
674	48.5
675	48.5
676	48.5
677	48.5
678	48.5
679	48.5
680	48.5
681	48.5
682	48.5
683	48.5
684	48.5
685	48.5
686	48.5
687	48.5
688	48.5
689	48.5
690	48.5
691	48.5
692	48.5
693	48.5
694	48.5
695	48.5
696	48.5
697	48.5
698	48.5
699	48.5
700	48.5
701	48.5
702	48.5
703	48.5
704	48.5
705	48.5
706	48.5
707	48.5
708	48.5
709	48.5
710	48.5
711	48.5
712	48.5
713	48.5
714	48.5
715	48.5
716	48.5
717	48.5
718	48.5
719	48.5
720	48.5
721	48.5
722	48.5
723	48.5
724	48.5
725	48.5
726	48.5
727	48.5
728	48.5
729	48.5
730	48.5
731	48.5
732	48.5
733	48.5
734	48.5
735	48.5
736	48.5
737	48.5
738	48.5
739	48.5
740	48.5
741	48.5
742	48.5
743	48.5
744	48.5
745	48.5
746	48.5
747	48.5
748	48.5
749	48.5
750	48.5
751	48.5
752	48.5
753	48.5
754	48.5
755	48.5
756	48.5
757	48.5
758	48.5
759	48.5
760	48.5
761	48.5
762	48.5
763	48.5
764	48.5
765	48.5
766	48.5
767	48.5
768	48.5
769	48.5
770	48.5
771	48.5
772	48.5
773	48.5
774	48.5
775	48.5
776	48.5
777	48.5
778	48.5
779	48.5
780	48.5
781	48.5
782	48.5
783	48.5
784	48.5
785	48.5
786	48.5
787	48.5
788	48.5
789	48.5
790	48.5
791	48.5
792	48.5
793	48.5
794	48.5
795	48.5
796	48.5
797	48.5
798	48.5
799	48.5
800	48.5
801	48.5
802	48.5
803	48.5
804	48.5
805	48.5
806	48.5
807	48.5
808	48.5
809	48.5
810	48.5
811	48.5
812	48.5
813	48.5
814	48.5
815	48.5
816	48.5
817	48.5
818	48.5
819	48.5
820	48.5
821	48.5
822	48.5
823	48.5
824	48.5
825	48.5
826	48.5
827	48.5
828	48.5
829	48.5
830	48.5
831	48.5
832	48.5
833	48.5
834	48.5
835	48.5
836	48.5
837	48.5
838	48.5
839	48.5
840	48.5
841	48.5
842	48.5
843	48.5
844	48.5
845	48.5
846	48.5
847	48.5
848	48.5
849	48.5
850	48.5
851	48.5
852	48.5
853	48.5
854	48.5
855	48.5
856	48.5
857	48.5
858	48.5
859	48.5
860	48.5
861	48.5
862	48.5
863	48.5
864	48.5
865	48.5
866	48.5
867	48.5
868	48.5
869	48.5
870	48.5
871	48.5
872	48.5
873	48.5
874	48.5
875	48.5
876	48.5
877	48.5
878	48.5
879	48.5
880	48.5
881	48.5
882	48.5
883	48.5
884	48.5
885	48.5
886	48.5
887	48.5
888	48.5
889	48.5
890	48.5
891	48.5
892	48.5
893	48.5
894	48.5
895	48.5
896	48.5
897	48.5
898	48.5
899	48.5
900	48.5
901	48.5
902	48.5
903	48.5
904	48.5
905	48.5
906	48.5
907	48.5
908	48.5
909	48.5
910	48.5
911	48.5
912	48.5
913	48.5
914	48.5
915	48.5
916	48.5
917	48.5
918	48.5
919	48.5
920	48.5
921	48.5
922	48.5
923	48.5
924	48.5
925	48.5
926	48.5
927	48.5
928	48.5
929	48.5
930	48.5
931	48.5
932	48.5
933	48.5
934	48.5
935	48.5
936	48.5
937	48.5
938	48.5
939	48.5
940	48.5
941	48.5
942	48.5
943	48.5
944	48.5
945	48.5
946	48.5
947	48.5
948	48.5
949	48.5
950	48.5
951	48.5
952	48.5
953	48.5
954	48.5
955	48.5
956	48.5
957	48.5
958	48.5
959	48.5
960	48.5
961	48.5
962	48.5
963	48.5
964	48.5
965	48.5
966	48.5
967	48.5
968	48.5
969	48.5
970	48.5
971	48.5
972	48.5
973	48.5
974	48.5
975	48.5
976	48.5
977	48.5
978	48.5
979	48.5
980	48.5
981	48.5
982	48.5
983	48.5
984	48.5
985	48.5
986	48.5
987	48.5
988	48.5
989	48.5
990	48.5
991	48.5
992	48.5
993	48.5
994	48.5
995	48.5
996	48.5
997	48.5
998	48.5
999	48.5
1000	48.5
1001	48.5
1002	48.5
1003	48.5
1004	48.5
1005	48.5
1006	48.5
1007	48.5
1008	48.5
1009	48.5
1010	48.5
1011	48.5
1012	48.5
1013	48.5
1014	48.5
1015	48.5
1016	48.5
1017	48.5
1018	48.5
1019	48.5
1020	48.5
1021	48.5
1022	48.5
1023	48.5
1024	48.5
1025	48.5
1026	48.5
1027	48.5
1028	48.5
1029	48.5
1030	48.5
1031	48.5
1032	48.5
1033	48.5
1034	48.5
1035	48.5
1036	48.5
1037	48.5
1038	48.5
1039	48.5
1040	48.5
1041	48.5
1042	48.5
1043	48.5
1044	48.5
1045	48.5
1046	48.5
1047	48.5
1048	48.5
1049	48.5
1050	48.5
1051	48.5
1052	48.5
1053	48.5
1054	48.5
1055	48.5
1056	48.5
1057	48.5
1058	48.5
1059	48.5
1060	48.5
1061	48.5
1062	48.5
1063	48.5
1064	48.5
1065	48.5
1066	48.5
1067	48.5
1068	48.5
1069	48.5
1070	48.5
1071	48.5
1072	48.5
1073	48.5
1074	48.5
1075	48.5
1076	48.5
1077	48.5
1078	48.5
1079	48.5
1080	48.5
1081	48.5
1082	48.5
1083	48.5
1084	48.5
1085	48.5
1086	48.5
1087	48.5
1088	48.5
1089	48.5
1090	48.5
1091	48.5
1092	48.5
1093	48.5
1094	48.5
1095	48.5
1096	48.5
1097	48.5
1098	48.5
1099	48.5
1100	48.5
1101	48.5
1102	48.5
1103	48.5
1104	48.5
1105	48.5
1106	48.5
1107	48.5
1108	48.5
1109	48.5
1110	48.5
1111	48.5
1112	48.5
1113	48.5
1114	48.5
1115	48.5
1116	48.5
1117	48.5
1118	48.5
1119	48.5
1120	48.5
1121	48.5
1122	48.5
1123	48.5
1124	48.5
1125	48.5
1126	48.5
1127	48.5
1128	48.5
1129	48.5
1130	48.5
1131	48.5
1132	48.5
1133	48.5
1134	48.5
1135	48.5
1136	48.5
1137	48.5
1138	48.5
1139	48.5
1140	48.5
1141	48.5
1142	48.5
1143	48.5
1144	48.5
1145	48.5
1146	48.5
1147	48.5
1148	48.5
1149	48.5
1150	48.5
1151	48.5
1152	48.5
1153	48.5
1154	48.5
1155	48.5
1156	48.5
1157	48.5
1158	48.5
1159	48.5
1160	48.5
1161	48.5
1162	48.5
1163	48.5
1164	48.5
1165	48.5
1166	48.5
1167	48.5
1168	48.5
1169	48.5
1170	48.5
1171	48.5
1172	48.5
1173	48.5
1174	48.5
1175	48.5
1176	48.5
1177	48.5
1178	48.5
1179	48.5
1180	48.5
1181	48.5
1182	48.5
1183	48.5
1184	48.5
1185	48.5
1186	48.5
1187	48.5
1188	48.5
1189	48.5
1190	48.5
1191	48.5
1192	48.5
1193	48.5
1194	48.5
1195	48.5
1196	48.5
1197	48.5
1198	48.5
1199	48.5
1200	48.5
1201	48.5
1202	48.5
1203	48.5
1204	48.5
1205	48.5
1206	48.5
1207	48.5
1208	48.5
1209	48.5
1210	48.5
1211	48.5
1212	48.5
1213	48.5
1214	48.5
1215	48.5
1216	48.5
1217	48.5
1218	48.5
1219	48.5
1220	48.5
1221	48.5
1222	48.5
1223	48.5
1224	48.5
1225	48.5
1226	48.5
1227	48.5
1228	48.5
1229	48.5
1230	48.5
1231	48.5
1232	48.5
1233	48.5
1234	48.5
1235	48.5
1236	48.5
1237	48.5
1238	48.5
1239	48.5
1240	48.5
1241	48.5
1242	48.5
1243	48.5
1244	48.5
1245	48.5
1246	48.5
1247	48.5
1248	48.5
1249	48.5
1250	48.5
1251	48.5
1252	48.5
1253	48.5
1254	48.5
1255	48.5
1256	48.5
1257	48.5
1258	48.5
1259	48.5
1260	48.5
1261	48.5
1262	48.5
1263	48.5
1264	48.5
1265	48.5
1266	48.5
1267	48.5
1268	48.5
1269	48.5
1270	48.5
1271	48.5
1272	48.5
1273	48.5
1274	48.5
1275	48.5
1276	48.5
1277	48.5
1278	48.5
1279	48.5
1280	48.5
1281	48.5
1282	48.5
1283	48.5
1284	48.5
1285	48.5
1286	48.5
1287	48.5
1288	48.5
1289	48.5
1290	48.5
1291	48.5
1292	48.5
1293	48.5
1294	48.5
1295	48.5
1296	48.5
1297	48.5
1298	48.5
1299	48.5
1300	48.5
1301	48.5
1302	48.5
1303	48.5
1304	48.5
1305	48.5
1306	48.5
1307	48.5
1308	48.5
1309	48.5
1310	48.5
1311	48.5
1312	48.5
1313	48.5
1314	48.5
1315	48.5
1316	48.5
1317	48.5
1318	48.5
1319	48.5
1320	48.5
1321	48.5
1322	48.5
1323	48.5
1324	48.5
1325	48.5
1326	48.5
1327	48.5
1328	48.5
1329	48.5
1330	48.5
1331	48.5
1332	48.5
1333	48.5
1334	48.5
1335	48.5
1336	48.5
1337	48.5
1338	48.5
1339	48.5
1340	48.5
1341	48.5
1342	48.5
1343	48.5
1344	48.5
1345	48.5
1346	48.5
1347	48.5
1348	48.5
1349	48.5
1350	48.5
1351	48.5
1352	48.5
1353	48.5
1354	48.5
1355	48.5
1356	48.5
1357	48.5
1358	48.5
1359	48.5
1360	48.5
1361	48.5
1362	48.5
1363	48.5
1364	48.5
1365	48.5
1366	48.5
1367	48.5
1368	48.5
1369	48.5
1370	48.5
1371	48.5
1372	48.5
1373	48.5
1374	48.5
1375	48.5
1376	48.5
1377	48.5
1378	48.5
1379	48.5
1380	48.5
1381	48.5
1382	48.5
1383	48.5
1384	48.5
1385	48.5
1386	48.5
1387	48.5
1388	48.5
1389	48.5
1390	48.5
1391	48.5
1392	48.5
1393	48.5
1394	48.5
1395	48.5
1396	48.5
1397	48.5
1398	48.5
1399	48.5
1400	48.5
1401	48.5
1402	48.5
1403	48.5
1404	48.5
1405	48.5
1406	48.5
1407	48.5
1408	48.5
1409	48.5
1410	48.5
1411	48.5
1412	48.5
1413	48.5
1414	48.5
1415	48.5
1416	48.5
1417	48.5
1418	48.5
1419	48.5
1420	48.5
1421	48.5
1422	48.5
1423	48.5
1424	48.5
1425	48.5
1426	48.5
1427	48.5
1428	48.5
1429	48.5
1430	48.5
1431	48.5
1432	48.5
1433	48.5
1434	48.5
1435	48.5
1436	48.5
1437	48.5
1438	48.5
1439	48.5
1440	48.5
1441	48.5
1442	48.5
1443	48.5
1444	48.5
1445	48.5
1446	48.5
1447	48.5
1448	48.5
1449	48.5
1450	48.5
1451	48.5
1452	48.5
1453	48.5
1454	48.5
1455	48.5
1456	48.5
1457	48.5
1458	48.5
1459	48.5
1460	48.5
1461	48.5
1462	48.5
1463	48.5
1464	48.5
1465	48.5
1466	48.5
1467	48.5
1468	48.5
1469	48.5
1470	48.5
1471	48.5
1472	48.5
1473	48.5
1474	48.5
1475	48.5
1476	48.5
1477	48.5
1478	48.5
1479	48.5
1480	48.5
1481	48.5
1482	48.5
1483	48.5
1484	48.5
1485	48.5
1486	48.5
1487	48.5
1488	48.5
1489	48.5
1490	48.5
1491	48.5
1492	48.5
1493	48.5
1494	48.5
1495	48.5
1496	48.5
1497	48.5
1498	48.5
1499	48.5
1500	48.5
1501	48.5
1502	48.5
1503	48.5
1504	48.5
1505	48.5
1506	48.5
1507	48.5
1508	48.5
1509	48.5
1510	48.5
1511	48.5
1512	48.5
1513	48.5
1514	48.5
1515	48.5
1516	48.5
1517	48.5
1518	48.5
1519	48.5
1520	48.5
1521	48.5
1522	48.5
1523	48.5
1524	48.5
1525	48.5
1526	48.5
1527	48.5
1528	48.5
1529	48.5
1530	48.5
1531	48.5
1532	48.5
1533	48.5
1534	48.5
1535	48.5
1536	48.5
1537	48.5
1538	48.5
1539	48.5
1540	48.5
1541	48.5
1542	48.5
1543	48.5
1544	48.5
1545	48.5
1546	48.5
1547	48.5
1548	48.5
1549	48.5
1550	48.5
1551	48.5
1552	48.5
1553	48.5
1554	48.5
1555	48.5
1556	48.5
1557	48.5
1558	48.5
1559	48.5
1560	48.5
1561	48.5
1562	48.5
1563	48.5
1564	48.5
1565	48.5
1566	48.5
1567	48.5
1568	48.5
1569	48.5
1570	48.5
1571	48.5
1572	48.5
1573	48.5
1574	48.5
1575	48.5
1576	48.5
1577	48.5
1578	48.5
1579	48.5
1580	48.5
1581	48.5
1582	48.5
1583	48.5
1584	48.5
1585	48.5
1586	48.5
1587	48.5
1588	48.5
1589	48.5
1590	48.5
1591	48.5
1592	48.5
1593	48.5
1594	48.5
1595	48.5
1596	48.5
1597	48.5
1598	48.5
1599	48.5
1600	48.5
1601	48.5
1602	48.5
1603	48.5
1604	48.5
1605	48.5
1606	48.5
1607	48.5
1608	48.5
1609	48.5
1610	48.5
1611	48.5
1612	48.5
1613	48.5
1614	48.5
1615	48.5
1616	48.5
1617	48.5
1618	48.5
1619	48.5
1620	48.5
1621	48.5
1622	48.5
1623	48.5
1624	48.5
1625	48.5
1626	48.5
1627	48.5
1628	48.5
1629	48.5
1630	48.5
1631	48.5
1632	48.5
1633	48.5
1634	48.5
1635	48.5
1636	48.5
1637	48.5
1638	48.5
1639	48.5
1640	48.5
1641	48.5
1642	48.5
1643	48.5
1644	48.5
1645	48.5
1646	48.5
1647	48.5
1648	48.5
1649	48.5
1650	48.5
1651	48.5
1652	48.5
1653	48.5
1654	48.5
1655	48.5
1656	48.5
1657	48.5
1658	48.5
1659	48.5
1660	48.5
1661	48.5
1662	48.5
1663	48.5
1664	48.5
1665	48.5
1666	48.5
1667	48.5
1668	48.5
1669	48.5
1670	48.5
1671	48.5
1672	48.5
1673	48.5
1674	48.5
1675	48.5
1676	48.5
1677	48.5
1678	48.5
1679	48.5
1680	48.5
1681	48.5
1682	48.5
1683	48.5
1684	48.5
1685	48.5
1686	48.5
1687	48.5
1688	48.5
1689	48.5
1690	48.5
1691	48.5
1692	48.5
1693	48.5
1694	48.5
1695	48.5
1696	48.5
1697	48.5
1698	48.5
1699	48.5
1700	48.5
1701	48.5
1702	48.5
1703	48.5
1704	48.5
1705	48.5
1706	48.5
1707	48.5
1708	48.5
1709	48.5
1710	48.5
1711	48.5
1712	48.5
1713	48.5
1714	48.5
1715	48.5
1716	48.5
1717	48.5
1718	48.5
1719	48.5
1720	48.5
1721	48.5
1722	48.5
1723	48.5
1724	48.5
1725	48.5
1726	48.5
1727	48.5
1728	48.5
1729	48.5
1730	48.5
1731	48.5
1732	48.5
1733	48.5
1734	48.5
1735	48.5
1736	48.5
1737	48.5
1738	48.5
1739	48.5
1740	48.5
1741	48.5
1742	48.5
1743	48.5
1744	48.5
1745	48.5
1746	48.5
1747	48.5
1748	48.5
1749	48.5
1750	48.5
1751	48.5
1752	48.5
1753	48.5
1754	48.5
1755	48.5
1756	48.5
1757	48.5
1758	48.5
1759	48.5
1760	48.5
1761	48.5
1762	48.5
1763	48.5
1764	48.5
1765	48.5
1766	48.5
1767	48.5
1768	48.5
1769	48.5
1770	48.5
1771	48.5
1772	48.5
1773	48.5
1774	48.5
1775	48.5
1776	48.5
1777	48.5
1778	48.5
1779	48.5
1780	48.5
1781	48.5
1782	48.5
1783	48.5
1784	48.5
1785	48.5
1786	48.5
1787	48.5
1788	48.5
1789	48.5
1790	48.5
1791	48.5
1792	48.5
1793	48.5
1794	48.5
1795	48.5
1796	48.5
1797	48.5
1798	48.5
1799	48.5
1800	48.5
1801	48.5
1802	48.5
1803	48.5
1804	48.5
1805	48.5
1806	48.5
1807	48.5
1808	48.5
1809	48.5
1810	48.5
1811	48.5
1812	48.5
1813	48.5
1814	48.5
1815	48.5
1816	48.5
1817	48.5
1818	48.5
1819	48.5
1820	48.5
1821	48.5
1822	48.5
1823	48.5
1824	48.5
1825	48.5
1826	48.5
1827	48.5
1828	48.5
1829	48.5
1830	48.5
1831	48.5
1832	48.5
1833	48.5
1834	48.5
1835	48.5
1836	48.5
1837	48.5
1838	48.5
1839	48.5
1840	48.5
1841	48.5
1842	48.5
1843	48.5
1844	48.5
1845	48.5
1846	48.5
1847	48.5
1848	48.5
1849	48.5
1850	48.5
1851	48.5
1852	48.5
1853	48.5
1854	48.5
1855	48.5
1856	48.5
1857	48.5
1858	48.5
1859	48.5
1860	48.5
1861	48.5
1862	48.5
1863	48.5
1864	48.5
1865	48.5
1866	48.5
1867	48.5
1868	48.5
1869	48.5
1870	48.5
1871	48.5
1872	48.5
1873	48.5
1874	48.5
1875	48.5
1876	48.5
1877	48.5
1878	48.5
1879	48.5
1880	48.5
1881	48.5
1882	48.5
1883	48.5
1884	48.5
1885	48.5
1886	48.5
1887	48.5
1888	48.5
1889	48.5
1890	48.5
1891	48.5
1892	48.5
1893	48.5
1894	48.5
1895	48.5
1896	48.5
1897	48.5
1898	48.5
1899	48.5
1900	48.5
1901	48.5
1902	48.5
1903	48.5
1904	48.5
1905	48.5
1906	48.5
1907	48.5
1908	48.5
1909	48.5
1910	48.5
1911	48.5
1912	48.5
1913	48.5
1914	48.5
1915	48.5
1916	48.5
1917	48.5
1918	48.5
1919	48.5
1920	48.5
1921	48.5
1922	48.5
1923	48.5
1924	48.5
1925	48.5
1926	48.5
1927	48.5
1928	48.5
1929	48.5
1930	48.5
1931	48.5
1932	48.5
1933	48.5
1934	48.5
1935	48.5
1936	48.5
1937	48.5
1938	48.5
1939	48.5
1940	48.5
1941	48.5
1942	48.5
1943	48.5
1944	48.5
1945	48.5
1946	48.5
1947	48.5
1948	48.5
1949	48.5
1950	48.5
1951	48.5
1952	48.5
1953	48.5
1954	48.5
1955	48.5
1956	48.5
1957	48.5
1958	48.5
1959	48.5
1960	48.5
1961	48.5
1962	48.5
1963	48.5
1964	48.5
1965	48.5
1966	48.5
1967	48.5
1968	48.5
1969	48.5
1970	48.5
1971	48.5
1972	48.5
1973	48.5
1974	48.5
1975	48.5
1976	48.5
1977	48.5
1978	48.5
1979	48.5
1980	48.5
1981	48.5
1982	48.5
1983	48.5
1984	48.5
1985	48.5
1986	48.5
1987	48.5
1988	48.5
1989	48.5
1990	48.5
1991	48.5
1992	48.5
1993	48.5
1994	48.5
1995	48.5
1996	48.5
1997	48.5
1998	48.5
1999	48.5
