0	97.0
1	97.0
2	97.0
3	97.0
4	97.0
5	97.0
6	97.0
7	97.0
8	97.0
9	97.0
10	97.0
11	97.0
12	97.0
13	97.0
14	97.0
15	97.0
16	97.0
17	97.0
18	97.0
19	97.0
20	97.0
21	97.0
22	97.0
23	97.0
24	97.0
25	97.0
26	97.0
27	97.0
28	97.0
29	97.0
30	97.0
31	97.0
32	97.0
33	97.0
34	97.0
35	97.0
36	97.0
37	97.0
38	97.0
39	97.0
40	97.0
41	97.0
42	97.0
43	97.0
44	97.0
45	97.0
46	97.0
47	97.0
48	97.0
49	97.0
50	97.0
51	97.0
52	97.0
53	97.0
54	97.0
55	97.0
56	97.0
57	97.0
58	97.0
59	97.0
60	97.0
61	97.0
62	97.0
63	97.0
64	97.0
65	97.0
66	97.0
67	97.0
68	97.0
69	97.0
70	97.0
71	97.0
72	97.0
73	97.0
74	97.0
75	97.0
76	97.0
77	97.0
78	97.0
79	97.0
80	97.0
81	97.0
82	97.0
83	97.0
84	97.0
85	97.0
86	97.0
87	97.0
88	97.0
89	97.0
90	97.0
91	97.0
92	97.0
93	97.0
94	97.0
95	97.0
96	97.0
97	97.0
98	97.0
99	97.0
100	97.0
101	97.0
102	97.0
103	97.0
104	97.0
105	97.0
106	97.0
107	97.0
108	97.0
109	97.0
110	97.0
111	97.0
112	97.0
113	97.0
114	97.0
115	97.0
116	97.0
117	97.0
118	97.0
119	97.0
120	97.0
121	97.0
122	97.0
123	97.0
124	97.0
125	97.0
126	97.0
127	97.0
128	97.0
129	97.0
130	97.0
131	97.0
132	97.0
133	97.0
134	97.0
135	97.0
136	97.0
137	97.0
138	97.0
139	97.0
140	97.0
141	97.0
142	97.0
143	97.0
144	97.0
145	97.0
146	97.0
147	97.0
148	97.0
149	97.0
150	97.0
151	97.0
152	97.0
153	97.0
154	97.0
155	97.0
156	97.0
157	97.0
158	97.0
159	97.0
160	97.0
161	97.0
162	97.0
163	97.0
164	97.0
165	97.0
166	97.0
167	97.0
168	97.0
169	97.0
170	97.0
171	97.0
172	97.0
173	97.0
174	97.0
175	97.0
176	97.0
177	97.0
178	97.0
179	97.0
180	97.0
181	97.0
182	97.0
183	97.0
184	97.0
185	97.0
186	97.0
187	97.0
188	97.0
189	97.0
190	97.0
191	97.0
192	97.0
193	97.0
194	97.0
195	97.0
196	97.0
197	97.0
198	97.0
199	97.0
200	97.0
201	97.0
202	97.0
203	97.0
204	97.0
205	97.0
206	97.0
207	97.0
208	97.0
209	97.0
210	97.0
211	97.0
212	97.0
213	97.0
214	97.0
215	97.0
216	97.0
217	97.0
218	97.0
219	97.0
220	97.0
221	97.0
222	97.0
223	97.0
224	97.0
225	97.0
226	97.0
227	97.0
228	97.0
229	97.0
230	97.0
231	97.0
232	97.0
233	97.0
234	97.0
235	97.0
236	97.0
237	97.0
238	97.0
239	97.0
240	97.0
241	97.0
242	97.0
243	97.0
244	97.0
245	97.0
246	97.0
247	97.0
248	97.0
249	97.0
250	97.0
251	97.0
252	97.0
253	97.0
254	97.0
255	97.0
256	97.0
257	97.0
258	97.0
259	97.0
260	97.0
261	97.0
262	97.0
263	97.0
264	97.0
265	97.0
266	97.0
267	97.0
268	97.0
269	97.0
270	97.0
271	97.0
272	97.0
273	97.0
274	97.0
275	97.0
276	97.0
277	97.0
278	97.0
279	97.0
280	97.0
281	97.0
282	97.0
283	97.0
284	97.0
285	97.0
286	97.0
287	97.0
288	97.0
289	97.0
290	97.0
291	97.0
292	97.0
293	97.0
294	97.0
295	97.0
296	97.0
297	97.0
298	97.0
299	97.0
300	97.0
301	97.0
302	97.0
303	97.0
304	97.0
305	97.0
306	97.0
307	97.0
308	97.0
309	97.0
310	97.0
311	97.0
312	97.0
313	97.0
314	97.0
315	97.0
316	97.0
317	97.0
318	97.0
319	97.0
320	97.0
321	97.0
322	97.0
323	97.0
324	97.0
325	97.0
326	97.0
327	97.0
328	97.0
329	97.0
330	97.0
331	97.0
332	97.0
333	97.0
334	97.0
335	97.0
336	97.0
337	97.0
338	97.0
339	97.0
340	97.0
341	97.0
342	97.0
343	97.0
344	97.0
345	97.0
346	97.0
347	97.0
348	97.0
349	97.0
350	97.0
351	97.0
352	97.0
353	97.0
354	97.0
355	97.0
356	97.0
357	97.0
358	97.0
359	97.0
360	97.0
361	97.0
362	97.0
363	97.0
364	97.0
365	97.0
366	97.0
367	97.0
368	97.0
369	97.0
370	97.0
371	97.0
372	97.0
373	97.0
374	97.0
375	97.0
376	97.0
377	97.0
378	97.0
379	97.0
380	97.0
381	97.0
382	97.0
383	97.0
384	97.0
385	97.0
386	97.0
387	97.0
388	97.0
389	97.0
390	97.0
391	97.0
392	97.0
393	97.0
394	97.0
395	97.0
396	97.0
397	97.0
398	97.0
399	97.0
400	97.0
401	97.0
402	97.0
403	97.0
404	97.0
405	97.0
406	97.0
407	97.0
408	97.0
409	97.0
410	97.0
411	97.0
412	97.0
413	97.0
414	97.0
415	97.0
416	97.0
417	97.0
418	97.0
419	97.0
420	97.0
421	97.0
422	97.0
423	97.0
424	97.0
425	97.0
426	97.0
427	97.0
428	97.0
429	97.0
430	97.0
431	97.0
432	97.0
433	97.0
434	97.0
435	97.0
436	97.0
437	97.0
438	97.0
439	97.0
440	97.0
441	97.0
442	97.0
443	97.0
444	97.0
445	97.0
446	97.0
447	97.0
448	97.0
449	97.0
450	97.0
451	97.0
452	97.0
453	97.0
454	97.0
455	97.0
456	97.0
457	97.0
458	97.0
459	97.0
460	97.0
461	97.0
462	97.0
463	97.0
464	97.0
465	97.0
466	97.0
467	97.0
468	97.0
469	97.0
470	97.0
471	97.0
472	97.0
473	97.0
474	97.0
475	97.0
476	97.0
477	97.0
478	97.0
479	97.0
480	97.0
481	97.0
482	97.0
483	97.0
484	97.0
485	97.0
486	97.0
487	97.0
488	97.0
489	97.0
490	97.0
491	97.0
492	97.0
493	97.0
494	97.0
495	97.0
496	97.0
497	97.0
498	97.0
499	97.0
500	97.0
501	97.0
502	97.0
503	97.0
504	97.0
505	97.0
506	97.0
507	97.0
508	97.0
509	97.0
510	97.0
511	97.0
512	97.0
513	97.0
514	97.0
515	97.0
516	97.0
517	97.0
518	97.0
519	97.0
520	97.0
521	97.0
522	97.0
523	97.0
524	97.0
525	97.0
526	97.0
527	97.0
528	97.0
529	97.0
530	97.0
531	97.0
532	97.0
533	97.0
534	97.0
535	97.0
536	97.0
537	97.0
538	97.0
539	97.0
540	97.0
541	97.0
542	97.0
543	97.0
544	97.0
545	97.0
546	97.0
547	97.0
548	97.0
549	97.0
550	97.0
551	97.0
552	97.0
553	97.0
554	97.0
555	97.0
556	97.0
557	97.0
558	97.0
559	97.0
560	97.0
561	97.0
562	97.0
563	97.0
564	97.0
565	97.0
566	97.0
567	97.0
568	97.0
569	97.0
570	97.0
571	97.0
572	97.0
573	97.0
574	97.0
575	97.0
576	97.0
577	97.0
578	97.0
579	97.0
580	97.0
581	97.0
582	97.0
583	97.0
584	97.0
585	97.0
586	97.0
587	97.0
588	97.0
589	97.0
590	97.0
591	97.0
592	97.0
593	97.0
594	97.0
595	97.0
596	97.0
597	97.0
598	97.0
599	97.0
600	97.0
601	97.0
602	97.0
603	97.0
604	97.0
605	97.0
606	97.0
607	97.0
608	97.0
609	97.0
610	97.0
611	97.0
612	97.0
613	97.0
614	97.0
615	97.0
616	97.0
617	97.0
618	97.0
619	97.0
620	97.0
621	97.0
622	97.0
623	97.0
624	97.0
625	97.0
626	97.0
627	97.0
628	97.0
629	97.0
630	97.0
631	97.0
632	97.0
633	97.0
634	97.0
635	97.0
636	97.0
637	97.0
638	97.0
639	97.0
640	97.0
641	97.0
642	97.0
643	97.0
644	97.0
645	97.0
646	97.0
647	97.0
648	97.0
649	97.0
650	97.0
651	97.0
652	97.0
653	97.0
654	97.0
655	97.0
656	97.0
657	97.0
658	97.0
659	97.0
660	97.0
661	97.0
662	97.0
663	97.0
664	97.0
665	97.0
666	97.0
667	97.0
668	97.0
669	97.0
670	97.0
671	97.0
672	97.0
673	97.0
674	97.0
675	97.0
676	97.0
677	97.0
678	97.0
679	97.0
680	97.0
681	97.0
682	97.0
683	97.0
684	97.0
685	97.0
686	97.0
687	97.0
688	97.0
689	97.0
690	97.0
691	97.0
692	97.0
693	97.0
694	97.0
695	97.0
696	97.0
697	97.0
698	97.0
699	97.0
700	97.0
701	97.0
702	97.0
703	97.0
704	97.0
705	97.0
706	97.0
707	97.0
708	97.0
709	97.0
710	97.0
711	97.0
712	97.0
713	97.0
714	97.0
715	97.0
716	97.0
717	97.0
718	97.0
719	97.0
720	97.0
721	97.0
722	97.0
723	97.0
724	97.0
725	97.0
726	97.0
727	97.0
728	97.0
729	97.0
730	97.0
731	97.0
732	97.0
733	97.0
734	97.0
735	97.0
736	97.0
737	97.0
738	97.0
739	97.0
740	97.0
741	97.0
742	97.0
743	97.0
744	97.0
745	97.0
746	97.0
747	97.0
748	97.0
749	97.0
750	97.0
751	97.0
752	97.0
753	97.0
754	97.0
755	97.0
756	97.0
757	97.0
758	97.0
759	97.0
760	97.0
761	97.0
762	97.0
763	97.0
764	97.0
765	97.0
766	97.0
767	97.0
768	97.0
769	97.0
770	97.0
771	97.0
772	97.0
773	97.0
774	97.0
775	97.0
776	97.0
777	97.0
778	97.0
779	97.0
780	97.0
781	97.0
782	97.0
783	97.0
784	97.0
785	97.0
786	97.0
787	97.0
788	97.0
789	97.0
790	97.0
791	97.0
792	97.0
793	97.0
794	97.0
795	97.0
796	97.0
797	97.0
798	97.0
799	97.0
800	97.0
801	97.0
802	97.0
803	97.0
804	97.0
805	97.0
806	97.0
807	97.0
808	97.0
809	97.0
810	97.0
811	97.0
812	97.0
813	97.0
814	97.0
815	97.0
816	97.0
817	97.0
818	97.0
819	97.0
820	97.0
821	97.0
822	97.0
823	97.0
824	97.0
825	97.0
826	97.0
827	97.0
828	97.0
829	97.0
830	97.0
831	97.0
832	97.0
833	97.0
834	97.0
835	97.0
836	97.0
837	97.0
838	97.0
839	97.0
840	97.0
841	97.0
842	97.0
843	97.0
844	97.0
845	97.0
846	97.0
847	97.0
848	97.0
849	97.0
850	97.0
851	97.0
852	97.0
853	97.0
854	97.0
855	97.0
856	97.0
857	97.0
858	97.0
859	97.0
860	97.0
861	97.0
862	97.0
863	97.0
864	97.0
865	97.0
866	97.0
867	97.0
868	97.0
869	97.0
870	97.0
871	97.0
872	97.0
873	97.0
874	97.0
875	97.0
876	97.0
877	97.0
878	97.0
879	97.0
880	97.0
881	97.0
882	97.0
883	97.0
884	97.0
885	97.0
886	97.0
887	97.0
888	97.0
889	97.0
890	97.0
891	97.0
892	97.0
893	97.0
894	97.0
895	97.0
896	97.0
897	97.0
898	97.0
899	97.0
900	97.0
901	97.0
902	97.0
903	97.0
904	97.0
905	97.0
906	97.0
907	97.0
908	97.0
909	97.0
910	97.0
911	97.0
912	97.0
913	97.0
914	97.0
915	97.0
916	97.0
917	97.0
918	97.0
919	97.0
920	97.0
921	97.0
922	97.0
923	97.0
924	97.0
925	97.0
926	97.0
927	97.0
928	97.0
929	97.0
930	97.0
931	97.0
932	97.0
933	97.0
934	97.0
935	97.0
936	97.0
937	97.0
938	97.0
939	97.0
940	97.0
941	97.0
942	97.0
943	97.0
944	97.0
945	97.0
946	97.0
947	97.0
948	97.0
949	97.0
950	97.0
951	97.0
952	97.0
953	97.0
954	97.0
955	97.0
956	97.0
957	97.0
958	97.0
959	97.0
960	97.0
961	97.0
962	97.0
963	97.0
964	97.0
965	97.0
966	97.0
967	97.0
968	97.0
969	97.0
970	97.0
971	97.0
972	97.0
973	97.0
974	97.0
975	97.0
976	97.0
977	97.0
978	97.0
979	97.0
980	97.0
981	97.0
982	97.0
983	97.0
984	97.0
985	97.0
986	97.0
987	97.0
988	97.0
989	97.0
990	97.0
991	97.0
992	97.0
993	97.0
994	97.0
995	97.0
996	97.0
997	97.0
998	97.0
999	97.0
1000	97.0
1001	97.0
1002	97.0
1003	97.0
1004	97.0
1005	97.0
1006	97.0
1007	97.0
1008	97.0
1009	97.0
1010	97.0
1011	97.0
1012	97.0
1013	97.0
1014	97.0
1015	97.0
1016	97.0
1017	97.0
1018	97.0
1019	97.0
1020	97.0
1021	97.0
1022	97.0
1023	97.0
1024	97.0
1025	97.0
1026	97.0
1027	97.0
1028	97.0
1029	97.0
1030	97.0
1031	97.0
1032	97.0
1033	97.0
1034	97.0
1035	97.0
1036	97.0
1037	97.0
1038	97.0
1039	97.0
1040	97.0
1041	97.0
1042	97.0
1043	97.0
1044	97.0
1045	97.0
1046	97.0
1047	97.0
1048	97.0
1049	97.0
1050	97.0
1051	97.0
1052	97.0
1053	97.0
1054	97.0
1055	97.0
1056	97.0
1057	97.0
1058	97.0
1059	97.0
1060	97.0
1061	97.0
1062	97.0
1063	97.0
1064	97.0
1065	97.0
1066	97.0
1067	97.0
1068	97.0
1069	97.0
1070	97.0
1071	97.0
1072	97.0
1073	97.0
1074	97.0
1075	97.0
1076	97.0
1077	97.0
1078	97.0
1079	97.0
1080	97.0
1081	97.0
1082	97.0
1083	97.0
1084	97.0
1085	97.0
1086	97.0
1087	97.0
1088	97.0
1089	97.0
1090	97.0
1091	97.0
1092	97.0
1093	97.0
1094	97.0
1095	97.0
1096	97.0
1097	97.0
1098	97.0
1099	97.0
1100	97.0
1101	97.0
1102	97.0
1103	97.0
1104	97.0
1105	97.0
1106	97.0
1107	97.0
1108	97.0
1109	97.0
1110	97.0
1111	97.0
1112	97.0
1113	97.0
1114	97.0
1115	97.0
1116	97.0
1117	97.0
1118	97.0
1119	97.0
1120	97.0
1121	97.0
1122	97.0
1123	97.0
1124	97.0
1125	97.0
1126	97.0
1127	97.0
1128	97.0
1129	97.0
1130	97.0
1131	97.0
1132	97.0
1133	97.0
1134	97.0
1135	97.0
1136	97.0
1137	97.0
1138	97.0
1139	97.0
1140	97.0
1141	97.0
1142	97.0
1143	97.0
1144	97.0
1145	97.0
1146	97.0
1147	97.0
1148	97.0
1149	97.0
1150	97.0
1151	97.0
1152	97.0
1153	97.0
1154	97.0
1155	97.0
1156	97.0
1157	97.0
1158	97.0
1159	97.0
1160	97.0
1161	97.0
1162	97.0
1163	97.0
1164	97.0
1165	97.0
1166	97.0
1167	97.0
1168	97.0
1169	97.0
1170	97.0
1171	97.0
1172	97.0
1173	97.0
1174	97.0
1175	97.0
1176	97.0
1177	97.0
1178	97.0
1179	97.0
1180	97.0
1181	97.0
1182	97.0
1183	97.0
1184	97.0
1185	97.0
1186	97.0
1187	97.0
1188	97.0
1189	97.0
1190	97.0
1191	97.0
1192	97.0
1193	97.0
1194	97.0
1195	97.0
1196	97.0
1197	97.0
1198	97.0
1199	97.0
1200	97.0
1201	97.0
1202	97.0
1203	97.0
1204	97.0
1205	97.0
1206	97.0
1207	97.0
1208	97.0
1209	97.0
1210	97.0
1211	97.0
1212	97.0
1213	97.0
1214	97.0
1215	97.0
1216	97.0
1217	97.0
1218	97.0
1219	97.0
1220	97.0
1221	97.0
1222	97.0
1223	97.0
1224	97.0
1225	97.0
1226	97.0
1227	97.0
1228	97.0
1229	97.0
1230	97.0
1231	97.0
1232	97.0
1233	97.0
1234	97.0
1235	97.0
1236	97.0
1237	97.0
1238	97.0
1239	97.0
1240	97.0
1241	97.0
1242	97.0
1243	97.0
1244	97.0
1245	97.0
1246	97.0
1247	97.0
1248	97.0
1249	97.0
1250	97.0
1251	97.0
1252	97.0
1253	97.0
1254	97.0
1255	97.0
1256	97.0
1257	97.0
1258	97.0
1259	97.0
1260	97.0
1261	97.0
1262	97.0
1263	97.0
1264	97.0
1265	97.0
1266	97.0
1267	97.0
1268	97.0
1269	97.0
1270	97.0
1271	97.0
1272	97.0
1273	97.0
1274	97.0
1275	97.0
1276	97.0
1277	97.0
1278	97.0
1279	97.0
1280	97.0
1281	97.0
1282	97.0
1283	97.0
1284	97.0
1285	97.0
1286	97.0
1287	97.0
1288	97.0
1289	97.0
1290	97.0
1291	97.0
1292	97.0
1293	97.0
1294	97.0
1295	97.0
1296	97.0
1297	97.0
1298	97.0
1299	97.0
1300	97.0
1301	97.0
1302	97.0
1303	97.0
1304	97.0
1305	97.0
1306	97.0
1307	97.0
1308	97.0
1309	97.0
1310	97.0
1311	97.0
1312	97.0
1313	97.0
1314	97.0
1315	97.0
1316	97.0
1317	97.0
1318	97.0
1319	97.0
1320	97.0
1321	97.0
1322	97.0
1323	97.0
1324	97.0
1325	97.0
1326	97.0
1327	97.0
1328	97.0
1329	97.0
1330	97.0
1331	97.0
1332	97.0
1333	97.0
1334	97.0
1335	97.0
1336	97.0
1337	97.0
1338	97.0
1339	97.0
1340	97.0
1341	97.0
1342	97.0
1343	97.0
1344	97.0
1345	97.0
1346	97.0
1347	97.0
1348	97.0
1349	97.0
1350	97.0
1351	97.0
1352	97.0
1353	97.0
1354	97.0
1355	97.0
1356	97.0
1357	97.0
1358	97.0
1359	97.0
1360	97.0
1361	97.0
1362	97.0
1363	97.0
1364	97.0
1365	97.0
1366	97.0
1367	97.0
1368	97.0
1369	97.0
1370	97.0
1371	97.0
1372	97.0
1373	97.0
1374	97.0
1375	97.0
1376	97.0
1377	97.0
1378	97.0
1379	97.0
1380	97.0
1381	97.0
1382	97.0
1383	97.0
1384	97.0
1385	97.0
1386	97.0
1387	97.0
1388	97.0
1389	97.0
1390	97.0
1391	97.0
1392	97.0
1393	97.0
1394	97.0
1395	97.0
1396	97.0
1397	97.0
1398	97.0
1399	97.0
1400	97.0
1401	97.0
1402	97.0
1403	97.0
1404	97.0
1405	97.0
1406	97.0
1407	97.0
1408	97.0
1409	97.0
1410	97.0
1411	97.0
1412	97.0
1413	97.0
1414	97.0
1415	97.0
1416	97.0
1417	97.0
1418	97.0
1419	97.0
1420	97.0
1421	97.0
1422	97.0
1423	97.0
1424	97.0
1425	97.0
1426	97.0
1427	97.0
1428	97.0
1429	97.0
1430	97.0
1431	97.0
1432	97.0
1433	97.0
1434	97.0
1435	97.0
1436	97.0
1437	97.0
1438	97.0
1439	97.0
1440	97.0
1441	97.0
1442	97.0
1443	97.0
1444	97.0
1445	97.0
1446	97.0
1447	97.0
1448	97.0
1449	97.0
1450	97.0
1451	97.0
1452	97.0
1453	97.0
1454	97.0
1455	97.0
1456	97.0
1457	97.0
1458	97.0
1459	97.0
1460	97.0
1461	97.0
1462	97.0
1463	97.0
1464	97.0
1465	97.0
1466	97.0
1467	97.0
1468	97.0
1469	97.0
1470	97.0
1471	97.0
1472	97.0
1473	97.0
1474	97.0
1475	97.0
1476	97.0
1477	97.0
1478	97.0
1479	97.0
1480	97.0
1481	97.0
1482	97.0
1483	97.0
1484	97.0
1485	97.0
1486	97.0
1487	97.0
1488	97.0
1489	97.0
1490	97.0
1491	97.0
1492	97.0
1493	97.0
1494	97.0
1495	97.0
1496	97.0
1497	97.0
1498	97.0
1499	97.0
1500	97.0
1501	97.0
1502	97.0
1503	97.0
1504	97.0
1505	97.0
1506	97.0
1507	97.0
1508	97.0
1509	97.0
1510	97.0
1511	97.0
1512	97.0
1513	97.0
1514	97.0
1515	97.0
1516	97.0
1517	97.0
1518	97.0
1519	97.0
1520	97.0
1521	97.0
1522	97.0
1523	97.0
1524	97.0
1525	97.0
1526	97.0
1527	97.0
1528	97.0
1529	97.0
1530	97.0
1531	97.0
1532	97.0
1533	97.0
1534	97.0
1535	97.0
1536	97.0
1537	97.0
1538	97.0
1539	97.0
1540	97.0
1541	97.0
1542	97.0
1543	97.0
1544	97.0
1545	97.0
1546	97.0
1547	97.0
1548	97.0
1549	97.0
1550	97.0
1551	97.0
1552	97.0
1553	97.0
1554	97.0
1555	97.0
1556	97.0
1557	97.0
1558	97.0
1559	97.0
1560	97.0
1561	97.0
1562	97.0
1563	97.0
1564	97.0
1565	97.0
1566	97.0
1567	97.0
1568	97.0
1569	97.0
1570	97.0
1571	97.0
1572	97.0
1573	97.0
1574	97.0
1575	97.0
1576	97.0
1577	97.0
1578	97.0
1579	97.0
1580	97.0
1581	97.0
1582	97.0
1583	97.0
1584	97.0
1585	97.0
1586	97.0
1587	97.0
1588	97.0
1589	97.0
1590	97.0
1591	97.0
1592	97.0
1593	97.0
1594	97.0
1595	97.0
1596	97.0
1597	97.0
1598	97.0
1599	97.0
1600	97.0
1601	97.0
1602	97.0
1603	97.0
1604	97.0
1605	97.0
1606	97.0
1607	97.0
1608	97.0
1609	97.0
1610	97.0
1611	97.0
1612	97.0
1613	97.0
1614	97.0
1615	97.0
1616	97.0
1617	97.0
1618	97.0
1619	97.0
1620	97.0
1621	97.0
1622	97.0
1623	97.0
1624	97.0
1625	97.0
1626	97.0
1627	97.0
1628	97.0
1629	97.0
1630	97.0
1631	97.0
1632	97.0
1633	97.0
1634	97.0
1635	97.0
1636	97.0
1637	97.0
1638	97.0
1639	97.0
1640	97.0
1641	97.0
1642	97.0
1643	97.0
1644	97.0
1645	97.0
1646	97.0
1647	97.0
1648	97.0
1649	97.0
1650	97.0
1651	97.0
1652	97.0
1653	97.0
1654	97.0
1655	97.0
1656	97.0
1657	97.0
1658	97.0
1659	97.0
1660	97.0
1661	97.0
1662	97.0
1663	97.0
1664	97.0
1665	97.0
1666	97.0
1667	97.0
1668	97.0
1669	97.0
1670	97.0
1671	97.0
1672	97.0
1673	97.0
1674	97.0
1675	97.0
1676	97.0
1677	97.0
1678	97.0
1679	97.0
1680	97.0
1681	97.0
1682	97.0
1683	97.0
1684	97.0
1685	97.0
1686	97.0
1687	97.0
1688	97.0
1689	97.0
1690	97.0
1691	97.0
1692	97.0
1693	97.0
1694	97.0
1695	97.0
1696	97.0
1697	97.0
1698	97.0
1699	97.0
1700	97.0
1701	97.0
1702	97.0
1703	97.0
1704	97.0
1705	97.0
1706	97.0
1707	97.0
1708	97.0
1709	97.0
1710	97.0
1711	97.0
1712	97.0
1713	97.0
1714	97.0
1715	97.0
1716	97.0
1717	97.0
1718	97.0
1719	97.0
1720	97.0
1721	97.0
1722	97.0
1723	97.0
1724	97.0
1725	97.0
1726	97.0
1727	97.0
1728	97.0
1729	97.0
1730	97.0
1731	97.0
1732	97.0
1733	97.0
1734	97.0
1735	97.0
1736	97.0
1737	97.0
1738	97.0
1739	97.0
1740	97.0
1741	97.0
1742	97.0
1743	97.0
1744	97.0
1745	97.0
1746	97.0
1747	97.0
1748	97.0
1749	97.0
1750	97.0
1751	97.0
1752	97.0
1753	97.0
1754	97.0
1755	97.0
1756	97.0
1757	97.0
1758	97.0
1759	97.0
1760	97.0
1761	97.0
1762	97.0
1763	97.0
1764	97.0
1765	97.0
1766	97.0
1767	97.0
1768	97.0
1769	97.0
1770	97.0
1771	97.0
1772	97.0
1773	97.0
1774	97.0
1775	97.0
1776	97.0
1777	97.0
1778	97.0
1779	97.0
1780	97.0
1781	97.0
1782	97.0
1783	97.0
1784	97.0
1785	97.0
1786	97.0
1787	97.0
1788	97.0
1789	97.0
1790	97.0
1791	97.0
1792	97.0
1793	97.0
1794	97.0
1795	97.0
1796	97.0
1797	97.0
1798	97.0
1799	97.0
1800	97.0
1801	97.0
1802	97.0
1803	97.0
1804	97.0
1805	97.0
1806	97.0
1807	97.0
1808	97.0
1809	97.0
1810	97.0
1811	97.0
1812	97.0
1813	97.0
1814	97.0
1815	97.0
1816	97.0
1817	97.0
1818	97.0
1819	97.0
1820	97.0
1821	97.0
1822	97.0
1823	97.0
1824	97.0
1825	97.0
1826	97.0
1827	97.0
1828	97.0
1829	97.0
1830	97.0
1831	97.0
1832	97.0
1833	97.0
1834	97.0
1835	97.0
1836	97.0
1837	97.0
1838	97.0
1839	97.0
1840	97.0
1841	97.0
1842	97.0
1843	97.0
1844	97.0
1845	97.0
1846	97.0
1847	97.0
1848	97.0
1849	97.0
1850	97.0
1851	97.0
1852	97.0
1853	97.0
1854	97.0
1855	97.0
1856	97.0
1857	97.0
1858	97.0
1859	97.0
1860	97.0
1861	97.0
1862	97.0
1863	97.0
1864	97.0
1865	97.0
1866	97.0
1867	97.0
1868	97.0
1869	97.0
1870	97.0
1871	97.0
1872	97.0
1873	97.0
1874	97.0
1875	97.0
1876	97.0
1877	97.0
1878	97.0
1879	97.0
1880	97.0
1881	97.0
1882	97.0
1883	97.0
1884	97.0
1885	97.0
1886	97.0
1887	97.0
1888	97.0
1889	97.0
1890	97.0
1891	97.0
1892	97.0
1893	97.0
1894	97.0
1895	97.0
1896	97.0
1897	97.0
1898	97.0
1899	97.0
1900	97.0
1901	97.0
1902	97.0
1903	97.0
1904	97.0
1905	97.0
1906	97.0
1907	97.0
1908	97.0
1909	97.0
1910	97.0
1911	97.0
1912	97.0
1913	97.0
1914	97.0
1915	97.0
1916	97.0
1917	97.0
1918	97.0
1919	97.0
1920	97.0
1921	97.0
1922	97.0
1923	97.0
1924	97.0
1925	97.0
1926	97.0
1927	97.0
1928	97.0
1929	97.0
1930	97.0
1931	97.0
1932	97.0
1933	97.0
1934	97.0
1935	97.0
1936	97.0
1937	97.0
1938	97.0
1939	97.0
1940	97.0
1941	97.0
1942	97.0
1943	97.0
1944	97.0
1945	97.0
1946	97.0
1947	97.0
1948	97.0
1949	97.0
1950	97.0
1951	97.0
1952	97.0
1953	97.0
1954	97.0
1955	97.0
1956	97.0
1957	97.0
1958	97.0
1959	97.0
1960	97.0
1961	97.0
1962	97.0
1963	97.0
1964	97.0
1965	97.0
1966	97.0
1967	97.0
1968	97.0
1969	97.0
1970	97.0
1971	97.0
1972	97.0
1973	97.0
1974	97.0
1975	97.0
1976	97.0
1977	97.0
1978	97.0
1979	97.0
1980	97.0
1981	97.0
1982	97.0
1983	97.0
1984	97.0
1985	97.0
1986	97.0
1987	97.0
1988	97.0
1989	97.0
1990	97.0
1991	97.0
1992	97.0
1993	97.0
1994	97.0
1995	97.0
1996	97.0
1997	97.0
