0	50.0
1	50.0
2	50.0
3	50.0
4	50.0
5	50.0
6	50.0
7	50.0
8	50.0
9	50.0
10	50.0
11	50.0
12	50.0
13	50.0
14	50.0
15	50.0
16	50.0
17	50.0
18	50.0
19	50.0
20	50.0
21	50.0
22	50.0
23	50.0
24	50.0
25	50.0
26	50.0
27	50.0
28	50.0
29	50.0
30	50.0
31	50.0
32	50.0
33	50.0
34	50.0
35	50.0
36	50.0
37	50.0
38	50.0
39	50.0
40	50.0
41	50.0
42	50.0
43	50.0
44	50.0
45	50.0
46	50.0
47	50.0
48	50.0
49	50.0
50	50.0
51	50.0
52	50.0
53	50.0
54	50.0
55	50.0
56	50.0
57	50.0
58	50.0
59	50.0
60	50.0
61	50.0
62	50.0
63	50.0
64	50.0
65	50.0
66	50.0
67	50.0
68	50.0
69	50.0
70	50.0
71	50.0
72	50.0
73	50.0
74	50.0
75	50.0
76	50.0
77	50.0
78	50.0
79	50.0
80	50.0
81	50.0
82	50.0
83	50.0
84	50.0
85	50.0
86	50.0
87	50.0
88	50.0
89	50.0
90	50.0
91	50.0
92	50.0
93	50.0
94	50.0
95	50.0
96	50.0
97	50.0
98	50.0
99	50.0
100	50.0
101	50.0
102	50.0
103	50.0
104	50.0
105	50.0
106	50.0
107	50.0
108	50.0
109	50.0
110	50.0
111	50.0
112	50.0
113	50.0
114	50.0
115	50.0
116	50.0
117	50.0
118	50.0
119	50.0
120	50.0
121	50.0
122	50.0
123	50.0
124	50.0
125	50.0
126	50.0
127	50.0
128	50.0
129	50.0
130	50.0
131	50.0
132	50.0
133	50.0
134	50.0
135	50.0
136	50.0
137	50.0
138	50.0
139	50.0
140	50.0
141	50.0
142	50.0
143	50.0
144	50.0
145	50.0
146	50.0
147	50.0
148	50.0
149	50.0
150	50.0
151	50.0
152	50.0
153	50.0
154	50.0
155	50.0
156	50.0
157	50.0
158	50.0
159	50.0
160	50.0
161	50.0
162	50.0
163	50.0
164	50.0
165	50.0
166	50.0
167	50.0
168	50.0
169	50.0
170	50.0
171	50.0
172	50.0
173	50.0
174	50.0
175	50.0
176	50.0
177	50.0
178	50.0
179	50.0
180	50.0
181	50.0
182	50.0
183	50.0
184	50.0
185	50.0
186	50.0
187	50.0
188	50.0
189	50.0
190	50.0
191	50.0
192	50.0
193	50.0
194	50.0
195	50.0
196	50.0
197	50.0
198	50.0
199	50.0
200	50.0
201	50.0
202	50.0
203	50.0
204	50.0
205	50.0
206	50.0
207	50.0
208	50.0
209	50.0
210	50.0
211	50.0
212	50.0
213	50.0
214	50.0
215	50.0
216	50.0
217	50.0
218	50.0
219	50.0
220	50.0
221	50.0
222	50.0
223	50.0
224	50.0
225	50.0
226	50.0
227	50.0
228	50.0
229	50.0
230	50.0
231	50.0
232	50.0
233	50.0
234	50.0
235	50.0
236	50.0
237	50.0
238	50.0
239	50.0
240	50.0
241	50.0
242	50.0
243	50.0
244	50.0
245	50.0
246	50.0
247	50.0
248	50.0
249	50.0
250	50.0
251	50.0
252	50.0
253	50.0
254	50.0
255	50.0
256	50.0
257	50.0
258	50.0
259	50.0
260	50.0
261	50.0
262	50.0
263	50.0
264	50.0
265	50.0
266	50.0
267	50.0
268	50.0
269	50.0
270	50.0
271	50.0
272	50.0
273	50.0
274	50.0
275	50.0
276	50.0
277	50.0
278	50.0
279	50.0
280	50.0
281	50.0
282	50.0
283	50.0
284	50.0
285	50.0
286	50.0
287	50.0
288	50.0
289	50.0
290	50.0
291	50.0
292	50.0
293	50.0
294	50.0
295	50.0
296	50.0
297	50.0
298	50.0
299	50.0
300	50.0
301	50.0
302	50.0
303	50.0
304	50.0
305	50.0
306	50.0
307	50.0
308	50.0
309	50.0
310	50.0
311	50.0
312	50.0
313	50.0
314	50.0
315	50.0
316	50.0
317	50.0
318	50.0
319	50.0
320	50.0
321	50.0
322	50.0
323	50.0
324	50.0
325	50.0
326	50.0
327	50.0
328	50.0
329	50.0
330	50.0
331	50.0
332	50.0
333	50.0
334	50.0
335	50.0
336	50.0
337	50.0
338	50.0
339	50.0
340	50.0
341	50.0
342	50.0
343	50.0
344	50.0
345	50.0
346	50.0
347	50.0
348	50.0
349	50.0
350	50.0
351	50.0
352	50.0
353	50.0
354	50.0
355	50.0
356	50.0
357	50.0
358	50.0
359	50.0
360	50.0
361	50.0
362	50.0
363	50.0
364	50.0
365	50.0
366	50.0
367	50.0
368	50.0
369	50.0
370	50.0
371	50.0
372	50.0
373	50.0
374	50.0
375	50.0
376	50.0
377	50.0
378	50.0
379	50.0
380	50.0
381	50.0
382	50.0
383	50.0
384	50.0
385	50.0
386	50.0
387	50.0
388	50.0
389	50.0
390	50.0
391	50.0
392	50.0
393	50.0
394	50.0
395	50.0
396	50.0
397	50.0
398	50.0
399	50.0
400	50.0
401	50.0
402	50.0
403	50.0
404	50.0
405	50.0
406	50.0
407	50.0
408	50.0
409	50.0
410	50.0
411	50.0
412	50.0
413	50.0
414	50.0
415	50.0
416	50.0
417	50.0
418	50.0
419	50.0
420	50.0
421	50.0
422	50.0
423	50.0
424	50.0
425	50.0
426	50.0
427	50.0
428	50.0
429	50.0
430	50.0
431	50.0
432	50.0
433	50.0
434	50.0
435	50.0
436	50.0
437	50.0
438	50.0
439	50.0
440	50.0
441	50.0
442	50.0
443	50.0
444	50.0
445	50.0
446	50.0
447	50.0
448	50.0
449	50.0
450	50.0
451	50.0
452	50.0
453	50.0
454	50.0
455	50.0
456	50.0
457	50.0
458	50.0
459	50.0
460	50.0
461	50.0
462	50.0
463	50.0
464	50.0
465	50.0
466	50.0
467	50.0
468	50.0
469	50.0
470	50.0
471	50.0
472	50.0
473	50.0
474	50.0
475	50.0
476	50.0
477	50.0
478	50.0
479	50.0
480	50.0
481	50.0
482	50.0
483	50.0
484	50.0
485	50.0
486	50.0
487	50.0
488	50.0
489	50.0
490	50.0
491	50.0
492	50.0
493	50.0
494	50.0
495	50.0
496	50.0
497	50.0
498	50.0
499	50.0
500	50.0
501	50.0
502	50.0
503	50.0
504	50.0
505	50.0
506	50.0
507	50.0
508	50.0
509	50.0
510	50.0
511	50.0
512	50.0
513	50.0
514	50.0
515	50.0
516	50.0
517	50.0
518	50.0
519	50.0
520	50.0
521	50.0
522	50.0
523	50.0
524	50.0
525	50.0
526	50.0
527	50.0
528	50.0
529	50.0
530	50.0
531	50.0
532	50.0
533	50.0
534	50.0
535	50.0
536	50.0
537	50.0
538	50.0
539	50.0
540	50.0
541	50.0
542	50.0
543	50.0
544	50.0
545	50.0
546	50.0
547	50.0
548	50.0
549	50.0
550	50.0
551	50.0
552	50.0
553	50.0
554	50.0
555	50.0
556	50.0
557	50.0
558	50.0
559	50.0
560	50.0
561	50.0
562	50.0
563	50.0
564	50.0
565	50.0
566	50.0
567	50.0
568	50.0
569	50.0
570	50.0
571	50.0
572	50.0
573	50.0
574	50.0
575	50.0
576	50.0
577	50.0
578	50.0
579	50.0
580	50.0
581	50.0
582	50.0
583	50.0
584	50.0
585	50.0
586	50.0
587	50.0
588	50.0
589	50.0
590	50.0
591	50.0
592	50.0
593	50.0
594	50.0
595	50.0
596	50.0
597	50.0
598	50.0
599	50.0
600	50.0
601	50.0
602	50.0
603	50.0
604	50.0
605	50.0
606	50.0
607	50.0
608	50.0
609	50.0
610	50.0
611	50.0
612	50.0
613	50.0
614	50.0
615	50.0
616	50.0
617	50.0
618	50.0
619	50.0
620	50.0
621	50.0
622	50.0
623	50.0
624	50.0
625	50.0
626	50.0
627	50.0
628	50.0
629	50.0
630	50.0
631	50.0
632	50.0
633	50.0
634	50.0
635	50.0
636	50.0
637	50.0
638	50.0
639	50.0
640	50.0
641	50.0
642	50.0
643	50.0
644	50.0
645	50.0
646	50.0
647	50.0
648	50.0
649	50.0
650	50.0
651	50.0
652	50.0
653	50.0
654	50.0
655	50.0
656	50.0
657	50.0
658	50.0
659	50.0
660	50.0
661	50.0
662	50.0
663	50.0
664	50.0
665	50.0
666	50.0
667	50.0
668	50.0
669	50.0
670	50.0
671	50.0
672	50.0
673	50.0
674	50.0
675	50.0
676	50.0
677	50.0
678	50.0
679	50.0
680	50.0
681	50.0
682	50.0
683	50.0
684	50.0
685	50.0
686	50.0
687	50.0
688	50.0
689	50.0
690	50.0
691	50.0
692	50.0
693	50.0
694	50.0
695	50.0
696	50.0
697	50.0
698	50.0
699	50.0
700	50.0
701	50.0
702	50.0
703	50.0
704	50.0
705	50.0
706	50.0
707	50.0
708	50.0
709	50.0
710	50.0
711	50.0
712	50.0
713	50.0
714	50.0
715	50.0
716	50.0
717	50.0
718	50.0
719	50.0
720	50.0
721	50.0
722	50.0
723	50.0
724	50.0
725	50.0
726	50.0
727	50.0
728	50.0
729	50.0
730	50.0
731	50.0
732	50.0
733	50.0
734	50.0
735	50.0
736	50.0
737	50.0
738	50.0
739	50.0
740	50.0
741	50.0
742	50.0
743	50.0
744	50.0
745	50.0
746	50.0
747	50.0
748	50.0
749	50.0
750	50.0
751	50.0
752	50.0
753	50.0
754	50.0
755	50.0
756	50.0
757	50.0
758	50.0
759	50.0
760	50.0
761	50.0
762	50.0
763	50.0
764	50.0
765	50.0
766	50.0
767	50.0
768	50.0
769	50.0
770	50.0
771	50.0
772	50.0
773	50.0
774	50.0
775	50.0
776	50.0
777	50.0
778	50.0
779	50.0
780	50.0
781	50.0
782	50.0
783	50.0
784	50.0
785	50.0
786	50.0
787	50.0
788	50.0
789	50.0
790	50.0
791	50.0
792	50.0
793	50.0
794	50.0
795	50.0
796	50.0
797	50.0
798	50.0
799	50.0
800	50.0
801	50.0
802	50.0
803	50.0
804	50.0
805	50.0
806	50.0
807	50.0
808	50.0
809	50.0
810	50.0
811	50.0
812	50.0
813	50.0
814	50.0
815	50.0
816	50.0
817	50.0
818	50.0
819	50.0
820	50.0
821	50.0
822	50.0
823	50.0
824	50.0
825	50.0
826	50.0
827	50.0
828	50.0
829	50.0
830	50.0
831	50.0
832	50.0
833	50.0
834	50.0
835	50.0
836	50.0
837	50.0
838	50.0
839	50.0
840	50.0
841	50.0
842	50.0
843	50.0
844	50.0
845	50.0
846	50.0
847	50.0
848	50.0
849	50.0
850	50.0
851	50.0
852	50.0
853	50.0
854	50.0
855	50.0
856	50.0
857	50.0
858	50.0
859	50.0
860	50.0
861	50.0
862	50.0
863	50.0
864	50.0
865	50.0
866	50.0
867	50.0
868	50.0
869	50.0
870	50.0
871	50.0
872	50.0
873	50.0
874	50.0
875	50.0
876	50.0
877	50.0
878	50.0
879	50.0
880	50.0
881	50.0
882	50.0
883	50.0
884	50.0
885	50.0
886	50.0
887	50.0
888	50.0
889	50.0
890	50.0
891	50.0
892	50.0
893	50.0
894	50.0
895	50.0
896	50.0
897	50.0
898	50.0
899	50.0
900	50.0
901	50.0
902	50.0
903	50.0
904	50.0
905	50.0
906	50.0
907	50.0
908	50.0
909	50.0
910	50.0
911	50.0
912	50.0
913	50.0
914	50.0
915	50.0
916	50.0
917	50.0
918	50.0
919	50.0
920	50.0
921	50.0
922	50.0
923	50.0
924	50.0
925	50.0
926	50.0
927	50.0
928	50.0
929	50.0
930	50.0
931	50.0
932	50.0
933	50.0
934	50.0
935	50.0
936	50.0
937	50.0
938	50.0
939	50.0
940	50.0
941	50.0
942	50.0
943	50.0
944	50.0
945	50.0
946	50.0
947	50.0
948	50.0
949	50.0
950	50.0
951	50.0
952	50.0
953	50.0
954	50.0
955	50.0
956	50.0
957	50.0
958	50.0
959	50.0
960	50.0
961	50.0
962	50.0
963	50.0
964	50.0
965	50.0
966	50.0
967	50.0
968	50.0
969	50.0
970	50.0
971	50.0
972	50.0
973	50.0
974	50.0
975	50.0
976	50.0
977	50.0
978	50.0
979	50.0
980	50.0
981	50.0
982	50.0
983	50.0
984	50.0
985	50.0
986	50.0
987	50.0
988	50.0
989	50.0
990	50.0
991	50.0
992	50.0
993	50.0
994	50.0
995	50.0
996	50.0
997	50.0
998	50.0
999	50.0
1000	50.0
1001	50.0
1002	50.0
1003	50.0
1004	50.0
1005	50.0
1006	50.0
1007	50.0
1008	50.0
1009	50.0
1010	50.0
1011	50.0
1012	50.0
1013	50.0
1014	50.0
1015	50.0
1016	50.0
1017	50.0
1018	50.0
1019	50.0
1020	50.0
1021	50.0
1022	50.0
1023	50.0
1024	50.0
1025	50.0
1026	50.0
1027	50.0
1028	50.0
1029	50.0
1030	50.0
1031	50.0
1032	50.0
1033	50.0
1034	50.0
1035	50.0
1036	50.0
1037	50.0
1038	50.0
1039	50.0
1040	50.0
1041	50.0
1042	50.0
1043	50.0
1044	50.0
1045	50.0
1046	50.0
1047	50.0
1048	50.0
1049	50.0
1050	50.0
1051	50.0
1052	50.0
1053	50.0
1054	50.0
1055	50.0
1056	50.0
1057	50.0
1058	50.0
1059	50.0
1060	50.0
1061	50.0
1062	50.0
1063	50.0
1064	50.0
1065	50.0
1066	50.0
1067	50.0
1068	50.0
1069	50.0
1070	50.0
1071	50.0
1072	50.0
1073	50.0
1074	50.0
1075	50.0
1076	50.0
1077	50.0
1078	50.0
1079	50.0
1080	50.0
1081	50.0
1082	50.0
1083	50.0
1084	50.0
1085	50.0
1086	50.0
1087	50.0
1088	50.0
1089	50.0
1090	50.0
1091	50.0
1092	50.0
1093	50.0
1094	50.0
1095	50.0
1096	50.0
1097	50.0
1098	50.0
1099	50.0
1100	50.0
1101	50.0
1102	50.0
1103	50.0
1104	50.0
1105	50.0
1106	50.0
1107	50.0
1108	50.0
1109	50.0
1110	50.0
1111	50.0
1112	50.0
1113	50.0
1114	50.0
1115	50.0
1116	50.0
1117	50.0
1118	50.0
1119	50.0
1120	50.0
1121	50.0
1122	50.0
1123	50.0
1124	50.0
1125	50.0
1126	50.0
1127	50.0
1128	50.0
1129	50.0
1130	50.0
1131	50.0
1132	50.0
1133	50.0
1134	50.0
1135	50.0
1136	50.0
1137	50.0
1138	50.0
1139	50.0
1140	50.0
1141	50.0
1142	50.0
1143	50.0
1144	50.0
1145	50.0
1146	50.0
1147	50.0
1148	50.0
1149	50.0
1150	50.0
1151	50.0
1152	50.0
1153	50.0
1154	50.0
1155	50.0
1156	50.0
1157	50.0
1158	50.0
1159	50.0
1160	50.0
1161	50.0
1162	50.0
1163	50.0
1164	50.0
1165	50.0
1166	50.0
1167	50.0
1168	50.0
1169	50.0
1170	50.0
1171	50.0
1172	50.0
1173	50.0
1174	50.0
1175	50.0
1176	50.0
1177	50.0
1178	50.0
1179	50.0
1180	50.0
1181	50.0
1182	50.0
1183	50.0
1184	50.0
1185	50.0
1186	50.0
1187	50.0
1188	50.0
1189	50.0
1190	50.0
1191	50.0
1192	50.0
1193	50.0
1194	50.0
1195	50.0
1196	50.0
1197	50.0
1198	50.0
1199	50.0
1200	50.0
1201	50.0
1202	50.0
1203	50.0
1204	50.0
1205	50.0
1206	50.0
1207	50.0
1208	50.0
1209	50.0
1210	50.0
1211	50.0
1212	50.0
1213	50.0
1214	50.0
1215	50.0
1216	50.0
1217	50.0
1218	50.0
1219	50.0
1220	50.0
1221	50.0
1222	50.0
1223	50.0
1224	50.0
1225	50.0
1226	50.0
1227	50.0
1228	50.0
1229	50.0
1230	50.0
1231	50.0
1232	50.0
1233	50.0
1234	50.0
1235	50.0
1236	50.0
1237	50.0
1238	50.0
1239	50.0
1240	50.0
1241	50.0
1242	50.0
1243	50.0
1244	50.0
1245	50.0
1246	50.0
1247	50.0
1248	50.0
1249	50.0
1250	50.0
1251	50.0
1252	50.0
1253	50.0
1254	50.0
1255	50.0
1256	50.0
1257	50.0
1258	50.0
1259	50.0
1260	50.0
1261	50.0
1262	50.0
1263	50.0
1264	50.0
1265	50.0
1266	50.0
1267	50.0
1268	50.0
1269	50.0
1270	50.0
1271	50.0
1272	50.0
1273	50.0
1274	50.0
1275	50.0
1276	50.0
1277	50.0
1278	50.0
1279	50.0
1280	50.0
1281	50.0
1282	50.0
1283	50.0
1284	50.0
1285	50.0
1286	50.0
1287	50.0
1288	50.0
1289	50.0
1290	50.0
1291	50.0
1292	50.0
1293	50.0
1294	50.0
1295	50.0
1296	50.0
1297	50.0
1298	50.0
1299	50.0
1300	50.0
1301	50.0
1302	50.0
1303	50.0
1304	50.0
1305	50.0
1306	50.0
1307	50.0
1308	50.0
1309	50.0
1310	50.0
1311	50.0
1312	50.0
1313	50.0
1314	50.0
1315	50.0
1316	50.0
1317	50.0
1318	50.0
1319	50.0
1320	50.0
1321	50.0
1322	50.0
1323	50.0
1324	50.0
1325	50.0
1326	50.0
1327	50.0
1328	50.0
1329	50.0
1330	50.0
1331	50.0
1332	50.0
1333	50.0
1334	50.0
1335	50.0
1336	50.0
1337	50.0
1338	50.0
1339	50.0
1340	50.0
1341	50.0
1342	50.0
1343	50.0
1344	50.0
1345	50.0
1346	50.0
1347	50.0
1348	50.0
1349	50.0
1350	50.0
1351	50.0
1352	50.0
1353	50.0
1354	50.0
1355	50.0
1356	50.0
1357	50.0
1358	50.0
1359	50.0
1360	50.0
1361	50.0
1362	50.0
1363	50.0
1364	50.0
1365	50.0
1366	50.0
1367	50.0
1368	50.0
1369	50.0
1370	50.0
1371	50.0
1372	50.0
1373	50.0
1374	50.0
1375	50.0
1376	50.0
1377	50.0
1378	50.0
1379	50.0
1380	50.0
1381	50.0
1382	50.0
1383	50.0
1384	50.0
1385	50.0
1386	50.0
1387	50.0
1388	50.0
1389	50.0
1390	50.0
1391	50.0
1392	50.0
1393	50.0
1394	50.0
1395	50.0
1396	50.0
1397	50.0
1398	50.0
1399	50.0
1400	50.0
1401	50.0
1402	50.0
1403	50.0
1404	50.0
1405	50.0
1406	50.0
1407	50.0
1408	50.0
1409	50.0
1410	50.0
1411	50.0
1412	50.0
1413	50.0
1414	50.0
1415	50.0
1416	50.0
1417	50.0
1418	50.0
1419	50.0
1420	50.0
1421	50.0
1422	50.0
1423	50.0
1424	50.0
1425	50.0
1426	50.0
1427	50.0
1428	50.0
1429	50.0
1430	50.0
1431	50.0
1432	50.0
1433	50.0
1434	50.0
1435	50.0
1436	50.0
1437	50.0
1438	50.0
1439	50.0
1440	50.0
1441	50.0
1442	50.0
1443	50.0
1444	50.0
1445	50.0
1446	50.0
1447	50.0
1448	50.0
1449	50.0
1450	50.0
1451	50.0
1452	50.0
1453	50.0
1454	50.0
1455	50.0
1456	50.0
1457	50.0
1458	50.0
1459	50.0
1460	50.0
1461	50.0
1462	50.0
1463	50.0
1464	50.0
1465	50.0
1466	50.0
1467	50.0
1468	50.0
1469	50.0
1470	50.0
1471	50.0
1472	50.0
1473	50.0
1474	50.0
1475	50.0
1476	50.0
1477	50.0
1478	50.0
1479	50.0
1480	50.0
1481	50.0
1482	50.0
1483	50.0
1484	50.0
1485	50.0
1486	50.0
1487	50.0
1488	50.0
1489	50.0
1490	50.0
1491	50.0
1492	50.0
1493	50.0
1494	50.0
1495	50.0
1496	50.0
1497	50.0
1498	50.0
1499	50.0
1500	50.0
1501	50.0
1502	50.0
1503	50.0
1504	50.0
1505	50.0
1506	50.0
1507	50.0
1508	50.0
1509	50.0
1510	50.0
1511	50.0
1512	50.0
1513	50.0
1514	50.0
1515	50.0
1516	50.0
1517	50.0
1518	50.0
1519	50.0
1520	50.0
1521	50.0
1522	50.0
1523	50.0
1524	50.0
1525	50.0
1526	50.0
1527	50.0
1528	50.0
1529	50.0
1530	50.0
1531	50.0
1532	50.0
1533	50.0
1534	50.0
1535	50.0
1536	50.0
1537	50.0
1538	50.0
1539	50.0
1540	50.0
1541	50.0
1542	50.0
1543	50.0
1544	50.0
1545	50.0
1546	50.0
1547	50.0
1548	50.0
1549	50.0
1550	50.0
1551	50.0
1552	50.0
1553	50.0
1554	50.0
1555	50.0
1556	50.0
1557	50.0
1558	50.0
1559	50.0
1560	50.0
1561	50.0
1562	50.0
1563	50.0
1564	50.0
1565	50.0
1566	50.0
1567	50.0
1568	50.0
1569	50.0
1570	50.0
1571	50.0
1572	50.0
1573	50.0
1574	50.0
1575	50.0
1576	50.0
1577	50.0
1578	50.0
1579	50.0
1580	50.0
1581	50.0
1582	50.0
1583	50.0
1584	50.0
1585	50.0
1586	50.0
1587	50.0
1588	50.0
1589	50.0
1590	50.0
1591	50.0
1592	50.0
1593	50.0
1594	50.0
1595	50.0
1596	50.0
1597	50.0
1598	50.0
1599	50.0
1600	50.0
1601	50.0
1602	50.0
1603	50.0
1604	50.0
1605	50.0
1606	50.0
1607	50.0
1608	50.0
1609	50.0
1610	50.0
1611	50.0
1612	50.0
1613	50.0
1614	50.0
1615	50.0
1616	50.0
1617	50.0
1618	50.0
1619	50.0
1620	50.0
1621	50.0
1622	50.0
1623	50.0
1624	50.0
1625	50.0
1626	50.0
1627	50.0
1628	50.0
1629	50.0
1630	50.0
1631	50.0
1632	50.0
1633	50.0
1634	50.0
1635	50.0
1636	50.0
1637	50.0
1638	50.0
1639	50.0
1640	50.0
1641	50.0
1642	50.0
1643	50.0
1644	50.0
1645	50.0
1646	50.0
1647	50.0
1648	50.0
1649	50.0
1650	50.0
1651	50.0
1652	50.0
1653	50.0
1654	50.0
1655	50.0
1656	50.0
1657	50.0
1658	50.0
1659	50.0
1660	50.0
1661	50.0
1662	50.0
1663	50.0
1664	50.0
1665	50.0
1666	50.0
1667	50.0
1668	50.0
1669	50.0
1670	50.0
1671	50.0
1672	50.0
1673	50.0
1674	50.0
1675	50.0
1676	50.0
1677	50.0
1678	50.0
1679	50.0
1680	50.0
1681	50.0
1682	50.0
1683	50.0
1684	50.0
1685	50.0
1686	50.0
1687	50.0
1688	50.0
1689	50.0
1690	50.0
1691	50.0
1692	50.0
1693	50.0
1694	50.0
1695	50.0
1696	50.0
1697	50.0
1698	50.0
1699	50.0
1700	50.0
1701	50.0
1702	50.0
1703	50.0
1704	50.0
1705	50.0
1706	50.0
1707	50.0
1708	50.0
1709	50.0
1710	50.0
1711	50.0
1712	50.0
1713	50.0
1714	50.0
1715	50.0
1716	50.0
1717	50.0
1718	50.0
1719	50.0
1720	50.0
1721	50.0
1722	50.0
1723	50.0
1724	50.0
1725	50.0
1726	50.0
1727	50.0
1728	50.0
1729	50.0
1730	50.0
1731	50.0
1732	50.0
1733	50.0
1734	50.0
1735	50.0
1736	50.0
1737	50.0
1738	50.0
1739	50.0
1740	50.0
1741	50.0
1742	50.0
1743	50.0
1744	50.0
1745	50.0
1746	50.0
1747	50.0
1748	50.0
1749	50.0
1750	50.0
1751	50.0
1752	50.0
1753	50.0
1754	50.0
1755	50.0
1756	50.0
1757	50.0
1758	50.0
1759	50.0
1760	50.0
1761	50.0
1762	50.0
1763	50.0
1764	50.0
1765	50.0
1766	50.0
1767	50.0
1768	50.0
1769	50.0
1770	50.0
1771	50.0
1772	50.0
1773	50.0
1774	50.0
1775	50.0
1776	50.0
1777	50.0
1778	50.0
1779	50.0
1780	50.0
1781	50.0
1782	50.0
1783	50.0
1784	50.0
1785	50.0
1786	50.0
1787	50.0
1788	50.0
1789	50.0
1790	50.0
1791	50.0
1792	50.0
1793	50.0
1794	50.0
1795	50.0
1796	50.0
1797	50.0
1798	50.0
1799	50.0
1800	50.0
1801	50.0
1802	50.0
1803	50.0
1804	50.0
1805	50.0
1806	50.0
1807	50.0
1808	50.0
1809	50.0
1810	50.0
1811	50.0
1812	50.0
1813	50.0
1814	50.0
1815	50.0
1816	50.0
1817	50.0
1818	50.0
1819	50.0
1820	50.0
1821	50.0
1822	50.0
1823	50.0
1824	50.0
1825	50.0
1826	50.0
1827	50.0
1828	50.0
1829	50.0
1830	50.0
1831	50.0
1832	50.0
1833	50.0
1834	50.0
1835	50.0
1836	50.0
1837	50.0
1838	50.0
1839	50.0
1840	50.0
1841	50.0
1842	50.0
1843	50.0
1844	50.0
1845	50.0
1846	50.0
1847	50.0
1848	50.0
1849	50.0
1850	50.0
1851	50.0
1852	50.0
1853	50.0
1854	50.0
1855	50.0
1856	50.0
1857	50.0
1858	50.0
1859	50.0
1860	50.0
1861	50.0
1862	50.0
1863	50.0
1864	50.0
1865	50.0
1866	50.0
1867	50.0
1868	50.0
1869	50.0
1870	50.0
1871	50.0
1872	50.0
1873	50.0
1874	50.0
1875	50.0
1876	50.0
1877	50.0
1878	50.0
1879	50.0
1880	50.0
1881	50.0
1882	50.0
1883	50.0
1884	50.0
1885	50.0
1886	50.0
1887	50.0
1888	50.0
1889	50.0
1890	50.0
1891	50.0
1892	50.0
1893	50.0
1894	50.0
1895	50.0
1896	50.0
1897	50.0
1898	50.0
1899	50.0
1900	50.0
1901	50.0
1902	50.0
1903	50.0
1904	50.0
1905	50.0
1906	50.0
1907	50.0
1908	50.0
1909	50.0
1910	50.0
1911	50.0
1912	50.0
1913	50.0
1914	50.0
1915	50.0
1916	50.0
1917	50.0
1918	50.0
1919	50.0
1920	50.0
1921	50.0
1922	50.0
1923	50.0
1924	50.0
1925	50.0
1926	50.0
1927	50.0
1928	50.0
1929	50.0
1930	50.0
1931	50.0
1932	50.0
1933	50.0
1934	50.0
1935	50.0
1936	50.0
1937	50.0
1938	50.0
1939	50.0
1940	50.0
1941	50.0
1942	50.0
1943	50.0
1944	50.0
1945	50.0
1946	50.0
1947	50.0
1948	50.0
1949	50.0
1950	50.0
1951	50.0
1952	50.0
1953	50.0
1954	50.0
1955	50.0
1956	50.0
1957	50.0
1958	50.0
1959	50.0
1960	50.0
1961	50.0
1962	50.0
1963	50.0
1964	50.0
1965	50.0
1966	50.0
1967	50.0
1968	50.0
1969	50.0
1970	50.0
1971	50.0
1972	50.0
1973	50.0
1974	50.0
1975	50.0
1976	50.0
1977	50.0
1978	50.0
1979	50.0
1980	50.0
1981	50.0
1982	50.0
1983	50.0
1984	50.0
1985	50.0
1986	50.0
1987	50.0
1988	50.0
1989	50.0
1990	50.0
1991	50.0
1992	50.0
1993	50.0
1994	50.0
1995	50.0
1996	50.0
1997	50.0
1998	50.0
1999	50.0
2000	50.0
2001	50.0
2002	50.0
2003	50.0
2004	50.0
2005	50.0
2006	50.0
2007	50.0
2008	50.0
2009	50.0
2010	50.0
2011	50.0
2012	50.0
2013	50.0
2014	50.0
2015	50.0
2016	50.0
2017	50.0
2018	50.0
2019	50.0
2020	50.0
2021	50.0
2022	50.0
2023	50.0
2024	50.0
2025	50.0
2026	50.0
2027	50.0
2028	50.0
2029	50.0
2030	50.0
2031	50.0
2032	50.0
2033	50.0
2034	50.0
2035	50.0
2036	50.0
2037	50.0
2038	50.0
2039	50.0
2040	50.0
2041	50.0
2042	50.0
2043	50.0
2044	50.0
2045	50.0
2046	50.0
2047	50.0
2048	50.0
2049	50.0
2050	50.0
2051	50.0
2052	50.0
2053	50.0
2054	50.0
2055	50.0
2056	50.0
2057	50.0
2058	50.0
2059	50.0
2060	50.0
2061	50.0
2062	50.0
2063	50.0
2064	50.0
2065	50.0
2066	50.0
2067	50.0
2068	50.0
2069	50.0
2070	50.0
2071	50.0
2072	50.0
2073	50.0
2074	50.0
2075	50.0
2076	50.0
2077	50.0
2078	50.0
2079	50.0
2080	50.0
2081	50.0
2082	50.0
2083	50.0
2084	50.0
2085	50.0
2086	50.0
2087	50.0
2088	50.0
2089	50.0
2090	50.0
2091	50.0
2092	50.0
2093	50.0
2094	50.0
2095	50.0
2096	50.0
2097	50.0
2098	50.0
2099	50.0
2100	50.0
2101	50.0
2102	50.0
2103	50.0
2104	50.0
2105	50.0
2106	50.0
2107	50.0
2108	50.0
2109	50.0
2110	50.0
2111	50.0
2112	50.0
2113	50.0
2114	50.0
2115	50.0
2116	50.0
2117	50.0
2118	50.0
2119	50.0
2120	50.0
2121	50.0
2122	50.0
2123	50.0
2124	50.0
2125	50.0
2126	50.0
2127	50.0
2128	50.0
2129	50.0
2130	50.0
2131	50.0
2132	50.0
2133	50.0
2134	50.0
2135	50.0
2136	50.0
2137	50.0
2138	50.0
2139	50.0
2140	50.0
2141	50.0
2142	50.0
2143	50.0
2144	50.0
2145	50.0
2146	50.0
2147	50.0
2148	50.0
2149	50.0
2150	50.0
2151	50.0
2152	50.0
2153	50.0
2154	50.0
2155	50.0
2156	50.0
2157	50.0
2158	50.0
2159	50.0
2160	50.0
2161	50.0
2162	50.0
2163	50.0
2164	50.0
2165	50.0
2166	50.0
2167	50.0
2168	50.0
2169	50.0
2170	50.0
2171	50.0
2172	50.0
2173	50.0
2174	50.0
2175	50.0
2176	50.0
2177	50.0
2178	50.0
2179	50.0
2180	50.0
2181	50.0
2182	50.0
2183	50.0
2184	50.0
2185	50.0
2186	50.0
2187	50.0
2188	50.0
2189	50.0
2190	50.0
2191	50.0
2192	50.0
2193	50.0
2194	50.0
2195	50.0
2196	50.0
2197	50.0
2198	50.0
2199	50.0
2200	50.0
2201	50.0
2202	50.0
2203	50.0
2204	50.0
2205	50.0
2206	50.0
2207	50.0
2208	50.0
2209	50.0
2210	50.0
2211	50.0
2212	50.0
2213	50.0
2214	50.0
2215	50.0
2216	50.0
2217	50.0
2218	50.0
2219	50.0
2220	50.0
2221	50.0
2222	50.0
2223	50.0
2224	50.0
2225	50.0
2226	50.0
2227	50.0
2228	50.0
2229	50.0
2230	50.0
2231	50.0
2232	50.0
2233	50.0
2234	50.0
2235	50.0
2236	50.0
2237	50.0
2238	50.0
2239	50.0
2240	50.0
2241	50.0
2242	50.0
2243	50.0
2244	50.0
2245	50.0
2246	50.0
2247	50.0
2248	50.0
2249	50.0
2250	50.0
2251	50.0
2252	50.0
2253	50.0
2254	50.0
2255	50.0
2256	50.0
2257	50.0
2258	50.0
2259	50.0
2260	50.0
2261	50.0
2262	50.0
2263	50.0
2264	50.0
2265	50.0
2266	50.0
2267	50.0
2268	50.0
2269	50.0
2270	50.0
2271	50.0
2272	50.0
2273	50.0
2274	50.0
2275	50.0
2276	50.0
2277	50.0
2278	50.0
2279	50.0
2280	50.0
2281	50.0
2282	50.0
2283	50.0
2284	50.0
2285	50.0
2286	50.0
2287	50.0
2288	50.0
2289	50.0
2290	50.0
2291	50.0
2292	50.0
2293	50.0
2294	50.0
2295	50.0
2296	50.0
2297	50.0
2298	50.0
2299	50.0
2300	50.0
2301	50.0
2302	50.0
2303	50.0
2304	50.0
2305	50.0
2306	50.0
2307	50.0
2308	50.0
2309	50.0
2310	50.0
2311	50.0
2312	50.0
2313	50.0
2314	50.0
2315	50.0
2316	50.0
2317	50.0
2318	50.0
2319	50.0
2320	50.0
2321	50.0
2322	50.0
2323	50.0
2324	50.0
2325	50.0
2326	50.0
2327	50.0
2328	50.0
2329	50.0
2330	50.0
2331	50.0
2332	50.0
2333	50.0
2334	50.0
2335	50.0
2336	50.0
2337	50.0
2338	50.0
2339	50.0
2340	50.0
2341	50.0
2342	50.0
2343	50.0
2344	50.0
2345	50.0
2346	50.0
2347	50.0
2348	50.0
2349	50.0
2350	50.0
2351	50.0
2352	50.0
2353	50.0
2354	50.0
2355	50.0
2356	50.0
2357	50.0
2358	50.0
2359	50.0
2360	50.0
2361	50.0
2362	50.0
2363	50.0
2364	50.0
2365	50.0
2366	50.0
2367	50.0
2368	50.0
2369	50.0
2370	50.0
2371	50.0
2372	50.0
2373	50.0
2374	50.0
2375	50.0
2376	50.0
2377	50.0
2378	50.0
2379	50.0
2380	50.0
2381	50.0
2382	50.0
2383	50.0
2384	50.0
2385	50.0
2386	50.0
2387	50.0
2388	50.0
2389	50.0
2390	50.0
2391	50.0
2392	50.0
2393	50.0
2394	50.0
2395	50.0
2396	50.0
2397	50.0
2398	50.0
2399	50.0
2400	50.0
2401	50.0
2402	50.0
2403	50.0
2404	50.0
2405	50.0
2406	50.0
2407	50.0
2408	50.0
2409	50.0
2410	50.0
2411	50.0
2412	50.0
2413	50.0
2414	50.0
2415	50.0
2416	50.0
2417	50.0
2418	50.0
2419	50.0
2420	50.0
2421	50.0
2422	50.0
2423	50.0
2424	50.0
2425	50.0
2426	50.0
2427	50.0
2428	50.0
2429	50.0
2430	50.0
2431	50.0
2432	50.0
2433	50.0
2434	50.0
2435	50.0
2436	50.0
2437	50.0
2438	50.0
2439	50.0
2440	50.0
2441	50.0
2442	50.0
2443	50.0
2444	50.0
2445	50.0
2446	50.0
2447	50.0
2448	50.0
2449	50.0
2450	50.0
2451	50.0
2452	50.0
2453	50.0
2454	50.0
2455	50.0
2456	50.0
2457	50.0
2458	50.0
2459	50.0
2460	50.0
2461	50.0
2462	50.0
2463	50.0
2464	50.0
2465	50.0
2466	50.0
2467	50.0
2468	50.0
2469	50.0
2470	50.0
2471	50.0
2472	50.0
2473	50.0
2474	50.0
2475	50.0
2476	50.0
2477	50.0
2478	50.0
2479	50.0
2480	50.0
2481	50.0
2482	50.0
2483	50.0
2484	50.0
2485	50.0
2486	50.0
2487	50.0
2488	50.0
2489	50.0
2490	50.0
2491	50.0
2492	50.0
2493	50.0
2494	50.0
2495	50.0
2496	50.0
2497	50.0
2498	50.0
2499	50.0
2500	50.0
2501	50.0
2502	50.0
2503	50.0
2504	50.0
2505	50.0
2506	50.0
2507	50.0
2508	50.0
2509	50.0
2510	50.0
2511	50.0
2512	50.0
2513	50.0
2514	50.0
2515	50.0
2516	50.0
2517	50.0
2518	50.0
2519	50.0
2520	50.0
2521	50.0
2522	50.0
2523	50.0
2524	50.0
2525	50.0
2526	50.0
2527	50.0
2528	50.0
2529	50.0
2530	50.0
2531	50.0
2532	50.0
2533	50.0
2534	50.0
2535	50.0
2536	50.0
2537	50.0
2538	50.0
2539	50.0
2540	50.0
2541	50.0
2542	50.0
2543	50.0
2544	50.0
2545	50.0
2546	50.0
2547	50.0
2548	50.0
2549	50.0
2550	50.0
2551	50.0
2552	50.0
2553	50.0
2554	50.0
2555	50.0
2556	50.0
2557	50.0
2558	50.0
2559	50.0
2560	50.0
2561	50.0
2562	50.0
2563	50.0
2564	50.0
2565	50.0
2566	50.0
2567	50.0
2568	50.0
2569	50.0
2570	50.0
2571	50.0
2572	50.0
2573	50.0
2574	50.0
2575	50.0
2576	50.0
2577	50.0
2578	50.0
2579	50.0
2580	50.0
2581	50.0
2582	50.0
2583	50.0
2584	50.0
2585	50.0
2586	50.0
2587	50.0
2588	50.0
2589	50.0
2590	50.0
2591	50.0
2592	50.0
2593	50.0
2594	50.0
2595	50.0
2596	50.0
2597	50.0
2598	50.0
2599	50.0
2600	50.0
2601	50.0
2602	50.0
2603	50.0
2604	50.0
2605	50.0
2606	50.0
2607	50.0
2608	50.0
2609	50.0
2610	50.0
2611	50.0
2612	50.0
2613	50.0
2614	50.0
2615	50.0
2616	50.0
2617	50.0
2618	50.0
2619	50.0
2620	50.0
2621	50.0
2622	50.0
2623	50.0
2624	50.0
2625	50.0
2626	50.0
2627	50.0
2628	50.0
2629	50.0
2630	50.0
2631	50.0
2632	50.0
2633	50.0
2634	50.0
2635	50.0
2636	50.0
2637	50.0
2638	50.0
2639	50.0
2640	50.0
2641	50.0
2642	50.0
2643	50.0
2644	50.0
2645	50.0
2646	50.0
2647	50.0
2648	50.0
2649	50.0
2650	50.0
2651	50.0
2652	50.0
2653	50.0
2654	50.0
2655	50.0
2656	50.0
2657	50.0
2658	50.0
2659	50.0
2660	50.0
2661	50.0
2662	50.0
2663	50.0
2664	50.0
2665	50.0
2666	50.0
2667	50.0
2668	50.0
2669	50.0
2670	50.0
2671	50.0
2672	50.0
2673	50.0
2674	50.0
2675	50.0
2676	50.0
2677	50.0
2678	50.0
2679	50.0
2680	50.0
2681	50.0
2682	50.0
2683	50.0
2684	50.0
2685	50.0
2686	50.0
2687	50.0
2688	50.0
2689	50.0
2690	50.0
2691	50.0
2692	50.0
2693	50.0
2694	50.0
2695	50.0
2696	50.0
2697	50.0
2698	50.0
2699	50.0
2700	50.0
2701	50.0
2702	50.0
2703	50.0
2704	50.0
2705	50.0
2706	50.0
2707	50.0
2708	50.0
2709	50.0
2710	50.0
2711	50.0
2712	50.0
2713	50.0
2714	50.0
2715	50.0
2716	50.0
2717	50.0
2718	50.0
2719	50.0
2720	50.0
2721	50.0
2722	50.0
2723	50.0
2724	50.0
2725	50.0
2726	50.0
2727	50.0
2728	50.0
2729	50.0
2730	50.0
2731	50.0
2732	50.0
2733	50.0
2734	50.0
2735	50.0
2736	50.0
2737	50.0
2738	50.0
2739	50.0
2740	50.0
2741	50.0
2742	50.0
2743	50.0
2744	50.0
2745	50.0
2746	50.0
2747	50.0
2748	50.0
2749	50.0
2750	50.0
2751	50.0
2752	50.0
2753	50.0
2754	50.0
2755	50.0
2756	50.0
2757	50.0
2758	50.0
2759	50.0
2760	50.0
2761	50.0
2762	50.0
2763	50.0
2764	50.0
2765	50.0
2766	50.0
2767	50.0
2768	50.0
2769	50.0
2770	50.0
2771	50.0
2772	50.0
2773	50.0
2774	50.0
2775	50.0
2776	50.0
2777	50.0
2778	50.0
2779	50.0
2780	50.0
2781	50.0
2782	50.0
2783	50.0
2784	50.0
2785	50.0
2786	50.0
2787	50.0
2788	50.0
2789	50.0
2790	50.0
2791	50.0
2792	50.0
2793	50.0
2794	50.0
2795	50.0
2796	50.0
2797	50.0
2798	50.0
2799	50.0
2800	50.0
2801	50.0
2802	50.0
2803	50.0
2804	50.0
2805	50.0
2806	50.0
2807	50.0
2808	50.0
2809	50.0
2810	50.0
2811	50.0
2812	50.0
2813	50.0
2814	50.0
2815	50.0
2816	50.0
2817	50.0
2818	50.0
2819	50.0
2820	50.0
2821	50.0
2822	50.0
2823	50.0
2824	50.0
2825	50.0
2826	50.0
2827	50.0
2828	50.0
2829	50.0
2830	50.0
2831	50.0
2832	50.0
2833	50.0
2834	50.0
2835	50.0
2836	50.0
2837	50.0
2838	50.0
2839	50.0
2840	50.0
2841	50.0
2842	50.0
2843	50.0
2844	50.0
2845	50.0
2846	50.0
2847	50.0
2848	50.0
2849	50.0
2850	50.0
2851	50.0
2852	50.0
2853	50.0
2854	50.0
2855	50.0
2856	50.0
2857	50.0
2858	50.0
2859	50.0
2860	50.0
2861	50.0
2862	50.0
2863	50.0
2864	50.0
2865	50.0
2866	50.0
2867	50.0
2868	50.0
2869	50.0
2870	50.0
2871	50.0
2872	50.0
2873	50.0
2874	50.0
2875	50.0
2876	50.0
2877	50.0
2878	50.0
2879	50.0
2880	50.0
2881	50.0
2882	50.0
2883	50.0
2884	50.0
2885	50.0
2886	50.0
2887	50.0
2888	50.0
2889	50.0
2890	50.0
2891	50.0
2892	50.0
2893	50.0
2894	50.0
2895	50.0
2896	50.0
2897	50.0
2898	50.0
2899	50.0
2900	50.0
2901	50.0
2902	50.0
2903	50.0
2904	50.0
2905	50.0
2906	50.0
2907	50.0
2908	50.0
2909	50.0
2910	50.0
2911	50.0
2912	50.0
2913	50.0
2914	50.0
2915	50.0
2916	50.0
2917	50.0
2918	50.0
2919	50.0
2920	50.0
2921	50.0
2922	50.0
2923	50.0
2924	50.0
2925	50.0
2926	50.0
2927	50.0
2928	50.0
2929	50.0
2930	50.0
2931	50.0
2932	50.0
2933	50.0
2934	50.0
2935	50.0
2936	50.0
2937	50.0
2938	50.0
2939	50.0
2940	50.0
2941	50.0
2942	50.0
2943	50.0
2944	50.0
2945	50.0
2946	50.0
2947	50.0
2948	50.0
2949	50.0
2950	50.0
2951	50.0
2952	50.0
2953	50.0
2954	50.0
2955	50.0
2956	50.0
2957	50.0
2958	50.0
2959	50.0
2960	50.0
2961	50.0
2962	50.0
2963	50.0
2964	50.0
2965	50.0
2966	50.0
2967	50.0
2968	50.0
2969	50.0
2970	50.0
2971	50.0
2972	50.0
2973	50.0
2974	50.0
2975	50.0
2976	50.0
2977	50.0
2978	50.0
2979	50.0
2980	50.0
2981	50.0
2982	50.0
2983	50.0
2984	50.0
2985	50.0
2986	50.0
2987	50.0
2988	50.0
2989	50.0
2990	50.0
2991	50.0
2992	50.0
2993	50.0
2994	50.0
2995	50.0
2996	50.0
2997	50.0
2998	50.0
2999	50.0
3000	50.0
3001	50.0
3002	50.0
3003	50.0
3004	50.0
3005	50.0
3006	50.0
3007	50.0
3008	50.0
3009	50.0
3010	50.0
3011	50.0
3012	50.0
3013	50.0
3014	50.0
3015	50.0
3016	50.0
3017	50.0
3018	50.0
3019	50.0
3020	50.0
3021	50.0
3022	50.0
3023	50.0
3024	50.0
3025	50.0
3026	50.0
3027	50.0
3028	50.0
3029	50.0
3030	50.0
3031	50.0
3032	50.0
3033	50.0
3034	50.0
3035	50.0
3036	50.0
3037	50.0
3038	50.0
3039	50.0
3040	50.0
3041	50.0
3042	50.0
3043	50.0
3044	50.0
3045	50.0
3046	50.0
3047	50.0
3048	50.0
3049	50.0
3050	50.0
3051	50.0
3052	50.0
3053	50.0
3054	50.0
3055	50.0
3056	50.0
3057	50.0
3058	50.0
3059	50.0
3060	50.0
3061	50.0
3062	50.0
3063	50.0
3064	50.0
3065	50.0
3066	50.0
3067	50.0
3068	50.0
3069	50.0
3070	50.0
3071	50.0
3072	50.0
3073	50.0
3074	50.0
3075	50.0
3076	50.0
3077	50.0
3078	50.0
3079	50.0
3080	50.0
3081	50.0
3082	50.0
3083	50.0
3084	50.0
3085	50.0
3086	50.0
3087	50.0
3088	50.0
3089	50.0
3090	50.0
3091	50.0
3092	50.0
3093	50.0
3094	50.0
3095	50.0
3096	50.0
3097	50.0
3098	50.0
3099	50.0
3100	50.0
3101	50.0
3102	50.0
3103	50.0
3104	50.0
3105	50.0
3106	50.0
3107	50.0
3108	50.0
3109	50.0
3110	50.0
3111	50.0
3112	50.0
3113	50.0
3114	50.0
3115	50.0
3116	50.0
3117	50.0
3118	50.0
3119	50.0
3120	50.0
3121	50.0
3122	50.0
3123	50.0
3124	50.0
3125	50.0
3126	50.0
3127	50.0
3128	50.0
3129	50.0
3130	50.0
3131	50.0
3132	50.0
3133	50.0
3134	50.0
3135	50.0
3136	50.0
3137	50.0
3138	50.0
3139	50.0
3140	50.0
3141	50.0
3142	50.0
3143	50.0
3144	50.0
3145	50.0
3146	50.0
3147	50.0
3148	50.0
3149	50.0
3150	50.0
3151	50.0
3152	50.0
3153	50.0
3154	50.0
3155	50.0
3156	50.0
3157	50.0
3158	50.0
3159	50.0
3160	50.0
3161	50.0
3162	50.0
3163	50.0
3164	50.0
3165	50.0
3166	50.0
3167	50.0
3168	50.0
3169	50.0
3170	50.0
3171	50.0
3172	50.0
3173	50.0
3174	50.0
3175	50.0
3176	50.0
3177	50.0
3178	50.0
3179	50.0
3180	50.0
3181	50.0
3182	50.0
3183	50.0
3184	50.0
3185	50.0
3186	50.0
3187	50.0
3188	50.0
3189	50.0
3190	50.0
3191	50.0
3192	50.0
3193	50.0
3194	50.0
3195	50.0
3196	50.0
3197	50.0
3198	50.0
3199	50.0
3200	50.0
3201	50.0
3202	50.0
3203	50.0
3204	50.0
3205	50.0
3206	50.0
3207	50.0
3208	50.0
3209	50.0
3210	50.0
3211	50.0
3212	50.0
3213	50.0
3214	50.0
3215	50.0
3216	50.0
3217	50.0
3218	50.0
3219	50.0
3220	50.0
3221	50.0
3222	50.0
3223	50.0
3224	50.0
3225	50.0
3226	50.0
3227	50.0
3228	50.0
3229	50.0
3230	50.0
3231	50.0
3232	50.0
3233	50.0
3234	50.0
3235	50.0
3236	50.0
3237	50.0
3238	50.0
3239	50.0
3240	50.0
3241	50.0
3242	50.0
3243	50.0
3244	50.0
3245	50.0
3246	50.0
3247	50.0
3248	50.0
3249	50.0
3250	50.0
3251	50.0
3252	50.0
3253	50.0
3254	50.0
3255	50.0
3256	50.0
3257	50.0
3258	50.0
3259	50.0
3260	50.0
3261	50.0
3262	50.0
3263	50.0
3264	50.0
3265	50.0
3266	50.0
3267	50.0
3268	50.0
3269	50.0
3270	50.0
3271	50.0
3272	50.0
3273	50.0
3274	50.0
3275	50.0
3276	50.0
3277	50.0
3278	50.0
3279	50.0
3280	50.0
3281	50.0
3282	50.0
3283	50.0
3284	50.0
3285	50.0
3286	50.0
3287	50.0
3288	50.0
3289	50.0
3290	50.0
3291	50.0
3292	50.0
3293	50.0
3294	50.0
3295	50.0
3296	50.0
3297	50.0
3298	50.0
3299	50.0
3300	50.0
3301	50.0
3302	50.0
3303	50.0
3304	50.0
3305	50.0
3306	50.0
3307	50.0
3308	50.0
3309	50.0
3310	50.0
3311	50.0
3312	50.0
3313	50.0
3314	50.0
3315	50.0
3316	50.0
3317	50.0
3318	50.0
3319	50.0
3320	50.0
3321	50.0
3322	50.0
3323	50.0
3324	50.0
3325	50.0
3326	50.0
3327	50.0
3328	50.0
3329	50.0
3330	50.0
3331	50.0
3332	50.0
3333	50.0
3334	50.0
3335	50.0
3336	50.0
3337	50.0
3338	50.0
3339	50.0
3340	50.0
3341	50.0
3342	50.0
3343	50.0
3344	50.0
3345	50.0
3346	50.0
3347	50.0
3348	50.0
3349	50.0
3350	50.0
3351	50.0
3352	50.0
3353	50.0
3354	50.0
3355	50.0
3356	50.0
3357	50.0
3358	50.0
3359	50.0
3360	50.0
3361	50.0
3362	50.0
3363	50.0
3364	50.0
3365	50.0
3366	50.0
3367	50.0
3368	50.0
3369	50.0
3370	50.0
3371	50.0
3372	50.0
3373	50.0
3374	50.0
3375	50.0
3376	50.0
3377	50.0
3378	50.0
3379	50.0
3380	50.0
3381	50.0
3382	50.0
3383	50.0
3384	50.0
3385	50.0
3386	50.0
3387	50.0
3388	50.0
3389	50.0
3390	50.0
3391	50.0
3392	50.0
3393	50.0
3394	50.0
3395	50.0
3396	50.0
3397	50.0
3398	50.0
3399	50.0
3400	50.0
3401	50.0
3402	50.0
3403	50.0
3404	50.0
3405	50.0
3406	50.0
3407	50.0
3408	50.0
3409	50.0
3410	50.0
3411	50.0
3412	50.0
3413	50.0
3414	50.0
3415	50.0
3416	50.0
3417	50.0
3418	50.0
3419	50.0
3420	50.0
3421	50.0
3422	50.0
3423	50.0
3424	50.0
3425	50.0
3426	50.0
3427	50.0
3428	50.0
3429	50.0
3430	50.0
3431	50.0
3432	50.0
3433	50.0
3434	50.0
3435	50.0
3436	50.0
3437	50.0
3438	50.0
3439	50.0
3440	50.0
3441	50.0
3442	50.0
3443	50.0
3444	50.0
3445	50.0
3446	50.0
3447	50.0
3448	50.0
3449	50.0
3450	50.0
3451	50.0
3452	50.0
3453	50.0
3454	50.0
3455	50.0
3456	50.0
3457	50.0
3458	50.0
3459	50.0
3460	50.0
3461	50.0
3462	50.0
3463	50.0
3464	50.0
3465	50.0
3466	50.0
3467	50.0
3468	50.0
3469	50.0
3470	50.0
3471	50.0
3472	50.0
3473	50.0
3474	50.0
3475	50.0
3476	50.0
3477	50.0
3478	50.0
3479	50.0
3480	50.0
3481	50.0
3482	50.0
3483	50.0
3484	50.0
3485	50.0
3486	50.0
3487	50.0
3488	50.0
3489	50.0
3490	50.0
3491	50.0
3492	50.0
3493	50.0
3494	50.0
3495	50.0
3496	50.0
3497	50.0
3498	50.0
3499	50.0
3500	50.0
3501	50.0
3502	50.0
3503	50.0
3504	50.0
3505	50.0
3506	50.0
3507	50.0
3508	50.0
3509	50.0
3510	50.0
3511	50.0
3512	50.0
3513	50.0
3514	50.0
3515	50.0
3516	50.0
3517	50.0
3518	50.0
3519	50.0
3520	50.0
3521	50.0
3522	50.0
3523	50.0
3524	50.0
3525	50.0
3526	50.0
3527	50.0
3528	50.0
3529	50.0
3530	50.0
3531	50.0
3532	50.0
3533	50.0
3534	50.0
3535	50.0
3536	50.0
3537	50.0
3538	50.0
3539	50.0
3540	50.0
3541	50.0
3542	50.0
3543	50.0
3544	50.0
3545	50.0
3546	50.0
3547	50.0
3548	50.0
3549	50.0
3550	50.0
3551	50.0
3552	50.0
3553	50.0
3554	50.0
3555	50.0
3556	50.0
3557	50.0
3558	50.0
3559	50.0
3560	50.0
3561	50.0
3562	50.0
3563	50.0
3564	50.0
3565	50.0
3566	50.0
3567	50.0
3568	50.0
3569	50.0
3570	50.0
3571	50.0
3572	50.0
3573	50.0
3574	50.0
3575	50.0
3576	50.0
3577	50.0
3578	50.0
3579	50.0
3580	50.0
3581	50.0
3582	50.0
3583	50.0
3584	50.0
3585	50.0
3586	50.0
3587	50.0
3588	50.0
3589	50.0
3590	50.0
3591	50.0
3592	50.0
3593	50.0
3594	50.0
3595	50.0
3596	50.0
3597	50.0
3598	50.0
3599	50.0
3600	50.0
3601	50.0
3602	50.0
3603	50.0
3604	50.0
3605	50.0
3606	50.0
3607	50.0
3608	50.0
3609	50.0
3610	50.0
3611	50.0
3612	50.0
3613	50.0
3614	50.0
3615	50.0
3616	50.0
3617	50.0
3618	50.0
3619	50.0
3620	50.0
3621	50.0
3622	50.0
3623	50.0
3624	50.0
3625	50.0
3626	50.0
3627	50.0
3628	50.0
3629	50.0
3630	50.0
3631	50.0
3632	50.0
3633	50.0
3634	50.0
3635	50.0
3636	50.0
3637	50.0
3638	50.0
3639	50.0
3640	50.0
3641	50.0
3642	50.0
3643	50.0
3644	50.0
3645	50.0
3646	50.0
3647	50.0
3648	50.0
3649	50.0
3650	50.0
3651	50.0
3652	50.0
3653	50.0
3654	50.0
3655	50.0
3656	50.0
3657	50.0
3658	50.0
3659	50.0
3660	50.0
3661	50.0
3662	50.0
3663	50.0
3664	50.0
3665	50.0
3666	50.0
3667	50.0
3668	50.0
3669	50.0
3670	50.0
3671	50.0
3672	50.0
3673	50.0
3674	50.0
3675	50.0
3676	50.0
3677	50.0
3678	50.0
3679	50.0
3680	50.0
3681	50.0
3682	50.0
3683	50.0
3684	50.0
3685	50.0
3686	50.0
3687	50.0
3688	50.0
3689	50.0
3690	50.0
3691	50.0
3692	50.0
3693	50.0
3694	50.0
3695	50.0
3696	50.0
3697	50.0
3698	50.0
3699	50.0
3700	50.0
3701	50.0
3702	50.0
3703	50.0
3704	50.0
3705	50.0
3706	50.0
3707	50.0
3708	50.0
3709	50.0
3710	50.0
3711	50.0
3712	50.0
3713	50.0
3714	50.0
3715	50.0
3716	50.0
3717	50.0
3718	50.0
3719	50.0
3720	50.0
3721	50.0
3722	50.0
3723	50.0
3724	50.0
3725	50.0
3726	50.0
3727	50.0
3728	50.0
3729	50.0
3730	50.0
3731	50.0
3732	50.0
3733	50.0
3734	50.0
3735	50.0
3736	50.0
3737	50.0
3738	50.0
3739	50.0
3740	50.0
3741	50.0
3742	50.0
3743	50.0
3744	50.0
3745	50.0
3746	50.0
3747	50.0
3748	50.0
3749	50.0
3750	50.0
3751	50.0
3752	50.0
3753	50.0
3754	50.0
3755	50.0
3756	50.0
3757	50.0
3758	50.0
3759	50.0
3760	50.0
3761	50.0
3762	50.0
3763	50.0
3764	50.0
3765	50.0
3766	50.0
3767	50.0
3768	50.0
3769	50.0
3770	50.0
3771	50.0
3772	50.0
3773	50.0
3774	50.0
3775	50.0
3776	50.0
3777	50.0
3778	50.0
3779	50.0
3780	50.0
3781	50.0
3782	50.0
3783	50.0
3784	50.0
3785	50.0
3786	50.0
3787	50.0
3788	50.0
3789	50.0
3790	50.0
3791	50.0
3792	50.0
3793	50.0
3794	50.0
3795	50.0
3796	50.0
3797	50.0
3798	50.0
3799	50.0
3800	50.0
3801	50.0
3802	50.0
3803	50.0
3804	50.0
3805	50.0
3806	50.0
3807	50.0
3808	50.0
3809	50.0
3810	50.0
3811	50.0
3812	50.0
3813	50.0
3814	50.0
3815	50.0
3816	50.0
3817	50.0
3818	50.0
3819	50.0
3820	50.0
3821	50.0
3822	50.0
3823	50.0
3824	50.0
3825	50.0
3826	50.0
3827	50.0
3828	50.0
3829	50.0
3830	50.0
3831	50.0
3832	50.0
3833	50.0
3834	50.0
3835	50.0
3836	50.0
3837	50.0
3838	50.0
3839	50.0
3840	50.0
3841	50.0
3842	50.0
3843	50.0
3844	50.0
3845	50.0
3846	50.0
3847	50.0
3848	50.0
3849	50.0
3850	50.0
3851	50.0
3852	50.0
3853	50.0
3854	50.0
3855	50.0
3856	50.0
3857	50.0
3858	50.0
3859	50.0
3860	50.0
3861	50.0
3862	50.0
3863	50.0
3864	50.0
3865	50.0
3866	50.0
3867	50.0
3868	50.0
3869	50.0
3870	50.0
3871	50.0
3872	50.0
3873	50.0
3874	50.0
3875	50.0
3876	50.0
3877	50.0
3878	50.0
3879	50.0
3880	50.0
3881	50.0
3882	50.0
3883	50.0
3884	50.0
3885	50.0
3886	50.0
3887	50.0
3888	50.0
3889	50.0
3890	50.0
3891	50.0
3892	50.0
3893	50.0
3894	50.0
3895	50.0
3896	50.0
3897	50.0
3898	50.0
3899	50.0
3900	50.0
3901	50.0
3902	50.0
3903	50.0
3904	50.0
3905	50.0
3906	50.0
3907	50.0
3908	50.0
3909	50.0
3910	50.0
3911	50.0
3912	50.0
3913	50.0
3914	50.0
3915	50.0
3916	50.0
3917	50.0
3918	50.0
3919	50.0
3920	50.0
3921	50.0
3922	50.0
3923	50.0
3924	50.0
3925	50.0
3926	50.0
3927	50.0
3928	50.0
3929	50.0
3930	50.0
3931	50.0
3932	50.0
3933	50.0
3934	50.0
3935	50.0
3936	50.0
3937	50.0
3938	50.0
3939	50.0
3940	50.0
3941	50.0
3942	50.0
3943	50.0
3944	50.0
3945	50.0
3946	50.0
3947	50.0
3948	50.0
3949	50.0
3950	50.0
3951	50.0
3952	50.0
3953	50.0
3954	50.0
3955	50.0
3956	50.0
3957	50.0
3958	50.0
3959	50.0
3960	50.0
3961	50.0
3962	50.0
3963	50.0
3964	50.0
3965	50.0
3966	50.0
3967	50.0
3968	50.0
3969	50.0
3970	50.0
3971	50.0
3972	50.0
3973	50.0
3974	50.0
3975	50.0
3976	50.0
3977	50.0
3978	50.0
3979	50.0
3980	50.0
3981	50.0
3982	50.0
3983	50.0
3984	50.0
3985	50.0
3986	50.0
3987	50.0
3988	50.0
3989	50.0
3990	50.0
3991	50.0
3992	50.0
3993	50.0
3994	50.0
3995	50.0
