0	12.88
1	12.88
2	12.88
3	12.88
4	12.88
5	12.88
6	12.88
7	12.88
8	12.88
9	12.88
10	12.88
11	12.88
12	12.88
13	12.88
14	12.88
15	12.88
16	12.88
17	12.88
18	12.88
19	12.88
20	12.88
21	12.88
22	12.88
23	12.88
24	12.88
25	12.88
26	12.88
27	12.88
28	12.88
29	12.88
30	12.88
31	12.88
32	12.88
33	12.88
34	12.88
35	12.88
36	12.88
37	12.88
38	12.88
39	12.88
40	12.88
41	12.88
42	12.88
43	12.88
44	12.88
45	12.88
46	12.88
47	12.88
48	12.88
49	12.88
50	12.88
51	12.88
52	12.88
53	12.88
54	12.88
55	12.88
56	12.88
57	12.88
58	12.88
59	12.88
60	12.88
61	12.88
62	12.88
63	12.88
64	12.88
65	12.88
66	12.88
67	12.88
68	12.88
69	12.88
70	12.88
71	12.88
72	12.88
73	12.88
74	12.88
75	12.88
76	12.88
77	12.88
78	12.88
79	12.88
80	12.88
81	12.88
82	12.88
83	12.88
84	12.88
85	12.88
86	12.88
87	12.88
88	12.88
89	12.88
90	12.88
91	12.88
92	12.88
93	12.88
94	12.88
95	12.88
96	12.88
97	12.88
98	12.88
99	12.88
100	12.88
101	12.88
102	12.88
103	12.88
104	12.88
105	12.88
106	12.88
107	12.88
108	12.88
109	12.88
110	12.88
111	12.88
112	12.88
113	12.88
114	12.88
115	12.88
116	12.88
117	12.88
118	12.88
119	12.88
120	12.88
121	12.88
122	12.88
123	12.88
124	12.88
125	12.88
126	12.88
127	12.88
128	12.88
129	12.88
130	12.88
131	12.88
132	12.88
133	12.88
134	12.88
135	12.88
136	12.88
137	12.88
138	12.88
139	12.88
140	12.88
141	12.88
142	12.88
143	12.88
144	12.88
145	12.88
146	12.88
147	12.88
148	12.88
149	12.88
150	12.88
151	12.88
152	12.88
153	12.88
154	12.88
155	12.88
156	12.88
157	12.88
158	12.88
159	12.88
160	12.88
161	12.88
162	12.88
163	12.88
164	12.88
165	12.88
166	12.88
167	12.88
168	12.88
169	12.88
170	12.88
171	12.88
172	12.88
173	12.88
174	12.88
175	12.88
176	12.88
177	12.88
178	12.88
179	12.88
180	12.88
181	12.88
182	12.88
183	12.88
184	12.88
185	12.88
186	12.88
187	12.88
188	12.88
189	12.88
190	12.88
191	12.88
192	12.88
193	12.88
194	12.88
195	12.88
196	12.88
197	12.88
198	12.88
199	12.88
200	12.88
201	12.88
202	12.88
203	12.88
204	12.88
205	12.88
206	12.88
207	12.88
208	12.88
209	12.88
210	12.88
211	12.88
212	12.88
213	12.88
214	12.88
215	12.88
216	12.88
217	12.88
218	12.88
219	12.88
220	12.88
221	12.88
222	12.88
223	12.88
224	12.88
225	12.88
226	12.88
227	12.88
228	12.88
229	12.88
230	12.88
231	12.88
232	12.88
233	12.88
234	12.88
235	12.88
236	12.88
237	12.88
238	12.88
239	12.88
240	12.88
241	12.88
242	12.88
243	12.88
244	12.88
245	12.88
246	12.88
247	12.88
248	12.88
249	12.88
250	12.88
251	12.88
252	12.88
253	12.88
254	12.88
255	12.88
256	12.88
257	12.88
258	12.88
259	12.88
260	12.88
261	12.88
262	12.88
263	12.88
264	12.88
265	12.88
266	12.88
267	12.88
268	12.88
269	12.88
270	12.88
271	12.88
272	12.88
273	12.88
274	12.88
275	12.88
276	12.88
277	12.88
278	12.88
279	12.88
280	12.88
281	12.88
282	12.88
283	12.88
284	12.88
285	12.88
286	12.88
287	12.88
288	12.88
289	12.88
290	12.88
291	12.88
292	12.88
293	12.88
294	12.88
295	12.88
296	12.88
297	12.88
298	12.88
299	12.88
300	12.88
301	12.88
302	12.88
303	12.88
304	12.88
305	12.88
306	12.88
307	12.88
308	12.88
309	12.88
310	12.88
311	12.88
312	12.88
313	12.88
314	12.88
315	12.88
316	12.88
317	12.88
318	12.88
319	12.88
320	12.88
321	12.88
322	12.88
323	12.88
324	12.88
325	12.88
326	12.88
327	12.88
328	12.88
329	12.88
330	12.88
331	12.88
332	12.88
333	12.88
334	12.88
335	12.88
336	12.88
337	12.88
338	12.88
339	12.88
340	12.88
341	12.88
342	12.88
343	12.88
344	12.88
345	12.88
346	12.88
347	12.88
348	12.88
349	12.88
350	12.88
351	12.88
352	12.88
353	12.88
354	12.88
355	12.88
356	12.88
357	12.88
358	12.88
359	12.88
360	12.88
361	12.88
362	12.88
363	12.88
364	12.88
365	12.88
366	12.88
367	12.88
368	12.88
369	12.88
370	12.88
371	12.88
372	12.88
373	12.88
374	12.88
375	12.88
376	12.88
377	12.88
378	12.88
379	12.88
380	12.88
381	12.88
382	12.88
383	12.88
384	12.88
385	12.88
386	12.88
387	12.88
388	12.88
389	12.88
390	12.88
391	12.88
392	12.88
393	12.88
394	12.88
395	12.88
396	12.88
397	12.88
398	12.88
399	12.88
400	12.88
401	12.88
402	12.88
403	12.88
404	12.88
405	12.88
406	12.88
407	12.88
408	12.88
409	12.88
410	12.88
411	12.88
412	12.88
413	12.88
414	12.88
415	12.88
416	12.88
417	12.88
418	12.88
419	12.88
420	12.88
421	12.88
422	12.88
423	12.88
424	12.88
425	12.88
426	12.88
427	12.88
428	12.88
429	12.88
430	12.88
431	12.88
432	12.88
433	12.88
434	12.88
435	12.88
436	12.88
437	12.88
438	12.88
439	12.88
440	12.88
441	12.88
442	12.88
443	12.88
444	12.88
445	12.88
446	12.88
447	12.88
448	12.88
449	12.88
450	12.88
451	12.88
452	12.88
453	12.88
454	12.88
455	12.88
456	12.88
457	12.88
458	12.88
459	12.88
460	12.88
461	12.88
462	12.88
463	12.88
464	12.88
465	12.88
466	12.88
467	12.88
468	12.88
469	12.88
470	12.88
471	12.88
472	12.88
473	12.88
474	12.88
475	12.88
476	12.88
477	12.88
478	12.88
479	12.88
480	12.88
481	12.88
482	12.88
483	12.88
484	12.88
485	12.88
486	12.88
487	12.88
488	12.88
489	12.88
490	12.88
491	12.88
492	12.88
493	12.88
494	12.88
495	12.88
496	12.88
497	12.88
498	12.88
499	12.88
500	12.88
501	12.88
502	12.88
503	12.88
504	12.88
505	12.88
506	12.88
507	12.88
508	12.88
509	12.88
510	12.88
511	12.88
512	12.88
513	12.88
514	12.88
515	12.88
516	12.88
517	12.88
518	12.88
519	12.88
520	12.88
521	12.88
522	12.88
523	12.88
524	12.88
525	12.88
526	12.88
527	12.88
528	12.88
529	12.88
530	12.88
531	12.88
532	12.88
533	12.88
534	12.88
535	12.88
536	12.88
537	12.88
538	12.88
539	12.88
540	12.88
541	12.88
542	12.88
543	12.88
544	12.88
545	12.88
546	12.88
547	12.88
548	12.88
549	12.88
550	12.88
551	12.88
552	12.88
553	12.88
554	12.88
555	12.88
556	12.88
557	12.88
558	12.88
559	12.88
560	12.88
561	12.88
562	12.88
563	12.88
564	12.88
565	12.88
566	12.88
567	12.88
568	12.88
569	12.88
570	12.88
571	12.88
572	12.88
573	12.88
574	12.88
575	12.88
576	12.88
577	12.88
578	12.88
579	12.88
580	12.88
581	12.88
582	12.88
583	12.88
584	12.88
585	12.88
586	12.88
587	12.88
588	12.88
589	12.88
590	12.88
591	12.88
592	12.88
593	12.88
594	12.88
595	12.88
596	12.88
597	12.88
598	12.88
599	12.88
600	12.88
601	12.88
602	12.88
603	12.88
604	12.88
605	12.88
606	12.88
607	12.88
608	12.88
609	12.88
610	12.88
611	12.88
612	12.88
613	12.88
614	12.88
615	12.88
616	12.88
617	12.88
618	12.88
619	12.88
620	12.88
621	12.88
622	12.88
623	12.88
624	12.88
625	12.88
626	12.88
627	12.88
628	12.88
629	12.88
630	12.88
631	12.88
632	12.88
633	12.88
634	12.88
635	12.88
636	12.88
637	12.88
638	12.88
639	12.88
640	12.88
641	12.88
642	12.88
643	12.88
644	12.88
645	12.88
646	12.88
647	12.88
648	12.88
649	12.88
650	12.88
651	12.88
652	12.88
653	12.88
654	12.88
655	12.88
656	12.88
657	12.88
658	12.88
659	12.88
660	12.88
661	12.88
662	12.88
663	12.88
664	12.88
665	12.88
666	12.88
667	12.88
668	12.88
669	12.88
670	12.88
671	12.88
672	12.88
673	12.88
674	12.88
675	12.88
676	12.88
677	12.88
678	12.88
679	12.88
680	12.88
681	12.88
682	12.88
683	12.88
684	12.88
685	12.88
686	12.88
687	12.88
688	12.88
689	12.88
690	12.88
691	12.88
692	12.88
693	12.88
694	12.88
695	12.88
696	12.88
697	12.88
698	12.88
699	12.88
700	12.88
701	12.88
702	12.88
703	12.88
704	12.88
705	12.88
706	12.88
707	12.88
708	12.88
709	12.88
710	12.88
711	12.88
712	12.88
713	12.88
714	12.88
715	12.88
716	12.88
717	12.88
718	12.88
719	12.88
720	12.88
721	12.88
722	12.88
723	12.88
724	12.88
725	12.88
726	12.88
727	12.88
728	12.88
729	12.88
730	12.88
731	12.88
732	12.88
733	12.88
734	12.88
735	12.88
736	12.88
737	12.88
738	12.88
739	12.88
740	12.88
741	12.88
742	12.88
743	12.88
744	12.88
745	12.88
746	12.88
747	12.88
748	12.88
749	12.88
750	12.88
751	12.88
752	12.88
753	12.88
754	12.88
755	12.88
756	12.88
757	12.88
758	12.88
759	12.88
760	12.88
761	12.88
762	12.88
763	12.88
764	12.88
765	12.88
766	12.88
767	12.88
768	12.88
769	12.88
770	12.88
771	12.88
772	12.88
773	12.88
774	12.88
775	12.88
776	12.88
777	12.88
778	12.88
779	12.88
780	12.88
781	12.88
782	12.88
783	12.88
784	12.88
785	12.88
786	12.88
787	12.88
788	12.88
789	12.88
790	12.88
791	12.88
792	12.88
793	12.88
794	12.88
795	12.88
796	12.88
797	12.88
798	12.88
799	12.88
800	12.88
801	12.88
802	12.88
803	12.88
804	12.88
805	12.88
806	12.88
807	12.88
808	12.88
809	12.88
810	12.88
811	12.88
812	12.88
813	12.88
814	12.88
815	12.88
816	12.88
817	12.88
818	12.88
819	12.88
820	12.88
821	12.88
822	12.88
823	12.88
824	12.88
825	12.88
826	12.88
827	12.88
828	12.88
829	12.88
830	12.88
831	12.88
832	12.88
833	12.88
834	12.88
835	12.88
836	12.88
837	12.88
838	12.88
839	12.88
840	12.88
841	12.88
842	12.88
843	12.88
844	12.88
845	12.88
846	12.88
847	12.88
848	12.88
849	12.88
850	12.88
851	12.88
852	12.88
853	12.88
854	12.88
855	12.88
856	12.88
857	12.88
858	12.88
859	12.88
860	12.88
861	12.88
862	12.88
863	12.88
864	12.88
865	12.88
866	12.88
867	12.88
868	12.88
869	12.88
870	12.88
871	12.88
872	12.88
873	12.88
874	12.88
875	12.88
876	12.88
877	12.88
878	12.88
879	12.88
880	12.88
881	12.88
882	12.88
883	12.88
884	12.88
885	12.88
886	12.88
887	12.88
888	12.88
889	12.88
890	12.88
891	12.88
892	12.88
893	12.88
894	12.88
895	12.88
896	12.88
897	12.88
898	12.88
899	12.88
900	12.88
901	12.88
902	12.88
903	12.88
904	12.88
905	12.88
906	12.88
907	12.88
908	12.88
909	12.88
910	12.88
911	12.88
912	12.88
913	12.88
914	12.88
915	12.88
916	12.88
917	12.88
918	12.88
919	12.88
920	12.88
921	12.88
922	12.88
923	12.88
924	12.88
925	12.88
926	12.88
927	12.88
928	12.88
929	12.88
930	12.88
931	12.88
932	12.88
933	12.88
934	12.88
935	12.88
936	12.88
937	12.88
938	12.88
939	12.88
940	12.88
941	12.88
942	12.88
943	12.88
944	12.88
945	12.88
946	12.88
947	12.88
948	12.88
949	12.88
950	12.88
951	12.88
952	12.88
953	12.88
954	12.88
955	12.88
956	12.88
957	12.88
958	12.88
959	12.88
960	12.88
961	12.88
962	12.88
963	12.88
964	12.88
965	12.88
966	12.88
967	12.88
968	12.88
969	12.88
970	12.88
971	12.88
972	12.88
973	12.88
974	12.88
975	12.88
976	12.88
977	12.88
978	12.88
979	12.88
980	12.88
981	12.88
982	12.88
983	12.88
984	12.88
985	12.88
986	12.88
987	12.88
988	12.88
989	12.88
990	12.88
991	12.88
992	12.88
993	12.88
994	12.88
995	12.88
996	12.88
997	12.88
998	12.88
999	12.88
