0	64.64
1	64.64
2	64.64
3	64.64
4	64.64
5	64.64
6	64.64
7	64.64
8	64.64
9	64.64
10	64.64
11	64.64
12	64.64
13	64.64
14	64.64
15	64.64
16	64.64
17	64.64
18	64.64
19	64.64
20	64.64
21	64.64
22	64.64
23	64.64
24	64.64
25	64.64
26	64.64
27	64.64
28	64.64
29	64.64
30	64.64
31	64.64
32	64.64
33	64.64
34	64.64
35	64.64
36	64.64
37	64.64
38	64.64
39	64.64
40	64.64
41	64.64
42	64.64
43	64.64
44	64.64
45	64.64
46	64.64
47	64.64
48	64.64
49	64.64
50	64.64
51	64.64
52	64.64
53	64.64
54	64.64
55	64.64
56	64.64
57	64.64
58	64.64
59	64.64
60	64.64
61	64.64
62	64.64
63	64.64
64	64.64
65	64.64
66	64.64
67	64.64
68	64.64
69	64.64
70	64.64
71	64.64
72	64.64
73	64.64
74	64.64
75	64.64
76	64.64
77	64.64
78	64.64
79	64.64
80	64.64
81	64.64
82	64.64
83	64.64
84	64.64
85	64.64
86	64.64
87	64.64
88	64.64
89	64.64
90	64.64
91	64.64
92	64.64
93	64.64
94	64.64
95	64.64
96	64.64
97	64.64
98	64.64
99	64.64
100	64.64
101	64.64
102	64.64
103	64.64
104	64.64
105	64.64
106	64.64
107	64.64
108	64.64
109	64.64
110	64.64
111	64.64
112	64.64
113	64.64
114	64.64
115	64.64
116	64.64
117	64.64
118	64.64
119	64.64
120	64.64
121	64.64
122	64.64
123	64.64
124	64.64
125	64.64
126	64.64
127	64.64
128	64.64
129	64.64
130	64.64
131	64.64
132	64.64
133	64.64
134	64.64
135	64.64
136	64.64
137	64.64
138	64.64
139	64.64
140	64.64
141	64.64
142	64.64
143	64.64
144	64.64
145	64.64
146	64.64
147	64.64
148	64.64
149	64.64
150	64.64
151	64.64
152	64.64
153	64.64
154	64.64
155	64.64
156	64.64
157	64.64
158	64.64
159	64.64
160	64.64
161	64.64
162	64.64
163	64.64
164	64.64
165	64.64
166	64.64
167	64.64
168	64.64
169	64.64
170	64.64
171	64.64
172	64.64
173	64.64
174	64.64
175	64.64
176	64.64
177	64.64
178	64.64
179	64.64
180	64.64
181	64.64
182	64.64
183	64.64
184	64.64
185	64.64
186	64.64
187	64.64
188	64.64
189	64.64
190	64.64
191	64.64
192	64.64
193	64.64
194	64.64
195	64.64
196	64.64
197	64.64
198	64.64
199	64.64
200	64.64
201	64.64
202	64.64
203	64.64
204	64.64
205	64.64
206	64.64
207	64.64
208	64.64
209	64.64
210	64.64
211	64.64
212	64.64
213	64.64
214	64.64
215	64.64
216	64.64
217	64.64
218	64.64
219	64.64
220	64.64
221	64.64
222	64.64
223	64.64
224	64.64
225	64.64
226	64.64
227	64.64
228	64.64
229	64.64
230	64.64
231	64.64
232	64.64
233	64.64
234	64.64
235	64.64
236	64.64
237	64.64
238	64.64
239	64.64
240	64.64
241	64.64
242	64.64
243	64.64
244	64.64
245	64.64
246	64.64
247	64.64
248	64.64
249	64.64
250	64.64
251	64.64
252	64.64
253	64.64
254	64.64
255	64.64
256	64.64
257	64.64
258	64.64
259	64.64
260	64.64
261	64.64
262	64.64
263	64.64
264	64.64
265	64.64
266	64.64
267	64.64
268	64.64
269	64.64
270	64.64
271	64.64
272	64.64
273	64.64
274	64.64
275	64.64
276	64.64
277	64.64
278	64.64
279	64.64
280	64.64
281	64.64
282	64.64
283	64.64
284	64.64
285	64.64
286	64.64
287	64.64
288	64.64
289	64.64
290	64.64
291	64.64
292	64.64
293	64.64
294	64.64
295	64.64
296	64.64
297	64.64
298	64.64
299	64.64
300	64.64
301	64.64
302	64.64
303	64.64
304	64.64
305	64.64
306	64.64
307	64.64
308	64.64
309	64.64
310	64.64
311	64.64
312	64.64
313	64.64
314	64.64
315	64.64
316	64.64
317	64.64
318	64.64
319	64.64
320	64.64
321	64.64
322	64.64
323	64.64
324	64.64
325	64.64
326	64.64
327	64.64
328	64.64
329	64.64
330	64.64
331	64.64
332	64.64
333	64.64
334	64.64
335	64.64
336	64.64
337	64.64
338	64.64
339	64.64
340	64.64
341	64.64
342	64.64
343	64.64
344	64.64
345	64.64
346	64.64
347	64.64
348	64.64
349	64.64
350	64.64
351	64.64
352	64.64
353	64.64
354	64.64
355	64.64
356	64.64
357	64.64
358	64.64
359	64.64
360	64.64
361	64.64
362	64.64
363	64.64
364	64.64
365	64.64
366	64.64
367	64.64
368	64.64
369	64.64
370	64.64
371	64.64
372	64.64
373	64.64
374	64.64
375	64.64
376	64.64
377	64.64
378	64.64
379	64.64
380	64.64
381	64.64
382	64.64
383	64.64
384	64.64
385	64.64
386	64.64
387	64.64
388	64.64
389	64.64
390	64.64
391	64.64
392	64.64
393	64.64
394	64.64
395	64.64
396	64.64
397	64.64
398	64.64
399	64.64
400	64.64
401	64.64
402	64.64
403	64.64
404	64.64
405	64.64
406	64.64
407	64.64
408	64.64
409	64.64
410	64.64
411	64.64
412	64.64
413	64.64
414	64.64
415	64.64
416	64.64
417	64.64
418	64.64
419	64.64
420	64.64
421	64.64
422	64.64
423	64.64
424	64.64
425	64.64
426	64.64
427	64.64
428	64.64
429	64.64
430	64.64
431	64.64
432	64.64
433	64.64
434	64.64
435	64.64
436	64.64
437	64.64
438	64.64
439	64.64
440	64.64
441	64.64
442	64.64
443	64.64
444	64.64
445	64.64
446	64.64
447	64.64
448	64.64
449	64.64
450	64.64
451	64.64
452	64.64
453	64.64
454	64.64
455	64.64
456	64.64
457	64.64
458	64.64
459	64.64
460	64.64
461	64.64
462	64.64
463	64.64
464	64.64
465	64.64
466	64.64
467	64.64
468	64.64
469	64.64
470	64.64
471	64.64
472	64.64
473	64.64
474	64.64
475	64.64
476	64.64
477	64.64
478	64.64
479	64.64
480	64.64
481	64.64
482	64.64
483	64.64
484	64.64
485	64.64
486	64.64
487	64.64
488	64.64
489	64.64
490	64.64
491	64.64
492	64.64
493	64.64
494	64.64
495	64.64
496	64.64
497	64.64
498	64.64
499	64.64
500	64.64
501	64.64
502	64.64
503	64.64
504	64.64
505	64.64
506	64.64
507	64.64
508	64.64
509	64.64
510	64.64
511	64.64
512	64.64
513	64.64
514	64.64
515	64.64
516	64.64
517	64.64
518	64.64
519	64.64
520	64.64
521	64.64
522	64.64
523	64.64
524	64.64
525	64.64
526	64.64
527	64.64
528	64.64
529	64.64
530	64.64
531	64.64
532	64.64
533	64.64
534	64.64
535	64.64
536	64.64
537	64.64
538	64.64
539	64.64
540	64.64
541	64.64
542	64.64
543	64.64
544	64.64
545	64.64
546	64.64
547	64.64
548	64.64
549	64.64
550	64.64
551	64.64
552	64.64
553	64.64
554	64.64
555	64.64
556	64.64
557	64.64
558	64.64
559	64.64
560	64.64
561	64.64
562	64.64
563	64.64
564	64.64
565	64.64
566	64.64
567	64.64
568	64.64
569	64.64
570	64.64
571	64.64
572	64.64
573	64.64
574	64.64
575	64.64
576	64.64
577	64.64
578	64.64
579	64.64
580	64.64
581	64.64
582	64.64
583	64.64
584	64.64
585	64.64
586	64.64
587	64.64
588	64.64
589	64.64
590	64.64
591	64.64
592	64.64
593	64.64
594	64.64
595	64.64
596	64.64
597	64.64
598	64.64
599	64.64
600	64.64
601	64.64
602	64.64
603	64.64
604	64.64
605	64.64
606	64.64
607	64.64
608	64.64
609	64.64
610	64.64
611	64.64
612	64.64
613	64.64
614	64.64
615	64.64
616	64.64
617	64.64
618	64.64
619	64.64
620	64.64
621	64.64
622	64.64
623	64.64
624	64.64
625	64.64
626	64.64
627	64.64
628	64.64
629	64.64
630	64.64
631	64.64
632	64.64
633	64.64
634	64.64
635	64.64
636	64.64
637	64.64
638	64.64
639	64.64
640	64.64
641	64.64
642	64.64
643	64.64
644	64.64
645	64.64
646	64.64
647	64.64
648	64.64
649	64.64
650	64.64
651	64.64
652	64.64
653	64.64
654	64.64
655	64.64
656	64.64
657	64.64
658	64.64
659	64.64
660	64.64
661	64.64
662	64.64
663	64.64
664	64.64
665	64.64
666	64.64
667	64.64
668	64.64
669	64.64
670	64.64
671	64.64
672	64.64
673	64.64
674	64.64
675	64.64
676	64.64
677	64.64
678	64.64
679	64.64
680	64.64
681	64.64
682	64.64
683	64.64
684	64.64
685	64.64
686	64.64
687	64.64
688	64.64
689	64.64
690	64.64
691	64.64
692	64.64
693	64.64
694	64.64
695	64.64
696	64.64
697	64.64
698	64.64
699	64.64
700	64.64
701	64.64
702	64.64
703	64.64
704	64.64
705	64.64
706	64.64
707	64.64
708	64.64
709	64.64
710	64.64
711	64.64
712	64.64
713	64.64
714	64.64
715	64.64
716	64.64
717	64.64
718	64.64
719	64.64
720	64.64
721	64.64
722	64.64
723	64.64
724	64.64
725	64.64
726	64.64
727	64.64
728	64.64
729	64.64
730	64.64
731	64.64
732	64.64
733	64.64
734	64.64
735	64.64
736	64.64
737	64.64
738	64.64
739	64.64
740	64.64
741	64.64
742	64.64
743	64.64
744	64.64
745	64.64
746	64.64
747	64.64
748	64.64
749	64.64
750	64.64
751	64.64
752	64.64
753	64.64
754	64.64
755	64.64
756	64.64
757	64.64
758	64.64
759	64.64
760	64.64
761	64.64
762	64.64
763	64.64
764	64.64
765	64.64
766	64.64
767	64.64
768	64.64
769	64.64
770	64.64
771	64.64
772	64.64
773	64.64
774	64.64
775	64.64
776	64.64
777	64.64
778	64.64
779	64.64
780	64.64
781	64.64
782	64.64
783	64.64
784	64.64
785	64.64
786	64.64
787	64.64
788	64.64
789	64.64
790	64.64
791	64.64
792	64.64
793	64.64
794	64.64
795	64.64
796	64.64
797	64.64
798	64.64
799	64.64
800	64.64
801	64.64
802	64.64
803	64.64
804	64.64
805	64.64
806	64.64
807	64.64
808	64.64
809	64.64
810	64.64
811	64.64
812	64.64
813	64.64
814	64.64
815	64.64
816	64.64
817	64.64
818	64.64
819	64.64
820	64.64
821	64.64
822	64.64
823	64.64
824	64.64
825	64.64
826	64.64
827	64.64
828	64.64
829	64.64
830	64.64
831	64.64
832	64.64
833	64.64
834	64.64
835	64.64
836	64.64
837	64.64
838	64.64
839	64.64
840	64.64
841	64.64
842	64.64
843	64.64
844	64.64
845	64.64
846	64.64
847	64.64
848	64.64
849	64.64
850	64.64
851	64.64
852	64.64
853	64.64
854	64.64
855	64.64
856	64.64
857	64.64
858	64.64
859	64.64
860	64.64
861	64.64
862	64.64
863	64.64
864	64.64
865	64.64
866	64.64
867	64.64
868	64.64
869	64.64
870	64.64
871	64.64
872	64.64
873	64.64
874	64.64
875	64.64
876	64.64
877	64.64
878	64.64
879	64.64
880	64.64
881	64.64
882	64.64
883	64.64
884	64.64
885	64.64
886	64.64
887	64.64
888	64.64
889	64.64
890	64.64
891	64.64
892	64.64
893	64.64
894	64.64
895	64.64
896	64.64
897	64.64
898	64.64
899	64.64
900	64.64
901	64.64
902	64.64
903	64.64
904	64.64
905	64.64
906	64.64
907	64.64
908	64.64
909	64.64
910	64.64
911	64.64
912	64.64
913	64.64
914	64.64
915	64.64
916	64.64
917	64.64
918	64.64
919	64.64
920	64.64
921	64.64
922	64.64
923	64.64
924	64.64
925	64.64
926	64.64
927	64.64
928	64.64
929	64.64
930	64.64
931	64.64
932	64.64
933	64.64
934	64.64
935	64.64
936	64.64
937	64.64
938	64.64
939	64.64
940	64.64
941	64.64
942	64.64
943	64.64
944	64.64
945	64.64
946	64.64
947	64.64
948	64.64
949	64.64
950	64.64
951	64.64
952	64.64
953	64.64
954	64.64
955	64.64
956	64.64
957	64.64
958	64.64
959	64.64
960	64.64
961	64.64
962	64.64
963	64.64
964	64.64
965	64.64
966	64.64
967	64.64
968	64.64
969	64.64
970	64.64
971	64.64
972	64.64
973	64.64
974	64.64
975	64.64
976	64.64
977	64.64
978	64.64
979	64.64
980	64.64
981	64.64
982	64.64
983	64.64
984	64.64
985	64.64
986	64.64
987	64.64
988	64.64
989	64.64
990	64.64
991	64.64
992	64.64
993	64.64
994	64.64
995	64.64
996	64.64
997	64.64
998	64.64
999	64.64
1000	64.64
1001	64.64
1002	64.64
1003	64.64
1004	64.64
1005	64.64
1006	64.64
1007	64.64
1008	64.64
1009	64.64
1010	64.64
1011	64.64
1012	64.64
1013	64.64
1014	64.64
1015	64.64
1016	64.64
1017	64.64
1018	64.64
1019	64.64
1020	64.64
1021	64.64
1022	64.64
1023	64.64
1024	64.64
1025	64.64
1026	64.64
1027	64.64
1028	64.64
1029	64.64
1030	64.64
1031	64.64
1032	64.64
1033	64.64
1034	64.64
1035	64.64
1036	64.64
1037	64.64
1038	64.64
1039	64.64
1040	64.64
1041	64.64
1042	64.64
1043	64.64
1044	64.64
1045	64.64
1046	64.64
1047	64.64
1048	64.64
1049	64.64
1050	64.64
1051	64.64
1052	64.64
1053	64.64
1054	64.64
1055	64.64
1056	64.64
1057	64.64
1058	64.64
1059	64.64
1060	64.64
1061	64.64
1062	64.64
1063	64.64
1064	64.64
1065	64.64
1066	64.64
1067	64.64
1068	64.64
1069	64.64
1070	64.64
1071	64.64
1072	64.64
1073	64.64
1074	64.64
1075	64.64
1076	64.64
1077	64.64
1078	64.64
1079	64.64
1080	64.64
1081	64.64
1082	64.64
1083	64.64
1084	64.64
1085	64.64
1086	64.64
1087	64.64
1088	64.64
1089	64.64
1090	64.64
1091	64.64
1092	64.64
1093	64.64
1094	64.64
1095	64.64
1096	64.64
1097	64.64
1098	64.64
1099	64.64
1100	64.64
1101	64.64
1102	64.64
1103	64.64
1104	64.64
1105	64.64
1106	64.64
1107	64.64
1108	64.64
1109	64.64
1110	64.64
1111	64.64
1112	64.64
1113	64.64
1114	64.64
1115	64.64
1116	64.64
1117	64.64
1118	64.64
1119	64.64
1120	64.64
1121	64.64
1122	64.64
1123	64.64
1124	64.64
1125	64.64
1126	64.64
1127	64.64
1128	64.64
1129	64.64
1130	64.64
1131	64.64
1132	64.64
1133	64.64
1134	64.64
1135	64.64
1136	64.64
1137	64.64
1138	64.64
1139	64.64
1140	64.64
1141	64.64
1142	64.64
1143	64.64
1144	64.64
1145	64.64
1146	64.64
1147	64.64
1148	64.64
1149	64.64
1150	64.64
1151	64.64
1152	64.64
1153	64.64
1154	64.64
1155	64.64
1156	64.64
1157	64.64
1158	64.64
1159	64.64
1160	64.64
1161	64.64
1162	64.64
1163	64.64
1164	64.64
1165	64.64
1166	64.64
1167	64.64
1168	64.64
1169	64.64
1170	64.64
1171	64.64
1172	64.64
1173	64.64
1174	64.64
1175	64.64
1176	64.64
1177	64.64
1178	64.64
1179	64.64
1180	64.64
1181	64.64
1182	64.64
1183	64.64
1184	64.64
1185	64.64
1186	64.64
1187	64.64
1188	64.64
1189	64.64
1190	64.64
1191	64.64
1192	64.64
1193	64.64
1194	64.64
1195	64.64
1196	64.64
1197	64.64
1198	64.64
1199	64.64
1200	64.64
1201	64.64
1202	64.64
1203	64.64
1204	64.64
1205	64.64
1206	64.64
1207	64.64
1208	64.64
1209	64.64
1210	64.64
1211	64.64
1212	64.64
1213	64.64
1214	64.64
1215	64.64
1216	64.64
1217	64.64
1218	64.64
1219	64.64
1220	64.64
1221	64.64
1222	64.64
1223	64.64
1224	64.64
1225	64.64
1226	64.64
1227	64.64
1228	64.64
1229	64.64
1230	64.64
1231	64.64
1232	64.64
1233	64.64
1234	64.64
1235	64.64
1236	64.64
1237	64.64
1238	64.64
1239	64.64
1240	64.64
1241	64.64
1242	64.64
1243	64.64
1244	64.64
1245	64.64
1246	64.64
1247	64.64
1248	64.64
1249	64.64
1250	64.64
1251	64.64
1252	64.64
1253	64.64
1254	64.64
1255	64.64
1256	64.64
1257	64.64
1258	64.64
1259	64.64
1260	64.64
1261	64.64
1262	64.64
1263	64.64
1264	64.64
1265	64.64
1266	64.64
1267	64.64
1268	64.64
1269	64.64
1270	64.64
1271	64.64
1272	64.64
1273	64.64
1274	64.64
1275	64.64
1276	64.64
1277	64.64
1278	64.64
1279	64.64
1280	64.64
1281	64.64
1282	64.64
1283	64.64
1284	64.64
1285	64.64
1286	64.64
1287	64.64
1288	64.64
1289	64.64
1290	64.64
1291	64.64
1292	64.64
1293	64.64
1294	64.64
1295	64.64
1296	64.64
1297	64.64
1298	64.64
1299	64.64
1300	64.64
1301	64.64
1302	64.64
1303	64.64
1304	64.64
1305	64.64
1306	64.64
1307	64.64
1308	64.64
1309	64.64
1310	64.64
1311	64.64
1312	64.64
1313	64.64
1314	64.64
1315	64.64
1316	64.64
1317	64.64
1318	64.64
1319	64.64
1320	64.64
1321	64.64
1322	64.64
1323	64.64
1324	64.64
1325	64.64
1326	64.64
1327	64.64
1328	64.64
1329	64.64
1330	64.64
1331	64.64
1332	64.64
1333	64.64
1334	64.64
1335	64.64
1336	64.64
1337	64.64
1338	64.64
1339	64.64
1340	64.64
1341	64.64
1342	64.64
1343	64.64
1344	64.64
1345	64.64
1346	64.64
1347	64.64
1348	64.64
1349	64.64
1350	64.64
1351	64.64
1352	64.64
1353	64.64
1354	64.64
1355	64.64
1356	64.64
1357	64.64
1358	64.64
1359	64.64
1360	64.64
1361	64.64
1362	64.64
1363	64.64
1364	64.64
1365	64.64
1366	64.64
1367	64.64
1368	64.64
1369	64.64
1370	64.64
1371	64.64
1372	64.64
1373	64.64
1374	64.64
1375	64.64
1376	64.64
1377	64.64
1378	64.64
1379	64.64
1380	64.64
1381	64.64
1382	64.64
1383	64.64
1384	64.64
1385	64.64
1386	64.64
1387	64.64
1388	64.64
1389	64.64
1390	64.64
1391	64.64
1392	64.64
1393	64.64
1394	64.64
1395	64.64
1396	64.64
1397	64.64
1398	64.64
1399	64.64
1400	64.64
1401	64.64
1402	64.64
1403	64.64
1404	64.64
1405	64.64
1406	64.64
1407	64.64
1408	64.64
1409	64.64
1410	64.64
1411	64.64
1412	64.64
1413	64.64
1414	64.64
1415	64.64
1416	64.64
1417	64.64
1418	64.64
1419	64.64
1420	64.64
1421	64.64
1422	64.64
1423	64.64
1424	64.64
1425	64.64
1426	64.64
1427	64.64
1428	64.64
1429	64.64
1430	64.64
1431	64.64
1432	64.64
1433	64.64
1434	64.64
1435	64.64
1436	64.64
1437	64.64
1438	64.64
1439	64.64
1440	64.64
1441	64.64
1442	64.64
1443	64.64
1444	64.64
1445	64.64
1446	64.64
1447	64.64
1448	64.64
1449	64.64
1450	64.64
1451	64.64
1452	64.64
1453	64.64
1454	64.64
1455	64.64
1456	64.64
1457	64.64
1458	64.64
1459	64.64
1460	64.64
1461	64.64
1462	64.64
1463	64.64
1464	64.64
1465	64.64
1466	64.64
1467	64.64
1468	64.64
1469	64.64
1470	64.64
1471	64.64
1472	64.64
1473	64.64
1474	64.64
1475	64.64
1476	64.64
1477	64.64
1478	64.64
1479	64.64
1480	64.64
1481	64.64
1482	64.64
1483	64.64
1484	64.64
1485	64.64
1486	64.64
1487	64.64
1488	64.64
1489	64.64
1490	64.64
1491	64.64
1492	64.64
1493	64.64
1494	64.64
1495	64.64
1496	64.64
1497	64.64
1498	64.64
1499	64.64
1500	64.64
1501	64.64
1502	64.64
1503	64.64
1504	64.64
1505	64.64
1506	64.64
1507	64.64
1508	64.64
1509	64.64
1510	64.64
1511	64.64
1512	64.64
1513	64.64
1514	64.64
1515	64.64
1516	64.64
1517	64.64
1518	64.64
1519	64.64
1520	64.64
1521	64.64
1522	64.64
1523	64.64
1524	64.64
1525	64.64
1526	64.64
1527	64.64
1528	64.64
1529	64.64
1530	64.64
1531	64.64
1532	64.64
1533	64.64
1534	64.64
1535	64.64
1536	64.64
1537	64.64
1538	64.64
1539	64.64
1540	64.64
1541	64.64
1542	64.64
1543	64.64
1544	64.64
1545	64.64
1546	64.64
1547	64.64
1548	64.64
1549	64.64
1550	64.64
1551	64.64
1552	64.64
1553	64.64
1554	64.64
1555	64.64
1556	64.64
1557	64.64
1558	64.64
1559	64.64
1560	64.64
1561	64.64
1562	64.64
1563	64.64
1564	64.64
1565	64.64
1566	64.64
1567	64.64
1568	64.64
1569	64.64
1570	64.64
1571	64.64
1572	64.64
1573	64.64
1574	64.64
1575	64.64
1576	64.64
1577	64.64
1578	64.64
1579	64.64
1580	64.64
1581	64.64
1582	64.64
1583	64.64
1584	64.64
1585	64.64
1586	64.64
1587	64.64
1588	64.64
1589	64.64
1590	64.64
1591	64.64
1592	64.64
1593	64.64
1594	64.64
1595	64.64
1596	64.64
1597	64.64
1598	64.64
1599	64.64
1600	64.64
1601	64.64
1602	64.64
1603	64.64
1604	64.64
1605	64.64
1606	64.64
1607	64.64
1608	64.64
1609	64.64
1610	64.64
1611	64.64
1612	64.64
1613	64.64
1614	64.64
1615	64.64
1616	64.64
1617	64.64
1618	64.64
1619	64.64
1620	64.64
1621	64.64
1622	64.64
1623	64.64
1624	64.64
1625	64.64
1626	64.64
1627	64.64
1628	64.64
1629	64.64
1630	64.64
1631	64.64
1632	64.64
1633	64.64
1634	64.64
1635	64.64
1636	64.64
1637	64.64
1638	64.64
1639	64.64
1640	64.64
1641	64.64
1642	64.64
1643	64.64
1644	64.64
1645	64.64
1646	64.64
1647	64.64
1648	64.64
1649	64.64
1650	64.64
1651	64.64
1652	64.64
1653	64.64
1654	64.64
1655	64.64
1656	64.64
1657	64.64
1658	64.64
1659	64.64
1660	64.64
1661	64.64
1662	64.64
1663	64.64
1664	64.64
1665	64.64
1666	64.64
1667	64.64
1668	64.64
1669	64.64
1670	64.64
1671	64.64
1672	64.64
1673	64.64
1674	64.64
1675	64.64
1676	64.64
1677	64.64
1678	64.64
1679	64.64
1680	64.64
1681	64.64
1682	64.64
1683	64.64
1684	64.64
1685	64.64
1686	64.64
1687	64.64
1688	64.64
1689	64.64
1690	64.64
1691	64.64
1692	64.64
1693	64.64
1694	64.64
1695	64.64
1696	64.64
1697	64.64
1698	64.64
1699	64.64
1700	64.64
1701	64.64
1702	64.64
1703	64.64
1704	64.64
1705	64.64
1706	64.64
1707	64.64
1708	64.64
1709	64.64
1710	64.64
1711	64.64
1712	64.64
1713	64.64
1714	64.64
1715	64.64
1716	64.64
1717	64.64
1718	64.64
1719	64.64
1720	64.64
1721	64.64
1722	64.64
1723	64.64
1724	64.64
1725	64.64
1726	64.64
1727	64.64
1728	64.64
1729	64.64
1730	64.64
1731	64.64
1732	64.64
1733	64.64
1734	64.64
1735	64.64
1736	64.64
1737	64.64
1738	64.64
1739	64.64
1740	64.64
1741	64.64
1742	64.64
1743	64.64
1744	64.64
1745	64.64
1746	64.64
1747	64.64
1748	64.64
1749	64.64
1750	64.64
1751	64.64
1752	64.64
1753	64.64
1754	64.64
1755	64.64
1756	64.64
1757	64.64
1758	64.64
1759	64.64
1760	64.64
1761	64.64
1762	64.64
1763	64.64
1764	64.64
1765	64.64
1766	64.64
1767	64.64
1768	64.64
1769	64.64
1770	64.64
1771	64.64
1772	64.64
1773	64.64
1774	64.64
1775	64.64
1776	64.64
1777	64.64
1778	64.64
1779	64.64
1780	64.64
1781	64.64
1782	64.64
1783	64.64
1784	64.64
1785	64.64
1786	64.64
1787	64.64
1788	64.64
1789	64.64
1790	64.64
1791	64.64
1792	64.64
1793	64.64
1794	64.64
1795	64.64
1796	64.64
1797	64.64
1798	64.64
1799	64.64
1800	64.64
1801	64.64
1802	64.64
1803	64.64
1804	64.64
1805	64.64
1806	64.64
1807	64.64
1808	64.64
1809	64.64
1810	64.64
1811	64.64
1812	64.64
1813	64.64
1814	64.64
1815	64.64
1816	64.64
1817	64.64
1818	64.64
1819	64.64
1820	64.64
1821	64.64
1822	64.64
1823	64.64
1824	64.64
1825	64.64
1826	64.64
1827	64.64
1828	64.64
1829	64.64
1830	64.64
1831	64.64
1832	64.64
1833	64.64
1834	64.64
1835	64.64
1836	64.64
1837	64.64
1838	64.64
1839	64.64
1840	64.64
1841	64.64
1842	64.64
1843	64.64
1844	64.64
1845	64.64
1846	64.64
1847	64.64
1848	64.64
1849	64.64
1850	64.64
1851	64.64
1852	64.64
1853	64.64
1854	64.64
1855	64.64
1856	64.64
1857	64.64
1858	64.64
1859	64.64
1860	64.64
1861	64.64
1862	64.64
1863	64.64
1864	64.64
1865	64.64
1866	64.64
1867	64.64
1868	64.64
1869	64.64
1870	64.64
1871	64.64
1872	64.64
1873	64.64
1874	64.64
1875	64.64
1876	64.64
1877	64.64
1878	64.64
1879	64.64
1880	64.64
1881	64.64
1882	64.64
1883	64.64
1884	64.64
1885	64.64
1886	64.64
1887	64.64
1888	64.64
1889	64.64
1890	64.64
1891	64.64
1892	64.64
1893	64.64
1894	64.64
1895	64.64
1896	64.64
1897	64.64
1898	64.64
1899	64.64
1900	64.64
1901	64.64
1902	64.64
1903	64.64
1904	64.64
1905	64.64
1906	64.64
1907	64.64
1908	64.64
1909	64.64
1910	64.64
1911	64.64
1912	64.64
1913	64.64
1914	64.64
1915	64.64
1916	64.64
1917	64.64
1918	64.64
1919	64.64
1920	64.64
1921	64.64
1922	64.64
1923	64.64
1924	64.64
1925	64.64
1926	64.64
1927	64.64
1928	64.64
1929	64.64
1930	64.64
1931	64.64
1932	64.64
1933	64.64
1934	64.64
1935	64.64
1936	64.64
1937	64.64
1938	64.64
1939	64.64
1940	64.64
1941	64.64
1942	64.64
1943	64.64
1944	64.64
1945	64.64
1946	64.64
1947	64.64
1948	64.64
1949	64.64
1950	64.64
1951	64.64
1952	64.64
1953	64.64
1954	64.64
1955	64.64
1956	64.64
1957	64.64
1958	64.64
1959	64.64
1960	64.64
1961	64.64
1962	64.64
1963	64.64
1964	64.64
1965	64.64
1966	64.64
1967	64.64
1968	64.64
1969	64.64
1970	64.64
1971	64.64
1972	64.64
1973	64.64
1974	64.64
1975	64.64
1976	64.64
1977	64.64
1978	64.64
1979	64.64
1980	64.64
1981	64.64
1982	64.64
1983	64.64
1984	64.64
1985	64.64
1986	64.64
1987	64.64
1988	64.64
1989	64.64
1990	64.64
1991	64.64
1992	64.64
1993	64.64
1994	64.64
1995	64.64
1996	64.64
1997	64.64
1998	64.64
1999	64.64
2000	64.64
2001	64.64
2002	64.64
2003	64.64
2004	64.64
2005	64.64
2006	64.64
2007	64.64
2008	64.64
2009	64.64
2010	64.64
2011	64.64
2012	64.64
2013	64.64
2014	64.64
2015	64.64
2016	64.64
2017	64.64
2018	64.64
2019	64.64
2020	64.64
2021	64.64
2022	64.64
2023	64.64
2024	64.64
2025	64.64
2026	64.64
2027	64.64
2028	64.64
2029	64.64
2030	64.64
2031	64.64
2032	64.64
2033	64.64
2034	64.64
2035	64.64
2036	64.64
2037	64.64
2038	64.64
2039	64.64
2040	64.64
2041	64.64
2042	64.64
2043	64.64
2044	64.64
2045	64.64
2046	64.64
2047	64.64
2048	64.64
2049	64.64
2050	64.64
2051	64.64
2052	64.64
2053	64.64
2054	64.64
2055	64.64
2056	64.64
2057	64.64
2058	64.64
2059	64.64
2060	64.64
2061	64.64
2062	64.64
2063	64.64
2064	64.64
2065	64.64
2066	64.64
2067	64.64
2068	64.64
2069	64.64
2070	64.64
2071	64.64
2072	64.64
2073	64.64
2074	64.64
2075	64.64
2076	64.64
2077	64.64
2078	64.64
2079	64.64
2080	64.64
2081	64.64
2082	64.64
2083	64.64
2084	64.64
2085	64.64
2086	64.64
2087	64.64
2088	64.64
2089	64.64
2090	64.64
2091	64.64
2092	64.64
2093	64.64
2094	64.64
2095	64.64
2096	64.64
2097	64.64
2098	64.64
2099	64.64
2100	64.64
2101	64.64
2102	64.64
2103	64.64
2104	64.64
2105	64.64
2106	64.64
2107	64.64
2108	64.64
2109	64.64
2110	64.64
2111	64.64
2112	64.64
2113	64.64
2114	64.64
2115	64.64
2116	64.64
2117	64.64
2118	64.64
2119	64.64
2120	64.64
2121	64.64
2122	64.64
2123	64.64
2124	64.64
2125	64.64
2126	64.64
2127	64.64
2128	64.64
2129	64.64
2130	64.64
2131	64.64
2132	64.64
2133	64.64
2134	64.64
2135	64.64
2136	64.64
2137	64.64
2138	64.64
2139	64.64
2140	64.64
2141	64.64
2142	64.64
2143	64.64
2144	64.64
2145	64.64
2146	64.64
2147	64.64
2148	64.64
2149	64.64
2150	64.64
2151	64.64
2152	64.64
2153	64.64
2154	64.64
2155	64.64
2156	64.64
2157	64.64
2158	64.64
2159	64.64
2160	64.64
2161	64.64
2162	64.64
2163	64.64
2164	64.64
2165	64.64
2166	64.64
2167	64.64
2168	64.64
2169	64.64
2170	64.64
2171	64.64
2172	64.64
2173	64.64
2174	64.64
2175	64.64
2176	64.64
2177	64.64
2178	64.64
2179	64.64
2180	64.64
2181	64.64
2182	64.64
2183	64.64
2184	64.64
2185	64.64
2186	64.64
2187	64.64
2188	64.64
2189	64.64
2190	64.64
2191	64.64
2192	64.64
2193	64.64
2194	64.64
2195	64.64
2196	64.64
2197	64.64
2198	64.64
2199	64.64
2200	64.64
2201	64.64
2202	64.64
2203	64.64
2204	64.64
2205	64.64
2206	64.64
2207	64.64
2208	64.64
2209	64.64
2210	64.64
2211	64.64
2212	64.64
2213	64.64
2214	64.64
2215	64.64
2216	64.64
2217	64.64
2218	64.64
2219	64.64
2220	64.64
2221	64.64
2222	64.64
2223	64.64
2224	64.64
2225	64.64
2226	64.64
2227	64.64
2228	64.64
2229	64.64
2230	64.64
2231	64.64
2232	64.64
2233	64.64
2234	64.64
2235	64.64
2236	64.64
2237	64.64
2238	64.64
2239	64.64
2240	64.64
2241	64.64
2242	64.64
2243	64.64
2244	64.64
2245	64.64
2246	64.64
2247	64.64
2248	64.64
2249	64.64
2250	64.64
2251	64.64
2252	64.64
2253	64.64
2254	64.64
2255	64.64
2256	64.64
2257	64.64
2258	64.64
2259	64.64
2260	64.64
2261	64.64
2262	64.64
2263	64.64
2264	64.64
2265	64.64
2266	64.64
2267	64.64
2268	64.64
2269	64.64
2270	64.64
2271	64.64
2272	64.64
2273	64.64
2274	64.64
2275	64.64
2276	64.64
2277	64.64
2278	64.64
2279	64.64
2280	64.64
2281	64.64
2282	64.64
2283	64.64
2284	64.64
2285	64.64
2286	64.64
2287	64.64
2288	64.64
2289	64.64
2290	64.64
2291	64.64
2292	64.64
2293	64.64
2294	64.64
2295	64.64
2296	64.64
2297	64.64
2298	64.64
2299	64.64
2300	64.64
2301	64.64
2302	64.64
2303	64.64
2304	64.64
2305	64.64
2306	64.64
2307	64.64
2308	64.64
2309	64.64
2310	64.64
2311	64.64
2312	64.64
2313	64.64
2314	64.64
2315	64.64
2316	64.64
2317	64.64
2318	64.64
2319	64.64
2320	64.64
2321	64.64
2322	64.64
2323	64.64
2324	64.64
2325	64.64
2326	64.64
2327	64.64
2328	64.64
2329	64.64
2330	64.64
2331	64.64
2332	64.64
2333	64.64
2334	64.64
2335	64.64
2336	64.64
2337	64.64
2338	64.64
2339	64.64
2340	64.64
2341	64.64
2342	64.64
2343	64.64
2344	64.64
2345	64.64
2346	64.64
2347	64.64
2348	64.64
2349	64.64
2350	64.64
2351	64.64
2352	64.64
2353	64.64
2354	64.64
2355	64.64
2356	64.64
2357	64.64
2358	64.64
2359	64.64
2360	64.64
2361	64.64
2362	64.64
2363	64.64
2364	64.64
2365	64.64
2366	64.64
2367	64.64
2368	64.64
2369	64.64
2370	64.64
2371	64.64
2372	64.64
2373	64.64
2374	64.64
2375	64.64
2376	64.64
2377	64.64
2378	64.64
2379	64.64
2380	64.64
2381	64.64
2382	64.64
2383	64.64
2384	64.64
2385	64.64
2386	64.64
2387	64.64
2388	64.64
2389	64.64
2390	64.64
2391	64.64
2392	64.64
2393	64.64
2394	64.64
2395	64.64
2396	64.64
2397	64.64
2398	64.64
2399	64.64
2400	64.64
2401	64.64
2402	64.64
2403	64.64
2404	64.64
2405	64.64
2406	64.64
2407	64.64
2408	64.64
2409	64.64
2410	64.64
2411	64.64
2412	64.64
2413	64.64
2414	64.64
2415	64.64
2416	64.64
2417	64.64
2418	64.64
2419	64.64
2420	64.64
2421	64.64
2422	64.64
2423	64.64
2424	64.64
2425	64.64
2426	64.64
2427	64.64
2428	64.64
2429	64.64
2430	64.64
2431	64.64
2432	64.64
2433	64.64
2434	64.64
2435	64.64
2436	64.64
2437	64.64
2438	64.64
2439	64.64
2440	64.64
2441	64.64
2442	64.64
2443	64.64
2444	64.64
2445	64.64
2446	64.64
2447	64.64
2448	64.64
2449	64.64
2450	64.64
2451	64.64
2452	64.64
2453	64.64
2454	64.64
2455	64.64
2456	64.64
2457	64.64
2458	64.64
2459	64.64
2460	64.64
2461	64.64
2462	64.64
2463	64.64
2464	64.64
2465	64.64
2466	64.64
2467	64.64
2468	64.64
2469	64.64
2470	64.64
2471	64.64
2472	64.64
2473	64.64
2474	64.64
2475	64.64
2476	64.64
2477	64.64
2478	64.64
2479	64.64
2480	64.64
2481	64.64
2482	64.64
2483	64.64
2484	64.64
2485	64.64
2486	64.64
2487	64.64
2488	64.64
2489	64.64
2490	64.64
2491	64.64
2492	64.64
2493	64.64
2494	64.64
2495	64.64
2496	64.64
2497	64.64
2498	64.64
2499	64.64
2500	64.64
2501	64.64
2502	64.64
2503	64.64
2504	64.64
2505	64.64
2506	64.64
2507	64.64
2508	64.64
2509	64.64
2510	64.64
2511	64.64
2512	64.64
2513	64.64
2514	64.64
2515	64.64
2516	64.64
2517	64.64
2518	64.64
2519	64.64
2520	64.64
2521	64.64
2522	64.64
2523	64.64
2524	64.64
2525	64.64
2526	64.64
2527	64.64
2528	64.64
2529	64.64
2530	64.64
2531	64.64
2532	64.64
2533	64.64
2534	64.64
2535	64.64
2536	64.64
2537	64.64
2538	64.64
2539	64.64
2540	64.64
2541	64.64
2542	64.64
2543	64.64
2544	64.64
2545	64.64
2546	64.64
2547	64.64
2548	64.64
2549	64.64
2550	64.64
2551	64.64
2552	64.64
2553	64.64
2554	64.64
2555	64.64
2556	64.64
2557	64.64
2558	64.64
2559	64.64
2560	64.64
2561	64.64
2562	64.64
2563	64.64
2564	64.64
2565	64.64
2566	64.64
2567	64.64
2568	64.64
2569	64.64
2570	64.64
2571	64.64
2572	64.64
2573	64.64
2574	64.64
2575	64.64
2576	64.64
2577	64.64
2578	64.64
2579	64.64
2580	64.64
2581	64.64
2582	64.64
2583	64.64
2584	64.64
2585	64.64
2586	64.64
2587	64.64
2588	64.64
2589	64.64
2590	64.64
2591	64.64
2592	64.64
2593	64.64
2594	64.64
2595	64.64
2596	64.64
2597	64.64
2598	64.64
2599	64.64
2600	64.64
2601	64.64
2602	64.64
2603	64.64
2604	64.64
2605	64.64
2606	64.64
2607	64.64
2608	64.64
2609	64.64
2610	64.64
2611	64.64
2612	64.64
2613	64.64
2614	64.64
2615	64.64
2616	64.64
2617	64.64
2618	64.64
2619	64.64
2620	64.64
2621	64.64
2622	64.64
2623	64.64
2624	64.64
2625	64.64
2626	64.64
2627	64.64
2628	64.64
2629	64.64
2630	64.64
2631	64.64
2632	64.64
2633	64.64
2634	64.64
2635	64.64
2636	64.64
2637	64.64
2638	64.64
2639	64.64
2640	64.64
2641	64.64
2642	64.64
2643	64.64
2644	64.64
2645	64.64
2646	64.64
2647	64.64
2648	64.64
2649	64.64
2650	64.64
2651	64.64
2652	64.64
2653	64.64
2654	64.64
2655	64.64
2656	64.64
2657	64.64
2658	64.64
2659	64.64
2660	64.64
2661	64.64
2662	64.64
2663	64.64
2664	64.64
2665	64.64
2666	64.64
2667	64.64
2668	64.64
2669	64.64
2670	64.64
2671	64.64
2672	64.64
2673	64.64
2674	64.64
2675	64.64
2676	64.64
2677	64.64
2678	64.64
2679	64.64
2680	64.64
2681	64.64
2682	64.64
2683	64.64
2684	64.64
2685	64.64
2686	64.64
2687	64.64
2688	64.64
2689	64.64
2690	64.64
2691	64.64
2692	64.64
2693	64.64
2694	64.64
2695	64.64
2696	64.64
2697	64.64
2698	64.64
2699	64.64
2700	64.64
2701	64.64
2702	64.64
2703	64.64
2704	64.64
2705	64.64
2706	64.64
2707	64.64
2708	64.64
2709	64.64
2710	64.64
2711	64.64
2712	64.64
2713	64.64
2714	64.64
2715	64.64
2716	64.64
2717	64.64
2718	64.64
2719	64.64
2720	64.64
2721	64.64
2722	64.64
2723	64.64
2724	64.64
2725	64.64
2726	64.64
2727	64.64
2728	64.64
2729	64.64
2730	64.64
2731	64.64
2732	64.64
2733	64.64
2734	64.64
2735	64.64
2736	64.64
2737	64.64
2738	64.64
2739	64.64
2740	64.64
2741	64.64
2742	64.64
2743	64.64
2744	64.64
2745	64.64
2746	64.64
2747	64.64
2748	64.64
2749	64.64
2750	64.64
2751	64.64
2752	64.64
2753	64.64
2754	64.64
2755	64.64
2756	64.64
2757	64.64
2758	64.64
2759	64.64
2760	64.64
2761	64.64
2762	64.64
2763	64.64
2764	64.64
2765	64.64
2766	64.64
2767	64.64
2768	64.64
2769	64.64
2770	64.64
2771	64.64
2772	64.64
2773	64.64
2774	64.64
2775	64.64
2776	64.64
2777	64.64
2778	64.64
2779	64.64
2780	64.64
2781	64.64
2782	64.64
2783	64.64
2784	64.64
2785	64.64
2786	64.64
2787	64.64
2788	64.64
2789	64.64
2790	64.64
2791	64.64
2792	64.64
2793	64.64
2794	64.64
2795	64.64
2796	64.64
2797	64.64
2798	64.64
2799	64.64
2800	64.64
2801	64.64
2802	64.64
2803	64.64
2804	64.64
2805	64.64
2806	64.64
2807	64.64
2808	64.64
2809	64.64
2810	64.64
2811	64.64
2812	64.64
2813	64.64
2814	64.64
2815	64.64
2816	64.64
2817	64.64
2818	64.64
2819	64.64
2820	64.64
2821	64.64
2822	64.64
2823	64.64
2824	64.64
2825	64.64
2826	64.64
2827	64.64
2828	64.64
2829	64.64
2830	64.64
2831	64.64
2832	64.64
2833	64.64
2834	64.64
2835	64.64
2836	64.64
2837	64.64
2838	64.64
2839	64.64
2840	64.64
2841	64.64
2842	64.64
2843	64.64
2844	64.64
2845	64.64
2846	64.64
2847	64.64
2848	64.64
2849	64.64
2850	64.64
2851	64.64
2852	64.64
2853	64.64
2854	64.64
2855	64.64
2856	64.64
2857	64.64
2858	64.64
2859	64.64
2860	64.64
2861	64.64
2862	64.64
2863	64.64
2864	64.64
2865	64.64
2866	64.64
2867	64.64
2868	64.64
2869	64.64
2870	64.64
2871	64.64
2872	64.64
2873	64.64
2874	64.64
2875	64.64
2876	64.64
2877	64.64
2878	64.64
2879	64.64
2880	64.64
2881	64.64
2882	64.64
2883	64.64
2884	64.64
2885	64.64
2886	64.64
2887	64.64
2888	64.64
2889	64.64
2890	64.64
2891	64.64
2892	64.64
2893	64.64
2894	64.64
2895	64.64
2896	64.64
2897	64.64
2898	64.64
2899	64.64
2900	64.64
2901	64.64
2902	64.64
2903	64.64
2904	64.64
2905	64.64
2906	64.64
2907	64.64
2908	64.64
2909	64.64
2910	64.64
2911	64.64
2912	64.64
2913	64.64
2914	64.64
2915	64.64
2916	64.64
2917	64.64
2918	64.64
2919	64.64
2920	64.64
2921	64.64
2922	64.64
2923	64.64
2924	64.64
2925	64.64
2926	64.64
2927	64.64
2928	64.64
2929	64.64
2930	64.64
2931	64.64
2932	64.64
2933	64.64
2934	64.64
2935	64.64
2936	64.64
2937	64.64
2938	64.64
2939	64.64
2940	64.64
2941	64.64
2942	64.64
2943	64.64
2944	64.64
2945	64.64
2946	64.64
2947	64.64
2948	64.64
2949	64.64
2950	64.64
2951	64.64
2952	64.64
2953	64.64
2954	64.64
2955	64.64
2956	64.64
2957	64.64
2958	64.64
2959	64.64
2960	64.64
2961	64.64
2962	64.64
2963	64.64
2964	64.64
2965	64.64
2966	64.64
2967	64.64
2968	64.64
2969	64.64
2970	64.64
2971	64.64
2972	64.64
2973	64.64
2974	64.64
2975	64.64
2976	64.64
2977	64.64
2978	64.64
2979	64.64
2980	64.64
2981	64.64
2982	64.64
2983	64.64
2984	64.64
2985	64.64
2986	64.64
2987	64.64
2988	64.64
2989	64.64
2990	64.64
2991	64.64
2992	64.64
2993	64.64
2994	64.64
2995	64.64
2996	64.64
2997	64.64
