0	49.0
1	49.0
2	49.0
3	49.0
4	49.0
5	49.0
6	49.0
7	49.0
8	49.0
9	49.0
10	49.0
11	49.0
12	49.0
13	49.0
14	49.0
15	49.0
16	49.0
17	49.0
18	49.0
19	49.0
20	49.0
21	49.0
22	49.0
23	49.0
24	49.0
25	49.0
26	49.0
27	49.0
28	49.0
29	49.0
30	49.0
31	49.0
32	49.0
33	49.0
34	49.0
35	49.0
36	49.0
37	49.0
38	49.0
39	49.0
40	49.0
41	49.0
42	49.0
43	49.0
44	49.0
45	49.0
46	49.0
47	49.0
48	49.0
49	49.0
50	49.0
51	49.0
52	49.0
53	49.0
54	49.0
55	49.0
56	49.0
57	49.0
58	49.0
59	49.0
60	49.0
61	49.0
62	49.0
63	49.0
64	49.0
65	49.0
66	49.0
67	49.0
68	49.0
69	49.0
70	49.0
71	49.0
72	49.0
73	49.0
74	49.0
75	49.0
76	49.0
77	49.0
78	49.0
79	49.0
80	49.0
81	49.0
82	49.0
83	49.0
84	49.0
85	49.0
86	49.0
87	49.0
88	49.0
89	49.0
90	49.0
91	49.0
92	49.0
93	49.0
94	49.0
95	49.0
96	49.0
97	49.0
98	49.0
99	49.0
100	49.0
101	49.0
102	49.0
103	49.0
104	49.0
105	49.0
106	49.0
107	49.0
108	49.0
109	49.0
110	49.0
111	49.0
112	49.0
113	49.0
114	49.0
115	49.0
116	49.0
117	49.0
118	49.0
119	49.0
120	49.0
121	49.0
122	49.0
123	49.0
124	49.0
125	49.0
126	49.0
127	49.0
128	49.0
129	49.0
130	49.0
131	49.0
132	49.0
133	49.0
134	49.0
135	49.0
136	49.0
137	49.0
138	49.0
139	49.0
140	49.0
141	49.0
142	49.0
143	49.0
144	49.0
145	49.0
146	49.0
147	49.0
148	49.0
149	49.0
150	49.0
151	49.0
152	49.0
153	49.0
154	49.0
155	49.0
156	49.0
157	49.0
158	49.0
159	49.0
160	49.0
161	49.0
162	49.0
163	49.0
164	49.0
165	49.0
166	49.0
167	49.0
168	49.0
169	49.0
170	49.0
171	49.0
172	49.0
173	49.0
174	49.0
175	49.0
176	49.0
177	49.0
178	49.0
179	49.0
180	49.0
181	49.0
182	49.0
183	49.0
184	49.0
185	49.0
186	49.0
187	49.0
188	49.0
189	49.0
190	49.0
191	49.0
192	49.0
193	49.0
194	49.0
195	49.0
196	49.0
197	49.0
198	49.0
199	49.0
200	49.0
201	49.0
202	49.0
203	49.0
204	49.0
205	49.0
206	49.0
207	49.0
208	49.0
209	49.0
210	49.0
211	49.0
212	49.0
213	49.0
214	49.0
215	49.0
216	49.0
217	49.0
218	49.0
219	49.0
220	49.0
221	49.0
222	49.0
223	49.0
224	49.0
225	49.0
226	49.0
227	49.0
228	49.0
229	49.0
230	49.0
231	49.0
232	49.0
233	49.0
234	49.0
235	49.0
236	49.0
237	49.0
238	49.0
239	49.0
240	49.0
241	49.0
242	49.0
243	49.0
244	49.0
245	49.0
246	49.0
247	49.0
248	49.0
249	49.0
250	49.0
251	49.0
252	49.0
253	49.0
254	49.0
255	49.0
256	49.0
257	49.0
258	49.0
259	49.0
260	49.0
261	49.0
262	49.0
263	49.0
264	49.0
265	49.0
266	49.0
267	49.0
268	49.0
269	49.0
270	49.0
271	49.0
272	49.0
273	49.0
274	49.0
275	49.0
276	49.0
277	49.0
278	49.0
279	49.0
280	49.0
281	49.0
282	49.0
283	49.0
284	49.0
285	49.0
286	49.0
287	49.0
288	49.0
289	49.0
290	49.0
291	49.0
292	49.0
293	49.0
294	49.0
295	49.0
296	49.0
297	49.0
298	49.0
299	49.0
300	49.0
301	49.0
302	49.0
303	49.0
304	49.0
305	49.0
306	49.0
307	49.0
308	49.0
309	49.0
310	49.0
311	49.0
312	49.0
313	49.0
314	49.0
315	49.0
316	49.0
317	49.0
318	49.0
319	49.0
320	49.0
321	49.0
322	49.0
323	49.0
324	49.0
325	49.0
326	49.0
327	49.0
328	49.0
329	49.0
330	49.0
331	49.0
332	49.0
333	49.0
334	49.0
335	49.0
336	49.0
337	49.0
338	49.0
339	49.0
340	49.0
341	49.0
342	49.0
343	49.0
344	49.0
345	49.0
346	49.0
347	49.0
348	49.0
349	49.0
350	49.0
351	49.0
352	49.0
353	49.0
354	49.0
355	49.0
356	49.0
357	49.0
358	49.0
359	49.0
360	49.0
361	49.0
362	49.0
363	49.0
364	49.0
365	49.0
366	49.0
367	49.0
368	49.0
369	49.0
370	49.0
371	49.0
372	49.0
373	49.0
374	49.0
375	49.0
376	49.0
377	49.0
378	49.0
379	49.0
380	49.0
381	49.0
382	49.0
383	49.0
384	49.0
385	49.0
386	49.0
387	49.0
388	49.0
389	49.0
390	49.0
391	49.0
392	49.0
393	49.0
394	49.0
395	49.0
396	49.0
397	49.0
398	49.0
399	49.0
400	49.0
401	49.0
402	49.0
403	49.0
404	49.0
405	49.0
406	49.0
407	49.0
408	49.0
409	49.0
410	49.0
411	49.0
412	49.0
413	49.0
414	49.0
415	49.0
416	49.0
417	49.0
418	49.0
419	49.0
420	49.0
421	49.0
422	49.0
423	49.0
424	49.0
425	49.0
426	49.0
427	49.0
428	49.0
429	49.0
430	49.0
431	49.0
432	49.0
433	49.0
434	49.0
435	49.0
436	49.0
437	49.0
438	49.0
439	49.0
440	49.0
441	49.0
442	49.0
443	49.0
444	49.0
445	49.0
446	49.0
447	49.0
448	49.0
449	49.0
450	49.0
451	49.0
452	49.0
453	49.0
454	49.0
455	49.0
456	49.0
457	49.0
458	49.0
459	49.0
460	49.0
461	49.0
462	49.0
463	49.0
464	49.0
465	49.0
466	49.0
467	49.0
468	49.0
469	49.0
470	49.0
471	49.0
472	49.0
473	49.0
474	49.0
475	49.0
476	49.0
477	49.0
478	49.0
479	49.0
480	49.0
481	49.0
482	49.0
483	49.0
484	49.0
485	49.0
486	49.0
487	49.0
488	49.0
489	49.0
490	49.0
491	49.0
492	49.0
493	49.0
494	49.0
495	49.0
496	49.0
497	49.0
498	49.0
499	49.0
500	49.0
501	49.0
502	49.0
503	49.0
504	49.0
505	49.0
506	49.0
507	49.0
508	49.0
509	49.0
510	49.0
511	49.0
512	49.0
513	49.0
514	49.0
515	49.0
516	49.0
517	49.0
518	49.0
519	49.0
520	49.0
521	49.0
522	49.0
523	49.0
524	49.0
525	49.0
526	49.0
527	49.0
528	49.0
529	49.0
530	49.0
531	49.0
532	49.0
533	49.0
534	49.0
535	49.0
536	49.0
537	49.0
538	49.0
539	49.0
540	49.0
541	49.0
542	49.0
543	49.0
544	49.0
545	49.0
546	49.0
547	49.0
548	49.0
549	49.0
550	49.0
551	49.0
552	49.0
553	49.0
554	49.0
555	49.0
556	49.0
557	49.0
558	49.0
559	49.0
560	49.0
561	49.0
562	49.0
563	49.0
564	49.0
565	49.0
566	49.0
567	49.0
568	49.0
569	49.0
570	49.0
571	49.0
572	49.0
573	49.0
574	49.0
575	49.0
576	49.0
577	49.0
578	49.0
579	49.0
580	49.0
581	49.0
582	49.0
583	49.0
584	49.0
585	49.0
586	49.0
587	49.0
588	49.0
589	49.0
590	49.0
591	49.0
592	49.0
593	49.0
594	49.0
595	49.0
596	49.0
597	49.0
598	49.0
599	49.0
600	49.0
601	49.0
602	49.0
603	49.0
604	49.0
605	49.0
606	49.0
607	49.0
608	49.0
609	49.0
610	49.0
611	49.0
612	49.0
613	49.0
614	49.0
615	49.0
616	49.0
617	49.0
618	49.0
619	49.0
620	49.0
621	49.0
622	49.0
623	49.0
624	49.0
625	49.0
626	49.0
627	49.0
628	49.0
629	49.0
630	49.0
631	49.0
632	49.0
633	49.0
634	49.0
635	49.0
636	49.0
637	49.0
638	49.0
639	49.0
640	49.0
641	49.0
642	49.0
643	49.0
644	49.0
645	49.0
646	49.0
647	49.0
648	49.0
649	49.0
650	49.0
651	49.0
652	49.0
653	49.0
654	49.0
655	49.0
656	49.0
657	49.0
658	49.0
659	49.0
660	49.0
661	49.0
662	49.0
663	49.0
664	49.0
665	49.0
666	49.0
667	49.0
668	49.0
669	49.0
670	49.0
671	49.0
672	49.0
673	49.0
674	49.0
675	49.0
676	49.0
677	49.0
678	49.0
679	49.0
680	49.0
681	49.0
682	49.0
683	49.0
684	49.0
685	49.0
686	49.0
687	49.0
688	49.0
689	49.0
690	49.0
691	49.0
692	49.0
693	49.0
694	49.0
695	49.0
696	49.0
697	49.0
698	49.0
699	49.0
700	49.0
701	49.0
702	49.0
703	49.0
704	49.0
705	49.0
706	49.0
707	49.0
708	49.0
709	49.0
710	49.0
711	49.0
712	49.0
713	49.0
714	49.0
715	49.0
716	49.0
717	49.0
718	49.0
719	49.0
720	49.0
721	49.0
722	49.0
723	49.0
724	49.0
725	49.0
726	49.0
727	49.0
728	49.0
729	49.0
730	49.0
731	49.0
732	49.0
733	49.0
734	49.0
735	49.0
736	49.0
737	49.0
738	49.0
739	49.0
740	49.0
741	49.0
742	49.0
743	49.0
744	49.0
745	49.0
746	49.0
747	49.0
748	49.0
749	49.0
750	49.0
751	49.0
752	49.0
753	49.0
754	49.0
755	49.0
756	49.0
757	49.0
758	49.0
759	49.0
760	49.0
761	49.0
762	49.0
763	49.0
764	49.0
765	49.0
766	49.0
767	49.0
768	49.0
769	49.0
770	49.0
771	49.0
772	49.0
773	49.0
774	49.0
775	49.0
776	49.0
777	49.0
778	49.0
779	49.0
780	49.0
781	49.0
782	49.0
783	49.0
784	49.0
785	49.0
786	49.0
787	49.0
788	49.0
789	49.0
790	49.0
791	49.0
792	49.0
793	49.0
794	49.0
795	49.0
796	49.0
797	49.0
798	49.0
799	49.0
800	49.0
801	49.0
802	49.0
803	49.0
804	49.0
805	49.0
806	49.0
807	49.0
808	49.0
809	49.0
810	49.0
811	49.0
812	49.0
813	49.0
814	49.0
815	49.0
816	49.0
817	49.0
818	49.0
819	49.0
820	49.0
821	49.0
822	49.0
823	49.0
824	49.0
825	49.0
826	49.0
827	49.0
828	49.0
829	49.0
830	49.0
831	49.0
832	49.0
833	49.0
834	49.0
835	49.0
836	49.0
837	49.0
838	49.0
839	49.0
840	49.0
841	49.0
842	49.0
843	49.0
844	49.0
845	49.0
846	49.0
847	49.0
848	49.0
849	49.0
850	49.0
851	49.0
852	49.0
853	49.0
854	49.0
855	49.0
856	49.0
857	49.0
858	49.0
859	49.0
860	49.0
861	49.0
862	49.0
863	49.0
864	49.0
865	49.0
866	49.0
867	49.0
868	49.0
869	49.0
870	49.0
871	49.0
872	49.0
873	49.0
874	49.0
875	49.0
876	49.0
877	49.0
878	49.0
879	49.0
880	49.0
881	49.0
882	49.0
883	49.0
884	49.0
885	49.0
886	49.0
887	49.0
888	49.0
889	49.0
890	49.0
891	49.0
892	49.0
893	49.0
894	49.0
895	49.0
896	49.0
897	49.0
898	49.0
899	49.0
900	49.0
901	49.0
902	49.0
903	49.0
904	49.0
905	49.0
906	49.0
907	49.0
908	49.0
909	49.0
910	49.0
911	49.0
912	49.0
913	49.0
914	49.0
915	49.0
916	49.0
917	49.0
918	49.0
919	49.0
920	49.0
921	49.0
922	49.0
923	49.0
924	49.0
925	49.0
926	49.0
927	49.0
928	49.0
929	49.0
930	49.0
931	49.0
932	49.0
933	49.0
934	49.0
935	49.0
936	49.0
937	49.0
938	49.0
939	49.0
940	49.0
941	49.0
942	49.0
943	49.0
944	49.0
945	49.0
946	49.0
947	49.0
948	49.0
949	49.0
950	49.0
951	49.0
952	49.0
953	49.0
954	49.0
955	49.0
956	49.0
957	49.0
958	49.0
959	49.0
960	49.0
961	49.0
962	49.0
963	49.0
964	49.0
965	49.0
966	49.0
967	49.0
968	49.0
969	49.0
970	49.0
971	49.0
972	49.0
973	49.0
974	49.0
975	49.0
976	49.0
977	49.0
978	49.0
979	49.0
980	49.0
981	49.0
982	49.0
983	49.0
984	49.0
985	49.0
986	49.0
987	49.0
988	49.0
989	49.0
990	49.0
991	49.0
992	49.0
993	49.0
994	49.0
995	49.0
996	49.0
997	49.0
998	49.0
999	49.0
1000	49.0
1001	49.0
1002	49.0
1003	49.0
1004	49.0
1005	49.0
1006	49.0
1007	49.0
1008	49.0
1009	49.0
1010	49.0
1011	49.0
1012	49.0
1013	49.0
1014	49.0
1015	49.0
1016	49.0
1017	49.0
1018	49.0
1019	49.0
1020	49.0
1021	49.0
1022	49.0
1023	49.0
1024	49.0
1025	49.0
1026	49.0
1027	49.0
1028	49.0
1029	49.0
1030	49.0
1031	49.0
1032	49.0
1033	49.0
1034	49.0
1035	49.0
1036	49.0
1037	49.0
1038	49.0
1039	49.0
1040	49.0
1041	49.0
1042	49.0
1043	49.0
1044	49.0
1045	49.0
1046	49.0
1047	49.0
1048	49.0
1049	49.0
1050	49.0
1051	49.0
1052	49.0
1053	49.0
1054	49.0
1055	49.0
1056	49.0
1057	49.0
1058	49.0
1059	49.0
1060	49.0
1061	49.0
1062	49.0
1063	49.0
1064	49.0
1065	49.0
1066	49.0
1067	49.0
1068	49.0
1069	49.0
1070	49.0
1071	49.0
1072	49.0
1073	49.0
1074	49.0
1075	49.0
1076	49.0
1077	49.0
1078	49.0
1079	49.0
1080	49.0
1081	49.0
1082	49.0
1083	49.0
1084	49.0
1085	49.0
1086	49.0
1087	49.0
1088	49.0
1089	49.0
1090	49.0
1091	49.0
1092	49.0
1093	49.0
1094	49.0
1095	49.0
1096	49.0
1097	49.0
1098	49.0
1099	49.0
1100	49.0
1101	49.0
1102	49.0
1103	49.0
1104	49.0
1105	49.0
1106	49.0
1107	49.0
1108	49.0
1109	49.0
1110	49.0
1111	49.0
1112	49.0
1113	49.0
1114	49.0
1115	49.0
1116	49.0
1117	49.0
1118	49.0
1119	49.0
1120	49.0
1121	49.0
1122	49.0
1123	49.0
1124	49.0
1125	49.0
1126	49.0
1127	49.0
1128	49.0
1129	49.0
1130	49.0
1131	49.0
1132	49.0
1133	49.0
1134	49.0
1135	49.0
1136	49.0
1137	49.0
1138	49.0
1139	49.0
1140	49.0
1141	49.0
1142	49.0
1143	49.0
1144	49.0
1145	49.0
1146	49.0
1147	49.0
1148	49.0
1149	49.0
1150	49.0
1151	49.0
1152	49.0
1153	49.0
1154	49.0
1155	49.0
1156	49.0
1157	49.0
1158	49.0
1159	49.0
1160	49.0
1161	49.0
1162	49.0
1163	49.0
1164	49.0
1165	49.0
1166	49.0
1167	49.0
1168	49.0
1169	49.0
1170	49.0
1171	49.0
1172	49.0
1173	49.0
1174	49.0
1175	49.0
1176	49.0
1177	49.0
1178	49.0
1179	49.0
1180	49.0
1181	49.0
1182	49.0
1183	49.0
1184	49.0
1185	49.0
1186	49.0
1187	49.0
1188	49.0
1189	49.0
1190	49.0
1191	49.0
1192	49.0
1193	49.0
1194	49.0
1195	49.0
1196	49.0
1197	49.0
1198	49.0
1199	49.0
1200	49.0
1201	49.0
1202	49.0
1203	49.0
1204	49.0
1205	49.0
1206	49.0
1207	49.0
1208	49.0
1209	49.0
1210	49.0
1211	49.0
1212	49.0
1213	49.0
1214	49.0
1215	49.0
1216	49.0
1217	49.0
1218	49.0
1219	49.0
1220	49.0
1221	49.0
1222	49.0
1223	49.0
1224	49.0
1225	49.0
1226	49.0
1227	49.0
1228	49.0
1229	49.0
1230	49.0
1231	49.0
1232	49.0
1233	49.0
1234	49.0
1235	49.0
1236	49.0
1237	49.0
1238	49.0
1239	49.0
1240	49.0
1241	49.0
1242	49.0
1243	49.0
1244	49.0
1245	49.0
1246	49.0
1247	49.0
1248	49.0
1249	49.0
1250	49.0
1251	49.0
1252	49.0
1253	49.0
1254	49.0
1255	49.0
1256	49.0
1257	49.0
1258	49.0
1259	49.0
1260	49.0
1261	49.0
1262	49.0
1263	49.0
1264	49.0
1265	49.0
1266	49.0
1267	49.0
1268	49.0
1269	49.0
1270	49.0
1271	49.0
1272	49.0
1273	49.0
1274	49.0
1275	49.0
1276	49.0
1277	49.0
1278	49.0
1279	49.0
1280	49.0
1281	49.0
1282	49.0
1283	49.0
1284	49.0
1285	49.0
1286	49.0
1287	49.0
1288	49.0
1289	49.0
1290	49.0
1291	49.0
1292	49.0
1293	49.0
1294	49.0
1295	49.0
1296	49.0
1297	49.0
1298	49.0
1299	49.0
1300	49.0
1301	49.0
1302	49.0
1303	49.0
1304	49.0
1305	49.0
1306	49.0
1307	49.0
1308	49.0
1309	49.0
1310	49.0
1311	49.0
1312	49.0
1313	49.0
1314	49.0
1315	49.0
1316	49.0
1317	49.0
1318	49.0
1319	49.0
1320	49.0
1321	49.0
1322	49.0
1323	49.0
1324	49.0
1325	49.0
1326	49.0
1327	49.0
1328	49.0
1329	49.0
1330	49.0
1331	49.0
1332	49.0
1333	49.0
1334	49.0
1335	49.0
1336	49.0
1337	49.0
1338	49.0
1339	49.0
1340	49.0
1341	49.0
1342	49.0
1343	49.0
1344	49.0
1345	49.0
1346	49.0
1347	49.0
1348	49.0
1349	49.0
1350	49.0
1351	49.0
1352	49.0
1353	49.0
1354	49.0
1355	49.0
1356	49.0
1357	49.0
1358	49.0
1359	49.0
1360	49.0
1361	49.0
1362	49.0
1363	49.0
1364	49.0
1365	49.0
1366	49.0
1367	49.0
1368	49.0
1369	49.0
1370	49.0
1371	49.0
1372	49.0
1373	49.0
1374	49.0
1375	49.0
1376	49.0
1377	49.0
1378	49.0
1379	49.0
1380	49.0
1381	49.0
1382	49.0
1383	49.0
1384	49.0
1385	49.0
1386	49.0
1387	49.0
1388	49.0
1389	49.0
1390	49.0
1391	49.0
1392	49.0
1393	49.0
1394	49.0
1395	49.0
1396	49.0
1397	49.0
1398	49.0
1399	49.0
1400	49.0
1401	49.0
1402	49.0
1403	49.0
1404	49.0
1405	49.0
1406	49.0
1407	49.0
1408	49.0
1409	49.0
1410	49.0
1411	49.0
1412	49.0
1413	49.0
1414	49.0
1415	49.0
1416	49.0
1417	49.0
1418	49.0
1419	49.0
1420	49.0
1421	49.0
1422	49.0
1423	49.0
1424	49.0
1425	49.0
1426	49.0
1427	49.0
1428	49.0
1429	49.0
1430	49.0
1431	49.0
1432	49.0
1433	49.0
1434	49.0
1435	49.0
1436	49.0
1437	49.0
1438	49.0
1439	49.0
1440	49.0
1441	49.0
1442	49.0
1443	49.0
1444	49.0
1445	49.0
1446	49.0
1447	49.0
1448	49.0
1449	49.0
1450	49.0
1451	49.0
1452	49.0
1453	49.0
1454	49.0
1455	49.0
1456	49.0
1457	49.0
1458	49.0
1459	49.0
1460	49.0
1461	49.0
1462	49.0
1463	49.0
1464	49.0
1465	49.0
1466	49.0
1467	49.0
1468	49.0
1469	49.0
1470	49.0
1471	49.0
1472	49.0
1473	49.0
1474	49.0
1475	49.0
1476	49.0
1477	49.0
1478	49.0
1479	49.0
1480	49.0
1481	49.0
1482	49.0
1483	49.0
1484	49.0
1485	49.0
1486	49.0
1487	49.0
1488	49.0
1489	49.0
1490	49.0
1491	49.0
1492	49.0
1493	49.0
1494	49.0
1495	49.0
1496	49.0
1497	49.0
1498	49.0
1499	49.0
1500	49.0
1501	49.0
1502	49.0
1503	49.0
1504	49.0
1505	49.0
1506	49.0
1507	49.0
1508	49.0
1509	49.0
1510	49.0
1511	49.0
1512	49.0
1513	49.0
1514	49.0
1515	49.0
1516	49.0
1517	49.0
1518	49.0
1519	49.0
1520	49.0
1521	49.0
1522	49.0
1523	49.0
1524	49.0
1525	49.0
1526	49.0
1527	49.0
1528	49.0
1529	49.0
1530	49.0
1531	49.0
1532	49.0
1533	49.0
1534	49.0
1535	49.0
1536	49.0
1537	49.0
1538	49.0
1539	49.0
1540	49.0
1541	49.0
1542	49.0
1543	49.0
1544	49.0
1545	49.0
1546	49.0
1547	49.0
1548	49.0
1549	49.0
1550	49.0
1551	49.0
1552	49.0
1553	49.0
1554	49.0
1555	49.0
1556	49.0
1557	49.0
1558	49.0
1559	49.0
1560	49.0
1561	49.0
1562	49.0
1563	49.0
1564	49.0
1565	49.0
1566	49.0
1567	49.0
1568	49.0
1569	49.0
1570	49.0
1571	49.0
1572	49.0
1573	49.0
1574	49.0
1575	49.0
1576	49.0
1577	49.0
1578	49.0
1579	49.0
1580	49.0
1581	49.0
1582	49.0
1583	49.0
1584	49.0
1585	49.0
1586	49.0
1587	49.0
1588	49.0
1589	49.0
1590	49.0
1591	49.0
1592	49.0
1593	49.0
1594	49.0
1595	49.0
1596	49.0
1597	49.0
1598	49.0
1599	49.0
1600	49.0
1601	49.0
1602	49.0
1603	49.0
1604	49.0
1605	49.0
1606	49.0
1607	49.0
1608	49.0
1609	49.0
1610	49.0
1611	49.0
1612	49.0
1613	49.0
1614	49.0
1615	49.0
1616	49.0
1617	49.0
1618	49.0
1619	49.0
1620	49.0
1621	49.0
1622	49.0
1623	49.0
1624	49.0
1625	49.0
1626	49.0
1627	49.0
1628	49.0
1629	49.0
1630	49.0
1631	49.0
1632	49.0
1633	49.0
1634	49.0
1635	49.0
1636	49.0
1637	49.0
1638	49.0
1639	49.0
1640	49.0
1641	49.0
1642	49.0
1643	49.0
1644	49.0
1645	49.0
1646	49.0
1647	49.0
1648	49.0
1649	49.0
1650	49.0
1651	49.0
1652	49.0
1653	49.0
1654	49.0
1655	49.0
1656	49.0
1657	49.0
1658	49.0
1659	49.0
1660	49.0
1661	49.0
1662	49.0
1663	49.0
1664	49.0
1665	49.0
1666	49.0
1667	49.0
1668	49.0
1669	49.0
1670	49.0
1671	49.0
1672	49.0
1673	49.0
1674	49.0
1675	49.0
1676	49.0
1677	49.0
1678	49.0
1679	49.0
1680	49.0
1681	49.0
1682	49.0
1683	49.0
1684	49.0
1685	49.0
1686	49.0
1687	49.0
1688	49.0
1689	49.0
1690	49.0
1691	49.0
1692	49.0
1693	49.0
1694	49.0
1695	49.0
1696	49.0
1697	49.0
1698	49.0
1699	49.0
1700	49.0
1701	49.0
1702	49.0
1703	49.0
1704	49.0
1705	49.0
1706	49.0
1707	49.0
1708	49.0
1709	49.0
1710	49.0
1711	49.0
1712	49.0
1713	49.0
1714	49.0
1715	49.0
1716	49.0
1717	49.0
1718	49.0
1719	49.0
1720	49.0
1721	49.0
1722	49.0
1723	49.0
1724	49.0
1725	49.0
1726	49.0
1727	49.0
1728	49.0
1729	49.0
1730	49.0
1731	49.0
1732	49.0
1733	49.0
1734	49.0
1735	49.0
1736	49.0
1737	49.0
1738	49.0
1739	49.0
1740	49.0
1741	49.0
1742	49.0
1743	49.0
1744	49.0
1745	49.0
1746	49.0
1747	49.0
1748	49.0
1749	49.0
1750	49.0
1751	49.0
1752	49.0
1753	49.0
1754	49.0
1755	49.0
1756	49.0
1757	49.0
1758	49.0
1759	49.0
1760	49.0
1761	49.0
1762	49.0
1763	49.0
1764	49.0
1765	49.0
1766	49.0
1767	49.0
1768	49.0
1769	49.0
1770	49.0
1771	49.0
1772	49.0
1773	49.0
1774	49.0
1775	49.0
1776	49.0
1777	49.0
1778	49.0
1779	49.0
1780	49.0
1781	49.0
1782	49.0
1783	49.0
1784	49.0
1785	49.0
1786	49.0
1787	49.0
1788	49.0
1789	49.0
1790	49.0
1791	49.0
1792	49.0
1793	49.0
1794	49.0
1795	49.0
1796	49.0
1797	49.0
1798	49.0
1799	49.0
1800	49.0
1801	49.0
1802	49.0
1803	49.0
1804	49.0
1805	49.0
1806	49.0
1807	49.0
1808	49.0
1809	49.0
1810	49.0
1811	49.0
1812	49.0
1813	49.0
1814	49.0
1815	49.0
1816	49.0
1817	49.0
1818	49.0
1819	49.0
1820	49.0
1821	49.0
1822	49.0
1823	49.0
1824	49.0
1825	49.0
1826	49.0
1827	49.0
1828	49.0
1829	49.0
1830	49.0
1831	49.0
1832	49.0
1833	49.0
1834	49.0
1835	49.0
1836	49.0
1837	49.0
1838	49.0
1839	49.0
1840	49.0
1841	49.0
1842	49.0
1843	49.0
1844	49.0
1845	49.0
1846	49.0
1847	49.0
1848	49.0
1849	49.0
1850	49.0
1851	49.0
1852	49.0
1853	49.0
1854	49.0
1855	49.0
1856	49.0
1857	49.0
1858	49.0
1859	49.0
1860	49.0
1861	49.0
1862	49.0
1863	49.0
1864	49.0
1865	49.0
1866	49.0
1867	49.0
1868	49.0
1869	49.0
1870	49.0
1871	49.0
1872	49.0
1873	49.0
1874	49.0
1875	49.0
1876	49.0
1877	49.0
1878	49.0
1879	49.0
1880	49.0
1881	49.0
1882	49.0
1883	49.0
1884	49.0
1885	49.0
1886	49.0
1887	49.0
1888	49.0
1889	49.0
1890	49.0
1891	49.0
1892	49.0
1893	49.0
1894	49.0
1895	49.0
1896	49.0
1897	49.0
1898	49.0
1899	49.0
1900	49.0
1901	49.0
1902	49.0
1903	49.0
1904	49.0
1905	49.0
1906	49.0
1907	49.0
1908	49.0
1909	49.0
1910	49.0
1911	49.0
1912	49.0
1913	49.0
1914	49.0
1915	49.0
1916	49.0
1917	49.0
1918	49.0
1919	49.0
1920	49.0
1921	49.0
1922	49.0
1923	49.0
1924	49.0
1925	49.0
1926	49.0
1927	49.0
1928	49.0
1929	49.0
1930	49.0
1931	49.0
1932	49.0
1933	49.0
1934	49.0
1935	49.0
1936	49.0
1937	49.0
1938	49.0
1939	49.0
1940	49.0
1941	49.0
1942	49.0
1943	49.0
1944	49.0
1945	49.0
1946	49.0
1947	49.0
1948	49.0
1949	49.0
1950	49.0
1951	49.0
1952	49.0
1953	49.0
1954	49.0
1955	49.0
1956	49.0
1957	49.0
1958	49.0
1959	49.0
1960	49.0
1961	49.0
1962	49.0
1963	49.0
1964	49.0
1965	49.0
1966	49.0
1967	49.0
1968	49.0
1969	49.0
1970	49.0
1971	49.0
1972	49.0
1973	49.0
1974	49.0
1975	49.0
1976	49.0
1977	49.0
1978	49.0
1979	49.0
1980	49.0
1981	49.0
1982	49.0
1983	49.0
1984	49.0
1985	49.0
1986	49.0
1987	49.0
1988	49.0
1989	49.0
1990	49.0
1991	49.0
1992	49.0
1993	49.0
1994	49.0
1995	49.0
1996	49.0
1997	49.0
1998	49.0
1999	49.0
