0	98.0
1	98.0
2	98.0
3	98.0
4	98.0
5	98.0
6	98.0
7	98.0
8	98.0
9	98.0
10	98.0
11	98.0
12	98.0
13	98.0
14	98.0
15	98.0
16	98.0
17	98.0
18	98.0
19	98.0
20	98.0
21	98.0
22	98.0
23	98.0
24	98.0
25	98.0
26	98.0
27	98.0
28	98.0
29	98.0
30	98.0
31	98.0
32	98.0
33	98.0
34	98.0
35	98.0
36	98.0
37	98.0
38	98.0
39	98.0
40	98.0
41	98.0
42	98.0
43	98.0
44	98.0
45	98.0
46	98.0
47	98.0
48	98.0
49	98.0
50	98.0
51	98.0
52	98.0
53	98.0
54	98.0
55	98.0
56	98.0
57	98.0
58	98.0
59	98.0
60	98.0
61	98.0
62	98.0
63	98.0
64	98.0
65	98.0
66	98.0
67	98.0
68	98.0
69	98.0
70	98.0
71	98.0
72	98.0
73	98.0
74	98.0
75	98.0
76	98.0
77	98.0
78	98.0
79	98.0
80	98.0
81	98.0
82	98.0
83	98.0
84	98.0
85	98.0
86	98.0
87	98.0
88	98.0
89	98.0
90	98.0
91	98.0
92	98.0
93	98.0
94	98.0
95	98.0
96	98.0
97	98.0
98	98.0
99	98.0
100	98.0
101	98.0
102	98.0
103	98.0
104	98.0
105	98.0
106	98.0
107	98.0
108	98.0
109	98.0
110	98.0
111	98.0
112	98.0
113	98.0
114	98.0
115	98.0
116	98.0
117	98.0
118	98.0
119	98.0
120	98.0
121	98.0
122	98.0
123	98.0
124	98.0
125	98.0
126	98.0
127	98.0
128	98.0
129	98.0
130	98.0
131	98.0
132	98.0
133	98.0
134	98.0
135	98.0
136	98.0
137	98.0
138	98.0
139	98.0
140	98.0
141	98.0
142	98.0
143	98.0
144	98.0
145	98.0
146	98.0
147	98.0
148	98.0
149	98.0
150	98.0
151	98.0
152	98.0
153	98.0
154	98.0
155	98.0
156	98.0
157	98.0
158	98.0
159	98.0
160	98.0
161	98.0
162	98.0
163	98.0
164	98.0
165	98.0
166	98.0
167	98.0
168	98.0
169	98.0
170	98.0
171	98.0
172	98.0
173	98.0
174	98.0
175	98.0
176	98.0
177	98.0
178	98.0
179	98.0
180	98.0
181	98.0
182	98.0
183	98.0
184	98.0
185	98.0
186	98.0
187	98.0
188	98.0
189	98.0
190	98.0
191	98.0
192	98.0
193	98.0
194	98.0
195	98.0
196	98.0
197	98.0
198	98.0
199	98.0
200	98.0
201	98.0
202	98.0
203	98.0
204	98.0
205	98.0
206	98.0
207	98.0
208	98.0
209	98.0
210	98.0
211	98.0
212	98.0
213	98.0
214	98.0
215	98.0
216	98.0
217	98.0
218	98.0
219	98.0
220	98.0
221	98.0
222	98.0
223	98.0
224	98.0
225	98.0
226	98.0
227	98.0
228	98.0
229	98.0
230	98.0
231	98.0
232	98.0
233	98.0
234	98.0
235	98.0
236	98.0
237	98.0
238	98.0
239	98.0
240	98.0
241	98.0
242	98.0
243	98.0
244	98.0
245	98.0
246	98.0
247	98.0
248	98.0
249	98.0
250	98.0
251	98.0
252	98.0
253	98.0
254	98.0
255	98.0
256	98.0
257	98.0
258	98.0
259	98.0
260	98.0
261	98.0
262	98.0
263	98.0
264	98.0
265	98.0
266	98.0
267	98.0
268	98.0
269	98.0
270	98.0
271	98.0
272	98.0
273	98.0
274	98.0
275	98.0
276	98.0
277	98.0
278	98.0
279	98.0
280	98.0
281	98.0
282	98.0
283	98.0
284	98.0
285	98.0
286	98.0
287	98.0
288	98.0
289	98.0
290	98.0
291	98.0
292	98.0
293	98.0
294	98.0
295	98.0
296	98.0
297	98.0
298	98.0
299	98.0
300	98.0
301	98.0
302	98.0
303	98.0
304	98.0
305	98.0
306	98.0
307	98.0
308	98.0
309	98.0
310	98.0
311	98.0
312	98.0
313	98.0
314	98.0
315	98.0
316	98.0
317	98.0
318	98.0
319	98.0
320	98.0
321	98.0
322	98.0
323	98.0
324	98.0
325	98.0
326	98.0
327	98.0
328	98.0
329	98.0
330	98.0
331	98.0
332	98.0
333	98.0
334	98.0
335	98.0
336	98.0
337	98.0
338	98.0
339	98.0
340	98.0
341	98.0
342	98.0
343	98.0
344	98.0
345	98.0
346	98.0
347	98.0
348	98.0
349	98.0
350	98.0
351	98.0
352	98.0
353	98.0
354	98.0
355	98.0
356	98.0
357	98.0
358	98.0
359	98.0
360	98.0
361	98.0
362	98.0
363	98.0
364	98.0
365	98.0
366	98.0
367	98.0
368	98.0
369	98.0
370	98.0
371	98.0
372	98.0
373	98.0
374	98.0
375	98.0
376	98.0
377	98.0
378	98.0
379	98.0
380	98.0
381	98.0
382	98.0
383	98.0
384	98.0
385	98.0
386	98.0
387	98.0
388	98.0
389	98.0
390	98.0
391	98.0
392	98.0
393	98.0
394	98.0
395	98.0
396	98.0
397	98.0
398	98.0
399	98.0
400	98.0
401	98.0
402	98.0
403	98.0
404	98.0
405	98.0
406	98.0
407	98.0
408	98.0
409	98.0
410	98.0
411	98.0
412	98.0
413	98.0
414	98.0
415	98.0
416	98.0
417	98.0
418	98.0
419	98.0
420	98.0
421	98.0
422	98.0
423	98.0
424	98.0
425	98.0
426	98.0
427	98.0
428	98.0
429	98.0
430	98.0
431	98.0
432	98.0
433	98.0
434	98.0
435	98.0
436	98.0
437	98.0
438	98.0
439	98.0
440	98.0
441	98.0
442	98.0
443	98.0
444	98.0
445	98.0
446	98.0
447	98.0
448	98.0
449	98.0
450	98.0
451	98.0
452	98.0
453	98.0
454	98.0
455	98.0
456	98.0
457	98.0
458	98.0
459	98.0
460	98.0
461	98.0
462	98.0
463	98.0
464	98.0
465	98.0
466	98.0
467	98.0
468	98.0
469	98.0
470	98.0
471	98.0
472	98.0
473	98.0
474	98.0
475	98.0
476	98.0
477	98.0
478	98.0
479	98.0
480	98.0
481	98.0
482	98.0
483	98.0
484	98.0
485	98.0
486	98.0
487	98.0
488	98.0
489	98.0
490	98.0
491	98.0
492	98.0
493	98.0
494	98.0
495	98.0
496	98.0
497	98.0
498	98.0
499	98.0
500	98.0
501	98.0
502	98.0
503	98.0
504	98.0
505	98.0
506	98.0
507	98.0
508	98.0
509	98.0
510	98.0
511	98.0
512	98.0
513	98.0
514	98.0
515	98.0
516	98.0
517	98.0
518	98.0
519	98.0
520	98.0
521	98.0
522	98.0
523	98.0
524	98.0
525	98.0
526	98.0
527	98.0
528	98.0
529	98.0
530	98.0
531	98.0
532	98.0
533	98.0
534	98.0
535	98.0
536	98.0
537	98.0
538	98.0
539	98.0
540	98.0
541	98.0
542	98.0
543	98.0
544	98.0
545	98.0
546	98.0
547	98.0
548	98.0
549	98.0
550	98.0
551	98.0
552	98.0
553	98.0
554	98.0
555	98.0
556	98.0
557	98.0
558	98.0
559	98.0
560	98.0
561	98.0
562	98.0
563	98.0
564	98.0
565	98.0
566	98.0
567	98.0
568	98.0
569	98.0
570	98.0
571	98.0
572	98.0
573	98.0
574	98.0
575	98.0
576	98.0
577	98.0
578	98.0
579	98.0
580	98.0
581	98.0
582	98.0
583	98.0
584	98.0
585	98.0
586	98.0
587	98.0
588	98.0
589	98.0
590	98.0
591	98.0
592	98.0
593	98.0
594	98.0
595	98.0
596	98.0
597	98.0
598	98.0
599	98.0
600	98.0
601	98.0
602	98.0
603	98.0
604	98.0
605	98.0
606	98.0
607	98.0
608	98.0
609	98.0
610	98.0
611	98.0
612	98.0
613	98.0
614	98.0
615	98.0
616	98.0
617	98.0
618	98.0
619	98.0
620	98.0
621	98.0
622	98.0
623	98.0
624	98.0
625	98.0
626	98.0
627	98.0
628	98.0
629	98.0
630	98.0
631	98.0
632	98.0
633	98.0
634	98.0
635	98.0
636	98.0
637	98.0
638	98.0
639	98.0
640	98.0
641	98.0
642	98.0
643	98.0
644	98.0
645	98.0
646	98.0
647	98.0
648	98.0
649	98.0
650	98.0
651	98.0
652	98.0
653	98.0
654	98.0
655	98.0
656	98.0
657	98.0
658	98.0
659	98.0
660	98.0
661	98.0
662	98.0
663	98.0
664	98.0
665	98.0
666	98.0
667	98.0
668	98.0
669	98.0
670	98.0
671	98.0
672	98.0
673	98.0
674	98.0
675	98.0
676	98.0
677	98.0
678	98.0
679	98.0
680	98.0
681	98.0
682	98.0
683	98.0
684	98.0
685	98.0
686	98.0
687	98.0
688	98.0
689	98.0
690	98.0
691	98.0
692	98.0
693	98.0
694	98.0
695	98.0
696	98.0
697	98.0
698	98.0
699	98.0
700	98.0
701	98.0
702	98.0
703	98.0
704	98.0
705	98.0
706	98.0
707	98.0
708	98.0
709	98.0
710	98.0
711	98.0
712	98.0
713	98.0
714	98.0
715	98.0
716	98.0
717	98.0
718	98.0
719	98.0
720	98.0
721	98.0
722	98.0
723	98.0
724	98.0
725	98.0
726	98.0
727	98.0
728	98.0
729	98.0
730	98.0
731	98.0
732	98.0
733	98.0
734	98.0
735	98.0
736	98.0
737	98.0
738	98.0
739	98.0
740	98.0
741	98.0
742	98.0
743	98.0
744	98.0
745	98.0
746	98.0
747	98.0
748	98.0
749	98.0
750	98.0
751	98.0
752	98.0
753	98.0
754	98.0
755	98.0
756	98.0
757	98.0
758	98.0
759	98.0
760	98.0
761	98.0
762	98.0
763	98.0
764	98.0
765	98.0
766	98.0
767	98.0
768	98.0
769	98.0
770	98.0
771	98.0
772	98.0
773	98.0
774	98.0
775	98.0
776	98.0
777	98.0
778	98.0
779	98.0
780	98.0
781	98.0
782	98.0
783	98.0
784	98.0
785	98.0
786	98.0
787	98.0
788	98.0
789	98.0
790	98.0
791	98.0
792	98.0
793	98.0
794	98.0
795	98.0
796	98.0
797	98.0
798	98.0
799	98.0
800	98.0
801	98.0
802	98.0
803	98.0
804	98.0
805	98.0
806	98.0
807	98.0
808	98.0
809	98.0
810	98.0
811	98.0
812	98.0
813	98.0
814	98.0
815	98.0
816	98.0
817	98.0
818	98.0
819	98.0
820	98.0
821	98.0
822	98.0
823	98.0
824	98.0
825	98.0
826	98.0
827	98.0
828	98.0
829	98.0
830	98.0
831	98.0
832	98.0
833	98.0
834	98.0
835	98.0
836	98.0
837	98.0
838	98.0
839	98.0
840	98.0
841	98.0
842	98.0
843	98.0
844	98.0
845	98.0
846	98.0
847	98.0
848	98.0
849	98.0
850	98.0
851	98.0
852	98.0
853	98.0
854	98.0
855	98.0
856	98.0
857	98.0
858	98.0
859	98.0
860	98.0
861	98.0
862	98.0
863	98.0
864	98.0
865	98.0
866	98.0
867	98.0
868	98.0
869	98.0
870	98.0
871	98.0
872	98.0
873	98.0
874	98.0
875	98.0
876	98.0
877	98.0
878	98.0
879	98.0
880	98.0
881	98.0
882	98.0
883	98.0
884	98.0
885	98.0
886	98.0
887	98.0
888	98.0
889	98.0
890	98.0
891	98.0
892	98.0
893	98.0
894	98.0
895	98.0
896	98.0
897	98.0
898	98.0
899	98.0
900	98.0
901	98.0
902	98.0
903	98.0
904	98.0
905	98.0
906	98.0
907	98.0
908	98.0
909	98.0
910	98.0
911	98.0
912	98.0
913	98.0
914	98.0
915	98.0
916	98.0
917	98.0
918	98.0
919	98.0
920	98.0
921	98.0
922	98.0
923	98.0
924	98.0
925	98.0
926	98.0
927	98.0
928	98.0
929	98.0
930	98.0
931	98.0
932	98.0
933	98.0
934	98.0
935	98.0
936	98.0
937	98.0
938	98.0
939	98.0
940	98.0
941	98.0
942	98.0
943	98.0
944	98.0
945	98.0
946	98.0
947	98.0
948	98.0
949	98.0
950	98.0
951	98.0
952	98.0
953	98.0
954	98.0
955	98.0
956	98.0
957	98.0
958	98.0
959	98.0
960	98.0
961	98.0
962	98.0
963	98.0
964	98.0
965	98.0
966	98.0
967	98.0
968	98.0
969	98.0
970	98.0
971	98.0
972	98.0
973	98.0
974	98.0
975	98.0
976	98.0
977	98.0
978	98.0
979	98.0
980	98.0
981	98.0
982	98.0
983	98.0
984	98.0
985	98.0
986	98.0
987	98.0
988	98.0
989	98.0
990	98.0
991	98.0
992	98.0
993	98.0
994	98.0
995	98.0
996	98.0
997	98.0
998	98.0
999	98.0
1000	98.0
1001	98.0
1002	98.0
1003	98.0
1004	98.0
1005	98.0
1006	98.0
1007	98.0
1008	98.0
1009	98.0
1010	98.0
1011	98.0
1012	98.0
1013	98.0
1014	98.0
1015	98.0
1016	98.0
1017	98.0
1018	98.0
1019	98.0
1020	98.0
1021	98.0
1022	98.0
1023	98.0
1024	98.0
1025	98.0
1026	98.0
1027	98.0
1028	98.0
1029	98.0
1030	98.0
1031	98.0
1032	98.0
1033	98.0
1034	98.0
1035	98.0
1036	98.0
1037	98.0
1038	98.0
1039	98.0
1040	98.0
1041	98.0
1042	98.0
1043	98.0
1044	98.0
1045	98.0
1046	98.0
1047	98.0
1048	98.0
1049	98.0
1050	98.0
1051	98.0
1052	98.0
1053	98.0
1054	98.0
1055	98.0
1056	98.0
1057	98.0
1058	98.0
1059	98.0
1060	98.0
1061	98.0
1062	98.0
1063	98.0
1064	98.0
1065	98.0
1066	98.0
1067	98.0
1068	98.0
1069	98.0
1070	98.0
1071	98.0
1072	98.0
1073	98.0
1074	98.0
1075	98.0
1076	98.0
1077	98.0
1078	98.0
1079	98.0
1080	98.0
1081	98.0
1082	98.0
1083	98.0
1084	98.0
1085	98.0
1086	98.0
1087	98.0
1088	98.0
1089	98.0
1090	98.0
1091	98.0
1092	98.0
1093	98.0
1094	98.0
1095	98.0
1096	98.0
1097	98.0
1098	98.0
1099	98.0
1100	98.0
1101	98.0
1102	98.0
1103	98.0
1104	98.0
1105	98.0
1106	98.0
1107	98.0
1108	98.0
1109	98.0
1110	98.0
1111	98.0
1112	98.0
1113	98.0
1114	98.0
1115	98.0
1116	98.0
1117	98.0
1118	98.0
1119	98.0
1120	98.0
1121	98.0
1122	98.0
1123	98.0
1124	98.0
1125	98.0
1126	98.0
1127	98.0
1128	98.0
1129	98.0
1130	98.0
1131	98.0
1132	98.0
1133	98.0
1134	98.0
1135	98.0
1136	98.0
1137	98.0
1138	98.0
1139	98.0
1140	98.0
1141	98.0
1142	98.0
1143	98.0
1144	98.0
1145	98.0
1146	98.0
1147	98.0
1148	98.0
1149	98.0
1150	98.0
1151	98.0
1152	98.0
1153	98.0
1154	98.0
1155	98.0
1156	98.0
1157	98.0
1158	98.0
1159	98.0
1160	98.0
1161	98.0
1162	98.0
1163	98.0
1164	98.0
1165	98.0
1166	98.0
1167	98.0
1168	98.0
1169	98.0
1170	98.0
1171	98.0
1172	98.0
1173	98.0
1174	98.0
1175	98.0
1176	98.0
1177	98.0
1178	98.0
1179	98.0
1180	98.0
1181	98.0
1182	98.0
1183	98.0
1184	98.0
1185	98.0
1186	98.0
1187	98.0
1188	98.0
1189	98.0
1190	98.0
1191	98.0
1192	98.0
1193	98.0
1194	98.0
1195	98.0
1196	98.0
1197	98.0
1198	98.0
1199	98.0
1200	98.0
1201	98.0
1202	98.0
1203	98.0
1204	98.0
1205	98.0
1206	98.0
1207	98.0
1208	98.0
1209	98.0
1210	98.0
1211	98.0
1212	98.0
1213	98.0
1214	98.0
1215	98.0
1216	98.0
1217	98.0
1218	98.0
1219	98.0
1220	98.0
1221	98.0
1222	98.0
1223	98.0
1224	98.0
1225	98.0
1226	98.0
1227	98.0
1228	98.0
1229	98.0
1230	98.0
1231	98.0
1232	98.0
1233	98.0
1234	98.0
1235	98.0
1236	98.0
1237	98.0
1238	98.0
1239	98.0
1240	98.0
1241	98.0
1242	98.0
1243	98.0
1244	98.0
1245	98.0
1246	98.0
1247	98.0
1248	98.0
1249	98.0
1250	98.0
1251	98.0
1252	98.0
1253	98.0
1254	98.0
1255	98.0
1256	98.0
1257	98.0
1258	98.0
1259	98.0
1260	98.0
1261	98.0
1262	98.0
1263	98.0
1264	98.0
1265	98.0
1266	98.0
1267	98.0
1268	98.0
1269	98.0
1270	98.0
1271	98.0
1272	98.0
1273	98.0
1274	98.0
1275	98.0
1276	98.0
1277	98.0
1278	98.0
1279	98.0
1280	98.0
1281	98.0
1282	98.0
1283	98.0
1284	98.0
1285	98.0
1286	98.0
1287	98.0
1288	98.0
1289	98.0
1290	98.0
1291	98.0
1292	98.0
1293	98.0
1294	98.0
1295	98.0
1296	98.0
1297	98.0
1298	98.0
1299	98.0
1300	98.0
1301	98.0
1302	98.0
1303	98.0
1304	98.0
1305	98.0
1306	98.0
1307	98.0
1308	98.0
1309	98.0
1310	98.0
1311	98.0
1312	98.0
1313	98.0
1314	98.0
1315	98.0
1316	98.0
1317	98.0
1318	98.0
1319	98.0
1320	98.0
1321	98.0
1322	98.0
1323	98.0
1324	98.0
1325	98.0
1326	98.0
1327	98.0
1328	98.0
1329	98.0
1330	98.0
1331	98.0
1332	98.0
1333	98.0
1334	98.0
1335	98.0
1336	98.0
1337	98.0
1338	98.0
1339	98.0
1340	98.0
1341	98.0
1342	98.0
1343	98.0
1344	98.0
1345	98.0
1346	98.0
1347	98.0
1348	98.0
1349	98.0
1350	98.0
1351	98.0
1352	98.0
1353	98.0
1354	98.0
1355	98.0
1356	98.0
1357	98.0
1358	98.0
1359	98.0
1360	98.0
1361	98.0
1362	98.0
1363	98.0
1364	98.0
1365	98.0
1366	98.0
1367	98.0
1368	98.0
1369	98.0
1370	98.0
1371	98.0
1372	98.0
1373	98.0
1374	98.0
1375	98.0
1376	98.0
1377	98.0
1378	98.0
1379	98.0
1380	98.0
1381	98.0
1382	98.0
1383	98.0
1384	98.0
1385	98.0
1386	98.0
1387	98.0
1388	98.0
1389	98.0
1390	98.0
1391	98.0
1392	98.0
1393	98.0
1394	98.0
1395	98.0
1396	98.0
1397	98.0
1398	98.0
1399	98.0
1400	98.0
1401	98.0
1402	98.0
1403	98.0
1404	98.0
1405	98.0
1406	98.0
1407	98.0
1408	98.0
1409	98.0
1410	98.0
1411	98.0
1412	98.0
1413	98.0
1414	98.0
1415	98.0
1416	98.0
1417	98.0
1418	98.0
1419	98.0
1420	98.0
1421	98.0
1422	98.0
1423	98.0
1424	98.0
1425	98.0
1426	98.0
1427	98.0
1428	98.0
1429	98.0
1430	98.0
1431	98.0
1432	98.0
1433	98.0
1434	98.0
1435	98.0
1436	98.0
1437	98.0
1438	98.0
1439	98.0
1440	98.0
1441	98.0
1442	98.0
1443	98.0
1444	98.0
1445	98.0
1446	98.0
1447	98.0
1448	98.0
1449	98.0
1450	98.0
1451	98.0
1452	98.0
1453	98.0
1454	98.0
1455	98.0
1456	98.0
1457	98.0
1458	98.0
1459	98.0
1460	98.0
1461	98.0
1462	98.0
1463	98.0
1464	98.0
1465	98.0
1466	98.0
1467	98.0
1468	98.0
1469	98.0
1470	98.0
1471	98.0
1472	98.0
1473	98.0
1474	98.0
1475	98.0
1476	98.0
1477	98.0
1478	98.0
1479	98.0
1480	98.0
1481	98.0
1482	98.0
1483	98.0
1484	98.0
1485	98.0
1486	98.0
1487	98.0
1488	98.0
1489	98.0
1490	98.0
1491	98.0
1492	98.0
1493	98.0
1494	98.0
1495	98.0
1496	98.0
1497	98.0
1498	98.0
1499	98.0
1500	98.0
1501	98.0
1502	98.0
1503	98.0
1504	98.0
1505	98.0
1506	98.0
1507	98.0
1508	98.0
1509	98.0
1510	98.0
1511	98.0
1512	98.0
1513	98.0
1514	98.0
1515	98.0
1516	98.0
1517	98.0
1518	98.0
1519	98.0
1520	98.0
1521	98.0
1522	98.0
1523	98.0
1524	98.0
1525	98.0
1526	98.0
1527	98.0
1528	98.0
1529	98.0
1530	98.0
1531	98.0
1532	98.0
1533	98.0
1534	98.0
1535	98.0
1536	98.0
1537	98.0
1538	98.0
1539	98.0
1540	98.0
1541	98.0
1542	98.0
1543	98.0
1544	98.0
1545	98.0
1546	98.0
1547	98.0
1548	98.0
1549	98.0
1550	98.0
1551	98.0
1552	98.0
1553	98.0
1554	98.0
1555	98.0
1556	98.0
1557	98.0
1558	98.0
1559	98.0
1560	98.0
1561	98.0
1562	98.0
1563	98.0
1564	98.0
1565	98.0
1566	98.0
1567	98.0
1568	98.0
1569	98.0
1570	98.0
1571	98.0
1572	98.0
1573	98.0
1574	98.0
1575	98.0
1576	98.0
1577	98.0
1578	98.0
1579	98.0
1580	98.0
1581	98.0
1582	98.0
1583	98.0
1584	98.0
1585	98.0
1586	98.0
1587	98.0
1588	98.0
1589	98.0
1590	98.0
1591	98.0
1592	98.0
1593	98.0
1594	98.0
1595	98.0
1596	98.0
1597	98.0
1598	98.0
1599	98.0
1600	98.0
1601	98.0
1602	98.0
1603	98.0
1604	98.0
1605	98.0
1606	98.0
1607	98.0
1608	98.0
1609	98.0
1610	98.0
1611	98.0
1612	98.0
1613	98.0
1614	98.0
1615	98.0
1616	98.0
1617	98.0
1618	98.0
1619	98.0
1620	98.0
1621	98.0
1622	98.0
1623	98.0
1624	98.0
1625	98.0
1626	98.0
1627	98.0
1628	98.0
1629	98.0
1630	98.0
1631	98.0
1632	98.0
1633	98.0
1634	98.0
1635	98.0
1636	98.0
1637	98.0
1638	98.0
1639	98.0
1640	98.0
1641	98.0
1642	98.0
1643	98.0
1644	98.0
1645	98.0
1646	98.0
1647	98.0
1648	98.0
1649	98.0
1650	98.0
1651	98.0
1652	98.0
1653	98.0
1654	98.0
1655	98.0
1656	98.0
1657	98.0
1658	98.0
1659	98.0
1660	98.0
1661	98.0
1662	98.0
1663	98.0
1664	98.0
1665	98.0
1666	98.0
1667	98.0
1668	98.0
1669	98.0
1670	98.0
1671	98.0
1672	98.0
1673	98.0
1674	98.0
1675	98.0
1676	98.0
1677	98.0
1678	98.0
1679	98.0
1680	98.0
1681	98.0
1682	98.0
1683	98.0
1684	98.0
1685	98.0
1686	98.0
1687	98.0
1688	98.0
1689	98.0
1690	98.0
1691	98.0
1692	98.0
1693	98.0
1694	98.0
1695	98.0
1696	98.0
1697	98.0
1698	98.0
1699	98.0
1700	98.0
1701	98.0
1702	98.0
1703	98.0
1704	98.0
1705	98.0
1706	98.0
1707	98.0
1708	98.0
1709	98.0
1710	98.0
1711	98.0
1712	98.0
1713	98.0
1714	98.0
1715	98.0
1716	98.0
1717	98.0
1718	98.0
1719	98.0
1720	98.0
1721	98.0
1722	98.0
1723	98.0
1724	98.0
1725	98.0
1726	98.0
1727	98.0
1728	98.0
1729	98.0
1730	98.0
1731	98.0
1732	98.0
1733	98.0
1734	98.0
1735	98.0
1736	98.0
1737	98.0
1738	98.0
1739	98.0
1740	98.0
1741	98.0
1742	98.0
1743	98.0
1744	98.0
1745	98.0
1746	98.0
1747	98.0
1748	98.0
1749	98.0
1750	98.0
1751	98.0
1752	98.0
1753	98.0
1754	98.0
1755	98.0
1756	98.0
1757	98.0
1758	98.0
1759	98.0
1760	98.0
1761	98.0
1762	98.0
1763	98.0
1764	98.0
1765	98.0
1766	98.0
1767	98.0
1768	98.0
1769	98.0
1770	98.0
1771	98.0
1772	98.0
1773	98.0
1774	98.0
1775	98.0
1776	98.0
1777	98.0
1778	98.0
1779	98.0
1780	98.0
1781	98.0
1782	98.0
1783	98.0
1784	98.0
1785	98.0
1786	98.0
1787	98.0
1788	98.0
1789	98.0
1790	98.0
1791	98.0
1792	98.0
1793	98.0
1794	98.0
1795	98.0
1796	98.0
1797	98.0
1798	98.0
1799	98.0
1800	98.0
1801	98.0
1802	98.0
1803	98.0
1804	98.0
1805	98.0
1806	98.0
1807	98.0
1808	98.0
1809	98.0
1810	98.0
1811	98.0
1812	98.0
1813	98.0
1814	98.0
1815	98.0
1816	98.0
1817	98.0
1818	98.0
1819	98.0
1820	98.0
1821	98.0
1822	98.0
1823	98.0
1824	98.0
1825	98.0
1826	98.0
1827	98.0
1828	98.0
1829	98.0
1830	98.0
1831	98.0
1832	98.0
1833	98.0
1834	98.0
1835	98.0
1836	98.0
1837	98.0
1838	98.0
1839	98.0
1840	98.0
1841	98.0
1842	98.0
1843	98.0
1844	98.0
1845	98.0
1846	98.0
1847	98.0
1848	98.0
1849	98.0
1850	98.0
1851	98.0
1852	98.0
1853	98.0
1854	98.0
1855	98.0
1856	98.0
1857	98.0
1858	98.0
1859	98.0
1860	98.0
1861	98.0
1862	98.0
1863	98.0
1864	98.0
1865	98.0
1866	98.0
1867	98.0
1868	98.0
1869	98.0
1870	98.0
1871	98.0
1872	98.0
1873	98.0
1874	98.0
1875	98.0
1876	98.0
1877	98.0
1878	98.0
1879	98.0
1880	98.0
1881	98.0
1882	98.0
1883	98.0
1884	98.0
1885	98.0
1886	98.0
1887	98.0
1888	98.0
1889	98.0
1890	98.0
1891	98.0
1892	98.0
1893	98.0
1894	98.0
1895	98.0
1896	98.0
1897	98.0
1898	98.0
1899	98.0
1900	98.0
1901	98.0
1902	98.0
1903	98.0
1904	98.0
1905	98.0
1906	98.0
1907	98.0
1908	98.0
1909	98.0
1910	98.0
1911	98.0
1912	98.0
1913	98.0
1914	98.0
1915	98.0
1916	98.0
1917	98.0
1918	98.0
1919	98.0
1920	98.0
1921	98.0
1922	98.0
1923	98.0
1924	98.0
1925	98.0
1926	98.0
1927	98.0
1928	98.0
1929	98.0
1930	98.0
1931	98.0
1932	98.0
1933	98.0
1934	98.0
1935	98.0
1936	98.0
1937	98.0
1938	98.0
1939	98.0
1940	98.0
1941	98.0
1942	98.0
1943	98.0
1944	98.0
1945	98.0
1946	98.0
1947	98.0
1948	98.0
1949	98.0
1950	98.0
1951	98.0
1952	98.0
1953	98.0
1954	98.0
1955	98.0
1956	98.0
1957	98.0
1958	98.0
1959	98.0
1960	98.0
1961	98.0
1962	98.0
1963	98.0
1964	98.0
1965	98.0
1966	98.0
1967	98.0
1968	98.0
1969	98.0
1970	98.0
1971	98.0
1972	98.0
1973	98.0
1974	98.0
1975	98.0
1976	98.0
1977	98.0
1978	98.0
1979	98.0
1980	98.0
1981	98.0
1982	98.0
1983	98.0
1984	98.0
1985	98.0
1986	98.0
1987	98.0
1988	98.0
1989	98.0
1990	98.0
1991	98.0
1992	98.0
1993	98.0
1994	98.0
1995	98.0
1996	98.0
1997	98.0
