0	84.0
1	84.0
2	84.0
3	84.0
4	84.0
5	84.0
6	84.0
7	84.0
8	84.0
9	84.0
10	84.0
11	84.0
12	84.0
13	84.0
14	84.0
15	84.0
16	84.0
17	84.0
18	84.0
19	84.0
20	84.0
21	84.0
22	84.0
23	84.0
24	84.0
25	84.0
26	84.0
27	84.0
28	84.0
29	84.0
30	84.0
31	84.0
32	84.0
33	84.0
34	84.0
35	84.0
36	84.0
37	84.0
38	84.0
39	84.0
40	84.0
41	84.0
42	84.0
43	84.0
44	84.0
45	84.0
46	84.0
47	84.0
48	84.0
49	84.0
50	84.0
51	84.0
52	84.0
53	84.0
54	84.0
55	84.0
56	84.0
57	84.0
58	84.0
59	84.0
60	84.0
61	84.0
62	84.0
63	84.0
64	84.0
65	84.0
66	84.0
67	84.0
68	84.0
69	84.0
70	84.0
71	84.0
72	84.0
73	84.0
74	84.0
75	84.0
76	84.0
77	84.0
78	84.0
79	84.0
80	84.0
81	84.0
82	84.0
83	84.0
84	84.0
85	84.0
86	84.0
87	84.0
88	84.0
89	84.0
90	84.0
91	84.0
92	84.0
93	84.0
94	84.0
95	84.0
96	84.0
97	84.0
98	84.0
99	84.0
100	84.0
101	84.0
102	84.0
103	84.0
104	84.0
105	84.0
106	84.0
107	84.0
108	84.0
109	84.0
110	84.0
111	84.0
112	84.0
113	84.0
114	84.0
115	84.0
116	84.0
117	84.0
118	84.0
119	84.0
120	84.0
121	84.0
122	84.0
123	84.0
124	84.0
125	84.0
126	84.0
127	84.0
128	84.0
129	84.0
130	84.0
131	84.0
132	84.0
133	84.0
134	84.0
135	84.0
136	84.0
137	84.0
138	84.0
139	84.0
140	84.0
141	84.0
142	84.0
143	84.0
144	84.0
145	84.0
146	84.0
147	84.0
148	84.0
149	84.0
150	84.0
151	84.0
152	84.0
153	84.0
154	84.0
155	84.0
156	84.0
157	84.0
158	84.0
159	84.0
160	84.0
161	84.0
162	84.0
163	84.0
164	84.0
165	84.0
166	84.0
167	84.0
168	84.0
169	84.0
170	84.0
171	84.0
172	84.0
173	84.0
174	84.0
175	84.0
176	84.0
177	84.0
178	84.0
179	84.0
180	84.0
181	84.0
182	84.0
183	84.0
184	84.0
185	84.0
186	84.0
187	84.0
188	84.0
189	84.0
190	84.0
191	84.0
192	84.0
193	84.0
194	84.0
195	84.0
196	84.0
197	84.0
198	84.0
199	84.0
200	84.0
201	84.0
202	84.0
203	84.0
204	84.0
205	84.0
206	84.0
207	84.0
208	84.0
209	84.0
210	84.0
211	84.0
212	84.0
213	84.0
214	84.0
215	84.0
216	84.0
217	84.0
218	84.0
219	84.0
220	84.0
221	84.0
222	84.0
223	84.0
224	84.0
225	84.0
226	84.0
227	84.0
228	84.0
229	84.0
230	84.0
231	84.0
232	84.0
233	84.0
234	84.0
235	84.0
236	84.0
237	84.0
238	84.0
239	84.0
240	84.0
241	84.0
242	84.0
243	84.0
244	84.0
245	84.0
246	84.0
247	84.0
248	84.0
249	84.0
250	84.0
251	84.0
252	84.0
253	84.0
254	84.0
255	84.0
256	84.0
257	84.0
258	84.0
259	84.0
260	84.0
261	84.0
262	84.0
263	84.0
264	84.0
265	84.0
266	84.0
267	84.0
268	84.0
269	84.0
270	84.0
271	84.0
272	84.0
273	84.0
274	84.0
275	84.0
276	84.0
277	84.0
278	84.0
279	84.0
280	84.0
281	84.0
282	84.0
283	84.0
284	84.0
285	84.0
286	84.0
287	84.0
288	84.0
289	84.0
290	84.0
291	84.0
292	84.0
293	84.0
294	84.0
295	84.0
296	84.0
297	84.0
298	84.0
299	84.0
300	84.0
301	84.0
302	84.0
303	84.0
304	84.0
305	84.0
306	84.0
307	84.0
308	84.0
309	84.0
310	84.0
311	84.0
312	84.0
313	84.0
314	84.0
315	84.0
316	84.0
317	84.0
318	84.0
319	84.0
320	84.0
321	84.0
322	84.0
323	84.0
324	84.0
325	84.0
326	84.0
327	84.0
328	84.0
329	84.0
330	84.0
331	84.0
332	84.0
333	84.0
334	84.0
335	84.0
336	84.0
337	84.0
338	84.0
339	84.0
340	84.0
341	84.0
342	84.0
343	84.0
344	84.0
345	84.0
346	84.0
347	84.0
348	84.0
349	84.0
350	84.0
351	84.0
352	84.0
353	84.0
354	84.0
355	84.0
356	84.0
357	84.0
358	84.0
359	84.0
360	84.0
361	84.0
362	84.0
363	84.0
364	84.0
365	84.0
366	84.0
367	84.0
368	84.0
369	84.0
370	84.0
371	84.0
372	84.0
373	84.0
374	84.0
375	84.0
376	84.0
377	84.0
378	84.0
379	84.0
380	84.0
381	84.0
382	84.0
383	84.0
384	84.0
385	84.0
386	84.0
387	84.0
388	84.0
389	84.0
390	84.0
391	84.0
392	84.0
393	84.0
394	84.0
395	84.0
396	84.0
397	84.0
398	84.0
399	84.0
400	84.0
401	84.0
402	84.0
403	84.0
404	84.0
405	84.0
406	84.0
407	84.0
408	84.0
409	84.0
410	84.0
411	84.0
412	84.0
413	84.0
414	84.0
415	84.0
416	84.0
417	84.0
418	84.0
419	84.0
420	84.0
421	84.0
422	84.0
423	84.0
424	84.0
425	84.0
426	84.0
427	84.0
428	84.0
429	84.0
430	84.0
431	84.0
432	84.0
433	84.0
434	84.0
435	84.0
436	84.0
437	84.0
438	84.0
439	84.0
440	84.0
441	84.0
442	84.0
443	84.0
444	84.0
445	84.0
446	84.0
447	84.0
448	84.0
449	84.0
450	84.0
451	84.0
452	84.0
453	84.0
454	84.0
455	84.0
456	84.0
457	84.0
458	84.0
459	84.0
460	84.0
461	84.0
462	84.0
463	84.0
464	84.0
465	84.0
466	84.0
467	84.0
468	84.0
469	84.0
470	84.0
471	84.0
472	84.0
473	84.0
474	84.0
475	84.0
476	84.0
477	84.0
478	84.0
479	84.0
480	84.0
481	84.0
482	84.0
483	84.0
484	84.0
485	84.0
486	84.0
487	84.0
488	84.0
489	84.0
490	84.0
491	84.0
492	84.0
493	84.0
494	84.0
495	84.0
496	84.0
497	84.0
498	84.0
499	84.0
500	84.0
501	84.0
502	84.0
503	84.0
504	84.0
505	84.0
506	84.0
507	84.0
508	84.0
509	84.0
510	84.0
511	84.0
512	84.0
513	84.0
514	84.0
515	84.0
516	84.0
517	84.0
518	84.0
519	84.0
520	84.0
521	84.0
522	84.0
523	84.0
524	84.0
525	84.0
526	84.0
527	84.0
528	84.0
529	84.0
530	84.0
531	84.0
532	84.0
533	84.0
534	84.0
535	84.0
536	84.0
537	84.0
538	84.0
539	84.0
540	84.0
541	84.0
542	84.0
543	84.0
544	84.0
545	84.0
546	84.0
547	84.0
548	84.0
549	84.0
550	84.0
551	84.0
552	84.0
553	84.0
554	84.0
555	84.0
556	84.0
557	84.0
558	84.0
559	84.0
560	84.0
561	84.0
562	84.0
563	84.0
564	84.0
565	84.0
566	84.0
567	84.0
568	84.0
569	84.0
570	84.0
571	84.0
572	84.0
573	84.0
574	84.0
575	84.0
576	84.0
577	84.0
578	84.0
579	84.0
580	84.0
581	84.0
582	84.0
583	84.0
584	84.0
585	84.0
586	84.0
587	84.0
588	84.0
589	84.0
590	84.0
591	84.0
592	84.0
593	84.0
594	84.0
595	84.0
596	84.0
597	84.0
598	84.0
599	84.0
600	84.0
601	84.0
602	84.0
603	84.0
604	84.0
605	84.0
606	84.0
607	84.0
608	84.0
609	84.0
610	84.0
611	84.0
612	84.0
613	84.0
614	84.0
615	84.0
616	84.0
617	84.0
618	84.0
619	84.0
620	84.0
621	84.0
622	84.0
623	84.0
624	84.0
625	84.0
626	84.0
627	84.0
628	84.0
629	84.0
630	84.0
631	84.0
632	84.0
633	84.0
634	84.0
635	84.0
636	84.0
637	84.0
638	84.0
639	84.0
640	84.0
641	84.0
642	84.0
643	84.0
644	84.0
645	84.0
646	84.0
647	84.0
648	84.0
649	84.0
650	84.0
651	84.0
652	84.0
653	84.0
654	84.0
655	84.0
656	84.0
657	84.0
658	84.0
659	84.0
660	84.0
661	84.0
662	84.0
663	84.0
664	84.0
665	84.0
666	84.0
667	84.0
668	84.0
669	84.0
670	84.0
671	84.0
672	84.0
673	84.0
674	84.0
675	84.0
676	84.0
677	84.0
678	84.0
679	84.0
680	84.0
681	84.0
682	84.0
683	84.0
684	84.0
685	84.0
686	84.0
687	84.0
688	84.0
689	84.0
690	84.0
691	84.0
692	84.0
693	84.0
694	84.0
695	84.0
696	84.0
697	84.0
698	84.0
699	84.0
700	84.0
701	84.0
702	84.0
703	84.0
704	84.0
705	84.0
706	84.0
707	84.0
708	84.0
709	84.0
710	84.0
711	84.0
712	84.0
713	84.0
714	84.0
715	84.0
716	84.0
717	84.0
718	84.0
719	84.0
720	84.0
721	84.0
722	84.0
723	84.0
724	84.0
725	84.0
726	84.0
727	84.0
728	84.0
729	84.0
730	84.0
731	84.0
732	84.0
733	84.0
734	84.0
735	84.0
736	84.0
737	84.0
738	84.0
739	84.0
740	84.0
741	84.0
742	84.0
743	84.0
744	84.0
745	84.0
746	84.0
747	84.0
748	84.0
749	84.0
750	84.0
751	84.0
752	84.0
753	84.0
754	84.0
755	84.0
756	84.0
757	84.0
758	84.0
759	84.0
760	84.0
761	84.0
762	84.0
763	84.0
764	84.0
765	84.0
766	84.0
767	84.0
768	84.0
769	84.0
770	84.0
771	84.0
772	84.0
773	84.0
774	84.0
775	84.0
776	84.0
777	84.0
778	84.0
779	84.0
780	84.0
781	84.0
782	84.0
783	84.0
784	84.0
785	84.0
786	84.0
787	84.0
788	84.0
789	84.0
790	84.0
791	84.0
792	84.0
793	84.0
794	84.0
795	84.0
796	84.0
797	84.0
798	84.0
799	84.0
800	84.0
801	84.0
802	84.0
803	84.0
804	84.0
805	84.0
806	84.0
807	84.0
808	84.0
809	84.0
810	84.0
811	84.0
812	84.0
813	84.0
814	84.0
815	84.0
816	84.0
817	84.0
818	84.0
819	84.0
820	84.0
821	84.0
822	84.0
823	84.0
824	84.0
825	84.0
826	84.0
827	84.0
828	84.0
829	84.0
830	84.0
831	84.0
832	84.0
833	84.0
834	84.0
835	84.0
836	84.0
837	84.0
838	84.0
839	84.0
840	84.0
841	84.0
842	84.0
843	84.0
844	84.0
845	84.0
846	84.0
847	84.0
848	84.0
849	84.0
850	84.0
851	84.0
852	84.0
853	84.0
854	84.0
855	84.0
856	84.0
857	84.0
858	84.0
859	84.0
860	84.0
861	84.0
862	84.0
863	84.0
864	84.0
865	84.0
866	84.0
867	84.0
868	84.0
869	84.0
870	84.0
871	84.0
872	84.0
873	84.0
874	84.0
875	84.0
876	84.0
877	84.0
878	84.0
879	84.0
880	84.0
881	84.0
882	84.0
883	84.0
884	84.0
885	84.0
886	84.0
887	84.0
888	84.0
889	84.0
890	84.0
891	84.0
892	84.0
893	84.0
894	84.0
895	84.0
896	84.0
897	84.0
898	84.0
899	84.0
900	84.0
901	84.0
902	84.0
903	84.0
904	84.0
905	84.0
906	84.0
907	84.0
908	84.0
909	84.0
910	84.0
911	84.0
912	84.0
913	84.0
914	84.0
915	84.0
916	84.0
917	84.0
918	84.0
919	84.0
920	84.0
921	84.0
922	84.0
923	84.0
924	84.0
925	84.0
926	84.0
927	84.0
928	84.0
929	84.0
930	84.0
931	84.0
932	84.0
933	84.0
934	84.0
935	84.0
936	84.0
937	84.0
938	84.0
939	84.0
940	84.0
941	84.0
942	84.0
943	84.0
944	84.0
945	84.0
946	84.0
947	84.0
948	84.0
949	84.0
950	84.0
951	84.0
952	84.0
953	84.0
954	84.0
955	84.0
956	84.0
957	84.0
958	84.0
959	84.0
960	84.0
961	84.0
962	84.0
963	84.0
964	84.0
965	84.0
966	84.0
967	84.0
968	84.0
969	84.0
970	84.0
971	84.0
972	84.0
973	84.0
974	84.0
975	84.0
976	84.0
977	84.0
978	84.0
979	84.0
980	84.0
981	84.0
982	84.0
983	84.0
984	84.0
985	84.0
986	84.0
987	84.0
988	84.0
989	84.0
990	84.0
991	84.0
992	84.0
993	84.0
994	84.0
995	84.0
996	84.0
997	84.0
998	84.0
999	84.0
