0	30.69
1	30.69
2	30.69
3	30.69
4	30.69
5	30.69
6	30.69
7	30.69
8	30.69
9	30.69
10	30.69
11	30.69
12	30.69
13	30.69
14	30.69
15	30.69
16	30.69
17	30.69
18	30.69
19	30.69
20	30.69
21	30.69
22	30.69
23	30.69
24	30.69
25	30.69
26	30.69
27	30.69
28	30.69
29	30.69
30	30.69
31	30.69
32	30.69
33	30.69
34	30.69
35	30.69
36	30.69
37	30.69
38	30.69
39	30.69
40	30.69
41	30.69
42	30.69
43	30.69
44	30.69
45	30.69
46	30.69
47	30.69
48	30.69
49	30.69
50	30.69
51	30.69
52	30.69
53	30.69
54	30.69
55	30.69
56	30.69
57	30.69
58	30.69
59	30.69
60	30.69
61	30.69
62	30.69
63	30.69
64	30.69
65	30.69
66	30.69
67	30.69
68	30.69
69	30.69
70	30.69
71	30.69
72	30.69
73	30.69
74	30.69
75	30.69
76	30.69
77	30.69
78	30.69
79	30.69
80	30.69
81	30.69
82	30.69
83	30.69
84	30.69
85	30.69
86	30.69
87	30.69
88	30.69
89	30.69
90	30.69
91	30.69
92	30.69
93	30.69
94	30.69
95	30.69
96	30.69
97	30.69
98	30.69
99	30.69
100	30.69
101	30.69
102	30.69
103	30.69
104	30.69
105	30.69
106	30.69
107	30.69
108	30.69
109	30.69
110	30.69
111	30.69
112	30.69
113	30.69
114	30.69
115	30.69
116	30.69
117	30.69
118	30.69
119	30.69
120	30.69
121	30.69
122	30.69
123	30.69
124	30.69
125	30.69
126	30.69
127	30.69
128	30.69
129	30.69
130	30.69
131	30.69
132	30.69
133	30.69
134	30.69
135	30.69
136	30.69
137	30.69
138	30.69
139	30.69
140	30.69
141	30.69
142	30.69
143	30.69
144	30.69
145	30.69
146	30.69
147	30.69
148	30.69
149	30.69
150	30.69
151	30.69
152	30.69
153	30.69
154	30.69
155	30.69
156	30.69
157	30.69
158	30.69
159	30.69
160	30.69
161	30.69
162	30.69
163	30.69
164	30.69
165	30.69
166	30.69
167	30.69
168	30.69
169	30.69
170	30.69
171	30.69
172	30.69
173	30.69
174	30.69
175	30.69
176	30.69
177	30.69
178	30.69
179	30.69
180	30.69
181	30.69
182	30.69
183	30.69
184	30.69
185	30.69
186	30.69
187	30.69
188	30.69
189	30.69
190	30.69
191	30.69
192	30.69
193	30.69
194	30.69
195	30.69
196	30.69
197	30.69
198	30.69
199	30.69
200	30.69
201	30.69
202	30.69
203	30.69
204	30.69
205	30.69
206	30.69
207	30.69
208	30.69
209	30.69
210	30.69
211	30.69
212	30.69
213	30.69
214	30.69
215	30.69
216	30.69
217	30.69
218	30.69
219	30.69
220	30.69
221	30.69
222	30.69
223	30.69
224	30.69
225	30.69
226	30.69
227	30.69
228	30.69
229	30.69
230	30.69
231	30.69
232	30.69
233	30.69
234	30.69
235	30.69
236	30.69
237	30.69
238	30.69
239	30.69
240	30.69
241	30.69
242	30.69
243	30.69
244	30.69
245	30.69
246	30.69
247	30.69
248	30.69
249	30.69
250	30.69
251	30.69
252	30.69
253	30.69
254	30.69
255	30.69
256	30.69
257	30.69
258	30.69
259	30.69
260	30.69
261	30.69
262	30.69
263	30.69
264	30.69
265	30.69
266	30.69
267	30.69
268	30.69
269	30.69
270	30.69
271	30.69
272	30.69
273	30.69
274	30.69
275	30.69
276	30.69
277	30.69
278	30.69
279	30.69
280	30.69
281	30.69
282	30.69
283	30.69
284	30.69
285	30.69
286	30.69
287	30.69
288	30.69
289	30.69
290	30.69
291	30.69
292	30.69
293	30.69
294	30.69
295	30.69
296	30.69
297	30.69
298	30.69
299	30.69
300	30.69
301	30.69
302	30.69
303	30.69
304	30.69
305	30.69
306	30.69
307	30.69
308	30.69
309	30.69
310	30.69
311	30.69
312	30.69
313	30.69
314	30.69
315	30.69
316	30.69
317	30.69
318	30.69
319	30.69
320	30.69
321	30.69
322	30.69
323	30.69
324	30.69
325	30.69
326	30.69
327	30.69
328	30.69
329	30.69
330	30.69
331	30.69
332	30.69
333	30.69
334	30.69
335	30.69
336	30.69
337	30.69
338	30.69
339	30.69
340	30.69
341	30.69
342	30.69
343	30.69
344	30.69
345	30.69
346	30.69
347	30.69
348	30.69
349	30.69
350	30.69
351	30.69
352	30.69
353	30.69
354	30.69
355	30.69
356	30.69
357	30.69
358	30.69
359	30.69
360	30.69
361	30.69
362	30.69
363	30.69
364	30.69
365	30.69
366	30.69
367	30.69
368	30.69
369	30.69
370	30.69
371	30.69
372	30.69
373	30.69
374	30.69
375	30.69
376	30.69
377	30.69
378	30.69
379	30.69
380	30.69
381	30.69
382	30.69
383	30.69
384	30.69
385	30.69
386	30.69
387	30.69
388	30.69
389	30.69
390	30.69
391	30.69
392	30.69
393	30.69
394	30.69
395	30.69
396	30.69
397	30.69
398	30.69
399	30.69
400	30.69
401	30.69
402	30.69
403	30.69
404	30.69
405	30.69
406	30.69
407	30.69
408	30.69
409	30.69
410	30.69
411	30.69
412	30.69
413	30.69
414	30.69
415	30.69
416	30.69
417	30.69
418	30.69
419	30.69
420	30.69
421	30.69
422	30.69
423	30.69
424	30.69
425	30.69
426	30.69
427	30.69
428	30.69
429	30.69
430	30.69
431	30.69
432	30.69
433	30.69
434	30.69
435	30.69
436	30.69
437	30.69
438	30.69
439	30.69
440	30.69
441	30.69
442	30.69
443	30.69
444	30.69
445	30.69
446	30.69
447	30.69
448	30.69
449	30.69
450	30.69
451	30.69
452	30.69
453	30.69
454	30.69
455	30.69
456	30.69
457	30.69
458	30.69
459	30.69
460	30.69
461	30.69
462	30.69
463	30.69
464	30.69
465	30.69
466	30.69
467	30.69
468	30.69
469	30.69
470	30.69
471	30.69
472	30.69
473	30.69
474	30.69
475	30.69
476	30.69
477	30.69
478	30.69
479	30.69
480	30.69
481	30.69
482	30.69
483	30.69
484	30.69
485	30.69
486	30.69
487	30.69
488	30.69
489	30.69
490	30.69
491	30.69
492	30.69
493	30.69
494	30.69
495	30.69
496	30.69
497	30.69
498	30.69
499	30.69
500	30.69
501	30.69
502	30.69
503	30.69
504	30.69
505	30.69
506	30.69
507	30.69
508	30.69
509	30.69
510	30.69
511	30.69
512	30.69
513	30.69
514	30.69
515	30.69
516	30.69
517	30.69
518	30.69
519	30.69
520	30.69
521	30.69
522	30.69
523	30.69
524	30.69
525	30.69
526	30.69
527	30.69
528	30.69
529	30.69
530	30.69
531	30.69
532	30.69
533	30.69
534	30.69
535	30.69
536	30.69
537	30.69
538	30.69
539	30.69
540	30.69
541	30.69
542	30.69
543	30.69
544	30.69
545	30.69
546	30.69
547	30.69
548	30.69
549	30.69
550	30.69
551	30.69
552	30.69
553	30.69
554	30.69
555	30.69
556	30.69
557	30.69
558	30.69
559	30.69
560	30.69
561	30.69
562	30.69
563	30.69
564	30.69
565	30.69
566	30.69
567	30.69
568	30.69
569	30.69
570	30.69
571	30.69
572	30.69
573	30.69
574	30.69
575	30.69
576	30.69
577	30.69
578	30.69
579	30.69
580	30.69
581	30.69
582	30.69
583	30.69
584	30.69
585	30.69
586	30.69
587	30.69
588	30.69
589	30.69
590	30.69
591	30.69
592	30.69
593	30.69
594	30.69
595	30.69
596	30.69
597	30.69
598	30.69
599	30.69
600	30.69
601	30.69
602	30.69
603	30.69
604	30.69
605	30.69
606	30.69
607	30.69
608	30.69
609	30.69
610	30.69
611	30.69
612	30.69
613	30.69
614	30.69
615	30.69
616	30.69
617	30.69
618	30.69
619	30.69
620	30.69
621	30.69
622	30.69
623	30.69
624	30.69
625	30.69
626	30.69
627	30.69
628	30.69
629	30.69
630	30.69
631	30.69
632	30.69
633	30.69
634	30.69
635	30.69
636	30.69
637	30.69
638	30.69
639	30.69
640	30.69
641	30.69
642	30.69
643	30.69
644	30.69
645	30.69
646	30.69
647	30.69
648	30.69
649	30.69
650	30.69
651	30.69
652	30.69
653	30.69
654	30.69
655	30.69
656	30.69
657	30.69
658	30.69
659	30.69
660	30.69
661	30.69
662	30.69
663	30.69
664	30.69
665	30.69
666	30.69
667	30.69
668	30.69
669	30.69
670	30.69
671	30.69
672	30.69
673	30.69
674	30.69
675	30.69
676	30.69
677	30.69
678	30.69
679	30.69
680	30.69
681	30.69
682	30.69
683	30.69
684	30.69
685	30.69
686	30.69
687	30.69
688	30.69
689	30.69
690	30.69
691	30.69
692	30.69
693	30.69
694	30.69
695	30.69
696	30.69
697	30.69
698	30.69
699	30.69
700	30.69
701	30.69
702	30.69
703	30.69
704	30.69
705	30.69
706	30.69
707	30.69
708	30.69
709	30.69
710	30.69
711	30.69
712	30.69
713	30.69
714	30.69
715	30.69
716	30.69
717	30.69
718	30.69
719	30.69
720	30.69
721	30.69
722	30.69
723	30.69
724	30.69
725	30.69
726	30.69
727	30.69
728	30.69
729	30.69
730	30.69
731	30.69
732	30.69
733	30.69
734	30.69
735	30.69
736	30.69
737	30.69
738	30.69
739	30.69
740	30.69
741	30.69
742	30.69
743	30.69
744	30.69
745	30.69
746	30.69
747	30.69
748	30.69
749	30.69
750	30.69
751	30.69
752	30.69
753	30.69
754	30.69
755	30.69
756	30.69
757	30.69
758	30.69
759	30.69
760	30.69
761	30.69
762	30.69
763	30.69
764	30.69
765	30.69
766	30.69
767	30.69
768	30.69
769	30.69
770	30.69
771	30.69
772	30.69
773	30.69
774	30.69
775	30.69
776	30.69
777	30.69
778	30.69
779	30.69
780	30.69
781	30.69
782	30.69
783	30.69
784	30.69
785	30.69
786	30.69
787	30.69
788	30.69
789	30.69
790	30.69
791	30.69
792	30.69
793	30.69
794	30.69
795	30.69
796	30.69
797	30.69
798	30.69
799	30.69
800	30.69
801	30.69
802	30.69
803	30.69
804	30.69
805	30.69
806	30.69
807	30.69
808	30.69
809	30.69
810	30.69
811	30.69
812	30.69
813	30.69
814	30.69
815	30.69
816	30.69
817	30.69
818	30.69
819	30.69
820	30.69
821	30.69
822	30.69
823	30.69
824	30.69
825	30.69
826	30.69
827	30.69
828	30.69
829	30.69
830	30.69
831	30.69
832	30.69
833	30.69
834	30.69
835	30.69
836	30.69
837	30.69
838	30.69
839	30.69
840	30.69
841	30.69
842	30.69
843	30.69
844	30.69
845	30.69
846	30.69
847	30.69
848	30.69
849	30.69
850	30.69
851	30.69
852	30.69
853	30.69
854	30.69
855	30.69
856	30.69
857	30.69
858	30.69
859	30.69
860	30.69
861	30.69
862	30.69
863	30.69
864	30.69
865	30.69
866	30.69
867	30.69
868	30.69
869	30.69
870	30.69
871	30.69
872	30.69
873	30.69
874	30.69
875	30.69
876	30.69
877	30.69
878	30.69
879	30.69
880	30.69
881	30.69
882	30.69
883	30.69
884	30.69
885	30.69
886	30.69
887	30.69
888	30.69
889	30.69
890	30.69
891	30.69
892	30.69
893	30.69
894	30.69
895	30.69
896	30.69
897	30.69
898	30.69
899	30.69
900	30.69
901	30.69
902	30.69
903	30.69
904	30.69
905	30.69
906	30.69
907	30.69
908	30.69
909	30.69
910	30.69
911	30.69
912	30.69
913	30.69
914	30.69
915	30.69
916	30.69
917	30.69
918	30.69
919	30.69
920	30.69
921	30.69
922	30.69
923	30.69
924	30.69
925	30.69
926	30.69
927	30.69
928	30.69
929	30.69
930	30.69
931	30.69
932	30.69
933	30.69
934	30.69
935	30.69
936	30.69
937	30.69
938	30.69
939	30.69
940	30.69
941	30.69
942	30.69
943	30.69
944	30.69
945	30.69
946	30.69
947	30.69
948	30.69
949	30.69
950	30.69
951	30.69
952	30.69
953	30.69
954	30.69
955	30.69
956	30.69
957	30.69
958	30.69
959	30.69
960	30.69
961	30.69
962	30.69
963	30.69
964	30.69
965	30.69
966	30.69
967	30.69
968	30.69
969	30.69
970	30.69
971	30.69
972	30.69
973	30.69
974	30.69
975	30.69
976	30.69
977	30.69
978	30.69
979	30.69
980	30.69
981	30.69
982	30.69
983	30.69
984	30.69
985	30.69
986	30.69
987	30.69
988	30.69
989	30.69
990	30.69
991	30.69
992	30.69
993	30.69
994	30.69
995	30.69
996	30.69
997	30.69
998	30.69
999	30.69
