0	58.64
1	58.64
2	58.64
3	58.64
4	58.64
5	58.64
6	58.64
7	58.64
8	58.64
9	58.64
10	58.64
11	58.64
12	58.64
13	58.64
14	58.64
15	58.64
16	58.64
17	58.64
18	58.64
19	58.64
20	58.64
21	58.64
22	58.64
23	58.64
24	58.64
25	58.64
26	58.64
27	58.64
28	58.64
29	58.64
30	58.64
31	58.64
32	58.64
33	58.64
34	58.64
35	58.64
36	58.64
37	58.64
38	58.64
39	58.64
40	58.64
41	58.64
42	58.64
43	58.64
44	58.64
45	58.64
46	58.64
47	58.64
48	58.64
49	58.64
50	58.64
51	58.64
52	58.64
53	58.64
54	58.64
55	58.64
56	58.64
57	58.64
58	58.64
59	58.64
60	58.64
61	58.64
62	58.64
63	58.64
64	58.64
65	58.64
66	58.64
67	58.64
68	58.64
69	58.64
70	58.64
71	58.64
72	58.64
73	58.64
74	58.64
75	58.64
76	58.64
77	58.64
78	58.64
79	58.64
80	58.64
81	58.64
82	58.64
83	58.64
84	58.64
85	58.64
86	58.64
87	58.64
88	58.64
89	58.64
90	58.64
91	58.64
92	58.64
93	58.64
94	58.64
95	58.64
96	58.64
97	58.64
98	58.64
99	58.64
100	58.64
101	58.64
102	58.64
103	58.64
104	58.64
105	58.64
106	58.64
107	58.64
108	58.64
109	58.64
110	58.64
111	58.64
112	58.64
113	58.64
114	58.64
115	58.64
116	58.64
117	58.64
118	58.64
119	58.64
120	58.64
121	58.64
122	58.64
123	58.64
124	58.64
125	58.64
126	58.64
127	58.64
128	58.64
129	58.64
130	58.64
131	58.64
132	58.64
133	58.64
134	58.64
135	58.64
136	58.64
137	58.64
138	58.64
139	58.64
140	58.64
141	58.64
142	58.64
143	58.64
144	58.64
145	58.64
146	58.64
147	58.64
148	58.64
149	58.64
150	58.64
151	58.64
152	58.64
153	58.64
154	58.64
155	58.64
156	58.64
157	58.64
158	58.64
159	58.64
160	58.64
161	58.64
162	58.64
163	58.64
164	58.64
165	58.64
166	58.64
167	58.64
168	58.64
169	58.64
170	58.64
171	58.64
172	58.64
173	58.64
174	58.64
175	58.64
176	58.64
177	58.64
178	58.64
179	58.64
180	58.64
181	58.64
182	58.64
183	58.64
184	58.64
185	58.64
186	58.64
187	58.64
188	58.64
189	58.64
190	58.64
191	58.64
192	58.64
193	58.64
194	58.64
195	58.64
196	58.64
197	58.64
198	58.64
199	58.64
200	58.64
201	58.64
202	58.64
203	58.64
204	58.64
205	58.64
206	58.64
207	58.64
208	58.64
209	58.64
210	58.64
211	58.64
212	58.64
213	58.64
214	58.64
215	58.64
216	58.64
217	58.64
218	58.64
219	58.64
220	58.64
221	58.64
222	58.64
223	58.64
224	58.64
225	58.64
226	58.64
227	58.64
228	58.64
229	58.64
230	58.64
231	58.64
232	58.64
233	58.64
234	58.64
235	58.64
236	58.64
237	58.64
238	58.64
239	58.64
240	58.64
241	58.64
242	58.64
243	58.64
244	58.64
245	58.64
246	58.64
247	58.64
248	58.64
249	58.64
250	58.64
251	58.64
252	58.64
253	58.64
254	58.64
255	58.64
256	58.64
257	58.64
258	58.64
259	58.64
260	58.64
261	58.64
262	58.64
263	58.64
264	58.64
265	58.64
266	58.64
267	58.64
268	58.64
269	58.64
270	58.64
271	58.64
272	58.64
273	58.64
274	58.64
275	58.64
276	58.64
277	58.64
278	58.64
279	58.64
280	58.64
281	58.64
282	58.64
283	58.64
284	58.64
285	58.64
286	58.64
287	58.64
288	58.64
289	58.64
290	58.64
291	58.64
292	58.64
293	58.64
294	58.64
295	58.64
296	58.64
297	58.64
298	58.64
299	58.64
300	58.64
301	58.64
302	58.64
303	58.64
304	58.64
305	58.64
306	58.64
307	58.64
308	58.64
309	58.64
310	58.64
311	58.64
312	58.64
313	58.64
314	58.64
315	58.64
316	58.64
317	58.64
318	58.64
319	58.64
320	58.64
321	58.64
322	58.64
323	58.64
324	58.64
325	58.64
326	58.64
327	58.64
328	58.64
329	58.64
330	58.64
331	58.64
332	58.64
333	58.64
334	58.64
335	58.64
336	58.64
337	58.64
338	58.64
339	58.64
340	58.64
341	58.64
342	58.64
343	58.64
344	58.64
345	58.64
346	58.64
347	58.64
348	58.64
349	58.64
350	58.64
351	58.64
352	58.64
353	58.64
354	58.64
355	58.64
356	58.64
357	58.64
358	58.64
359	58.64
360	58.64
361	58.64
362	58.64
363	58.64
364	58.64
365	58.64
366	58.64
367	58.64
368	58.64
369	58.64
370	58.64
371	58.64
372	58.64
373	58.64
374	58.64
375	58.64
376	58.64
377	58.64
378	58.64
379	58.64
380	58.64
381	58.64
382	58.64
383	58.64
384	58.64
385	58.64
386	58.64
387	58.64
388	58.64
389	58.64
390	58.64
391	58.64
392	58.64
393	58.64
394	58.64
395	58.64
396	58.64
397	58.64
398	58.64
399	58.64
400	58.64
401	58.64
402	58.64
403	58.64
404	58.64
405	58.64
406	58.64
407	58.64
408	58.64
409	58.64
410	58.64
411	58.64
412	58.64
413	58.64
414	58.64
415	58.64
416	58.64
417	58.64
418	58.64
419	58.64
420	58.64
421	58.64
422	58.64
423	58.64
424	58.64
425	58.64
426	58.64
427	58.64
428	58.64
429	58.64
430	58.64
431	58.64
432	58.64
433	58.64
434	58.64
435	58.64
436	58.64
437	58.64
438	58.64
439	58.64
440	58.64
441	58.64
442	58.64
443	58.64
444	58.64
445	58.64
446	58.64
447	58.64
448	58.64
449	58.64
450	58.64
451	58.64
452	58.64
453	58.64
454	58.64
455	58.64
456	58.64
457	58.64
458	58.64
459	58.64
460	58.64
461	58.64
462	58.64
463	58.64
464	58.64
465	58.64
466	58.64
467	58.64
468	58.64
469	58.64
470	58.64
471	58.64
472	58.64
473	58.64
474	58.64
475	58.64
476	58.64
477	58.64
478	58.64
479	58.64
480	58.64
481	58.64
482	58.64
483	58.64
484	58.64
485	58.64
486	58.64
487	58.64
488	58.64
489	58.64
490	58.64
491	58.64
492	58.64
493	58.64
494	58.64
495	58.64
496	58.64
497	58.64
498	58.64
499	58.64
500	58.64
501	58.64
502	58.64
503	58.64
504	58.64
505	58.64
506	58.64
507	58.64
508	58.64
509	58.64
510	58.64
511	58.64
512	58.64
513	58.64
514	58.64
515	58.64
516	58.64
517	58.64
518	58.64
519	58.64
520	58.64
521	58.64
522	58.64
523	58.64
524	58.64
525	58.64
526	58.64
527	58.64
528	58.64
529	58.64
530	58.64
531	58.64
532	58.64
533	58.64
534	58.64
535	58.64
536	58.64
537	58.64
538	58.64
539	58.64
540	58.64
541	58.64
542	58.64
543	58.64
544	58.64
545	58.64
546	58.64
547	58.64
548	58.64
549	58.64
550	58.64
551	58.64
552	58.64
553	58.64
554	58.64
555	58.64
556	58.64
557	58.64
558	58.64
559	58.64
560	58.64
561	58.64
562	58.64
563	58.64
564	58.64
565	58.64
566	58.64
567	58.64
568	58.64
569	58.64
570	58.64
571	58.64
572	58.64
573	58.64
574	58.64
575	58.64
576	58.64
577	58.64
578	58.64
579	58.64
580	58.64
581	58.64
582	58.64
583	58.64
584	58.64
585	58.64
586	58.64
587	58.64
588	58.64
589	58.64
590	58.64
591	58.64
592	58.64
593	58.64
594	58.64
595	58.64
596	58.64
597	58.64
598	58.64
599	58.64
600	58.64
601	58.64
602	58.64
603	58.64
604	58.64
605	58.64
606	58.64
607	58.64
608	58.64
609	58.64
610	58.64
611	58.64
612	58.64
613	58.64
614	58.64
615	58.64
616	58.64
617	58.64
618	58.64
619	58.64
620	58.64
621	58.64
622	58.64
623	58.64
624	58.64
625	58.64
626	58.64
627	58.64
628	58.64
629	58.64
630	58.64
631	58.64
632	58.64
633	58.64
634	58.64
635	58.64
636	58.64
637	58.64
638	58.64
639	58.64
640	58.64
641	58.64
642	58.64
643	58.64
644	58.64
645	58.64
646	58.64
647	58.64
648	58.64
649	58.64
650	58.64
651	58.64
652	58.64
653	58.64
654	58.64
655	58.64
656	58.64
657	58.64
658	58.64
659	58.64
660	58.64
661	58.64
662	58.64
663	58.64
664	58.64
665	58.64
666	58.64
667	58.64
668	58.64
669	58.64
670	58.64
671	58.64
672	58.64
673	58.64
674	58.64
675	58.64
676	58.64
677	58.64
678	58.64
679	58.64
680	58.64
681	58.64
682	58.64
683	58.64
684	58.64
685	58.64
686	58.64
687	58.64
688	58.64
689	58.64
690	58.64
691	58.64
692	58.64
693	58.64
694	58.64
695	58.64
696	58.64
697	58.64
698	58.64
699	58.64
700	58.64
701	58.64
702	58.64
703	58.64
704	58.64
705	58.64
706	58.64
707	58.64
708	58.64
709	58.64
710	58.64
711	58.64
712	58.64
713	58.64
714	58.64
715	58.64
716	58.64
717	58.64
718	58.64
719	58.64
720	58.64
721	58.64
722	58.64
723	58.64
724	58.64
725	58.64
726	58.64
727	58.64
728	58.64
729	58.64
730	58.64
731	58.64
732	58.64
733	58.64
734	58.64
735	58.64
736	58.64
737	58.64
738	58.64
739	58.64
740	58.64
741	58.64
742	58.64
743	58.64
744	58.64
745	58.64
746	58.64
747	58.64
748	58.64
749	58.64
750	58.64
751	58.64
752	58.64
753	58.64
754	58.64
755	58.64
756	58.64
757	58.64
758	58.64
759	58.64
760	58.64
761	58.64
762	58.64
763	58.64
764	58.64
765	58.64
766	58.64
767	58.64
768	58.64
769	58.64
770	58.64
771	58.64
772	58.64
773	58.64
774	58.64
775	58.64
776	58.64
777	58.64
778	58.64
779	58.64
780	58.64
781	58.64
782	58.64
783	58.64
784	58.64
785	58.64
786	58.64
787	58.64
788	58.64
789	58.64
790	58.64
791	58.64
792	58.64
793	58.64
794	58.64
795	58.64
796	58.64
797	58.64
798	58.64
799	58.64
800	58.64
801	58.64
802	58.64
803	58.64
804	58.64
805	58.64
806	58.64
807	58.64
808	58.64
809	58.64
810	58.64
811	58.64
812	58.64
813	58.64
814	58.64
815	58.64
816	58.64
817	58.64
818	58.64
819	58.64
820	58.64
821	58.64
822	58.64
823	58.64
824	58.64
825	58.64
826	58.64
827	58.64
828	58.64
829	58.64
830	58.64
831	58.64
832	58.64
833	58.64
834	58.64
835	58.64
836	58.64
837	58.64
838	58.64
839	58.64
840	58.64
841	58.64
842	58.64
843	58.64
844	58.64
845	58.64
846	58.64
847	58.64
848	58.64
849	58.64
850	58.64
851	58.64
852	58.64
853	58.64
854	58.64
855	58.64
856	58.64
857	58.64
858	58.64
859	58.64
860	58.64
861	58.64
862	58.64
863	58.64
864	58.64
865	58.64
866	58.64
867	58.64
868	58.64
869	58.64
870	58.64
871	58.64
872	58.64
873	58.64
874	58.64
875	58.64
876	58.64
877	58.64
878	58.64
879	58.64
880	58.64
881	58.64
882	58.64
883	58.64
884	58.64
885	58.64
886	58.64
887	58.64
888	58.64
889	58.64
890	58.64
891	58.64
892	58.64
893	58.64
894	58.64
895	58.64
896	58.64
897	58.64
898	58.64
899	58.64
900	58.64
901	58.64
902	58.64
903	58.64
904	58.64
905	58.64
906	58.64
907	58.64
908	58.64
909	58.64
910	58.64
911	58.64
912	58.64
913	58.64
914	58.64
915	58.64
916	58.64
917	58.64
918	58.64
919	58.64
920	58.64
921	58.64
922	58.64
923	58.64
924	58.64
925	58.64
926	58.64
927	58.64
928	58.64
929	58.64
930	58.64
931	58.64
932	58.64
933	58.64
934	58.64
935	58.64
936	58.64
937	58.64
938	58.64
939	58.64
940	58.64
941	58.64
942	58.64
943	58.64
944	58.64
945	58.64
946	58.64
947	58.64
948	58.64
949	58.64
950	58.64
951	58.64
952	58.64
953	58.64
954	58.64
955	58.64
956	58.64
957	58.64
958	58.64
959	58.64
960	58.64
961	58.64
962	58.64
963	58.64
964	58.64
965	58.64
966	58.64
967	58.64
968	58.64
969	58.64
970	58.64
971	58.64
972	58.64
973	58.64
974	58.64
975	58.64
976	58.64
977	58.64
978	58.64
979	58.64
980	58.64
981	58.64
982	58.64
983	58.64
984	58.64
985	58.64
986	58.64
987	58.64
988	58.64
989	58.64
990	58.64
991	58.64
992	58.64
993	58.64
994	58.64
995	58.64
996	58.64
997	58.64
998	58.64
999	58.64
1000	58.64
1001	58.64
1002	58.64
1003	58.64
1004	58.64
1005	58.64
1006	58.64
1007	58.64
1008	58.64
1009	58.64
1010	58.64
1011	58.64
1012	58.64
1013	58.64
1014	58.64
1015	58.64
1016	58.64
1017	58.64
1018	58.64
1019	58.64
1020	58.64
1021	58.64
1022	58.64
1023	58.64
1024	58.64
1025	58.64
1026	58.64
1027	58.64
1028	58.64
1029	58.64
1030	58.64
1031	58.64
1032	58.64
1033	58.64
1034	58.64
1035	58.64
1036	58.64
1037	58.64
1038	58.64
1039	58.64
1040	58.64
1041	58.64
1042	58.64
1043	58.64
1044	58.64
1045	58.64
1046	58.64
1047	58.64
1048	58.64
1049	58.64
1050	58.64
1051	58.64
1052	58.64
1053	58.64
1054	58.64
1055	58.64
1056	58.64
1057	58.64
1058	58.64
1059	58.64
1060	58.64
1061	58.64
1062	58.64
1063	58.64
1064	58.64
1065	58.64
1066	58.64
1067	58.64
1068	58.64
1069	58.64
1070	58.64
1071	58.64
1072	58.64
1073	58.64
1074	58.64
1075	58.64
1076	58.64
1077	58.64
1078	58.64
1079	58.64
1080	58.64
1081	58.64
1082	58.64
1083	58.64
1084	58.64
1085	58.64
1086	58.64
1087	58.64
1088	58.64
1089	58.64
1090	58.64
1091	58.64
1092	58.64
1093	58.64
1094	58.64
1095	58.64
1096	58.64
1097	58.64
1098	58.64
1099	58.64
1100	58.64
1101	58.64
1102	58.64
1103	58.64
1104	58.64
1105	58.64
1106	58.64
1107	58.64
1108	58.64
1109	58.64
1110	58.64
1111	58.64
1112	58.64
1113	58.64
1114	58.64
1115	58.64
1116	58.64
1117	58.64
1118	58.64
1119	58.64
1120	58.64
1121	58.64
1122	58.64
1123	58.64
1124	58.64
1125	58.64
1126	58.64
1127	58.64
1128	58.64
1129	58.64
1130	58.64
1131	58.64
1132	58.64
1133	58.64
1134	58.64
1135	58.64
1136	58.64
1137	58.64
1138	58.64
1139	58.64
1140	58.64
1141	58.64
1142	58.64
1143	58.64
1144	58.64
1145	58.64
1146	58.64
1147	58.64
1148	58.64
1149	58.64
1150	58.64
1151	58.64
1152	58.64
1153	58.64
1154	58.64
1155	58.64
1156	58.64
1157	58.64
1158	58.64
1159	58.64
1160	58.64
1161	58.64
1162	58.64
1163	58.64
1164	58.64
1165	58.64
1166	58.64
1167	58.64
1168	58.64
1169	58.64
1170	58.64
1171	58.64
1172	58.64
1173	58.64
1174	58.64
1175	58.64
1176	58.64
1177	58.64
1178	58.64
1179	58.64
1180	58.64
1181	58.64
1182	58.64
1183	58.64
1184	58.64
1185	58.64
1186	58.64
1187	58.64
1188	58.64
1189	58.64
1190	58.64
1191	58.64
1192	58.64
1193	58.64
1194	58.64
1195	58.64
1196	58.64
1197	58.64
1198	58.64
1199	58.64
1200	58.64
1201	58.64
1202	58.64
1203	58.64
1204	58.64
1205	58.64
1206	58.64
1207	58.64
1208	58.64
1209	58.64
1210	58.64
1211	58.64
1212	58.64
1213	58.64
1214	58.64
1215	58.64
1216	58.64
1217	58.64
1218	58.64
1219	58.64
1220	58.64
1221	58.64
1222	58.64
1223	58.64
1224	58.64
1225	58.64
1226	58.64
1227	58.64
1228	58.64
1229	58.64
1230	58.64
1231	58.64
1232	58.64
1233	58.64
1234	58.64
1235	58.64
1236	58.64
1237	58.64
1238	58.64
1239	58.64
1240	58.64
1241	58.64
1242	58.64
1243	58.64
1244	58.64
1245	58.64
1246	58.64
1247	58.64
1248	58.64
1249	58.64
1250	58.64
1251	58.64
1252	58.64
1253	58.64
1254	58.64
1255	58.64
1256	58.64
1257	58.64
1258	58.64
1259	58.64
1260	58.64
1261	58.64
1262	58.64
1263	58.64
1264	58.64
1265	58.64
1266	58.64
1267	58.64
1268	58.64
1269	58.64
1270	58.64
1271	58.64
1272	58.64
1273	58.64
1274	58.64
1275	58.64
1276	58.64
1277	58.64
1278	58.64
1279	58.64
1280	58.64
1281	58.64
1282	58.64
1283	58.64
1284	58.64
1285	58.64
1286	58.64
1287	58.64
1288	58.64
1289	58.64
1290	58.64
1291	58.64
1292	58.64
1293	58.64
1294	58.64
1295	58.64
1296	58.64
1297	58.64
1298	58.64
1299	58.64
1300	58.64
1301	58.64
1302	58.64
1303	58.64
1304	58.64
1305	58.64
1306	58.64
1307	58.64
1308	58.64
1309	58.64
1310	58.64
1311	58.64
1312	58.64
1313	58.64
1314	58.64
1315	58.64
1316	58.64
1317	58.64
1318	58.64
1319	58.64
1320	58.64
1321	58.64
1322	58.64
1323	58.64
1324	58.64
1325	58.64
1326	58.64
1327	58.64
1328	58.64
1329	58.64
1330	58.64
1331	58.64
1332	58.64
1333	58.64
1334	58.64
1335	58.64
1336	58.64
1337	58.64
1338	58.64
1339	58.64
1340	58.64
1341	58.64
1342	58.64
1343	58.64
1344	58.64
1345	58.64
1346	58.64
1347	58.64
1348	58.64
1349	58.64
1350	58.64
1351	58.64
1352	58.64
1353	58.64
1354	58.64
1355	58.64
1356	58.64
1357	58.64
1358	58.64
1359	58.64
1360	58.64
1361	58.64
1362	58.64
1363	58.64
1364	58.64
1365	58.64
1366	58.64
1367	58.64
1368	58.64
1369	58.64
1370	58.64
1371	58.64
1372	58.64
1373	58.64
1374	58.64
1375	58.64
1376	58.64
1377	58.64
1378	58.64
1379	58.64
1380	58.64
1381	58.64
1382	58.64
1383	58.64
1384	58.64
1385	58.64
1386	58.64
1387	58.64
1388	58.64
1389	58.64
1390	58.64
1391	58.64
1392	58.64
1393	58.64
1394	58.64
1395	58.64
1396	58.64
1397	58.64
1398	58.64
1399	58.64
1400	58.64
1401	58.64
1402	58.64
1403	58.64
1404	58.64
1405	58.64
1406	58.64
1407	58.64
1408	58.64
1409	58.64
1410	58.64
1411	58.64
1412	58.64
1413	58.64
1414	58.64
1415	58.64
1416	58.64
1417	58.64
1418	58.64
1419	58.64
1420	58.64
1421	58.64
1422	58.64
1423	58.64
1424	58.64
1425	58.64
1426	58.64
1427	58.64
1428	58.64
1429	58.64
1430	58.64
1431	58.64
1432	58.64
1433	58.64
1434	58.64
1435	58.64
1436	58.64
1437	58.64
1438	58.64
1439	58.64
1440	58.64
1441	58.64
1442	58.64
1443	58.64
1444	58.64
1445	58.64
1446	58.64
1447	58.64
1448	58.64
1449	58.64
1450	58.64
1451	58.64
1452	58.64
1453	58.64
1454	58.64
1455	58.64
1456	58.64
1457	58.64
1458	58.64
1459	58.64
1460	58.64
1461	58.64
1462	58.64
1463	58.64
1464	58.64
1465	58.64
1466	58.64
1467	58.64
1468	58.64
1469	58.64
1470	58.64
1471	58.64
1472	58.64
1473	58.64
1474	58.64
1475	58.64
1476	58.64
1477	58.64
1478	58.64
1479	58.64
1480	58.64
1481	58.64
1482	58.64
1483	58.64
1484	58.64
1485	58.64
1486	58.64
1487	58.64
1488	58.64
1489	58.64
1490	58.64
1491	58.64
1492	58.64
1493	58.64
1494	58.64
1495	58.64
1496	58.64
1497	58.64
1498	58.64
1499	58.64
1500	58.64
1501	58.64
1502	58.64
1503	58.64
1504	58.64
1505	58.64
1506	58.64
1507	58.64
1508	58.64
1509	58.64
1510	58.64
1511	58.64
1512	58.64
1513	58.64
1514	58.64
1515	58.64
1516	58.64
1517	58.64
1518	58.64
1519	58.64
1520	58.64
1521	58.64
1522	58.64
1523	58.64
1524	58.64
1525	58.64
1526	58.64
1527	58.64
1528	58.64
1529	58.64
1530	58.64
1531	58.64
1532	58.64
1533	58.64
1534	58.64
1535	58.64
1536	58.64
1537	58.64
1538	58.64
1539	58.64
1540	58.64
1541	58.64
1542	58.64
1543	58.64
1544	58.64
1545	58.64
1546	58.64
1547	58.64
1548	58.64
1549	58.64
1550	58.64
1551	58.64
1552	58.64
1553	58.64
1554	58.64
1555	58.64
1556	58.64
1557	58.64
1558	58.64
1559	58.64
1560	58.64
1561	58.64
1562	58.64
1563	58.64
1564	58.64
1565	58.64
1566	58.64
1567	58.64
1568	58.64
1569	58.64
1570	58.64
1571	58.64
1572	58.64
1573	58.64
1574	58.64
1575	58.64
1576	58.64
1577	58.64
1578	58.64
1579	58.64
1580	58.64
1581	58.64
1582	58.64
1583	58.64
1584	58.64
1585	58.64
1586	58.64
1587	58.64
1588	58.64
1589	58.64
1590	58.64
1591	58.64
1592	58.64
1593	58.64
1594	58.64
1595	58.64
1596	58.64
1597	58.64
1598	58.64
1599	58.64
1600	58.64
1601	58.64
1602	58.64
1603	58.64
1604	58.64
1605	58.64
1606	58.64
1607	58.64
1608	58.64
1609	58.64
1610	58.64
1611	58.64
1612	58.64
1613	58.64
1614	58.64
1615	58.64
1616	58.64
1617	58.64
1618	58.64
1619	58.64
1620	58.64
1621	58.64
1622	58.64
1623	58.64
1624	58.64
1625	58.64
1626	58.64
1627	58.64
1628	58.64
1629	58.64
1630	58.64
1631	58.64
1632	58.64
1633	58.64
1634	58.64
1635	58.64
1636	58.64
1637	58.64
1638	58.64
1639	58.64
1640	58.64
1641	58.64
1642	58.64
1643	58.64
1644	58.64
1645	58.64
1646	58.64
1647	58.64
1648	58.64
1649	58.64
1650	58.64
1651	58.64
1652	58.64
1653	58.64
1654	58.64
1655	58.64
1656	58.64
1657	58.64
1658	58.64
1659	58.64
1660	58.64
1661	58.64
1662	58.64
1663	58.64
1664	58.64
1665	58.64
1666	58.64
1667	58.64
1668	58.64
1669	58.64
1670	58.64
1671	58.64
1672	58.64
1673	58.64
1674	58.64
1675	58.64
1676	58.64
1677	58.64
1678	58.64
1679	58.64
1680	58.64
1681	58.64
1682	58.64
1683	58.64
1684	58.64
1685	58.64
1686	58.64
1687	58.64
1688	58.64
1689	58.64
1690	58.64
1691	58.64
1692	58.64
1693	58.64
1694	58.64
1695	58.64
1696	58.64
1697	58.64
1698	58.64
1699	58.64
1700	58.64
1701	58.64
1702	58.64
1703	58.64
1704	58.64
1705	58.64
1706	58.64
1707	58.64
1708	58.64
1709	58.64
1710	58.64
1711	58.64
1712	58.64
1713	58.64
1714	58.64
1715	58.64
1716	58.64
1717	58.64
1718	58.64
1719	58.64
1720	58.64
1721	58.64
1722	58.64
1723	58.64
1724	58.64
1725	58.64
1726	58.64
1727	58.64
1728	58.64
1729	58.64
1730	58.64
1731	58.64
1732	58.64
1733	58.64
1734	58.64
1735	58.64
1736	58.64
1737	58.64
1738	58.64
1739	58.64
1740	58.64
1741	58.64
1742	58.64
1743	58.64
1744	58.64
1745	58.64
1746	58.64
1747	58.64
1748	58.64
1749	58.64
1750	58.64
1751	58.64
1752	58.64
1753	58.64
1754	58.64
1755	58.64
1756	58.64
1757	58.64
1758	58.64
1759	58.64
1760	58.64
1761	58.64
1762	58.64
1763	58.64
1764	58.64
1765	58.64
1766	58.64
1767	58.64
1768	58.64
1769	58.64
1770	58.64
1771	58.64
1772	58.64
1773	58.64
1774	58.64
1775	58.64
1776	58.64
1777	58.64
1778	58.64
1779	58.64
1780	58.64
1781	58.64
1782	58.64
1783	58.64
1784	58.64
1785	58.64
1786	58.64
1787	58.64
1788	58.64
1789	58.64
1790	58.64
1791	58.64
1792	58.64
1793	58.64
1794	58.64
1795	58.64
1796	58.64
1797	58.64
1798	58.64
1799	58.64
1800	58.64
1801	58.64
1802	58.64
1803	58.64
1804	58.64
1805	58.64
1806	58.64
1807	58.64
1808	58.64
1809	58.64
1810	58.64
1811	58.64
1812	58.64
1813	58.64
1814	58.64
1815	58.64
1816	58.64
1817	58.64
1818	58.64
1819	58.64
1820	58.64
1821	58.64
1822	58.64
1823	58.64
1824	58.64
1825	58.64
1826	58.64
1827	58.64
1828	58.64
1829	58.64
1830	58.64
1831	58.64
1832	58.64
1833	58.64
1834	58.64
1835	58.64
1836	58.64
1837	58.64
1838	58.64
1839	58.64
1840	58.64
1841	58.64
1842	58.64
1843	58.64
1844	58.64
1845	58.64
1846	58.64
1847	58.64
1848	58.64
1849	58.64
1850	58.64
1851	58.64
1852	58.64
1853	58.64
1854	58.64
1855	58.64
1856	58.64
1857	58.64
1858	58.64
1859	58.64
1860	58.64
1861	58.64
1862	58.64
1863	58.64
1864	58.64
1865	58.64
1866	58.64
1867	58.64
1868	58.64
1869	58.64
1870	58.64
1871	58.64
1872	58.64
1873	58.64
1874	58.64
1875	58.64
1876	58.64
1877	58.64
1878	58.64
1879	58.64
1880	58.64
1881	58.64
1882	58.64
1883	58.64
1884	58.64
1885	58.64
1886	58.64
1887	58.64
1888	58.64
1889	58.64
1890	58.64
1891	58.64
1892	58.64
1893	58.64
1894	58.64
1895	58.64
1896	58.64
1897	58.64
1898	58.64
1899	58.64
1900	58.64
1901	58.64
1902	58.64
1903	58.64
1904	58.64
1905	58.64
1906	58.64
1907	58.64
1908	58.64
1909	58.64
1910	58.64
1911	58.64
1912	58.64
1913	58.64
1914	58.64
1915	58.64
1916	58.64
1917	58.64
1918	58.64
1919	58.64
1920	58.64
1921	58.64
1922	58.64
1923	58.64
1924	58.64
1925	58.64
1926	58.64
1927	58.64
1928	58.64
1929	58.64
1930	58.64
1931	58.64
1932	58.64
1933	58.64
1934	58.64
1935	58.64
1936	58.64
1937	58.64
1938	58.64
1939	58.64
1940	58.64
1941	58.64
1942	58.64
1943	58.64
1944	58.64
1945	58.64
1946	58.64
1947	58.64
1948	58.64
1949	58.64
1950	58.64
1951	58.64
1952	58.64
1953	58.64
1954	58.64
1955	58.64
1956	58.64
1957	58.64
1958	58.64
1959	58.64
1960	58.64
1961	58.64
1962	58.64
1963	58.64
1964	58.64
1965	58.64
1966	58.64
1967	58.64
1968	58.64
1969	58.64
1970	58.64
1971	58.64
1972	58.64
1973	58.64
1974	58.64
1975	58.64
1976	58.64
1977	58.64
1978	58.64
1979	58.64
1980	58.64
1981	58.64
1982	58.64
1983	58.64
1984	58.64
1985	58.64
1986	58.64
1987	58.64
1988	58.64
1989	58.64
1990	58.64
1991	58.64
1992	58.64
1993	58.64
1994	58.64
1995	58.64
1996	58.64
1997	58.64
1998	58.64
1999	58.64
2000	58.64
2001	58.64
2002	58.64
2003	58.64
2004	58.64
2005	58.64
2006	58.64
2007	58.64
2008	58.64
2009	58.64
2010	58.64
2011	58.64
2012	58.64
2013	58.64
2014	58.64
2015	58.64
2016	58.64
2017	58.64
2018	58.64
2019	58.64
2020	58.64
2021	58.64
2022	58.64
2023	58.64
2024	58.64
2025	58.64
2026	58.64
2027	58.64
2028	58.64
2029	58.64
2030	58.64
2031	58.64
2032	58.64
2033	58.64
2034	58.64
2035	58.64
2036	58.64
2037	58.64
2038	58.64
2039	58.64
2040	58.64
2041	58.64
2042	58.64
2043	58.64
2044	58.64
2045	58.64
2046	58.64
2047	58.64
2048	58.64
2049	58.64
2050	58.64
2051	58.64
2052	58.64
2053	58.64
2054	58.64
2055	58.64
2056	58.64
2057	58.64
2058	58.64
2059	58.64
2060	58.64
2061	58.64
2062	58.64
2063	58.64
2064	58.64
2065	58.64
2066	58.64
2067	58.64
2068	58.64
2069	58.64
2070	58.64
2071	58.64
2072	58.64
2073	58.64
2074	58.64
2075	58.64
2076	58.64
2077	58.64
2078	58.64
2079	58.64
2080	58.64
2081	58.64
2082	58.64
2083	58.64
2084	58.64
2085	58.64
2086	58.64
2087	58.64
2088	58.64
2089	58.64
2090	58.64
2091	58.64
2092	58.64
2093	58.64
2094	58.64
2095	58.64
2096	58.64
2097	58.64
2098	58.64
2099	58.64
2100	58.64
2101	58.64
2102	58.64
2103	58.64
2104	58.64
2105	58.64
2106	58.64
2107	58.64
2108	58.64
2109	58.64
2110	58.64
2111	58.64
2112	58.64
2113	58.64
2114	58.64
2115	58.64
2116	58.64
2117	58.64
2118	58.64
2119	58.64
2120	58.64
2121	58.64
2122	58.64
2123	58.64
2124	58.64
2125	58.64
2126	58.64
2127	58.64
2128	58.64
2129	58.64
2130	58.64
2131	58.64
2132	58.64
2133	58.64
2134	58.64
2135	58.64
2136	58.64
2137	58.64
2138	58.64
2139	58.64
2140	58.64
2141	58.64
2142	58.64
2143	58.64
2144	58.64
2145	58.64
2146	58.64
2147	58.64
2148	58.64
2149	58.64
2150	58.64
2151	58.64
2152	58.64
2153	58.64
2154	58.64
2155	58.64
2156	58.64
2157	58.64
2158	58.64
2159	58.64
2160	58.64
2161	58.64
2162	58.64
2163	58.64
2164	58.64
2165	58.64
2166	58.64
2167	58.64
2168	58.64
2169	58.64
2170	58.64
2171	58.64
2172	58.64
2173	58.64
2174	58.64
2175	58.64
2176	58.64
2177	58.64
2178	58.64
2179	58.64
2180	58.64
2181	58.64
2182	58.64
2183	58.64
2184	58.64
2185	58.64
2186	58.64
2187	58.64
2188	58.64
2189	58.64
2190	58.64
2191	58.64
2192	58.64
2193	58.64
2194	58.64
2195	58.64
2196	58.64
2197	58.64
2198	58.64
2199	58.64
2200	58.64
2201	58.64
2202	58.64
2203	58.64
2204	58.64
2205	58.64
2206	58.64
2207	58.64
2208	58.64
2209	58.64
2210	58.64
2211	58.64
2212	58.64
2213	58.64
2214	58.64
2215	58.64
2216	58.64
2217	58.64
2218	58.64
2219	58.64
2220	58.64
2221	58.64
2222	58.64
2223	58.64
2224	58.64
2225	58.64
2226	58.64
2227	58.64
2228	58.64
2229	58.64
2230	58.64
2231	58.64
2232	58.64
2233	58.64
2234	58.64
2235	58.64
2236	58.64
2237	58.64
2238	58.64
2239	58.64
2240	58.64
2241	58.64
2242	58.64
2243	58.64
2244	58.64
2245	58.64
2246	58.64
2247	58.64
2248	58.64
2249	58.64
2250	58.64
2251	58.64
2252	58.64
2253	58.64
2254	58.64
2255	58.64
2256	58.64
2257	58.64
2258	58.64
2259	58.64
2260	58.64
2261	58.64
2262	58.64
2263	58.64
2264	58.64
2265	58.64
2266	58.64
2267	58.64
2268	58.64
2269	58.64
2270	58.64
2271	58.64
2272	58.64
2273	58.64
2274	58.64
2275	58.64
2276	58.64
2277	58.64
2278	58.64
2279	58.64
2280	58.64
2281	58.64
2282	58.64
2283	58.64
2284	58.64
2285	58.64
2286	58.64
2287	58.64
2288	58.64
2289	58.64
2290	58.64
2291	58.64
2292	58.64
2293	58.64
2294	58.64
2295	58.64
2296	58.64
2297	58.64
2298	58.64
2299	58.64
2300	58.64
2301	58.64
2302	58.64
2303	58.64
2304	58.64
2305	58.64
2306	58.64
2307	58.64
2308	58.64
2309	58.64
2310	58.64
2311	58.64
2312	58.64
2313	58.64
2314	58.64
2315	58.64
2316	58.64
2317	58.64
2318	58.64
2319	58.64
2320	58.64
2321	58.64
2322	58.64
2323	58.64
2324	58.64
2325	58.64
2326	58.64
2327	58.64
2328	58.64
2329	58.64
2330	58.64
2331	58.64
2332	58.64
2333	58.64
2334	58.64
2335	58.64
2336	58.64
2337	58.64
2338	58.64
2339	58.64
2340	58.64
2341	58.64
2342	58.64
2343	58.64
2344	58.64
2345	58.64
2346	58.64
2347	58.64
2348	58.64
2349	58.64
2350	58.64
2351	58.64
2352	58.64
2353	58.64
2354	58.64
2355	58.64
2356	58.64
2357	58.64
2358	58.64
2359	58.64
2360	58.64
2361	58.64
2362	58.64
2363	58.64
2364	58.64
2365	58.64
2366	58.64
2367	58.64
2368	58.64
2369	58.64
2370	58.64
2371	58.64
2372	58.64
2373	58.64
2374	58.64
2375	58.64
2376	58.64
2377	58.64
2378	58.64
2379	58.64
2380	58.64
2381	58.64
2382	58.64
2383	58.64
2384	58.64
2385	58.64
2386	58.64
2387	58.64
2388	58.64
2389	58.64
2390	58.64
2391	58.64
2392	58.64
2393	58.64
2394	58.64
2395	58.64
2396	58.64
2397	58.64
2398	58.64
2399	58.64
2400	58.64
2401	58.64
2402	58.64
2403	58.64
2404	58.64
2405	58.64
2406	58.64
2407	58.64
2408	58.64
2409	58.64
2410	58.64
2411	58.64
2412	58.64
2413	58.64
2414	58.64
2415	58.64
2416	58.64
2417	58.64
2418	58.64
2419	58.64
2420	58.64
2421	58.64
2422	58.64
2423	58.64
2424	58.64
2425	58.64
2426	58.64
2427	58.64
2428	58.64
2429	58.64
2430	58.64
2431	58.64
2432	58.64
2433	58.64
2434	58.64
2435	58.64
2436	58.64
2437	58.64
2438	58.64
2439	58.64
2440	58.64
2441	58.64
2442	58.64
2443	58.64
2444	58.64
2445	58.64
2446	58.64
2447	58.64
2448	58.64
2449	58.64
2450	58.64
2451	58.64
2452	58.64
2453	58.64
2454	58.64
2455	58.64
2456	58.64
2457	58.64
2458	58.64
2459	58.64
2460	58.64
2461	58.64
2462	58.64
2463	58.64
2464	58.64
2465	58.64
2466	58.64
2467	58.64
2468	58.64
2469	58.64
2470	58.64
2471	58.64
2472	58.64
2473	58.64
2474	58.64
2475	58.64
2476	58.64
2477	58.64
2478	58.64
2479	58.64
2480	58.64
2481	58.64
2482	58.64
2483	58.64
2484	58.64
2485	58.64
2486	58.64
2487	58.64
2488	58.64
2489	58.64
2490	58.64
2491	58.64
2492	58.64
2493	58.64
2494	58.64
2495	58.64
2496	58.64
2497	58.64
2498	58.64
2499	58.64
2500	58.64
2501	58.64
2502	58.64
2503	58.64
2504	58.64
2505	58.64
2506	58.64
2507	58.64
2508	58.64
2509	58.64
2510	58.64
2511	58.64
2512	58.64
2513	58.64
2514	58.64
2515	58.64
2516	58.64
2517	58.64
2518	58.64
2519	58.64
2520	58.64
2521	58.64
2522	58.64
2523	58.64
2524	58.64
2525	58.64
2526	58.64
2527	58.64
2528	58.64
2529	58.64
2530	58.64
2531	58.64
2532	58.64
2533	58.64
2534	58.64
2535	58.64
2536	58.64
2537	58.64
2538	58.64
2539	58.64
2540	58.64
2541	58.64
2542	58.64
2543	58.64
2544	58.64
2545	58.64
2546	58.64
2547	58.64
2548	58.64
2549	58.64
2550	58.64
2551	58.64
2552	58.64
2553	58.64
2554	58.64
2555	58.64
2556	58.64
2557	58.64
2558	58.64
2559	58.64
2560	58.64
2561	58.64
2562	58.64
2563	58.64
2564	58.64
2565	58.64
2566	58.64
2567	58.64
2568	58.64
2569	58.64
2570	58.64
2571	58.64
2572	58.64
2573	58.64
2574	58.64
2575	58.64
2576	58.64
2577	58.64
2578	58.64
2579	58.64
2580	58.64
2581	58.64
2582	58.64
2583	58.64
2584	58.64
2585	58.64
2586	58.64
2587	58.64
2588	58.64
2589	58.64
2590	58.64
2591	58.64
2592	58.64
2593	58.64
2594	58.64
2595	58.64
2596	58.64
2597	58.64
2598	58.64
2599	58.64
2600	58.64
2601	58.64
2602	58.64
2603	58.64
2604	58.64
2605	58.64
2606	58.64
2607	58.64
2608	58.64
2609	58.64
2610	58.64
2611	58.64
2612	58.64
2613	58.64
2614	58.64
2615	58.64
2616	58.64
2617	58.64
2618	58.64
2619	58.64
2620	58.64
2621	58.64
2622	58.64
2623	58.64
2624	58.64
2625	58.64
2626	58.64
2627	58.64
2628	58.64
2629	58.64
2630	58.64
2631	58.64
2632	58.64
2633	58.64
2634	58.64
2635	58.64
2636	58.64
2637	58.64
2638	58.64
2639	58.64
2640	58.64
2641	58.64
2642	58.64
2643	58.64
2644	58.64
2645	58.64
2646	58.64
2647	58.64
2648	58.64
2649	58.64
2650	58.64
2651	58.64
2652	58.64
2653	58.64
2654	58.64
2655	58.64
2656	58.64
2657	58.64
2658	58.64
2659	58.64
2660	58.64
2661	58.64
2662	58.64
2663	58.64
2664	58.64
2665	58.64
2666	58.64
2667	58.64
2668	58.64
2669	58.64
2670	58.64
2671	58.64
2672	58.64
2673	58.64
2674	58.64
2675	58.64
2676	58.64
2677	58.64
2678	58.64
2679	58.64
2680	58.64
2681	58.64
2682	58.64
2683	58.64
2684	58.64
2685	58.64
2686	58.64
2687	58.64
2688	58.64
2689	58.64
2690	58.64
2691	58.64
2692	58.64
2693	58.64
2694	58.64
2695	58.64
2696	58.64
2697	58.64
2698	58.64
2699	58.64
2700	58.64
2701	58.64
2702	58.64
2703	58.64
2704	58.64
2705	58.64
2706	58.64
2707	58.64
2708	58.64
2709	58.64
2710	58.64
2711	58.64
2712	58.64
2713	58.64
2714	58.64
2715	58.64
2716	58.64
2717	58.64
2718	58.64
2719	58.64
2720	58.64
2721	58.64
2722	58.64
2723	58.64
2724	58.64
2725	58.64
2726	58.64
2727	58.64
2728	58.64
2729	58.64
2730	58.64
2731	58.64
2732	58.64
2733	58.64
2734	58.64
2735	58.64
2736	58.64
2737	58.64
2738	58.64
2739	58.64
2740	58.64
2741	58.64
2742	58.64
2743	58.64
2744	58.64
2745	58.64
2746	58.64
2747	58.64
2748	58.64
2749	58.64
2750	58.64
2751	58.64
2752	58.64
2753	58.64
2754	58.64
2755	58.64
2756	58.64
2757	58.64
2758	58.64
2759	58.64
2760	58.64
2761	58.64
2762	58.64
2763	58.64
2764	58.64
2765	58.64
2766	58.64
2767	58.64
2768	58.64
2769	58.64
2770	58.64
2771	58.64
2772	58.64
2773	58.64
2774	58.64
2775	58.64
2776	58.64
2777	58.64
2778	58.64
2779	58.64
2780	58.64
2781	58.64
2782	58.64
2783	58.64
2784	58.64
2785	58.64
2786	58.64
2787	58.64
2788	58.64
2789	58.64
2790	58.64
2791	58.64
2792	58.64
2793	58.64
2794	58.64
2795	58.64
2796	58.64
2797	58.64
2798	58.64
2799	58.64
2800	58.64
2801	58.64
2802	58.64
2803	58.64
2804	58.64
2805	58.64
2806	58.64
2807	58.64
2808	58.64
2809	58.64
2810	58.64
2811	58.64
2812	58.64
2813	58.64
2814	58.64
2815	58.64
2816	58.64
2817	58.64
2818	58.64
2819	58.64
2820	58.64
2821	58.64
2822	58.64
2823	58.64
2824	58.64
2825	58.64
2826	58.64
2827	58.64
2828	58.64
2829	58.64
2830	58.64
2831	58.64
2832	58.64
2833	58.64
2834	58.64
2835	58.64
2836	58.64
2837	58.64
2838	58.64
2839	58.64
2840	58.64
2841	58.64
2842	58.64
2843	58.64
2844	58.64
2845	58.64
2846	58.64
2847	58.64
2848	58.64
2849	58.64
2850	58.64
2851	58.64
2852	58.64
2853	58.64
2854	58.64
2855	58.64
2856	58.64
2857	58.64
2858	58.64
2859	58.64
2860	58.64
2861	58.64
2862	58.64
2863	58.64
2864	58.64
2865	58.64
2866	58.64
2867	58.64
2868	58.64
2869	58.64
2870	58.64
2871	58.64
2872	58.64
2873	58.64
2874	58.64
2875	58.64
2876	58.64
2877	58.64
2878	58.64
2879	58.64
2880	58.64
2881	58.64
2882	58.64
2883	58.64
2884	58.64
2885	58.64
2886	58.64
2887	58.64
2888	58.64
2889	58.64
2890	58.64
2891	58.64
2892	58.64
2893	58.64
2894	58.64
2895	58.64
2896	58.64
2897	58.64
2898	58.64
2899	58.64
2900	58.64
2901	58.64
2902	58.64
2903	58.64
2904	58.64
2905	58.64
2906	58.64
2907	58.64
2908	58.64
2909	58.64
2910	58.64
2911	58.64
2912	58.64
2913	58.64
2914	58.64
2915	58.64
2916	58.64
2917	58.64
2918	58.64
2919	58.64
2920	58.64
2921	58.64
2922	58.64
2923	58.64
2924	58.64
2925	58.64
2926	58.64
2927	58.64
2928	58.64
2929	58.64
2930	58.64
2931	58.64
2932	58.64
2933	58.64
2934	58.64
2935	58.64
2936	58.64
2937	58.64
2938	58.64
2939	58.64
2940	58.64
2941	58.64
2942	58.64
2943	58.64
2944	58.64
2945	58.64
2946	58.64
2947	58.64
2948	58.64
2949	58.64
2950	58.64
2951	58.64
2952	58.64
2953	58.64
2954	58.64
2955	58.64
2956	58.64
2957	58.64
2958	58.64
2959	58.64
2960	58.64
2961	58.64
2962	58.64
2963	58.64
2964	58.64
2965	58.64
2966	58.64
2967	58.64
2968	58.64
2969	58.64
2970	58.64
2971	58.64
2972	58.64
2973	58.64
2974	58.64
2975	58.64
2976	58.64
2977	58.64
2978	58.64
2979	58.64
2980	58.64
2981	58.64
2982	58.64
2983	58.64
2984	58.64
2985	58.64
2986	58.64
2987	58.64
2988	58.64
2989	58.64
2990	58.64
2991	58.64
2992	58.64
2993	58.64
2994	58.64
2995	58.64
2996	58.64
2997	58.64
