0	88.0
1	88.0
2	88.0
3	88.0
4	88.0
5	88.0
6	88.0
7	88.0
8	88.0
9	88.0
10	88.0
11	88.0
12	88.0
13	88.0
14	88.0
15	88.0
16	88.0
17	88.0
18	88.0
19	88.0
20	88.0
21	88.0
22	88.0
23	88.0
24	88.0
25	88.0
26	88.0
27	88.0
28	88.0
29	88.0
30	88.0
31	88.0
32	88.0
33	88.0
34	88.0
35	88.0
36	88.0
37	88.0
38	88.0
39	88.0
40	88.0
41	88.0
42	88.0
43	88.0
44	88.0
45	88.0
46	88.0
47	88.0
48	88.0
49	88.0
50	88.0
51	88.0
52	88.0
53	88.0
54	88.0
55	88.0
56	88.0
57	88.0
58	88.0
59	88.0
60	88.0
61	88.0
62	88.0
63	88.0
64	88.0
65	88.0
66	88.0
67	88.0
68	88.0
69	88.0
70	88.0
71	88.0
72	88.0
73	88.0
74	88.0
75	88.0
76	88.0
77	88.0
78	88.0
79	88.0
80	88.0
81	88.0
82	88.0
83	88.0
84	88.0
85	88.0
86	88.0
87	88.0
88	88.0
89	88.0
90	88.0
91	88.0
92	88.0
93	88.0
94	88.0
95	88.0
96	88.0
97	88.0
98	88.0
99	88.0
100	88.0
101	88.0
102	88.0
103	88.0
104	88.0
105	88.0
106	88.0
107	88.0
108	88.0
109	88.0
110	88.0
111	88.0
112	88.0
113	88.0
114	88.0
115	88.0
116	88.0
117	88.0
118	88.0
119	88.0
120	88.0
121	88.0
122	88.0
123	88.0
124	88.0
125	88.0
126	88.0
127	88.0
128	88.0
129	88.0
130	88.0
131	88.0
132	88.0
133	88.0
134	88.0
135	88.0
136	88.0
137	88.0
138	88.0
139	88.0
140	88.0
141	88.0
142	88.0
143	88.0
144	88.0
145	88.0
146	88.0
147	88.0
148	88.0
149	88.0
150	88.0
151	88.0
152	88.0
153	88.0
154	88.0
155	88.0
156	88.0
157	88.0
158	88.0
159	88.0
160	88.0
161	88.0
162	88.0
163	88.0
164	88.0
165	88.0
166	88.0
167	88.0
168	88.0
169	88.0
170	88.0
171	88.0
172	88.0
173	88.0
174	88.0
175	88.0
176	88.0
177	88.0
178	88.0
179	88.0
180	88.0
181	88.0
182	88.0
183	88.0
184	88.0
185	88.0
186	88.0
187	88.0
188	88.0
189	88.0
190	88.0
191	88.0
192	88.0
193	88.0
194	88.0
195	88.0
196	88.0
197	88.0
198	88.0
199	88.0
200	88.0
201	88.0
202	88.0
203	88.0
204	88.0
205	88.0
206	88.0
207	88.0
208	88.0
209	88.0
210	88.0
211	88.0
212	88.0
213	88.0
214	88.0
215	88.0
216	88.0
217	88.0
218	88.0
219	88.0
220	88.0
221	88.0
222	88.0
223	88.0
224	88.0
225	88.0
226	88.0
227	88.0
228	88.0
229	88.0
230	88.0
231	88.0
232	88.0
233	88.0
234	88.0
235	88.0
236	88.0
237	88.0
238	88.0
239	88.0
240	88.0
241	88.0
242	88.0
243	88.0
244	88.0
245	88.0
246	88.0
247	88.0
248	88.0
249	88.0
250	88.0
251	88.0
252	88.0
253	88.0
254	88.0
255	88.0
256	88.0
257	88.0
258	88.0
259	88.0
260	88.0
261	88.0
262	88.0
263	88.0
264	88.0
265	88.0
266	88.0
267	88.0
268	88.0
269	88.0
270	88.0
271	88.0
272	88.0
273	88.0
274	88.0
275	88.0
276	88.0
277	88.0
278	88.0
279	88.0
280	88.0
281	88.0
282	88.0
283	88.0
284	88.0
285	88.0
286	88.0
287	88.0
288	88.0
289	88.0
290	88.0
291	88.0
292	88.0
293	88.0
294	88.0
295	88.0
296	88.0
297	88.0
298	88.0
299	88.0
300	88.0
301	88.0
302	88.0
303	88.0
304	88.0
305	88.0
306	88.0
307	88.0
308	88.0
309	88.0
310	88.0
311	88.0
312	88.0
313	88.0
314	88.0
315	88.0
316	88.0
317	88.0
318	88.0
319	88.0
320	88.0
321	88.0
322	88.0
323	88.0
324	88.0
325	88.0
326	88.0
327	88.0
328	88.0
329	88.0
330	88.0
331	88.0
332	88.0
333	88.0
334	88.0
335	88.0
336	88.0
337	88.0
338	88.0
339	88.0
340	88.0
341	88.0
342	88.0
343	88.0
344	88.0
345	88.0
346	88.0
347	88.0
348	88.0
349	88.0
350	88.0
351	88.0
352	88.0
353	88.0
354	88.0
355	88.0
356	88.0
357	88.0
358	88.0
359	88.0
360	88.0
361	88.0
362	88.0
363	88.0
364	88.0
365	88.0
366	88.0
367	88.0
368	88.0
369	88.0
370	88.0
371	88.0
372	88.0
373	88.0
374	88.0
375	88.0
376	88.0
377	88.0
378	88.0
379	88.0
380	88.0
381	88.0
382	88.0
383	88.0
384	88.0
385	88.0
386	88.0
387	88.0
388	88.0
389	88.0
390	88.0
391	88.0
392	88.0
393	88.0
394	88.0
395	88.0
396	88.0
397	88.0
398	88.0
399	88.0
400	88.0
401	88.0
402	88.0
403	88.0
404	88.0
405	88.0
406	88.0
407	88.0
408	88.0
409	88.0
410	88.0
411	88.0
412	88.0
413	88.0
414	88.0
415	88.0
416	88.0
417	88.0
418	88.0
419	88.0
420	88.0
421	88.0
422	88.0
423	88.0
424	88.0
425	88.0
426	88.0
427	88.0
428	88.0
429	88.0
430	88.0
431	88.0
432	88.0
433	88.0
434	88.0
435	88.0
436	88.0
437	88.0
438	88.0
439	88.0
440	88.0
441	88.0
442	88.0
443	88.0
444	88.0
445	88.0
446	88.0
447	88.0
448	88.0
449	88.0
450	88.0
451	88.0
452	88.0
453	88.0
454	88.0
455	88.0
456	88.0
457	88.0
458	88.0
459	88.0
460	88.0
461	88.0
462	88.0
463	88.0
464	88.0
465	88.0
466	88.0
467	88.0
468	88.0
469	88.0
470	88.0
471	88.0
472	88.0
473	88.0
474	88.0
475	88.0
476	88.0
477	88.0
478	88.0
479	88.0
480	88.0
481	88.0
482	88.0
483	88.0
484	88.0
485	88.0
486	88.0
487	88.0
488	88.0
489	88.0
490	88.0
491	88.0
492	88.0
493	88.0
494	88.0
495	88.0
496	88.0
497	88.0
498	88.0
499	88.0
500	88.0
501	88.0
502	88.0
503	88.0
504	88.0
505	88.0
506	88.0
507	88.0
508	88.0
509	88.0
510	88.0
511	88.0
512	88.0
513	88.0
514	88.0
515	88.0
516	88.0
517	88.0
518	88.0
519	88.0
520	88.0
521	88.0
522	88.0
523	88.0
524	88.0
525	88.0
526	88.0
527	88.0
528	88.0
529	88.0
530	88.0
531	88.0
532	88.0
533	88.0
534	88.0
535	88.0
536	88.0
537	88.0
538	88.0
539	88.0
540	88.0
541	88.0
542	88.0
543	88.0
544	88.0
545	88.0
546	88.0
547	88.0
548	88.0
549	88.0
550	88.0
551	88.0
552	88.0
553	88.0
554	88.0
555	88.0
556	88.0
557	88.0
558	88.0
559	88.0
560	88.0
561	88.0
562	88.0
563	88.0
564	88.0
565	88.0
566	88.0
567	88.0
568	88.0
569	88.0
570	88.0
571	88.0
572	88.0
573	88.0
574	88.0
575	88.0
576	88.0
577	88.0
578	88.0
579	88.0
580	88.0
581	88.0
582	88.0
583	88.0
584	88.0
585	88.0
586	88.0
587	88.0
588	88.0
589	88.0
590	88.0
591	88.0
592	88.0
593	88.0
594	88.0
595	88.0
596	88.0
597	88.0
598	88.0
599	88.0
600	88.0
601	88.0
602	88.0
603	88.0
604	88.0
605	88.0
606	88.0
607	88.0
608	88.0
609	88.0
610	88.0
611	88.0
612	88.0
613	88.0
614	88.0
615	88.0
616	88.0
617	88.0
618	88.0
619	88.0
620	88.0
621	88.0
622	88.0
623	88.0
624	88.0
625	88.0
626	88.0
627	88.0
628	88.0
629	88.0
630	88.0
631	88.0
632	88.0
633	88.0
634	88.0
635	88.0
636	88.0
637	88.0
638	88.0
639	88.0
640	88.0
641	88.0
642	88.0
643	88.0
644	88.0
645	88.0
646	88.0
647	88.0
648	88.0
649	88.0
650	88.0
651	88.0
652	88.0
653	88.0
654	88.0
655	88.0
656	88.0
657	88.0
658	88.0
659	88.0
660	88.0
661	88.0
662	88.0
663	88.0
664	88.0
665	88.0
666	88.0
667	88.0
668	88.0
669	88.0
670	88.0
671	88.0
672	88.0
673	88.0
674	88.0
675	88.0
676	88.0
677	88.0
678	88.0
679	88.0
680	88.0
681	88.0
682	88.0
683	88.0
684	88.0
685	88.0
686	88.0
687	88.0
688	88.0
689	88.0
690	88.0
691	88.0
692	88.0
693	88.0
694	88.0
695	88.0
696	88.0
697	88.0
698	88.0
699	88.0
700	88.0
701	88.0
702	88.0
703	88.0
704	88.0
705	88.0
706	88.0
707	88.0
708	88.0
709	88.0
710	88.0
711	88.0
712	88.0
713	88.0
714	88.0
715	88.0
716	88.0
717	88.0
718	88.0
719	88.0
720	88.0
721	88.0
722	88.0
723	88.0
724	88.0
725	88.0
726	88.0
727	88.0
728	88.0
729	88.0
730	88.0
731	88.0
732	88.0
733	88.0
734	88.0
735	88.0
736	88.0
737	88.0
738	88.0
739	88.0
740	88.0
741	88.0
742	88.0
743	88.0
744	88.0
745	88.0
746	88.0
747	88.0
748	88.0
749	88.0
750	88.0
751	88.0
752	88.0
753	88.0
754	88.0
755	88.0
756	88.0
757	88.0
758	88.0
759	88.0
760	88.0
761	88.0
762	88.0
763	88.0
764	88.0
765	88.0
766	88.0
767	88.0
768	88.0
769	88.0
770	88.0
771	88.0
772	88.0
773	88.0
774	88.0
775	88.0
776	88.0
777	88.0
778	88.0
779	88.0
780	88.0
781	88.0
782	88.0
783	88.0
784	88.0
785	88.0
786	88.0
787	88.0
788	88.0
789	88.0
790	88.0
791	88.0
792	88.0
793	88.0
794	88.0
795	88.0
796	88.0
797	88.0
798	88.0
799	88.0
800	88.0
801	88.0
802	88.0
803	88.0
804	88.0
805	88.0
806	88.0
807	88.0
808	88.0
809	88.0
810	88.0
811	88.0
812	88.0
813	88.0
814	88.0
815	88.0
816	88.0
817	88.0
818	88.0
819	88.0
820	88.0
821	88.0
822	88.0
823	88.0
824	88.0
825	88.0
826	88.0
827	88.0
828	88.0
829	88.0
830	88.0
831	88.0
832	88.0
833	88.0
834	88.0
835	88.0
836	88.0
837	88.0
838	88.0
839	88.0
840	88.0
841	88.0
842	88.0
843	88.0
844	88.0
845	88.0
846	88.0
847	88.0
848	88.0
849	88.0
850	88.0
851	88.0
852	88.0
853	88.0
854	88.0
855	88.0
856	88.0
857	88.0
858	88.0
859	88.0
860	88.0
861	88.0
862	88.0
863	88.0
864	88.0
865	88.0
866	88.0
867	88.0
868	88.0
869	88.0
870	88.0
871	88.0
872	88.0
873	88.0
874	88.0
875	88.0
876	88.0
877	88.0
878	88.0
879	88.0
880	88.0
881	88.0
882	88.0
883	88.0
884	88.0
885	88.0
886	88.0
887	88.0
888	88.0
889	88.0
890	88.0
891	88.0
892	88.0
893	88.0
894	88.0
895	88.0
896	88.0
897	88.0
898	88.0
899	88.0
900	88.0
901	88.0
902	88.0
903	88.0
904	88.0
905	88.0
906	88.0
907	88.0
908	88.0
909	88.0
910	88.0
911	88.0
912	88.0
913	88.0
914	88.0
915	88.0
916	88.0
917	88.0
918	88.0
919	88.0
920	88.0
921	88.0
922	88.0
923	88.0
924	88.0
925	88.0
926	88.0
927	88.0
928	88.0
929	88.0
930	88.0
931	88.0
932	88.0
933	88.0
934	88.0
935	88.0
936	88.0
937	88.0
938	88.0
939	88.0
940	88.0
941	88.0
942	88.0
943	88.0
944	88.0
945	88.0
946	88.0
947	88.0
948	88.0
949	88.0
950	88.0
951	88.0
952	88.0
953	88.0
954	88.0
955	88.0
956	88.0
957	88.0
958	88.0
959	88.0
960	88.0
961	88.0
962	88.0
963	88.0
964	88.0
965	88.0
966	88.0
967	88.0
968	88.0
969	88.0
970	88.0
971	88.0
972	88.0
973	88.0
974	88.0
975	88.0
976	88.0
977	88.0
978	88.0
979	88.0
980	88.0
981	88.0
982	88.0
983	88.0
984	88.0
985	88.0
986	88.0
987	88.0
988	88.0
989	88.0
990	88.0
991	88.0
992	88.0
993	88.0
994	88.0
995	88.0
996	88.0
997	88.0
998	88.0
999	88.0
