0	31.36
1	31.36
2	31.36
3	31.36
4	31.36
5	31.36
6	31.36
7	31.36
8	31.36
9	31.36
10	31.36
11	31.36
12	31.36
13	31.36
14	31.36
15	31.36
16	31.36
17	31.36
18	31.36
19	31.36
20	31.36
21	31.36
22	31.36
23	31.36
24	31.36
25	31.36
26	31.36
27	31.36
28	31.36
29	31.36
30	31.36
31	31.36
32	31.36
33	31.36
34	31.36
35	31.36
36	31.36
37	31.36
38	31.36
39	31.36
40	31.36
41	31.36
42	31.36
43	31.36
44	31.36
45	31.36
46	31.36
47	31.36
48	31.36
49	31.36
50	31.36
51	31.36
52	31.36
53	31.36
54	31.36
55	31.36
56	31.36
57	31.36
58	31.36
59	31.36
60	31.36
61	31.36
62	31.36
63	31.36
64	31.36
65	31.36
66	31.36
67	31.36
68	31.36
69	31.36
70	31.36
71	31.36
72	31.36
73	31.36
74	31.36
75	31.36
76	31.36
77	31.36
78	31.36
79	31.36
80	31.36
81	31.36
82	31.36
83	31.36
84	31.36
85	31.36
86	31.36
87	31.36
88	31.36
89	31.36
90	31.36
91	31.36
92	31.36
93	31.36
94	31.36
95	31.36
96	31.36
97	31.36
98	31.36
99	31.36
100	31.36
101	31.36
102	31.36
103	31.36
104	31.36
105	31.36
106	31.36
107	31.36
108	31.36
109	31.36
110	31.36
111	31.36
112	31.36
113	31.36
114	31.36
115	31.36
116	31.36
117	31.36
118	31.36
119	31.36
120	31.36
121	31.36
122	31.36
123	31.36
124	31.36
125	31.36
126	31.36
127	31.36
128	31.36
129	31.36
130	31.36
131	31.36
132	31.36
133	31.36
134	31.36
135	31.36
136	31.36
137	31.36
138	31.36
139	31.36
140	31.36
141	31.36
142	31.36
143	31.36
144	31.36
145	31.36
146	31.36
147	31.36
148	31.36
149	31.36
150	31.36
151	31.36
152	31.36
153	31.36
154	31.36
155	31.36
156	31.36
157	31.36
158	31.36
159	31.36
160	31.36
161	31.36
162	31.36
163	31.36
164	31.36
165	31.36
166	31.36
167	31.36
168	31.36
169	31.36
170	31.36
171	31.36
172	31.36
173	31.36
174	31.36
175	31.36
176	31.36
177	31.36
178	31.36
179	31.36
180	31.36
181	31.36
182	31.36
183	31.36
184	31.36
185	31.36
186	31.36
187	31.36
188	31.36
189	31.36
190	31.36
191	31.36
192	31.36
193	31.36
194	31.36
195	31.36
196	31.36
197	31.36
198	31.36
199	31.36
200	31.36
201	31.36
202	31.36
203	31.36
204	31.36
205	31.36
206	31.36
207	31.36
208	31.36
209	31.36
210	31.36
211	31.36
212	31.36
213	31.36
214	31.36
215	31.36
216	31.36
217	31.36
218	31.36
219	31.36
220	31.36
221	31.36
222	31.36
223	31.36
224	31.36
225	31.36
226	31.36
227	31.36
228	31.36
229	31.36
230	31.36
231	31.36
232	31.36
233	31.36
234	31.36
235	31.36
236	31.36
237	31.36
238	31.36
239	31.36
240	31.36
241	31.36
242	31.36
243	31.36
244	31.36
245	31.36
246	31.36
247	31.36
248	31.36
249	31.36
250	31.36
251	31.36
252	31.36
253	31.36
254	31.36
255	31.36
256	31.36
257	31.36
258	31.36
259	31.36
260	31.36
261	31.36
262	31.36
263	31.36
264	31.36
265	31.36
266	31.36
267	31.36
268	31.36
269	31.36
270	31.36
271	31.36
272	31.36
273	31.36
274	31.36
275	31.36
276	31.36
277	31.36
278	31.36
279	31.36
280	31.36
281	31.36
282	31.36
283	31.36
284	31.36
285	31.36
286	31.36
287	31.36
288	31.36
289	31.36
290	31.36
291	31.36
292	31.36
293	31.36
294	31.36
295	31.36
296	31.36
297	31.36
298	31.36
299	31.36
300	31.36
301	31.36
302	31.36
303	31.36
304	31.36
305	31.36
306	31.36
307	31.36
308	31.36
309	31.36
310	31.36
311	31.36
312	31.36
313	31.36
314	31.36
315	31.36
316	31.36
317	31.36
318	31.36
319	31.36
320	31.36
321	31.36
322	31.36
323	31.36
324	31.36
325	31.36
326	31.36
327	31.36
328	31.36
329	31.36
330	31.36
331	31.36
332	31.36
333	31.36
334	31.36
335	31.36
336	31.36
337	31.36
338	31.36
339	31.36
340	31.36
341	31.36
342	31.36
343	31.36
344	31.36
345	31.36
346	31.36
347	31.36
348	31.36
349	31.36
350	31.36
351	31.36
352	31.36
353	31.36
354	31.36
355	31.36
356	31.36
357	31.36
358	31.36
359	31.36
360	31.36
361	31.36
362	31.36
363	31.36
364	31.36
365	31.36
366	31.36
367	31.36
368	31.36
369	31.36
370	31.36
371	31.36
372	31.36
373	31.36
374	31.36
375	31.36
376	31.36
377	31.36
378	31.36
379	31.36
380	31.36
381	31.36
382	31.36
383	31.36
384	31.36
385	31.36
386	31.36
387	31.36
388	31.36
389	31.36
390	31.36
391	31.36
392	31.36
393	31.36
394	31.36
395	31.36
396	31.36
397	31.36
398	31.36
399	31.36
400	31.36
401	31.36
402	31.36
403	31.36
404	31.36
405	31.36
406	31.36
407	31.36
408	31.36
409	31.36
410	31.36
411	31.36
412	31.36
413	31.36
414	31.36
415	31.36
416	31.36
417	31.36
418	31.36
419	31.36
420	31.36
421	31.36
422	31.36
423	31.36
424	31.36
425	31.36
426	31.36
427	31.36
428	31.36
429	31.36
430	31.36
431	31.36
432	31.36
433	31.36
434	31.36
435	31.36
436	31.36
437	31.36
438	31.36
439	31.36
440	31.36
441	31.36
442	31.36
443	31.36
444	31.36
445	31.36
446	31.36
447	31.36
448	31.36
449	31.36
450	31.36
451	31.36
452	31.36
453	31.36
454	31.36
455	31.36
456	31.36
457	31.36
458	31.36
459	31.36
460	31.36
461	31.36
462	31.36
463	31.36
464	31.36
465	31.36
466	31.36
467	31.36
468	31.36
469	31.36
470	31.36
471	31.36
472	31.36
473	31.36
474	31.36
475	31.36
476	31.36
477	31.36
478	31.36
479	31.36
480	31.36
481	31.36
482	31.36
483	31.36
484	31.36
485	31.36
486	31.36
487	31.36
488	31.36
489	31.36
490	31.36
491	31.36
492	31.36
493	31.36
494	31.36
495	31.36
496	31.36
497	31.36
498	31.36
499	31.36
500	31.36
501	31.36
502	31.36
503	31.36
504	31.36
505	31.36
506	31.36
507	31.36
508	31.36
509	31.36
510	31.36
511	31.36
512	31.36
513	31.36
514	31.36
515	31.36
516	31.36
517	31.36
518	31.36
519	31.36
520	31.36
521	31.36
522	31.36
523	31.36
524	31.36
525	31.36
526	31.36
527	31.36
528	31.36
529	31.36
530	31.36
531	31.36
532	31.36
533	31.36
534	31.36
535	31.36
536	31.36
537	31.36
538	31.36
539	31.36
540	31.36
541	31.36
542	31.36
543	31.36
544	31.36
545	31.36
546	31.36
547	31.36
548	31.36
549	31.36
550	31.36
551	31.36
552	31.36
553	31.36
554	31.36
555	31.36
556	31.36
557	31.36
558	31.36
559	31.36
560	31.36
561	31.36
562	31.36
563	31.36
564	31.36
565	31.36
566	31.36
567	31.36
568	31.36
569	31.36
570	31.36
571	31.36
572	31.36
573	31.36
574	31.36
575	31.36
576	31.36
577	31.36
578	31.36
579	31.36
580	31.36
581	31.36
582	31.36
583	31.36
584	31.36
585	31.36
586	31.36
587	31.36
588	31.36
589	31.36
590	31.36
591	31.36
592	31.36
593	31.36
594	31.36
595	31.36
596	31.36
597	31.36
598	31.36
599	31.36
600	31.36
601	31.36
602	31.36
603	31.36
604	31.36
605	31.36
606	31.36
607	31.36
608	31.36
609	31.36
610	31.36
611	31.36
612	31.36
613	31.36
614	31.36
615	31.36
616	31.36
617	31.36
618	31.36
619	31.36
620	31.36
621	31.36
622	31.36
623	31.36
624	31.36
625	31.36
626	31.36
627	31.36
628	31.36
629	31.36
630	31.36
631	31.36
632	31.36
633	31.36
634	31.36
635	31.36
636	31.36
637	31.36
638	31.36
639	31.36
640	31.36
641	31.36
642	31.36
643	31.36
644	31.36
645	31.36
646	31.36
647	31.36
648	31.36
649	31.36
650	31.36
651	31.36
652	31.36
653	31.36
654	31.36
655	31.36
656	31.36
657	31.36
658	31.36
659	31.36
660	31.36
661	31.36
662	31.36
663	31.36
664	31.36
665	31.36
666	31.36
667	31.36
668	31.36
669	31.36
670	31.36
671	31.36
672	31.36
673	31.36
674	31.36
675	31.36
676	31.36
677	31.36
678	31.36
679	31.36
680	31.36
681	31.36
682	31.36
683	31.36
684	31.36
685	31.36
686	31.36
687	31.36
688	31.36
689	31.36
690	31.36
691	31.36
692	31.36
693	31.36
694	31.36
695	31.36
696	31.36
697	31.36
698	31.36
699	31.36
700	31.36
701	31.36
702	31.36
703	31.36
704	31.36
705	31.36
706	31.36
707	31.36
708	31.36
709	31.36
710	31.36
711	31.36
712	31.36
713	31.36
714	31.36
715	31.36
716	31.36
717	31.36
718	31.36
719	31.36
720	31.36
721	31.36
722	31.36
723	31.36
724	31.36
725	31.36
726	31.36
727	31.36
728	31.36
729	31.36
730	31.36
731	31.36
732	31.36
733	31.36
734	31.36
735	31.36
736	31.36
737	31.36
738	31.36
739	31.36
740	31.36
741	31.36
742	31.36
743	31.36
744	31.36
745	31.36
746	31.36
747	31.36
748	31.36
749	31.36
750	31.36
751	31.36
752	31.36
753	31.36
754	31.36
755	31.36
756	31.36
757	31.36
758	31.36
759	31.36
760	31.36
761	31.36
762	31.36
763	31.36
764	31.36
765	31.36
766	31.36
767	31.36
768	31.36
769	31.36
770	31.36
771	31.36
772	31.36
773	31.36
774	31.36
775	31.36
776	31.36
777	31.36
778	31.36
779	31.36
780	31.36
781	31.36
782	31.36
783	31.36
784	31.36
785	31.36
786	31.36
787	31.36
788	31.36
789	31.36
790	31.36
791	31.36
792	31.36
793	31.36
794	31.36
795	31.36
796	31.36
797	31.36
798	31.36
799	31.36
800	31.36
801	31.36
802	31.36
803	31.36
804	31.36
805	31.36
806	31.36
807	31.36
808	31.36
809	31.36
810	31.36
811	31.36
812	31.36
813	31.36
814	31.36
815	31.36
816	31.36
817	31.36
818	31.36
819	31.36
820	31.36
821	31.36
822	31.36
823	31.36
824	31.36
825	31.36
826	31.36
827	31.36
828	31.36
829	31.36
830	31.36
831	31.36
832	31.36
833	31.36
834	31.36
835	31.36
836	31.36
837	31.36
838	31.36
839	31.36
840	31.36
841	31.36
842	31.36
843	31.36
844	31.36
845	31.36
846	31.36
847	31.36
848	31.36
849	31.36
850	31.36
851	31.36
852	31.36
853	31.36
854	31.36
855	31.36
856	31.36
857	31.36
858	31.36
859	31.36
860	31.36
861	31.36
862	31.36
863	31.36
864	31.36
865	31.36
866	31.36
867	31.36
868	31.36
869	31.36
870	31.36
871	31.36
872	31.36
873	31.36
874	31.36
875	31.36
876	31.36
877	31.36
878	31.36
879	31.36
880	31.36
881	31.36
882	31.36
883	31.36
884	31.36
885	31.36
886	31.36
887	31.36
888	31.36
889	31.36
890	31.36
891	31.36
892	31.36
893	31.36
894	31.36
895	31.36
896	31.36
897	31.36
898	31.36
899	31.36
900	31.36
901	31.36
902	31.36
903	31.36
904	31.36
905	31.36
906	31.36
907	31.36
908	31.36
909	31.36
910	31.36
911	31.36
912	31.36
913	31.36
914	31.36
915	31.36
916	31.36
917	31.36
918	31.36
919	31.36
920	31.36
921	31.36
922	31.36
923	31.36
924	31.36
925	31.36
926	31.36
927	31.36
928	31.36
929	31.36
930	31.36
931	31.36
932	31.36
933	31.36
934	31.36
935	31.36
936	31.36
937	31.36
938	31.36
939	31.36
940	31.36
941	31.36
942	31.36
943	31.36
944	31.36
945	31.36
946	31.36
947	31.36
948	31.36
949	31.36
950	31.36
951	31.36
952	31.36
953	31.36
954	31.36
955	31.36
956	31.36
957	31.36
958	31.36
959	31.36
960	31.36
961	31.36
962	31.36
963	31.36
964	31.36
965	31.36
966	31.36
967	31.36
968	31.36
969	31.36
970	31.36
971	31.36
972	31.36
973	31.36
974	31.36
975	31.36
976	31.36
977	31.36
978	31.36
979	31.36
980	31.36
981	31.36
982	31.36
983	31.36
984	31.36
985	31.36
986	31.36
987	31.36
988	31.36
989	31.36
990	31.36
991	31.36
992	31.36
993	31.36
994	31.36
995	31.36
996	31.36
997	31.36
998	31.36
999	31.36
