0	29.98
1	29.98
2	29.98
3	29.98
4	29.98
5	29.98
6	29.98
7	29.98
8	29.98
9	29.98
10	29.98
11	29.98
12	29.98
13	29.98
14	29.98
15	29.98
16	29.98
17	29.98
18	29.98
19	29.98
20	29.98
21	29.98
22	29.98
23	29.98
24	29.98
25	29.98
26	29.98
27	29.98
28	29.98
29	29.98
30	29.98
31	29.98
32	29.98
33	29.98
34	29.98
35	29.98
36	29.98
37	29.98
38	29.98
39	29.98
40	29.98
41	29.98
42	29.98
43	29.98
44	29.98
45	29.98
46	29.98
47	29.98
48	29.98
49	29.98
50	29.98
51	29.98
52	29.98
53	29.98
54	29.98
55	29.98
56	29.98
57	29.98
58	29.98
59	29.98
60	29.98
61	29.98
62	29.98
63	29.98
64	29.98
65	29.98
66	29.98
67	29.98
68	29.98
69	29.98
70	29.98
71	29.98
72	29.98
73	29.98
74	29.98
75	29.98
76	29.98
77	29.98
78	29.98
79	29.98
80	29.98
81	29.98
82	29.98
83	29.98
84	29.98
85	29.98
86	29.98
87	29.98
88	29.98
89	29.98
90	29.98
91	29.98
92	29.98
93	29.98
94	29.98
95	29.98
96	29.98
97	29.98
98	29.98
99	29.98
100	29.98
101	29.98
102	29.98
103	29.98
104	29.98
105	29.98
106	29.98
107	29.98
108	29.98
109	29.98
110	29.98
111	29.98
112	29.98
113	29.98
114	29.98
115	29.98
116	29.98
117	29.98
118	29.98
119	29.98
120	29.98
121	29.98
122	29.98
123	29.98
124	29.98
125	29.98
126	29.98
127	29.98
128	29.98
129	29.98
130	29.98
131	29.98
132	29.98
133	29.98
134	29.98
135	29.98
136	29.98
137	29.98
138	29.98
139	29.98
140	29.98
141	29.98
142	29.98
143	29.98
144	29.98
145	29.98
146	29.98
147	29.98
148	29.98
149	29.98
150	29.98
151	29.98
152	29.98
153	29.98
154	29.98
155	29.98
156	29.98
157	29.98
158	29.98
159	29.98
160	29.98
161	29.98
162	29.98
163	29.98
164	29.98
165	29.98
166	29.98
167	29.98
168	29.98
169	29.98
170	29.98
171	29.98
172	29.98
173	29.98
174	29.98
175	29.98
176	29.98
177	29.98
178	29.98
179	29.98
180	29.98
181	29.98
182	29.98
183	29.98
184	29.98
185	29.98
186	29.98
187	29.98
188	29.98
189	29.98
190	29.98
191	29.98
192	29.98
193	29.98
194	29.98
195	29.98
196	29.98
197	29.98
198	29.98
199	29.98
200	29.98
201	29.98
202	29.98
203	29.98
204	29.98
205	29.98
206	29.98
207	29.98
208	29.98
209	29.98
210	29.98
211	29.98
212	29.98
213	29.98
214	29.98
215	29.98
216	29.98
217	29.98
218	29.98
219	29.98
220	29.98
221	29.98
222	29.98
223	29.98
224	29.98
225	29.98
226	29.98
227	29.98
228	29.98
229	29.98
230	29.98
231	29.98
232	29.98
233	29.98
234	29.98
235	29.98
236	29.98
237	29.98
238	29.98
239	29.98
240	29.98
241	29.98
242	29.98
243	29.98
244	29.98
245	29.98
246	29.98
247	29.98
248	29.98
249	29.98
250	29.98
251	29.98
252	29.98
253	29.98
254	29.98
255	29.98
256	29.98
257	29.98
258	29.98
259	29.98
260	29.98
261	29.98
262	29.98
263	29.98
264	29.98
265	29.98
266	29.98
267	29.98
268	29.98
269	29.98
270	29.98
271	29.98
272	29.98
273	29.98
274	29.98
275	29.98
276	29.98
277	29.98
278	29.98
279	29.98
280	29.98
281	29.98
282	29.98
283	29.98
284	29.98
285	29.98
286	29.98
287	29.98
288	29.98
289	29.98
290	29.98
291	29.98
292	29.98
293	29.98
294	29.98
295	29.98
296	29.98
297	29.98
298	29.98
299	29.98
300	29.98
301	29.98
302	29.98
303	29.98
304	29.98
305	29.98
306	29.98
307	29.98
308	29.98
309	29.98
310	29.98
311	29.98
312	29.98
313	29.98
314	29.98
315	29.98
316	29.98
317	29.98
318	29.98
319	29.98
320	29.98
321	29.98
322	29.98
323	29.98
324	29.98
325	29.98
326	29.98
327	29.98
328	29.98
329	29.98
330	29.98
331	29.98
332	29.98
333	29.98
334	29.98
335	29.98
336	29.98
337	29.98
338	29.98
339	29.98
340	29.98
341	29.98
342	29.98
343	29.98
344	29.98
345	29.98
346	29.98
347	29.98
348	29.98
349	29.98
350	29.98
351	29.98
352	29.98
353	29.98
354	29.98
355	29.98
356	29.98
357	29.98
358	29.98
359	29.98
360	29.98
361	29.98
362	29.98
363	29.98
364	29.98
365	29.98
366	29.98
367	29.98
368	29.98
369	29.98
370	29.98
371	29.98
372	29.98
373	29.98
374	29.98
375	29.98
376	29.98
377	29.98
378	29.98
379	29.98
380	29.98
381	29.98
382	29.98
383	29.98
384	29.98
385	29.98
386	29.98
387	29.98
388	29.98
389	29.98
390	29.98
391	29.98
392	29.98
393	29.98
394	29.98
395	29.98
396	29.98
397	29.98
398	29.98
399	29.98
400	29.98
401	29.98
402	29.98
403	29.98
404	29.98
405	29.98
406	29.98
407	29.98
408	29.98
409	29.98
410	29.98
411	29.98
412	29.98
413	29.98
414	29.98
415	29.98
416	29.98
417	29.98
418	29.98
419	29.98
420	29.98
421	29.98
422	29.98
423	29.98
424	29.98
425	29.98
426	29.98
427	29.98
428	29.98
429	29.98
430	29.98
431	29.98
432	29.98
433	29.98
434	29.98
435	29.98
436	29.98
437	29.98
438	29.98
439	29.98
440	29.98
441	29.98
442	29.98
443	29.98
444	29.98
445	29.98
446	29.98
447	29.98
448	29.98
449	29.98
450	29.98
451	29.98
452	29.98
453	29.98
454	29.98
455	29.98
456	29.98
457	29.98
458	29.98
459	29.98
460	29.98
461	29.98
462	29.98
463	29.98
464	29.98
465	29.98
466	29.98
467	29.98
468	29.98
469	29.98
470	29.98
471	29.98
472	29.98
473	29.98
474	29.98
475	29.98
476	29.98
477	29.98
478	29.98
479	29.98
480	29.98
481	29.98
482	29.98
483	29.98
484	29.98
485	29.98
486	29.98
487	29.98
488	29.98
489	29.98
490	29.98
491	29.98
492	29.98
493	29.98
494	29.98
495	29.98
496	29.98
497	29.98
498	29.98
499	29.98
500	29.98
501	29.98
502	29.98
503	29.98
504	29.98
505	29.98
506	29.98
507	29.98
508	29.98
509	29.98
510	29.98
511	29.98
512	29.98
513	29.98
514	29.98
515	29.98
516	29.98
517	29.98
518	29.98
519	29.98
520	29.98
521	29.98
522	29.98
523	29.98
524	29.98
525	29.98
526	29.98
527	29.98
528	29.98
529	29.98
530	29.98
531	29.98
532	29.98
533	29.98
534	29.98
535	29.98
536	29.98
537	29.98
538	29.98
539	29.98
540	29.98
541	29.98
542	29.98
543	29.98
544	29.98
545	29.98
546	29.98
547	29.98
548	29.98
549	29.98
550	29.98
551	29.98
552	29.98
553	29.98
554	29.98
555	29.98
556	29.98
557	29.98
558	29.98
559	29.98
560	29.98
561	29.98
562	29.98
563	29.98
564	29.98
565	29.98
566	29.98
567	29.98
568	29.98
569	29.98
570	29.98
571	29.98
572	29.98
573	29.98
574	29.98
575	29.98
576	29.98
577	29.98
578	29.98
579	29.98
580	29.98
581	29.98
582	29.98
583	29.98
584	29.98
585	29.98
586	29.98
587	29.98
588	29.98
589	29.98
590	29.98
591	29.98
592	29.98
593	29.98
594	29.98
595	29.98
596	29.98
597	29.98
598	29.98
599	29.98
600	29.98
601	29.98
602	29.98
603	29.98
604	29.98
605	29.98
606	29.98
607	29.98
608	29.98
609	29.98
610	29.98
611	29.98
612	29.98
613	29.98
614	29.98
615	29.98
616	29.98
617	29.98
618	29.98
619	29.98
620	29.98
621	29.98
622	29.98
623	29.98
624	29.98
625	29.98
626	29.98
627	29.98
628	29.98
629	29.98
630	29.98
631	29.98
632	29.98
633	29.98
634	29.98
635	29.98
636	29.98
637	29.98
638	29.98
639	29.98
640	29.98
641	29.98
642	29.98
643	29.98
644	29.98
645	29.98
646	29.98
647	29.98
648	29.98
649	29.98
650	29.98
651	29.98
652	29.98
653	29.98
654	29.98
655	29.98
656	29.98
657	29.98
658	29.98
659	29.98
660	29.98
661	29.98
662	29.98
663	29.98
664	29.98
665	29.98
666	29.98
667	29.98
668	29.98
669	29.98
670	29.98
671	29.98
672	29.98
673	29.98
674	29.98
675	29.98
676	29.98
677	29.98
678	29.98
679	29.98
680	29.98
681	29.98
682	29.98
683	29.98
684	29.98
685	29.98
686	29.98
687	29.98
688	29.98
689	29.98
690	29.98
691	29.98
692	29.98
693	29.98
694	29.98
695	29.98
696	29.98
697	29.98
698	29.98
699	29.98
700	29.98
701	29.98
702	29.98
703	29.98
704	29.98
705	29.98
706	29.98
707	29.98
708	29.98
709	29.98
710	29.98
711	29.98
712	29.98
713	29.98
714	29.98
715	29.98
716	29.98
717	29.98
718	29.98
719	29.98
720	29.98
721	29.98
722	29.98
723	29.98
724	29.98
725	29.98
726	29.98
727	29.98
728	29.98
729	29.98
730	29.98
731	29.98
732	29.98
733	29.98
734	29.98
735	29.98
736	29.98
737	29.98
738	29.98
739	29.98
740	29.98
741	29.98
742	29.98
743	29.98
744	29.98
745	29.98
746	29.98
747	29.98
748	29.98
749	29.98
750	29.98
751	29.98
752	29.98
753	29.98
754	29.98
755	29.98
756	29.98
757	29.98
758	29.98
759	29.98
760	29.98
761	29.98
762	29.98
763	29.98
764	29.98
765	29.98
766	29.98
767	29.98
768	29.98
769	29.98
770	29.98
771	29.98
772	29.98
773	29.98
774	29.98
775	29.98
776	29.98
777	29.98
778	29.98
779	29.98
780	29.98
781	29.98
782	29.98
783	29.98
784	29.98
785	29.98
786	29.98
787	29.98
788	29.98
789	29.98
790	29.98
791	29.98
792	29.98
793	29.98
794	29.98
795	29.98
796	29.98
797	29.98
798	29.98
799	29.98
800	29.98
801	29.98
802	29.98
803	29.98
804	29.98
805	29.98
806	29.98
807	29.98
808	29.98
809	29.98
810	29.98
811	29.98
812	29.98
813	29.98
814	29.98
815	29.98
816	29.98
817	29.98
818	29.98
819	29.98
820	29.98
821	29.98
822	29.98
823	29.98
824	29.98
825	29.98
826	29.98
827	29.98
828	29.98
829	29.98
830	29.98
831	29.98
832	29.98
833	29.98
834	29.98
835	29.98
836	29.98
837	29.98
838	29.98
839	29.98
840	29.98
841	29.98
842	29.98
843	29.98
844	29.98
845	29.98
846	29.98
847	29.98
848	29.98
849	29.98
850	29.98
851	29.98
852	29.98
853	29.98
854	29.98
855	29.98
856	29.98
857	29.98
858	29.98
859	29.98
860	29.98
861	29.98
862	29.98
863	29.98
864	29.98
865	29.98
866	29.98
867	29.98
868	29.98
869	29.98
870	29.98
871	29.98
872	29.98
873	29.98
874	29.98
875	29.98
876	29.98
877	29.98
878	29.98
879	29.98
880	29.98
881	29.98
882	29.98
883	29.98
884	29.98
885	29.98
886	29.98
887	29.98
888	29.98
889	29.98
890	29.98
891	29.98
892	29.98
893	29.98
894	29.98
895	29.98
896	29.98
897	29.98
898	29.98
899	29.98
900	29.98
901	29.98
902	29.98
903	29.98
904	29.98
905	29.98
906	29.98
907	29.98
908	29.98
909	29.98
910	29.98
911	29.98
912	29.98
913	29.98
914	29.98
915	29.98
916	29.98
917	29.98
918	29.98
919	29.98
920	29.98
921	29.98
922	29.98
923	29.98
924	29.98
925	29.98
926	29.98
927	29.98
928	29.98
929	29.98
930	29.98
931	29.98
932	29.98
933	29.98
934	29.98
935	29.98
936	29.98
937	29.98
938	29.98
939	29.98
940	29.98
941	29.98
942	29.98
943	29.98
944	29.98
945	29.98
946	29.98
947	29.98
948	29.98
949	29.98
950	29.98
951	29.98
952	29.98
953	29.98
954	29.98
955	29.98
956	29.98
957	29.98
958	29.98
959	29.98
960	29.98
961	29.98
962	29.98
963	29.98
964	29.98
965	29.98
966	29.98
967	29.98
968	29.98
969	29.98
970	29.98
971	29.98
972	29.98
973	29.98
974	29.98
975	29.98
976	29.98
977	29.98
978	29.98
979	29.98
980	29.98
981	29.98
982	29.98
983	29.98
984	29.98
985	29.98
986	29.98
987	29.98
988	29.98
989	29.98
990	29.98
991	29.98
992	29.98
993	29.98
994	29.98
995	29.98
996	29.98
997	29.98
998	29.98
