0	91.0
1	91.0
2	91.0
3	91.0
4	91.0
5	91.0
6	91.0
7	91.0
8	91.0
9	91.0
10	91.0
11	91.0
12	91.0
13	91.0
14	91.0
15	91.0
16	91.0
17	91.0
18	91.0
19	91.0
20	91.0
21	91.0
22	91.0
23	91.0
24	91.0
25	91.0
26	91.0
27	91.0
28	91.0
29	91.0
30	91.0
31	91.0
32	91.0
33	91.0
34	91.0
35	91.0
36	91.0
37	91.0
38	91.0
39	91.0
40	91.0
41	91.0
42	91.0
43	91.0
44	91.0
45	91.0
46	91.0
47	91.0
48	91.0
49	91.0
50	91.0
51	91.0
52	91.0
53	91.0
54	91.0
55	91.0
56	91.0
57	91.0
58	91.0
59	91.0
60	91.0
61	91.0
62	91.0
63	91.0
64	91.0
65	91.0
66	91.0
67	91.0
68	91.0
69	91.0
70	91.0
71	91.0
72	91.0
73	91.0
74	91.0
75	91.0
76	91.0
77	91.0
78	91.0
79	91.0
80	91.0
81	91.0
82	91.0
83	91.0
84	91.0
85	91.0
86	91.0
87	91.0
88	91.0
89	91.0
90	91.0
91	91.0
92	91.0
93	91.0
94	91.0
95	91.0
96	91.0
97	91.0
98	91.0
99	91.0
100	91.0
101	91.0
102	91.0
103	91.0
104	91.0
105	91.0
106	91.0
107	91.0
108	91.0
109	91.0
110	91.0
111	91.0
112	91.0
113	91.0
114	91.0
115	91.0
116	91.0
117	91.0
118	91.0
119	91.0
120	91.0
121	91.0
122	91.0
123	91.0
124	91.0
125	91.0
126	91.0
127	91.0
128	91.0
129	91.0
130	91.0
131	91.0
132	91.0
133	91.0
134	91.0
135	91.0
136	91.0
137	91.0
138	91.0
139	91.0
140	91.0
141	91.0
142	91.0
143	91.0
144	91.0
145	91.0
146	91.0
147	91.0
148	91.0
149	91.0
150	91.0
151	91.0
152	91.0
153	91.0
154	91.0
155	91.0
156	91.0
157	91.0
158	91.0
159	91.0
160	91.0
161	91.0
162	91.0
163	91.0
164	91.0
165	91.0
166	91.0
167	91.0
168	91.0
169	91.0
170	91.0
171	91.0
172	91.0
173	91.0
174	91.0
175	91.0
176	91.0
177	91.0
178	91.0
179	91.0
180	91.0
181	91.0
182	91.0
183	91.0
184	91.0
185	91.0
186	91.0
187	91.0
188	91.0
189	91.0
190	91.0
191	91.0
192	91.0
193	91.0
194	91.0
195	91.0
196	91.0
197	91.0
198	91.0
199	91.0
200	91.0
201	91.0
202	91.0
203	91.0
204	91.0
205	91.0
206	91.0
207	91.0
208	91.0
209	91.0
210	91.0
211	91.0
212	91.0
213	91.0
214	91.0
215	91.0
216	91.0
217	91.0
218	91.0
219	91.0
220	91.0
221	91.0
222	91.0
223	91.0
224	91.0
225	91.0
226	91.0
227	91.0
228	91.0
229	91.0
230	91.0
231	91.0
232	91.0
233	91.0
234	91.0
235	91.0
236	91.0
237	91.0
238	91.0
239	91.0
240	91.0
241	91.0
242	91.0
243	91.0
244	91.0
245	91.0
246	91.0
247	91.0
248	91.0
249	91.0
250	91.0
251	91.0
252	91.0
253	91.0
254	91.0
255	91.0
256	91.0
257	91.0
258	91.0
259	91.0
260	91.0
261	91.0
262	91.0
263	91.0
264	91.0
265	91.0
266	91.0
267	91.0
268	91.0
269	91.0
270	91.0
271	91.0
272	91.0
273	91.0
274	91.0
275	91.0
276	91.0
277	91.0
278	91.0
279	91.0
280	91.0
281	91.0
282	91.0
283	91.0
284	91.0
285	91.0
286	91.0
287	91.0
288	91.0
289	91.0
290	91.0
291	91.0
292	91.0
293	91.0
294	91.0
295	91.0
296	91.0
297	91.0
298	91.0
299	91.0
300	91.0
301	91.0
302	91.0
303	91.0
304	91.0
305	91.0
306	91.0
307	91.0
308	91.0
309	91.0
310	91.0
311	91.0
312	91.0
313	91.0
314	91.0
315	91.0
316	91.0
317	91.0
318	91.0
319	91.0
320	91.0
321	91.0
322	91.0
323	91.0
324	91.0
325	91.0
326	91.0
327	91.0
328	91.0
329	91.0
330	91.0
331	91.0
332	91.0
333	91.0
334	91.0
335	91.0
336	91.0
337	91.0
338	91.0
339	91.0
340	91.0
341	91.0
342	91.0
343	91.0
344	91.0
345	91.0
346	91.0
347	91.0
348	91.0
349	91.0
350	91.0
351	91.0
352	91.0
353	91.0
354	91.0
355	91.0
356	91.0
357	91.0
358	91.0
359	91.0
360	91.0
361	91.0
362	91.0
363	91.0
364	91.0
365	91.0
366	91.0
367	91.0
368	91.0
369	91.0
370	91.0
371	91.0
372	91.0
373	91.0
374	91.0
375	91.0
376	91.0
377	91.0
378	91.0
379	91.0
380	91.0
381	91.0
382	91.0
383	91.0
384	91.0
385	91.0
386	91.0
387	91.0
388	91.0
389	91.0
390	91.0
391	91.0
392	91.0
393	91.0
394	91.0
395	91.0
396	91.0
397	91.0
398	91.0
399	91.0
400	91.0
401	91.0
402	91.0
403	91.0
404	91.0
405	91.0
406	91.0
407	91.0
408	91.0
409	91.0
410	91.0
411	91.0
412	91.0
413	91.0
414	91.0
415	91.0
416	91.0
417	91.0
418	91.0
419	91.0
420	91.0
421	91.0
422	91.0
423	91.0
424	91.0
425	91.0
426	91.0
427	91.0
428	91.0
429	91.0
430	91.0
431	91.0
432	91.0
433	91.0
434	91.0
435	91.0
436	91.0
437	91.0
438	91.0
439	91.0
440	91.0
441	91.0
442	91.0
443	91.0
444	91.0
445	91.0
446	91.0
447	91.0
448	91.0
449	91.0
450	91.0
451	91.0
452	91.0
453	91.0
454	91.0
455	91.0
456	91.0
457	91.0
458	91.0
459	91.0
460	91.0
461	91.0
462	91.0
463	91.0
464	91.0
465	91.0
466	91.0
467	91.0
468	91.0
469	91.0
470	91.0
471	91.0
472	91.0
473	91.0
474	91.0
475	91.0
476	91.0
477	91.0
478	91.0
479	91.0
480	91.0
481	91.0
482	91.0
483	91.0
484	91.0
485	91.0
486	91.0
487	91.0
488	91.0
489	91.0
490	91.0
491	91.0
492	91.0
493	91.0
494	91.0
495	91.0
496	91.0
497	91.0
498	91.0
499	91.0
500	91.0
501	91.0
502	91.0
503	91.0
504	91.0
505	91.0
506	91.0
507	91.0
508	91.0
509	91.0
510	91.0
511	91.0
512	91.0
513	91.0
514	91.0
515	91.0
516	91.0
517	91.0
518	91.0
519	91.0
520	91.0
521	91.0
522	91.0
523	91.0
524	91.0
525	91.0
526	91.0
527	91.0
528	91.0
529	91.0
530	91.0
531	91.0
532	91.0
533	91.0
534	91.0
535	91.0
536	91.0
537	91.0
538	91.0
539	91.0
540	91.0
541	91.0
542	91.0
543	91.0
544	91.0
545	91.0
546	91.0
547	91.0
548	91.0
549	91.0
550	91.0
551	91.0
552	91.0
553	91.0
554	91.0
555	91.0
556	91.0
557	91.0
558	91.0
559	91.0
560	91.0
561	91.0
562	91.0
563	91.0
564	91.0
565	91.0
566	91.0
567	91.0
568	91.0
569	91.0
570	91.0
571	91.0
572	91.0
573	91.0
574	91.0
575	91.0
576	91.0
577	91.0
578	91.0
579	91.0
580	91.0
581	91.0
582	91.0
583	91.0
584	91.0
585	91.0
586	91.0
587	91.0
588	91.0
589	91.0
590	91.0
591	91.0
592	91.0
593	91.0
594	91.0
595	91.0
596	91.0
597	91.0
598	91.0
599	91.0
600	91.0
601	91.0
602	91.0
603	91.0
604	91.0
605	91.0
606	91.0
607	91.0
608	91.0
609	91.0
610	91.0
611	91.0
612	91.0
613	91.0
614	91.0
615	91.0
616	91.0
617	91.0
618	91.0
619	91.0
620	91.0
621	91.0
622	91.0
623	91.0
624	91.0
625	91.0
626	91.0
627	91.0
628	91.0
629	91.0
630	91.0
631	91.0
632	91.0
633	91.0
634	91.0
635	91.0
636	91.0
637	91.0
638	91.0
639	91.0
640	91.0
641	91.0
642	91.0
643	91.0
644	91.0
645	91.0
646	91.0
647	91.0
648	91.0
649	91.0
650	91.0
651	91.0
652	91.0
653	91.0
654	91.0
655	91.0
656	91.0
657	91.0
658	91.0
659	91.0
660	91.0
661	91.0
662	91.0
663	91.0
664	91.0
665	91.0
666	91.0
667	91.0
668	91.0
669	91.0
670	91.0
671	91.0
672	91.0
673	91.0
674	91.0
675	91.0
676	91.0
677	91.0
678	91.0
679	91.0
680	91.0
681	91.0
682	91.0
683	91.0
684	91.0
685	91.0
686	91.0
687	91.0
688	91.0
689	91.0
690	91.0
691	91.0
692	91.0
693	91.0
694	91.0
695	91.0
696	91.0
697	91.0
698	91.0
699	91.0
700	91.0
701	91.0
702	91.0
703	91.0
704	91.0
705	91.0
706	91.0
707	91.0
708	91.0
709	91.0
710	91.0
711	91.0
712	91.0
713	91.0
714	91.0
715	91.0
716	91.0
717	91.0
718	91.0
719	91.0
720	91.0
721	91.0
722	91.0
723	91.0
724	91.0
725	91.0
726	91.0
727	91.0
728	91.0
729	91.0
730	91.0
731	91.0
732	91.0
733	91.0
734	91.0
735	91.0
736	91.0
737	91.0
738	91.0
739	91.0
740	91.0
741	91.0
742	91.0
743	91.0
744	91.0
745	91.0
746	91.0
747	91.0
748	91.0
749	91.0
750	91.0
751	91.0
752	91.0
753	91.0
754	91.0
755	91.0
756	91.0
757	91.0
758	91.0
759	91.0
760	91.0
761	91.0
762	91.0
763	91.0
764	91.0
765	91.0
766	91.0
767	91.0
768	91.0
769	91.0
770	91.0
771	91.0
772	91.0
773	91.0
774	91.0
775	91.0
776	91.0
777	91.0
778	91.0
779	91.0
780	91.0
781	91.0
782	91.0
783	91.0
784	91.0
785	91.0
786	91.0
787	91.0
788	91.0
789	91.0
790	91.0
791	91.0
792	91.0
793	91.0
794	91.0
795	91.0
796	91.0
797	91.0
798	91.0
799	91.0
800	91.0
801	91.0
802	91.0
803	91.0
804	91.0
805	91.0
806	91.0
807	91.0
808	91.0
809	91.0
810	91.0
811	91.0
812	91.0
813	91.0
814	91.0
815	91.0
816	91.0
817	91.0
818	91.0
819	91.0
820	91.0
821	91.0
822	91.0
823	91.0
824	91.0
825	91.0
826	91.0
827	91.0
828	91.0
829	91.0
830	91.0
831	91.0
832	91.0
833	91.0
834	91.0
835	91.0
836	91.0
837	91.0
838	91.0
839	91.0
840	91.0
841	91.0
842	91.0
843	91.0
844	91.0
845	91.0
846	91.0
847	91.0
848	91.0
849	91.0
850	91.0
851	91.0
852	91.0
853	91.0
854	91.0
855	91.0
856	91.0
857	91.0
858	91.0
859	91.0
860	91.0
861	91.0
862	91.0
863	91.0
864	91.0
865	91.0
866	91.0
867	91.0
868	91.0
869	91.0
870	91.0
871	91.0
872	91.0
873	91.0
874	91.0
875	91.0
876	91.0
877	91.0
878	91.0
879	91.0
880	91.0
881	91.0
882	91.0
883	91.0
884	91.0
885	91.0
886	91.0
887	91.0
888	91.0
889	91.0
890	91.0
891	91.0
892	91.0
893	91.0
894	91.0
895	91.0
896	91.0
897	91.0
898	91.0
899	91.0
900	91.0
901	91.0
902	91.0
903	91.0
904	91.0
905	91.0
906	91.0
907	91.0
908	91.0
909	91.0
910	91.0
911	91.0
912	91.0
913	91.0
914	91.0
915	91.0
916	91.0
917	91.0
918	91.0
919	91.0
920	91.0
921	91.0
922	91.0
923	91.0
924	91.0
925	91.0
926	91.0
927	91.0
928	91.0
929	91.0
930	91.0
931	91.0
932	91.0
933	91.0
934	91.0
935	91.0
936	91.0
937	91.0
938	91.0
939	91.0
940	91.0
941	91.0
942	91.0
943	91.0
944	91.0
945	91.0
946	91.0
947	91.0
948	91.0
949	91.0
950	91.0
951	91.0
952	91.0
953	91.0
954	91.0
955	91.0
956	91.0
957	91.0
958	91.0
959	91.0
960	91.0
961	91.0
962	91.0
963	91.0
964	91.0
965	91.0
966	91.0
967	91.0
968	91.0
969	91.0
970	91.0
971	91.0
972	91.0
973	91.0
974	91.0
975	91.0
976	91.0
977	91.0
978	91.0
979	91.0
980	91.0
981	91.0
982	91.0
983	91.0
984	91.0
985	91.0
986	91.0
987	91.0
988	91.0
989	91.0
990	91.0
991	91.0
992	91.0
993	91.0
994	91.0
995	91.0
996	91.0
997	91.0
998	91.0
999	91.0
