0	27.23
1	27.23
2	27.23
3	27.23
4	27.23
5	27.23
6	27.23
7	27.23
8	27.23
9	27.23
10	27.23
11	27.23
12	27.23
13	27.23
14	27.23
15	27.23
16	27.23
17	27.23
18	27.23
19	27.23
20	27.23
21	27.23
22	27.23
23	27.23
24	27.23
25	27.23
26	27.23
27	27.23
28	27.23
29	27.23
30	27.23
31	27.23
32	27.23
33	27.23
34	27.23
35	27.23
36	27.23
37	27.23
38	27.23
39	27.23
40	27.23
41	27.23
42	27.23
43	27.23
44	27.23
45	27.23
46	27.23
47	27.23
48	27.23
49	27.23
50	27.23
51	27.23
52	27.23
53	27.23
54	27.23
55	27.23
56	27.23
57	27.23
58	27.23
59	27.23
60	27.23
61	27.23
62	27.23
63	27.23
64	27.23
65	27.23
66	27.23
67	27.23
68	27.23
69	27.23
70	27.23
71	27.23
72	27.23
73	27.23
74	27.23
75	27.23
76	27.23
77	27.23
78	27.23
79	27.23
80	27.23
81	27.23
82	27.23
83	27.23
84	27.23
85	27.23
86	27.23
87	27.23
88	27.23
89	27.23
90	27.23
91	27.23
92	27.23
93	27.23
94	27.23
95	27.23
96	27.23
97	27.23
98	27.23
99	27.23
100	27.23
101	27.23
102	27.23
103	27.23
104	27.23
105	27.23
106	27.23
107	27.23
108	27.23
109	27.23
110	27.23
111	27.23
112	27.23
113	27.23
114	27.23
115	27.23
116	27.23
117	27.23
118	27.23
119	27.23
120	27.23
121	27.23
122	27.23
123	27.23
124	27.23
125	27.23
126	27.23
127	27.23
128	27.23
129	27.23
130	27.23
131	27.23
132	27.23
133	27.23
134	27.23
135	27.23
136	27.23
137	27.23
138	27.23
139	27.23
140	27.23
141	27.23
142	27.23
143	27.23
144	27.23
145	27.23
146	27.23
147	27.23
148	27.23
149	27.23
150	27.23
151	27.23
152	27.23
153	27.23
154	27.23
155	27.23
156	27.23
157	27.23
158	27.23
159	27.23
160	27.23
161	27.23
162	27.23
163	27.23
164	27.23
165	27.23
166	27.23
167	27.23
168	27.23
169	27.23
170	27.23
171	27.23
172	27.23
173	27.23
174	27.23
175	27.23
176	27.23
177	27.23
178	27.23
179	27.23
180	27.23
181	27.23
182	27.23
183	27.23
184	27.23
185	27.23
186	27.23
187	27.23
188	27.23
189	27.23
190	27.23
191	27.23
192	27.23
193	27.23
194	27.23
195	27.23
196	27.23
197	27.23
198	27.23
199	27.23
200	27.23
201	27.23
202	27.23
203	27.23
204	27.23
205	27.23
206	27.23
207	27.23
208	27.23
209	27.23
210	27.23
211	27.23
212	27.23
213	27.23
214	27.23
215	27.23
216	27.23
217	27.23
218	27.23
219	27.23
220	27.23
221	27.23
222	27.23
223	27.23
224	27.23
225	27.23
226	27.23
227	27.23
228	27.23
229	27.23
230	27.23
231	27.23
232	27.23
233	27.23
234	27.23
235	27.23
236	27.23
237	27.23
238	27.23
239	27.23
240	27.23
241	27.23
242	27.23
243	27.23
244	27.23
245	27.23
246	27.23
247	27.23
248	27.23
249	27.23
250	27.23
251	27.23
252	27.23
253	27.23
254	27.23
255	27.23
256	27.23
257	27.23
258	27.23
259	27.23
260	27.23
261	27.23
262	27.23
263	27.23
264	27.23
265	27.23
266	27.23
267	27.23
268	27.23
269	27.23
270	27.23
271	27.23
272	27.23
273	27.23
274	27.23
275	27.23
276	27.23
277	27.23
278	27.23
279	27.23
280	27.23
281	27.23
282	27.23
283	27.23
284	27.23
285	27.23
286	27.23
287	27.23
288	27.23
289	27.23
290	27.23
291	27.23
292	27.23
293	27.23
294	27.23
295	27.23
296	27.23
297	27.23
298	27.23
299	27.23
300	27.23
301	27.23
302	27.23
303	27.23
304	27.23
305	27.23
306	27.23
307	27.23
308	27.23
309	27.23
310	27.23
311	27.23
312	27.23
313	27.23
314	27.23
315	27.23
316	27.23
317	27.23
318	27.23
319	27.23
320	27.23
321	27.23
322	27.23
323	27.23
324	27.23
325	27.23
326	27.23
327	27.23
328	27.23
329	27.23
330	27.23
331	27.23
332	27.23
333	27.23
334	27.23
335	27.23
336	27.23
337	27.23
338	27.23
339	27.23
340	27.23
341	27.23
342	27.23
343	27.23
344	27.23
345	27.23
346	27.23
347	27.23
348	27.23
349	27.23
350	27.23
351	27.23
352	27.23
353	27.23
354	27.23
355	27.23
356	27.23
357	27.23
358	27.23
359	27.23
360	27.23
361	27.23
362	27.23
363	27.23
364	27.23
365	27.23
366	27.23
367	27.23
368	27.23
369	27.23
370	27.23
371	27.23
372	27.23
373	27.23
374	27.23
375	27.23
376	27.23
377	27.23
378	27.23
379	27.23
380	27.23
381	27.23
382	27.23
383	27.23
384	27.23
385	27.23
386	27.23
387	27.23
388	27.23
389	27.23
390	27.23
391	27.23
392	27.23
393	27.23
394	27.23
395	27.23
396	27.23
397	27.23
398	27.23
399	27.23
400	27.23
401	27.23
402	27.23
403	27.23
404	27.23
405	27.23
406	27.23
407	27.23
408	27.23
409	27.23
410	27.23
411	27.23
412	27.23
413	27.23
414	27.23
415	27.23
416	27.23
417	27.23
418	27.23
419	27.23
420	27.23
421	27.23
422	27.23
423	27.23
424	27.23
425	27.23
426	27.23
427	27.23
428	27.23
429	27.23
430	27.23
431	27.23
432	27.23
433	27.23
434	27.23
435	27.23
436	27.23
437	27.23
438	27.23
439	27.23
440	27.23
441	27.23
442	27.23
443	27.23
444	27.23
445	27.23
446	27.23
447	27.23
448	27.23
449	27.23
450	27.23
451	27.23
452	27.23
453	27.23
454	27.23
455	27.23
456	27.23
457	27.23
458	27.23
459	27.23
460	27.23
461	27.23
462	27.23
463	27.23
464	27.23
465	27.23
466	27.23
467	27.23
468	27.23
469	27.23
470	27.23
471	27.23
472	27.23
473	27.23
474	27.23
475	27.23
476	27.23
477	27.23
478	27.23
479	27.23
480	27.23
481	27.23
482	27.23
483	27.23
484	27.23
485	27.23
486	27.23
487	27.23
488	27.23
489	27.23
490	27.23
491	27.23
492	27.23
493	27.23
494	27.23
495	27.23
496	27.23
497	27.23
498	27.23
499	27.23
500	27.23
501	27.23
502	27.23
503	27.23
504	27.23
505	27.23
506	27.23
507	27.23
508	27.23
509	27.23
510	27.23
511	27.23
512	27.23
513	27.23
514	27.23
515	27.23
516	27.23
517	27.23
518	27.23
519	27.23
520	27.23
521	27.23
522	27.23
523	27.23
524	27.23
525	27.23
526	27.23
527	27.23
528	27.23
529	27.23
530	27.23
531	27.23
532	27.23
533	27.23
534	27.23
535	27.23
536	27.23
537	27.23
538	27.23
539	27.23
540	27.23
541	27.23
542	27.23
543	27.23
544	27.23
545	27.23
546	27.23
547	27.23
548	27.23
549	27.23
550	27.23
551	27.23
552	27.23
553	27.23
554	27.23
555	27.23
556	27.23
557	27.23
558	27.23
559	27.23
560	27.23
561	27.23
562	27.23
563	27.23
564	27.23
565	27.23
566	27.23
567	27.23
568	27.23
569	27.23
570	27.23
571	27.23
572	27.23
573	27.23
574	27.23
575	27.23
576	27.23
577	27.23
578	27.23
579	27.23
580	27.23
581	27.23
582	27.23
583	27.23
584	27.23
585	27.23
586	27.23
587	27.23
588	27.23
589	27.23
590	27.23
591	27.23
592	27.23
593	27.23
594	27.23
595	27.23
596	27.23
597	27.23
598	27.23
599	27.23
600	27.23
601	27.23
602	27.23
603	27.23
604	27.23
605	27.23
606	27.23
607	27.23
608	27.23
609	27.23
610	27.23
611	27.23
612	27.23
613	27.23
614	27.23
615	27.23
616	27.23
617	27.23
618	27.23
619	27.23
620	27.23
621	27.23
622	27.23
623	27.23
624	27.23
625	27.23
626	27.23
627	27.23
628	27.23
629	27.23
630	27.23
631	27.23
632	27.23
633	27.23
634	27.23
635	27.23
636	27.23
637	27.23
638	27.23
639	27.23
640	27.23
641	27.23
642	27.23
643	27.23
644	27.23
645	27.23
646	27.23
647	27.23
648	27.23
649	27.23
650	27.23
651	27.23
652	27.23
653	27.23
654	27.23
655	27.23
656	27.23
657	27.23
658	27.23
659	27.23
660	27.23
661	27.23
662	27.23
663	27.23
664	27.23
665	27.23
666	27.23
667	27.23
668	27.23
669	27.23
670	27.23
671	27.23
672	27.23
673	27.23
674	27.23
675	27.23
676	27.23
677	27.23
678	27.23
679	27.23
680	27.23
681	27.23
682	27.23
683	27.23
684	27.23
685	27.23
686	27.23
687	27.23
688	27.23
689	27.23
690	27.23
691	27.23
692	27.23
693	27.23
694	27.23
695	27.23
696	27.23
697	27.23
698	27.23
699	27.23
700	27.23
701	27.23
702	27.23
703	27.23
704	27.23
705	27.23
706	27.23
707	27.23
708	27.23
709	27.23
710	27.23
711	27.23
712	27.23
713	27.23
714	27.23
715	27.23
716	27.23
717	27.23
718	27.23
719	27.23
720	27.23
721	27.23
722	27.23
723	27.23
724	27.23
725	27.23
726	27.23
727	27.23
728	27.23
729	27.23
730	27.23
731	27.23
732	27.23
733	27.23
734	27.23
735	27.23
736	27.23
737	27.23
738	27.23
739	27.23
740	27.23
741	27.23
742	27.23
743	27.23
744	27.23
745	27.23
746	27.23
747	27.23
748	27.23
749	27.23
750	27.23
751	27.23
752	27.23
753	27.23
754	27.23
755	27.23
756	27.23
757	27.23
758	27.23
759	27.23
760	27.23
761	27.23
762	27.23
763	27.23
764	27.23
765	27.23
766	27.23
767	27.23
768	27.23
769	27.23
770	27.23
771	27.23
772	27.23
773	27.23
774	27.23
775	27.23
776	27.23
777	27.23
778	27.23
779	27.23
780	27.23
781	27.23
782	27.23
783	27.23
784	27.23
785	27.23
786	27.23
787	27.23
788	27.23
789	27.23
790	27.23
791	27.23
792	27.23
793	27.23
794	27.23
795	27.23
796	27.23
797	27.23
798	27.23
799	27.23
800	27.23
801	27.23
802	27.23
803	27.23
804	27.23
805	27.23
806	27.23
807	27.23
808	27.23
809	27.23
810	27.23
811	27.23
812	27.23
813	27.23
814	27.23
815	27.23
816	27.23
817	27.23
818	27.23
819	27.23
820	27.23
821	27.23
822	27.23
823	27.23
824	27.23
825	27.23
826	27.23
827	27.23
828	27.23
829	27.23
830	27.23
831	27.23
832	27.23
833	27.23
834	27.23
835	27.23
836	27.23
837	27.23
838	27.23
839	27.23
840	27.23
841	27.23
842	27.23
843	27.23
844	27.23
845	27.23
846	27.23
847	27.23
848	27.23
849	27.23
850	27.23
851	27.23
852	27.23
853	27.23
854	27.23
855	27.23
856	27.23
857	27.23
858	27.23
859	27.23
860	27.23
861	27.23
862	27.23
863	27.23
864	27.23
865	27.23
866	27.23
867	27.23
868	27.23
869	27.23
870	27.23
871	27.23
872	27.23
873	27.23
874	27.23
875	27.23
876	27.23
877	27.23
878	27.23
879	27.23
880	27.23
881	27.23
882	27.23
883	27.23
884	27.23
885	27.23
886	27.23
887	27.23
888	27.23
889	27.23
890	27.23
891	27.23
892	27.23
893	27.23
894	27.23
895	27.23
896	27.23
897	27.23
898	27.23
899	27.23
900	27.23
901	27.23
902	27.23
903	27.23
904	27.23
905	27.23
906	27.23
907	27.23
908	27.23
909	27.23
910	27.23
911	27.23
912	27.23
913	27.23
914	27.23
915	27.23
916	27.23
917	27.23
918	27.23
919	27.23
920	27.23
921	27.23
922	27.23
923	27.23
924	27.23
925	27.23
926	27.23
927	27.23
928	27.23
929	27.23
930	27.23
931	27.23
932	27.23
933	27.23
934	27.23
935	27.23
936	27.23
937	27.23
938	27.23
939	27.23
940	27.23
941	27.23
942	27.23
943	27.23
944	27.23
945	27.23
946	27.23
947	27.23
948	27.23
949	27.23
950	27.23
951	27.23
952	27.23
953	27.23
954	27.23
955	27.23
956	27.23
957	27.23
958	27.23
959	27.23
960	27.23
961	27.23
962	27.23
963	27.23
964	27.23
965	27.23
966	27.23
967	27.23
968	27.23
969	27.23
970	27.23
971	27.23
972	27.23
973	27.23
974	27.23
975	27.23
976	27.23
977	27.23
978	27.23
979	27.23
980	27.23
981	27.23
982	27.23
983	27.23
984	27.23
985	27.23
986	27.23
987	27.23
988	27.23
989	27.23
990	27.23
991	27.23
992	27.23
993	27.23
994	27.23
995	27.23
996	27.23
997	27.23
998	27.23
999	27.23
