0	32.69
1	32.69
2	32.69
3	32.69
4	32.69
5	32.69
6	32.69
7	32.69
8	32.69
9	32.69
10	32.69
11	32.69
12	32.69
13	32.69
14	32.69
15	32.69
16	32.69
17	32.69
18	32.69
19	32.69
20	32.69
21	32.69
22	32.69
23	32.69
24	32.69
25	32.69
26	32.69
27	32.69
28	32.69
29	32.69
30	32.69
31	32.69
32	32.69
33	32.69
34	32.69
35	32.69
36	32.69
37	32.69
38	32.69
39	32.69
40	32.69
41	32.69
42	32.69
43	32.69
44	32.69
45	32.69
46	32.69
47	32.69
48	32.69
49	32.69
50	32.69
51	32.69
52	32.69
53	32.69
54	32.69
55	32.69
56	32.69
57	32.69
58	32.69
59	32.69
60	32.69
61	32.69
62	32.69
63	32.69
64	32.69
65	32.69
66	32.69
67	32.69
68	32.69
69	32.69
70	32.69
71	32.69
72	32.69
73	32.69
74	32.69
75	32.69
76	32.69
77	32.69
78	32.69
79	32.69
80	32.69
81	32.69
82	32.69
83	32.69
84	32.69
85	32.69
86	32.69
87	32.69
88	32.69
89	32.69
90	32.69
91	32.69
92	32.69
93	32.69
94	32.69
95	32.69
96	32.69
97	32.69
98	32.69
99	32.69
100	32.69
101	32.69
102	32.69
103	32.69
104	32.69
105	32.69
106	32.69
107	32.69
108	32.69
109	32.69
110	32.69
111	32.69
112	32.69
113	32.69
114	32.69
115	32.69
116	32.69
117	32.69
118	32.69
119	32.69
120	32.69
121	32.69
122	32.69
123	32.69
124	32.69
125	32.69
126	32.69
127	32.69
128	32.69
129	32.69
130	32.69
131	32.69
132	32.69
133	32.69
134	32.69
135	32.69
136	32.69
137	32.69
138	32.69
139	32.69
140	32.69
141	32.69
142	32.69
143	32.69
144	32.69
145	32.69
146	32.69
147	32.69
148	32.69
149	32.69
150	32.69
151	32.69
152	32.69
153	32.69
154	32.69
155	32.69
156	32.69
157	32.69
158	32.69
159	32.69
160	32.69
161	32.69
162	32.69
163	32.69
164	32.69
165	32.69
166	32.69
167	32.69
168	32.69
169	32.69
170	32.69
171	32.69
172	32.69
173	32.69
174	32.69
175	32.69
176	32.69
177	32.69
178	32.69
179	32.69
180	32.69
181	32.69
182	32.69
183	32.69
184	32.69
185	32.69
186	32.69
187	32.69
188	32.69
189	32.69
190	32.69
191	32.69
192	32.69
193	32.69
194	32.69
195	32.69
196	32.69
197	32.69
198	32.69
199	32.69
200	32.69
201	32.69
202	32.69
203	32.69
204	32.69
205	32.69
206	32.69
207	32.69
208	32.69
209	32.69
210	32.69
211	32.69
212	32.69
213	32.69
214	32.69
215	32.69
216	32.69
217	32.69
218	32.69
219	32.69
220	32.69
221	32.69
222	32.69
223	32.69
224	32.69
225	32.69
226	32.69
227	32.69
228	32.69
229	32.69
230	32.69
231	32.69
232	32.69
233	32.69
234	32.69
235	32.69
236	32.69
237	32.69
238	32.69
239	32.69
240	32.69
241	32.69
242	32.69
243	32.69
244	32.69
245	32.69
246	32.69
247	32.69
248	32.69
249	32.69
250	32.69
251	32.69
252	32.69
253	32.69
254	32.69
255	32.69
256	32.69
257	32.69
258	32.69
259	32.69
260	32.69
261	32.69
262	32.69
263	32.69
264	32.69
265	32.69
266	32.69
267	32.69
268	32.69
269	32.69
270	32.69
271	32.69
272	32.69
273	32.69
274	32.69
275	32.69
276	32.69
277	32.69
278	32.69
279	32.69
280	32.69
281	32.69
282	32.69
283	32.69
284	32.69
285	32.69
286	32.69
287	32.69
288	32.69
289	32.69
290	32.69
291	32.69
292	32.69
293	32.69
294	32.69
295	32.69
296	32.69
297	32.69
298	32.69
299	32.69
300	32.69
301	32.69
302	32.69
303	32.69
304	32.69
305	32.69
306	32.69
307	32.69
308	32.69
309	32.69
310	32.69
311	32.69
312	32.69
313	32.69
314	32.69
315	32.69
316	32.69
317	32.69
318	32.69
319	32.69
320	32.69
321	32.69
322	32.69
323	32.69
324	32.69
325	32.69
326	32.69
327	32.69
328	32.69
329	32.69
330	32.69
331	32.69
332	32.69
333	32.69
334	32.69
335	32.69
336	32.69
337	32.69
338	32.69
339	32.69
340	32.69
341	32.69
342	32.69
343	32.69
344	32.69
345	32.69
346	32.69
347	32.69
348	32.69
349	32.69
350	32.69
351	32.69
352	32.69
353	32.69
354	32.69
355	32.69
356	32.69
357	32.69
358	32.69
359	32.69
360	32.69
361	32.69
362	32.69
363	32.69
364	32.69
365	32.69
366	32.69
367	32.69
368	32.69
369	32.69
370	32.69
371	32.69
372	32.69
373	32.69
374	32.69
375	32.69
376	32.69
377	32.69
378	32.69
379	32.69
380	32.69
381	32.69
382	32.69
383	32.69
384	32.69
385	32.69
386	32.69
387	32.69
388	32.69
389	32.69
390	32.69
391	32.69
392	32.69
393	32.69
394	32.69
395	32.69
396	32.69
397	32.69
398	32.69
399	32.69
400	32.69
401	32.69
402	32.69
403	32.69
404	32.69
405	32.69
406	32.69
407	32.69
408	32.69
409	32.69
410	32.69
411	32.69
412	32.69
413	32.69
414	32.69
415	32.69
416	32.69
417	32.69
418	32.69
419	32.69
420	32.69
421	32.69
422	32.69
423	32.69
424	32.69
425	32.69
426	32.69
427	32.69
428	32.69
429	32.69
430	32.69
431	32.69
432	32.69
433	32.69
434	32.69
435	32.69
436	32.69
437	32.69
438	32.69
439	32.69
440	32.69
441	32.69
442	32.69
443	32.69
444	32.69
445	32.69
446	32.69
447	32.69
448	32.69
449	32.69
450	32.69
451	32.69
452	32.69
453	32.69
454	32.69
455	32.69
456	32.69
457	32.69
458	32.69
459	32.69
460	32.69
461	32.69
462	32.69
463	32.69
464	32.69
465	32.69
466	32.69
467	32.69
468	32.69
469	32.69
470	32.69
471	32.69
472	32.69
473	32.69
474	32.69
475	32.69
476	32.69
477	32.69
478	32.69
479	32.69
480	32.69
481	32.69
482	32.69
483	32.69
484	32.69
485	32.69
486	32.69
487	32.69
488	32.69
489	32.69
490	32.69
491	32.69
492	32.69
493	32.69
494	32.69
495	32.69
496	32.69
497	32.69
498	32.69
499	32.69
500	32.69
501	32.69
502	32.69
503	32.69
504	32.69
505	32.69
506	32.69
507	32.69
508	32.69
509	32.69
510	32.69
511	32.69
512	32.69
513	32.69
514	32.69
515	32.69
516	32.69
517	32.69
518	32.69
519	32.69
520	32.69
521	32.69
522	32.69
523	32.69
524	32.69
525	32.69
526	32.69
527	32.69
528	32.69
529	32.69
530	32.69
531	32.69
532	32.69
533	32.69
534	32.69
535	32.69
536	32.69
537	32.69
538	32.69
539	32.69
540	32.69
541	32.69
542	32.69
543	32.69
544	32.69
545	32.69
546	32.69
547	32.69
548	32.69
549	32.69
550	32.69
551	32.69
552	32.69
553	32.69
554	32.69
555	32.69
556	32.69
557	32.69
558	32.69
559	32.69
560	32.69
561	32.69
562	32.69
563	32.69
564	32.69
565	32.69
566	32.69
567	32.69
568	32.69
569	32.69
570	32.69
571	32.69
572	32.69
573	32.69
574	32.69
575	32.69
576	32.69
577	32.69
578	32.69
579	32.69
580	32.69
581	32.69
582	32.69
583	32.69
584	32.69
585	32.69
586	32.69
587	32.69
588	32.69
589	32.69
590	32.69
591	32.69
592	32.69
593	32.69
594	32.69
595	32.69
596	32.69
597	32.69
598	32.69
599	32.69
600	32.69
601	32.69
602	32.69
603	32.69
604	32.69
605	32.69
606	32.69
607	32.69
608	32.69
609	32.69
610	32.69
611	32.69
612	32.69
613	32.69
614	32.69
615	32.69
616	32.69
617	32.69
618	32.69
619	32.69
620	32.69
621	32.69
622	32.69
623	32.69
624	32.69
625	32.69
626	32.69
627	32.69
628	32.69
629	32.69
630	32.69
631	32.69
632	32.69
633	32.69
634	32.69
635	32.69
636	32.69
637	32.69
638	32.69
639	32.69
640	32.69
641	32.69
642	32.69
643	32.69
644	32.69
645	32.69
646	32.69
647	32.69
648	32.69
649	32.69
650	32.69
651	32.69
652	32.69
653	32.69
654	32.69
655	32.69
656	32.69
657	32.69
658	32.69
659	32.69
660	32.69
661	32.69
662	32.69
663	32.69
664	32.69
665	32.69
666	32.69
667	32.69
668	32.69
669	32.69
670	32.69
671	32.69
672	32.69
673	32.69
674	32.69
675	32.69
676	32.69
677	32.69
678	32.69
679	32.69
680	32.69
681	32.69
682	32.69
683	32.69
684	32.69
685	32.69
686	32.69
687	32.69
688	32.69
689	32.69
690	32.69
691	32.69
692	32.69
693	32.69
694	32.69
695	32.69
696	32.69
697	32.69
698	32.69
699	32.69
700	32.69
701	32.69
702	32.69
703	32.69
704	32.69
705	32.69
706	32.69
707	32.69
708	32.69
709	32.69
710	32.69
711	32.69
712	32.69
713	32.69
714	32.69
715	32.69
716	32.69
717	32.69
718	32.69
719	32.69
720	32.69
721	32.69
722	32.69
723	32.69
724	32.69
725	32.69
726	32.69
727	32.69
728	32.69
729	32.69
730	32.69
731	32.69
732	32.69
733	32.69
734	32.69
735	32.69
736	32.69
737	32.69
738	32.69
739	32.69
740	32.69
741	32.69
742	32.69
743	32.69
744	32.69
745	32.69
746	32.69
747	32.69
748	32.69
749	32.69
750	32.69
751	32.69
752	32.69
753	32.69
754	32.69
755	32.69
756	32.69
757	32.69
758	32.69
759	32.69
760	32.69
761	32.69
762	32.69
763	32.69
764	32.69
765	32.69
766	32.69
767	32.69
768	32.69
769	32.69
770	32.69
771	32.69
772	32.69
773	32.69
774	32.69
775	32.69
776	32.69
777	32.69
778	32.69
779	32.69
780	32.69
781	32.69
782	32.69
783	32.69
784	32.69
785	32.69
786	32.69
787	32.69
788	32.69
789	32.69
790	32.69
791	32.69
792	32.69
793	32.69
794	32.69
795	32.69
796	32.69
797	32.69
798	32.69
799	32.69
800	32.69
801	32.69
802	32.69
803	32.69
804	32.69
805	32.69
806	32.69
807	32.69
808	32.69
809	32.69
810	32.69
811	32.69
812	32.69
813	32.69
814	32.69
815	32.69
816	32.69
817	32.69
818	32.69
819	32.69
820	32.69
821	32.69
822	32.69
823	32.69
824	32.69
825	32.69
826	32.69
827	32.69
828	32.69
829	32.69
830	32.69
831	32.69
832	32.69
833	32.69
834	32.69
835	32.69
836	32.69
837	32.69
838	32.69
839	32.69
840	32.69
841	32.69
842	32.69
843	32.69
844	32.69
845	32.69
846	32.69
847	32.69
848	32.69
849	32.69
850	32.69
851	32.69
852	32.69
853	32.69
854	32.69
855	32.69
856	32.69
857	32.69
858	32.69
859	32.69
860	32.69
861	32.69
862	32.69
863	32.69
864	32.69
865	32.69
866	32.69
867	32.69
868	32.69
869	32.69
870	32.69
871	32.69
872	32.69
873	32.69
874	32.69
875	32.69
876	32.69
877	32.69
878	32.69
879	32.69
880	32.69
881	32.69
882	32.69
883	32.69
884	32.69
885	32.69
886	32.69
887	32.69
888	32.69
889	32.69
890	32.69
891	32.69
892	32.69
893	32.69
894	32.69
895	32.69
896	32.69
897	32.69
898	32.69
899	32.69
900	32.69
901	32.69
902	32.69
903	32.69
904	32.69
905	32.69
906	32.69
907	32.69
908	32.69
909	32.69
910	32.69
911	32.69
912	32.69
913	32.69
914	32.69
915	32.69
916	32.69
917	32.69
918	32.69
919	32.69
920	32.69
921	32.69
922	32.69
923	32.69
924	32.69
925	32.69
926	32.69
927	32.69
928	32.69
929	32.69
930	32.69
931	32.69
932	32.69
933	32.69
934	32.69
935	32.69
936	32.69
937	32.69
938	32.69
939	32.69
940	32.69
941	32.69
942	32.69
943	32.69
944	32.69
945	32.69
946	32.69
947	32.69
948	32.69
949	32.69
950	32.69
951	32.69
952	32.69
953	32.69
954	32.69
955	32.69
956	32.69
957	32.69
958	32.69
959	32.69
960	32.69
961	32.69
962	32.69
963	32.69
964	32.69
965	32.69
966	32.69
967	32.69
968	32.69
969	32.69
970	32.69
971	32.69
972	32.69
973	32.69
974	32.69
975	32.69
976	32.69
977	32.69
978	32.69
979	32.69
980	32.69
981	32.69
982	32.69
983	32.69
984	32.69
985	32.69
986	32.69
987	32.69
988	32.69
989	32.69
990	32.69
991	32.69
992	32.69
993	32.69
994	32.69
995	32.69
996	32.69
997	32.69
998	32.69
999	32.69
