0	69.99
1	69.99
2	69.99
3	69.99
4	69.99
5	69.99
6	69.99
7	69.99
8	69.99
9	69.99
10	69.99
11	69.99
12	69.99
13	69.99
14	69.99
15	69.99
16	69.99
17	69.99
18	69.99
19	69.99
20	69.99
21	69.99
22	69.99
23	69.99
24	69.99
25	69.99
26	69.99
27	69.99
28	69.99
29	69.99
30	69.99
31	69.99
32	69.99
33	69.99
34	69.99
35	69.99
36	69.99
37	69.99
38	69.99
39	69.99
40	69.99
41	69.99
42	69.99
43	69.99
44	69.99
45	69.99
46	69.99
47	69.99
48	69.99
49	69.99
50	69.99
51	69.99
52	69.99
53	69.99
54	69.99
55	69.99
56	69.99
57	69.99
58	69.99
59	69.99
60	69.99
61	69.99
62	69.99
63	69.99
64	69.99
65	69.99
66	69.99
67	69.99
68	69.99
69	69.99
70	69.99
71	69.99
72	69.99
73	69.99
74	69.99
75	69.99
76	69.99
77	69.99
78	69.99
79	69.99
80	69.99
81	69.99
82	69.99
83	69.99
84	69.99
85	69.99
86	69.99
87	69.99
88	69.99
89	69.99
90	69.99
91	69.99
92	69.99
93	69.99
94	69.99
95	69.99
96	69.99
97	69.99
98	69.99
99	69.99
100	69.99
101	69.99
102	69.99
103	69.99
104	69.99
105	69.99
106	69.99
107	69.99
108	69.99
109	69.99
110	69.99
111	69.99
112	69.99
113	69.99
114	69.99
115	69.99
116	69.99
117	69.99
118	69.99
119	69.99
120	69.99
121	69.99
122	69.99
123	69.99
124	69.99
125	69.99
126	69.99
127	69.99
128	69.99
129	69.99
130	69.99
131	69.99
132	69.99
133	69.99
134	69.99
135	69.99
136	69.99
137	69.99
138	69.99
139	69.99
140	69.99
141	69.99
142	69.99
143	69.99
144	69.99
145	69.99
146	69.99
147	69.99
148	69.99
149	69.99
150	69.99
151	69.99
152	69.99
153	69.99
154	69.99
155	69.99
156	69.99
157	69.99
158	69.99
159	69.99
160	69.99
161	69.99
162	69.99
163	69.99
164	69.99
165	69.99
166	69.99
167	69.99
168	69.99
169	69.99
170	69.99
171	69.99
172	69.99
173	69.99
174	69.99
175	69.99
176	69.99
177	69.99
178	69.99
179	69.99
180	69.99
181	69.99
182	69.99
183	69.99
184	69.99
185	69.99
186	69.99
187	69.99
188	69.99
189	69.99
190	69.99
191	69.99
192	69.99
193	69.99
194	69.99
195	69.99
196	69.99
197	69.99
198	69.99
199	69.99
200	69.99
201	69.99
202	69.99
203	69.99
204	69.99
205	69.99
206	69.99
207	69.99
208	69.99
209	69.99
210	69.99
211	69.99
212	69.99
213	69.99
214	69.99
215	69.99
216	69.99
217	69.99
218	69.99
219	69.99
220	69.99
221	69.99
222	69.99
223	69.99
224	69.99
225	69.99
226	69.99
227	69.99
228	69.99
229	69.99
230	69.99
231	69.99
232	69.99
233	69.99
234	69.99
235	69.99
236	69.99
237	69.99
238	69.99
239	69.99
240	69.99
241	69.99
242	69.99
243	69.99
244	69.99
245	69.99
246	69.99
247	69.99
248	69.99
249	69.99
250	69.99
251	69.99
252	69.99
253	69.99
254	69.99
255	69.99
256	69.99
257	69.99
258	69.99
259	69.99
260	69.99
261	69.99
262	69.99
263	69.99
264	69.99
265	69.99
266	69.99
267	69.99
268	69.99
269	69.99
270	69.99
271	69.99
272	69.99
273	69.99
274	69.99
275	69.99
276	69.99
277	69.99
278	69.99
279	69.99
280	69.99
281	69.99
282	69.99
283	69.99
284	69.99
285	69.99
286	69.99
287	69.99
288	69.99
289	69.99
290	69.99
291	69.99
292	69.99
293	69.99
294	69.99
295	69.99
296	69.99
297	69.99
298	69.99
299	69.99
300	69.99
301	69.99
302	69.99
303	69.99
304	69.99
305	69.99
306	69.99
307	69.99
308	69.99
309	69.99
310	69.99
311	69.99
312	69.99
313	69.99
314	69.99
315	69.99
316	69.99
317	69.99
318	69.99
319	69.99
320	69.99
321	69.99
322	69.99
323	69.99
324	69.99
325	69.99
326	69.99
327	69.99
328	69.99
329	69.99
330	69.99
331	69.99
332	69.99
333	69.99
334	69.99
335	69.99
336	69.99
337	69.99
338	69.99
339	69.99
340	69.99
341	69.99
342	69.99
343	69.99
344	69.99
345	69.99
346	69.99
347	69.99
348	69.99
349	69.99
350	69.99
351	69.99
352	69.99
353	69.99
354	69.99
355	69.99
356	69.99
357	69.99
358	69.99
359	69.99
360	69.99
361	69.99
362	69.99
363	69.99
364	69.99
365	69.99
366	69.99
367	69.99
368	69.99
369	69.99
370	69.99
371	69.99
372	69.99
373	69.99
374	69.99
375	69.99
376	69.99
377	69.99
378	69.99
379	69.99
380	69.99
381	69.99
382	69.99
383	69.99
384	69.99
385	69.99
386	69.99
387	69.99
388	69.99
389	69.99
390	69.99
391	69.99
392	69.99
393	69.99
394	69.99
395	69.99
396	69.99
397	69.99
398	69.99
399	69.99
400	69.99
401	69.99
402	69.99
403	69.99
404	69.99
405	69.99
406	69.99
407	69.99
408	69.99
409	69.99
410	69.99
411	69.99
412	69.99
413	69.99
414	69.99
415	69.99
416	69.99
417	69.99
418	69.99
419	69.99
420	69.99
421	69.99
422	69.99
423	69.99
424	69.99
425	69.99
426	69.99
427	69.99
428	69.99
429	69.99
430	69.99
431	69.99
432	69.99
433	69.99
434	69.99
435	69.99
436	69.99
437	69.99
438	69.99
439	69.99
440	69.99
441	69.99
442	69.99
443	69.99
444	69.99
445	69.99
446	69.99
447	69.99
448	69.99
449	69.99
450	69.99
451	69.99
452	69.99
453	69.99
454	69.99
455	69.99
456	69.99
457	69.99
458	69.99
459	69.99
460	69.99
461	69.99
462	69.99
463	69.99
464	69.99
465	69.99
466	69.99
467	69.99
468	69.99
469	69.99
470	69.99
471	69.99
472	69.99
473	69.99
474	69.99
475	69.99
476	69.99
477	69.99
478	69.99
479	69.99
480	69.99
481	69.99
482	69.99
483	69.99
484	69.99
485	69.99
486	69.99
487	69.99
488	69.99
489	69.99
490	69.99
491	69.99
492	69.99
493	69.99
494	69.99
495	69.99
496	69.99
497	69.99
498	69.99
499	69.99
500	69.99
501	69.99
502	69.99
503	69.99
504	69.99
505	69.99
506	69.99
507	69.99
508	69.99
509	69.99
510	69.99
511	69.99
512	69.99
513	69.99
514	69.99
515	69.99
516	69.99
517	69.99
518	69.99
519	69.99
520	69.99
521	69.99
522	69.99
523	69.99
524	69.99
525	69.99
526	69.99
527	69.99
528	69.99
529	69.99
530	69.99
531	69.99
532	69.99
533	69.99
534	69.99
535	69.99
536	69.99
537	69.99
538	69.99
539	69.99
540	69.99
541	69.99
542	69.99
543	69.99
544	69.99
545	69.99
546	69.99
547	69.99
548	69.99
549	69.99
550	69.99
551	69.99
552	69.99
553	69.99
554	69.99
555	69.99
556	69.99
557	69.99
558	69.99
559	69.99
560	69.99
561	69.99
562	69.99
563	69.99
564	69.99
565	69.99
566	69.99
567	69.99
568	69.99
569	69.99
570	69.99
571	69.99
572	69.99
573	69.99
574	69.99
575	69.99
576	69.99
577	69.99
578	69.99
579	69.99
580	69.99
581	69.99
582	69.99
583	69.99
584	69.99
585	69.99
586	69.99
587	69.99
588	69.99
589	69.99
590	69.99
591	69.99
592	69.99
593	69.99
594	69.99
595	69.99
596	69.99
597	69.99
598	69.99
599	69.99
600	69.99
601	69.99
602	69.99
603	69.99
604	69.99
605	69.99
606	69.99
607	69.99
608	69.99
609	69.99
610	69.99
611	69.99
612	69.99
613	69.99
614	69.99
615	69.99
616	69.99
617	69.99
618	69.99
619	69.99
620	69.99
621	69.99
622	69.99
623	69.99
624	69.99
625	69.99
626	69.99
627	69.99
628	69.99
629	69.99
630	69.99
631	69.99
632	69.99
633	69.99
634	69.99
635	69.99
636	69.99
637	69.99
638	69.99
639	69.99
640	69.99
641	69.99
642	69.99
643	69.99
644	69.99
645	69.99
646	69.99
647	69.99
648	69.99
649	69.99
650	69.99
651	69.99
652	69.99
653	69.99
654	69.99
655	69.99
656	69.99
657	69.99
658	69.99
659	69.99
660	69.99
661	69.99
662	69.99
663	69.99
664	69.99
665	69.99
666	69.99
667	69.99
668	69.99
669	69.99
670	69.99
671	69.99
672	69.99
673	69.99
674	69.99
675	69.99
676	69.99
677	69.99
678	69.99
679	69.99
680	69.99
681	69.99
682	69.99
683	69.99
684	69.99
685	69.99
686	69.99
687	69.99
688	69.99
689	69.99
690	69.99
691	69.99
692	69.99
693	69.99
694	69.99
695	69.99
696	69.99
697	69.99
698	69.99
699	69.99
700	69.99
701	69.99
702	69.99
703	69.99
704	69.99
705	69.99
706	69.99
707	69.99
708	69.99
709	69.99
710	69.99
711	69.99
712	69.99
713	69.99
714	69.99
715	69.99
716	69.99
717	69.99
718	69.99
719	69.99
720	69.99
721	69.99
722	69.99
723	69.99
724	69.99
725	69.99
726	69.99
727	69.99
728	69.99
729	69.99
730	69.99
731	69.99
732	69.99
733	69.99
734	69.99
735	69.99
736	69.99
737	69.99
738	69.99
739	69.99
740	69.99
741	69.99
742	69.99
743	69.99
744	69.99
745	69.99
746	69.99
747	69.99
748	69.99
749	69.99
750	69.99
751	69.99
752	69.99
753	69.99
754	69.99
755	69.99
756	69.99
757	69.99
758	69.99
759	69.99
760	69.99
761	69.99
762	69.99
763	69.99
764	69.99
765	69.99
766	69.99
767	69.99
768	69.99
769	69.99
770	69.99
771	69.99
772	69.99
773	69.99
774	69.99
775	69.99
776	69.99
777	69.99
778	69.99
779	69.99
780	69.99
781	69.99
782	69.99
783	69.99
784	69.99
785	69.99
786	69.99
787	69.99
788	69.99
789	69.99
790	69.99
791	69.99
792	69.99
793	69.99
794	69.99
795	69.99
796	69.99
797	69.99
798	69.99
799	69.99
800	69.99
801	69.99
802	69.99
803	69.99
804	69.99
805	69.99
806	69.99
807	69.99
808	69.99
809	69.99
810	69.99
811	69.99
812	69.99
813	69.99
814	69.99
815	69.99
816	69.99
817	69.99
818	69.99
819	69.99
820	69.99
821	69.99
822	69.99
823	69.99
824	69.99
825	69.99
826	69.99
827	69.99
828	69.99
829	69.99
830	69.99
831	69.99
832	69.99
833	69.99
834	69.99
835	69.99
836	69.99
837	69.99
838	69.99
839	69.99
840	69.99
841	69.99
842	69.99
843	69.99
844	69.99
845	69.99
846	69.99
847	69.99
848	69.99
849	69.99
850	69.99
851	69.99
852	69.99
853	69.99
854	69.99
855	69.99
856	69.99
857	69.99
858	69.99
859	69.99
860	69.99
861	69.99
862	69.99
863	69.99
864	69.99
865	69.99
866	69.99
867	69.99
868	69.99
869	69.99
870	69.99
871	69.99
872	69.99
873	69.99
874	69.99
875	69.99
876	69.99
877	69.99
878	69.99
879	69.99
880	69.99
881	69.99
882	69.99
883	69.99
884	69.99
885	69.99
886	69.99
887	69.99
888	69.99
889	69.99
890	69.99
891	69.99
892	69.99
893	69.99
894	69.99
895	69.99
896	69.99
897	69.99
898	69.99
899	69.99
900	69.99
901	69.99
902	69.99
903	69.99
904	69.99
905	69.99
906	69.99
907	69.99
908	69.99
909	69.99
910	69.99
911	69.99
912	69.99
913	69.99
914	69.99
915	69.99
916	69.99
917	69.99
918	69.99
919	69.99
920	69.99
921	69.99
922	69.99
923	69.99
924	69.99
925	69.99
926	69.99
927	69.99
928	69.99
929	69.99
930	69.99
931	69.99
932	69.99
933	69.99
934	69.99
935	69.99
936	69.99
937	69.99
938	69.99
939	69.99
940	69.99
941	69.99
942	69.99
943	69.99
944	69.99
945	69.99
946	69.99
947	69.99
948	69.99
949	69.99
950	69.99
951	69.99
952	69.99
953	69.99
954	69.99
955	69.99
956	69.99
957	69.99
958	69.99
959	69.99
960	69.99
961	69.99
962	69.99
963	69.99
964	69.99
965	69.99
966	69.99
967	69.99
968	69.99
969	69.99
970	69.99
971	69.99
972	69.99
973	69.99
974	69.99
975	69.99
976	69.99
977	69.99
978	69.99
979	69.99
980	69.99
981	69.99
982	69.99
983	69.99
984	69.99
985	69.99
986	69.99
987	69.99
988	69.99
989	69.99
990	69.99
991	69.99
992	69.99
993	69.99
994	69.99
995	69.99
996	69.99
997	69.99
998	69.99
999	69.99
1000	69.99
1001	69.99
1002	69.99
1003	69.99
1004	69.99
1005	69.99
1006	69.99
1007	69.99
1008	69.99
1009	69.99
1010	69.99
1011	69.99
1012	69.99
1013	69.99
1014	69.99
1015	69.99
1016	69.99
1017	69.99
1018	69.99
1019	69.99
1020	69.99
1021	69.99
1022	69.99
1023	69.99
1024	69.99
1025	69.99
1026	69.99
1027	69.99
1028	69.99
1029	69.99
1030	69.99
1031	69.99
1032	69.99
1033	69.99
1034	69.99
1035	69.99
1036	69.99
1037	69.99
1038	69.99
1039	69.99
1040	69.99
1041	69.99
1042	69.99
1043	69.99
1044	69.99
1045	69.99
1046	69.99
1047	69.99
1048	69.99
1049	69.99
1050	69.99
1051	69.99
1052	69.99
1053	69.99
1054	69.99
1055	69.99
1056	69.99
1057	69.99
1058	69.99
1059	69.99
1060	69.99
1061	69.99
1062	69.99
1063	69.99
1064	69.99
1065	69.99
1066	69.99
1067	69.99
1068	69.99
1069	69.99
1070	69.99
1071	69.99
1072	69.99
1073	69.99
1074	69.99
1075	69.99
1076	69.99
1077	69.99
1078	69.99
1079	69.99
1080	69.99
1081	69.99
1082	69.99
1083	69.99
1084	69.99
1085	69.99
1086	69.99
1087	69.99
1088	69.99
1089	69.99
1090	69.99
1091	69.99
1092	69.99
1093	69.99
1094	69.99
1095	69.99
1096	69.99
1097	69.99
1098	69.99
1099	69.99
1100	69.99
1101	69.99
1102	69.99
1103	69.99
1104	69.99
1105	69.99
1106	69.99
1107	69.99
1108	69.99
1109	69.99
1110	69.99
1111	69.99
1112	69.99
1113	69.99
1114	69.99
1115	69.99
1116	69.99
1117	69.99
1118	69.99
1119	69.99
1120	69.99
1121	69.99
1122	69.99
1123	69.99
1124	69.99
1125	69.99
1126	69.99
1127	69.99
1128	69.99
1129	69.99
1130	69.99
1131	69.99
1132	69.99
1133	69.99
1134	69.99
1135	69.99
1136	69.99
1137	69.99
1138	69.99
1139	69.99
1140	69.99
1141	69.99
1142	69.99
1143	69.99
1144	69.99
1145	69.99
1146	69.99
1147	69.99
1148	69.99
1149	69.99
1150	69.99
1151	69.99
1152	69.99
1153	69.99
1154	69.99
1155	69.99
1156	69.99
1157	69.99
1158	69.99
1159	69.99
1160	69.99
1161	69.99
1162	69.99
1163	69.99
1164	69.99
1165	69.99
1166	69.99
1167	69.99
1168	69.99
1169	69.99
1170	69.99
1171	69.99
1172	69.99
1173	69.99
1174	69.99
1175	69.99
1176	69.99
1177	69.99
1178	69.99
1179	69.99
1180	69.99
1181	69.99
1182	69.99
1183	69.99
1184	69.99
1185	69.99
1186	69.99
1187	69.99
1188	69.99
1189	69.99
1190	69.99
1191	69.99
1192	69.99
1193	69.99
1194	69.99
1195	69.99
1196	69.99
1197	69.99
1198	69.99
1199	69.99
1200	69.99
1201	69.99
1202	69.99
1203	69.99
1204	69.99
1205	69.99
1206	69.99
1207	69.99
1208	69.99
1209	69.99
1210	69.99
1211	69.99
1212	69.99
1213	69.99
1214	69.99
1215	69.99
1216	69.99
1217	69.99
1218	69.99
1219	69.99
1220	69.99
1221	69.99
1222	69.99
1223	69.99
1224	69.99
1225	69.99
1226	69.99
1227	69.99
1228	69.99
1229	69.99
1230	69.99
1231	69.99
1232	69.99
1233	69.99
1234	69.99
1235	69.99
1236	69.99
1237	69.99
1238	69.99
1239	69.99
1240	69.99
1241	69.99
1242	69.99
1243	69.99
1244	69.99
1245	69.99
1246	69.99
1247	69.99
1248	69.99
1249	69.99
1250	69.99
1251	69.99
1252	69.99
1253	69.99
1254	69.99
1255	69.99
1256	69.99
1257	69.99
1258	69.99
1259	69.99
1260	69.99
1261	69.99
1262	69.99
1263	69.99
1264	69.99
1265	69.99
1266	69.99
1267	69.99
1268	69.99
1269	69.99
1270	69.99
1271	69.99
1272	69.99
1273	69.99
1274	69.99
1275	69.99
1276	69.99
1277	69.99
1278	69.99
1279	69.99
1280	69.99
1281	69.99
1282	69.99
1283	69.99
1284	69.99
1285	69.99
1286	69.99
1287	69.99
1288	69.99
1289	69.99
1290	69.99
1291	69.99
1292	69.99
1293	69.99
1294	69.99
1295	69.99
1296	69.99
1297	69.99
1298	69.99
1299	69.99
1300	69.99
1301	69.99
1302	69.99
1303	69.99
1304	69.99
1305	69.99
1306	69.99
1307	69.99
1308	69.99
1309	69.99
1310	69.99
1311	69.99
1312	69.99
1313	69.99
1314	69.99
1315	69.99
1316	69.99
1317	69.99
1318	69.99
1319	69.99
1320	69.99
1321	69.99
1322	69.99
1323	69.99
1324	69.99
1325	69.99
1326	69.99
1327	69.99
1328	69.99
1329	69.99
1330	69.99
1331	69.99
1332	69.99
1333	69.99
1334	69.99
1335	69.99
1336	69.99
1337	69.99
1338	69.99
1339	69.99
1340	69.99
1341	69.99
1342	69.99
1343	69.99
1344	69.99
1345	69.99
1346	69.99
1347	69.99
1348	69.99
1349	69.99
1350	69.99
1351	69.99
1352	69.99
1353	69.99
1354	69.99
1355	69.99
1356	69.99
1357	69.99
1358	69.99
1359	69.99
1360	69.99
1361	69.99
1362	69.99
1363	69.99
1364	69.99
1365	69.99
1366	69.99
1367	69.99
1368	69.99
1369	69.99
1370	69.99
1371	69.99
1372	69.99
1373	69.99
1374	69.99
1375	69.99
1376	69.99
1377	69.99
1378	69.99
1379	69.99
1380	69.99
1381	69.99
1382	69.99
1383	69.99
1384	69.99
1385	69.99
1386	69.99
1387	69.99
1388	69.99
1389	69.99
1390	69.99
1391	69.99
1392	69.99
1393	69.99
1394	69.99
1395	69.99
1396	69.99
1397	69.99
1398	69.99
1399	69.99
1400	69.99
1401	69.99
1402	69.99
1403	69.99
1404	69.99
1405	69.99
1406	69.99
1407	69.99
1408	69.99
1409	69.99
1410	69.99
1411	69.99
1412	69.99
1413	69.99
1414	69.99
1415	69.99
1416	69.99
1417	69.99
1418	69.99
1419	69.99
1420	69.99
1421	69.99
1422	69.99
1423	69.99
1424	69.99
1425	69.99
1426	69.99
1427	69.99
1428	69.99
1429	69.99
1430	69.99
1431	69.99
1432	69.99
1433	69.99
1434	69.99
1435	69.99
1436	69.99
1437	69.99
1438	69.99
1439	69.99
1440	69.99
1441	69.99
1442	69.99
1443	69.99
1444	69.99
1445	69.99
1446	69.99
1447	69.99
1448	69.99
1449	69.99
1450	69.99
1451	69.99
1452	69.99
1453	69.99
1454	69.99
1455	69.99
1456	69.99
1457	69.99
1458	69.99
1459	69.99
1460	69.99
1461	69.99
1462	69.99
1463	69.99
1464	69.99
1465	69.99
1466	69.99
1467	69.99
1468	69.99
1469	69.99
1470	69.99
1471	69.99
1472	69.99
1473	69.99
1474	69.99
1475	69.99
1476	69.99
1477	69.99
1478	69.99
1479	69.99
1480	69.99
1481	69.99
1482	69.99
1483	69.99
1484	69.99
1485	69.99
1486	69.99
1487	69.99
1488	69.99
1489	69.99
1490	69.99
1491	69.99
1492	69.99
1493	69.99
1494	69.99
1495	69.99
1496	69.99
1497	69.99
1498	69.99
1499	69.99
1500	69.99
1501	69.99
1502	69.99
1503	69.99
1504	69.99
1505	69.99
1506	69.99
1507	69.99
1508	69.99
1509	69.99
1510	69.99
1511	69.99
1512	69.99
1513	69.99
1514	69.99
1515	69.99
1516	69.99
1517	69.99
1518	69.99
1519	69.99
1520	69.99
1521	69.99
1522	69.99
1523	69.99
1524	69.99
1525	69.99
1526	69.99
1527	69.99
1528	69.99
1529	69.99
1530	69.99
1531	69.99
1532	69.99
1533	69.99
1534	69.99
1535	69.99
1536	69.99
1537	69.99
1538	69.99
1539	69.99
1540	69.99
1541	69.99
1542	69.99
1543	69.99
1544	69.99
1545	69.99
1546	69.99
1547	69.99
1548	69.99
1549	69.99
1550	69.99
1551	69.99
1552	69.99
1553	69.99
1554	69.99
1555	69.99
1556	69.99
1557	69.99
1558	69.99
1559	69.99
1560	69.99
1561	69.99
1562	69.99
1563	69.99
1564	69.99
1565	69.99
1566	69.99
1567	69.99
1568	69.99
1569	69.99
1570	69.99
1571	69.99
1572	69.99
1573	69.99
1574	69.99
1575	69.99
1576	69.99
1577	69.99
1578	69.99
1579	69.99
1580	69.99
1581	69.99
1582	69.99
1583	69.99
1584	69.99
1585	69.99
1586	69.99
1587	69.99
1588	69.99
1589	69.99
1590	69.99
1591	69.99
1592	69.99
1593	69.99
1594	69.99
1595	69.99
1596	69.99
1597	69.99
1598	69.99
1599	69.99
1600	69.99
1601	69.99
1602	69.99
1603	69.99
1604	69.99
1605	69.99
1606	69.99
1607	69.99
1608	69.99
1609	69.99
1610	69.99
1611	69.99
1612	69.99
1613	69.99
1614	69.99
1615	69.99
1616	69.99
1617	69.99
1618	69.99
1619	69.99
1620	69.99
1621	69.99
1622	69.99
1623	69.99
1624	69.99
1625	69.99
1626	69.99
1627	69.99
1628	69.99
1629	69.99
1630	69.99
1631	69.99
1632	69.99
1633	69.99
1634	69.99
1635	69.99
1636	69.99
1637	69.99
1638	69.99
1639	69.99
1640	69.99
1641	69.99
1642	69.99
1643	69.99
1644	69.99
1645	69.99
1646	69.99
1647	69.99
1648	69.99
1649	69.99
1650	69.99
1651	69.99
1652	69.99
1653	69.99
1654	69.99
1655	69.99
1656	69.99
1657	69.99
1658	69.99
1659	69.99
1660	69.99
1661	69.99
1662	69.99
1663	69.99
1664	69.99
1665	69.99
1666	69.99
1667	69.99
1668	69.99
1669	69.99
1670	69.99
1671	69.99
1672	69.99
1673	69.99
1674	69.99
1675	69.99
1676	69.99
1677	69.99
1678	69.99
1679	69.99
1680	69.99
1681	69.99
1682	69.99
1683	69.99
1684	69.99
1685	69.99
1686	69.99
1687	69.99
1688	69.99
1689	69.99
1690	69.99
1691	69.99
1692	69.99
1693	69.99
1694	69.99
1695	69.99
1696	69.99
1697	69.99
1698	69.99
1699	69.99
1700	69.99
1701	69.99
1702	69.99
1703	69.99
1704	69.99
1705	69.99
1706	69.99
1707	69.99
1708	69.99
1709	69.99
1710	69.99
1711	69.99
1712	69.99
1713	69.99
1714	69.99
1715	69.99
1716	69.99
1717	69.99
1718	69.99
1719	69.99
1720	69.99
1721	69.99
1722	69.99
1723	69.99
1724	69.99
1725	69.99
1726	69.99
1727	69.99
1728	69.99
1729	69.99
1730	69.99
1731	69.99
1732	69.99
1733	69.99
1734	69.99
1735	69.99
1736	69.99
1737	69.99
1738	69.99
1739	69.99
1740	69.99
1741	69.99
1742	69.99
1743	69.99
1744	69.99
1745	69.99
1746	69.99
1747	69.99
1748	69.99
1749	69.99
1750	69.99
1751	69.99
1752	69.99
1753	69.99
1754	69.99
1755	69.99
1756	69.99
1757	69.99
1758	69.99
1759	69.99
1760	69.99
1761	69.99
1762	69.99
1763	69.99
1764	69.99
1765	69.99
1766	69.99
1767	69.99
1768	69.99
1769	69.99
1770	69.99
1771	69.99
1772	69.99
1773	69.99
1774	69.99
1775	69.99
1776	69.99
1777	69.99
1778	69.99
1779	69.99
1780	69.99
1781	69.99
1782	69.99
1783	69.99
1784	69.99
1785	69.99
1786	69.99
1787	69.99
1788	69.99
1789	69.99
1790	69.99
1791	69.99
1792	69.99
1793	69.99
1794	69.99
1795	69.99
1796	69.99
1797	69.99
1798	69.99
1799	69.99
1800	69.99
1801	69.99
1802	69.99
1803	69.99
1804	69.99
1805	69.99
1806	69.99
1807	69.99
1808	69.99
1809	69.99
1810	69.99
1811	69.99
1812	69.99
1813	69.99
1814	69.99
1815	69.99
1816	69.99
1817	69.99
1818	69.99
1819	69.99
1820	69.99
1821	69.99
1822	69.99
1823	69.99
1824	69.99
1825	69.99
1826	69.99
1827	69.99
1828	69.99
1829	69.99
1830	69.99
1831	69.99
1832	69.99
1833	69.99
1834	69.99
1835	69.99
1836	69.99
1837	69.99
1838	69.99
1839	69.99
1840	69.99
1841	69.99
1842	69.99
1843	69.99
1844	69.99
1845	69.99
1846	69.99
1847	69.99
1848	69.99
1849	69.99
1850	69.99
1851	69.99
1852	69.99
1853	69.99
1854	69.99
1855	69.99
1856	69.99
1857	69.99
1858	69.99
1859	69.99
1860	69.99
1861	69.99
1862	69.99
1863	69.99
1864	69.99
1865	69.99
1866	69.99
1867	69.99
1868	69.99
1869	69.99
1870	69.99
1871	69.99
1872	69.99
1873	69.99
1874	69.99
1875	69.99
1876	69.99
1877	69.99
1878	69.99
1879	69.99
1880	69.99
1881	69.99
1882	69.99
1883	69.99
1884	69.99
1885	69.99
1886	69.99
1887	69.99
1888	69.99
1889	69.99
1890	69.99
1891	69.99
1892	69.99
1893	69.99
1894	69.99
1895	69.99
1896	69.99
1897	69.99
1898	69.99
1899	69.99
1900	69.99
1901	69.99
1902	69.99
1903	69.99
1904	69.99
1905	69.99
1906	69.99
1907	69.99
1908	69.99
1909	69.99
1910	69.99
1911	69.99
1912	69.99
1913	69.99
1914	69.99
1915	69.99
1916	69.99
1917	69.99
1918	69.99
1919	69.99
1920	69.99
1921	69.99
1922	69.99
1923	69.99
1924	69.99
1925	69.99
1926	69.99
1927	69.99
1928	69.99
1929	69.99
1930	69.99
1931	69.99
1932	69.99
1933	69.99
1934	69.99
1935	69.99
1936	69.99
1937	69.99
1938	69.99
1939	69.99
1940	69.99
1941	69.99
1942	69.99
1943	69.99
1944	69.99
1945	69.99
1946	69.99
1947	69.99
1948	69.99
1949	69.99
1950	69.99
1951	69.99
1952	69.99
1953	69.99
1954	69.99
1955	69.99
1956	69.99
1957	69.99
1958	69.99
1959	69.99
1960	69.99
1961	69.99
1962	69.99
1963	69.99
1964	69.99
1965	69.99
1966	69.99
1967	69.99
1968	69.99
1969	69.99
1970	69.99
1971	69.99
1972	69.99
1973	69.99
1974	69.99
1975	69.99
1976	69.99
1977	69.99
1978	69.99
1979	69.99
1980	69.99
1981	69.99
1982	69.99
1983	69.99
1984	69.99
1985	69.99
1986	69.99
1987	69.99
1988	69.99
1989	69.99
1990	69.99
1991	69.99
1992	69.99
1993	69.99
1994	69.99
1995	69.99
1996	69.99
1997	69.99
1998	69.99
1999	69.99
2000	69.99
2001	69.99
2002	69.99
2003	69.99
2004	69.99
2005	69.99
2006	69.99
2007	69.99
2008	69.99
2009	69.99
2010	69.99
2011	69.99
2012	69.99
2013	69.99
2014	69.99
2015	69.99
2016	69.99
2017	69.99
2018	69.99
2019	69.99
2020	69.99
2021	69.99
2022	69.99
2023	69.99
2024	69.99
2025	69.99
2026	69.99
2027	69.99
2028	69.99
2029	69.99
2030	69.99
2031	69.99
2032	69.99
2033	69.99
2034	69.99
2035	69.99
2036	69.99
2037	69.99
2038	69.99
2039	69.99
2040	69.99
2041	69.99
2042	69.99
2043	69.99
2044	69.99
2045	69.99
2046	69.99
2047	69.99
2048	69.99
2049	69.99
2050	69.99
2051	69.99
2052	69.99
2053	69.99
2054	69.99
2055	69.99
2056	69.99
2057	69.99
2058	69.99
2059	69.99
2060	69.99
2061	69.99
2062	69.99
2063	69.99
2064	69.99
2065	69.99
2066	69.99
2067	69.99
2068	69.99
2069	69.99
2070	69.99
2071	69.99
2072	69.99
2073	69.99
2074	69.99
2075	69.99
2076	69.99
2077	69.99
2078	69.99
2079	69.99
2080	69.99
2081	69.99
2082	69.99
2083	69.99
2084	69.99
2085	69.99
2086	69.99
2087	69.99
2088	69.99
2089	69.99
2090	69.99
2091	69.99
2092	69.99
2093	69.99
2094	69.99
2095	69.99
2096	69.99
2097	69.99
2098	69.99
2099	69.99
2100	69.99
2101	69.99
2102	69.99
2103	69.99
2104	69.99
2105	69.99
2106	69.99
2107	69.99
2108	69.99
2109	69.99
2110	69.99
2111	69.99
2112	69.99
2113	69.99
2114	69.99
2115	69.99
2116	69.99
2117	69.99
2118	69.99
2119	69.99
2120	69.99
2121	69.99
2122	69.99
2123	69.99
2124	69.99
2125	69.99
2126	69.99
2127	69.99
2128	69.99
2129	69.99
2130	69.99
2131	69.99
2132	69.99
2133	69.99
2134	69.99
2135	69.99
2136	69.99
2137	69.99
2138	69.99
2139	69.99
2140	69.99
2141	69.99
2142	69.99
2143	69.99
2144	69.99
2145	69.99
2146	69.99
2147	69.99
2148	69.99
2149	69.99
2150	69.99
2151	69.99
2152	69.99
2153	69.99
2154	69.99
2155	69.99
2156	69.99
2157	69.99
2158	69.99
2159	69.99
2160	69.99
2161	69.99
2162	69.99
2163	69.99
2164	69.99
2165	69.99
2166	69.99
2167	69.99
2168	69.99
2169	69.99
2170	69.99
2171	69.99
2172	69.99
2173	69.99
2174	69.99
2175	69.99
2176	69.99
2177	69.99
2178	69.99
2179	69.99
2180	69.99
2181	69.99
2182	69.99
2183	69.99
2184	69.99
2185	69.99
2186	69.99
2187	69.99
2188	69.99
2189	69.99
2190	69.99
2191	69.99
2192	69.99
2193	69.99
2194	69.99
2195	69.99
2196	69.99
2197	69.99
2198	69.99
2199	69.99
2200	69.99
2201	69.99
2202	69.99
2203	69.99
2204	69.99
2205	69.99
2206	69.99
2207	69.99
2208	69.99
2209	69.99
2210	69.99
2211	69.99
2212	69.99
2213	69.99
2214	69.99
2215	69.99
2216	69.99
2217	69.99
2218	69.99
2219	69.99
2220	69.99
2221	69.99
2222	69.99
2223	69.99
2224	69.99
2225	69.99
2226	69.99
2227	69.99
2228	69.99
2229	69.99
2230	69.99
2231	69.99
2232	69.99
2233	69.99
2234	69.99
2235	69.99
2236	69.99
2237	69.99
2238	69.99
2239	69.99
2240	69.99
2241	69.99
2242	69.99
2243	69.99
2244	69.99
2245	69.99
2246	69.99
2247	69.99
2248	69.99
2249	69.99
2250	69.99
2251	69.99
2252	69.99
2253	69.99
2254	69.99
2255	69.99
2256	69.99
2257	69.99
2258	69.99
2259	69.99
2260	69.99
2261	69.99
2262	69.99
2263	69.99
2264	69.99
2265	69.99
2266	69.99
2267	69.99
2268	69.99
2269	69.99
2270	69.99
2271	69.99
2272	69.99
2273	69.99
2274	69.99
2275	69.99
2276	69.99
2277	69.99
2278	69.99
2279	69.99
2280	69.99
2281	69.99
2282	69.99
2283	69.99
2284	69.99
2285	69.99
2286	69.99
2287	69.99
2288	69.99
2289	69.99
2290	69.99
2291	69.99
2292	69.99
2293	69.99
2294	69.99
2295	69.99
2296	69.99
2297	69.99
2298	69.99
2299	69.99
2300	69.99
2301	69.99
2302	69.99
2303	69.99
2304	69.99
2305	69.99
2306	69.99
2307	69.99
2308	69.99
2309	69.99
2310	69.99
2311	69.99
2312	69.99
2313	69.99
2314	69.99
2315	69.99
2316	69.99
2317	69.99
2318	69.99
2319	69.99
2320	69.99
2321	69.99
2322	69.99
2323	69.99
2324	69.99
2325	69.99
2326	69.99
2327	69.99
2328	69.99
2329	69.99
2330	69.99
2331	69.99
2332	69.99
2333	69.99
2334	69.99
2335	69.99
2336	69.99
2337	69.99
2338	69.99
2339	69.99
2340	69.99
2341	69.99
2342	69.99
2343	69.99
2344	69.99
2345	69.99
2346	69.99
2347	69.99
2348	69.99
2349	69.99
2350	69.99
2351	69.99
2352	69.99
2353	69.99
2354	69.99
2355	69.99
2356	69.99
2357	69.99
2358	69.99
2359	69.99
2360	69.99
2361	69.99
2362	69.99
2363	69.99
2364	69.99
2365	69.99
2366	69.99
2367	69.99
2368	69.99
2369	69.99
2370	69.99
2371	69.99
2372	69.99
2373	69.99
2374	69.99
2375	69.99
2376	69.99
2377	69.99
2378	69.99
2379	69.99
2380	69.99
2381	69.99
2382	69.99
2383	69.99
2384	69.99
2385	69.99
2386	69.99
2387	69.99
2388	69.99
2389	69.99
2390	69.99
2391	69.99
2392	69.99
2393	69.99
2394	69.99
2395	69.99
2396	69.99
2397	69.99
2398	69.99
2399	69.99
2400	69.99
2401	69.99
2402	69.99
2403	69.99
2404	69.99
2405	69.99
2406	69.99
2407	69.99
2408	69.99
2409	69.99
2410	69.99
2411	69.99
2412	69.99
2413	69.99
2414	69.99
2415	69.99
2416	69.99
2417	69.99
2418	69.99
2419	69.99
2420	69.99
2421	69.99
2422	69.99
2423	69.99
2424	69.99
2425	69.99
2426	69.99
2427	69.99
2428	69.99
2429	69.99
2430	69.99
2431	69.99
2432	69.99
2433	69.99
2434	69.99
2435	69.99
2436	69.99
2437	69.99
2438	69.99
2439	69.99
2440	69.99
2441	69.99
2442	69.99
2443	69.99
2444	69.99
2445	69.99
2446	69.99
2447	69.99
2448	69.99
2449	69.99
2450	69.99
2451	69.99
2452	69.99
2453	69.99
2454	69.99
2455	69.99
2456	69.99
2457	69.99
2458	69.99
2459	69.99
2460	69.99
2461	69.99
2462	69.99
2463	69.99
2464	69.99
2465	69.99
2466	69.99
2467	69.99
2468	69.99
2469	69.99
2470	69.99
2471	69.99
2472	69.99
2473	69.99
2474	69.99
2475	69.99
2476	69.99
2477	69.99
2478	69.99
2479	69.99
2480	69.99
2481	69.99
2482	69.99
2483	69.99
2484	69.99
2485	69.99
2486	69.99
2487	69.99
2488	69.99
2489	69.99
2490	69.99
2491	69.99
2492	69.99
2493	69.99
2494	69.99
2495	69.99
2496	69.99
2497	69.99
2498	69.99
2499	69.99
2500	69.99
2501	69.99
2502	69.99
2503	69.99
2504	69.99
2505	69.99
2506	69.99
2507	69.99
2508	69.99
2509	69.99
2510	69.99
2511	69.99
2512	69.99
2513	69.99
2514	69.99
2515	69.99
2516	69.99
2517	69.99
2518	69.99
2519	69.99
2520	69.99
2521	69.99
2522	69.99
2523	69.99
2524	69.99
2525	69.99
2526	69.99
2527	69.99
2528	69.99
2529	69.99
2530	69.99
2531	69.99
2532	69.99
2533	69.99
2534	69.99
2535	69.99
2536	69.99
2537	69.99
2538	69.99
2539	69.99
2540	69.99
2541	69.99
2542	69.99
2543	69.99
2544	69.99
2545	69.99
2546	69.99
2547	69.99
2548	69.99
2549	69.99
2550	69.99
2551	69.99
2552	69.99
2553	69.99
2554	69.99
2555	69.99
2556	69.99
2557	69.99
2558	69.99
2559	69.99
2560	69.99
2561	69.99
2562	69.99
2563	69.99
2564	69.99
2565	69.99
2566	69.99
2567	69.99
2568	69.99
2569	69.99
2570	69.99
2571	69.99
2572	69.99
2573	69.99
2574	69.99
2575	69.99
2576	69.99
2577	69.99
2578	69.99
2579	69.99
2580	69.99
2581	69.99
2582	69.99
2583	69.99
2584	69.99
2585	69.99
2586	69.99
2587	69.99
2588	69.99
2589	69.99
2590	69.99
2591	69.99
2592	69.99
2593	69.99
2594	69.99
2595	69.99
2596	69.99
2597	69.99
2598	69.99
2599	69.99
2600	69.99
2601	69.99
2602	69.99
2603	69.99
2604	69.99
2605	69.99
2606	69.99
2607	69.99
2608	69.99
2609	69.99
2610	69.99
2611	69.99
2612	69.99
2613	69.99
2614	69.99
2615	69.99
2616	69.99
2617	69.99
2618	69.99
2619	69.99
2620	69.99
2621	69.99
2622	69.99
2623	69.99
2624	69.99
2625	69.99
2626	69.99
2627	69.99
2628	69.99
2629	69.99
2630	69.99
2631	69.99
2632	69.99
2633	69.99
2634	69.99
2635	69.99
2636	69.99
2637	69.99
2638	69.99
2639	69.99
2640	69.99
2641	69.99
2642	69.99
2643	69.99
2644	69.99
2645	69.99
2646	69.99
2647	69.99
2648	69.99
2649	69.99
2650	69.99
2651	69.99
2652	69.99
2653	69.99
2654	69.99
2655	69.99
2656	69.99
2657	69.99
2658	69.99
2659	69.99
2660	69.99
2661	69.99
2662	69.99
2663	69.99
2664	69.99
2665	69.99
2666	69.99
2667	69.99
2668	69.99
2669	69.99
2670	69.99
2671	69.99
2672	69.99
2673	69.99
2674	69.99
2675	69.99
2676	69.99
2677	69.99
2678	69.99
2679	69.99
2680	69.99
2681	69.99
2682	69.99
2683	69.99
2684	69.99
2685	69.99
2686	69.99
2687	69.99
2688	69.99
2689	69.99
2690	69.99
2691	69.99
2692	69.99
2693	69.99
2694	69.99
2695	69.99
2696	69.99
2697	69.99
2698	69.99
2699	69.99
2700	69.99
2701	69.99
2702	69.99
2703	69.99
2704	69.99
2705	69.99
2706	69.99
2707	69.99
2708	69.99
2709	69.99
2710	69.99
2711	69.99
2712	69.99
2713	69.99
2714	69.99
2715	69.99
2716	69.99
2717	69.99
2718	69.99
2719	69.99
2720	69.99
2721	69.99
2722	69.99
2723	69.99
2724	69.99
2725	69.99
2726	69.99
2727	69.99
2728	69.99
2729	69.99
2730	69.99
2731	69.99
2732	69.99
2733	69.99
2734	69.99
2735	69.99
2736	69.99
2737	69.99
2738	69.99
2739	69.99
2740	69.99
2741	69.99
2742	69.99
2743	69.99
2744	69.99
2745	69.99
2746	69.99
2747	69.99
2748	69.99
2749	69.99
2750	69.99
2751	69.99
2752	69.99
2753	69.99
2754	69.99
2755	69.99
2756	69.99
2757	69.99
2758	69.99
2759	69.99
2760	69.99
2761	69.99
2762	69.99
2763	69.99
2764	69.99
2765	69.99
2766	69.99
2767	69.99
2768	69.99
2769	69.99
2770	69.99
2771	69.99
2772	69.99
2773	69.99
2774	69.99
2775	69.99
2776	69.99
2777	69.99
2778	69.99
2779	69.99
2780	69.99
2781	69.99
2782	69.99
2783	69.99
2784	69.99
2785	69.99
2786	69.99
2787	69.99
2788	69.99
2789	69.99
2790	69.99
2791	69.99
2792	69.99
2793	69.99
2794	69.99
2795	69.99
2796	69.99
2797	69.99
2798	69.99
2799	69.99
2800	69.99
2801	69.99
2802	69.99
2803	69.99
2804	69.99
2805	69.99
2806	69.99
2807	69.99
2808	69.99
2809	69.99
2810	69.99
2811	69.99
2812	69.99
2813	69.99
2814	69.99
2815	69.99
2816	69.99
2817	69.99
2818	69.99
2819	69.99
2820	69.99
2821	69.99
2822	69.99
2823	69.99
2824	69.99
2825	69.99
2826	69.99
2827	69.99
2828	69.99
2829	69.99
2830	69.99
2831	69.99
2832	69.99
2833	69.99
2834	69.99
2835	69.99
2836	69.99
2837	69.99
2838	69.99
2839	69.99
2840	69.99
2841	69.99
2842	69.99
2843	69.99
2844	69.99
2845	69.99
2846	69.99
2847	69.99
2848	69.99
2849	69.99
2850	69.99
2851	69.99
2852	69.99
2853	69.99
2854	69.99
2855	69.99
2856	69.99
2857	69.99
2858	69.99
2859	69.99
2860	69.99
2861	69.99
2862	69.99
2863	69.99
2864	69.99
2865	69.99
2866	69.99
2867	69.99
2868	69.99
2869	69.99
2870	69.99
2871	69.99
2872	69.99
2873	69.99
2874	69.99
2875	69.99
2876	69.99
2877	69.99
2878	69.99
2879	69.99
2880	69.99
2881	69.99
2882	69.99
2883	69.99
2884	69.99
2885	69.99
2886	69.99
2887	69.99
2888	69.99
2889	69.99
2890	69.99
2891	69.99
2892	69.99
2893	69.99
2894	69.99
2895	69.99
2896	69.99
2897	69.99
2898	69.99
2899	69.99
2900	69.99
2901	69.99
2902	69.99
2903	69.99
2904	69.99
2905	69.99
2906	69.99
2907	69.99
2908	69.99
2909	69.99
2910	69.99
2911	69.99
2912	69.99
2913	69.99
2914	69.99
2915	69.99
2916	69.99
2917	69.99
2918	69.99
2919	69.99
2920	69.99
2921	69.99
2922	69.99
2923	69.99
2924	69.99
2925	69.99
2926	69.99
2927	69.99
2928	69.99
2929	69.99
2930	69.99
2931	69.99
2932	69.99
2933	69.99
2934	69.99
2935	69.99
2936	69.99
2937	69.99
2938	69.99
2939	69.99
2940	69.99
2941	69.99
2942	69.99
2943	69.99
2944	69.99
2945	69.99
2946	69.99
2947	69.99
2948	69.99
2949	69.99
2950	69.99
2951	69.99
2952	69.99
2953	69.99
2954	69.99
2955	69.99
2956	69.99
2957	69.99
2958	69.99
2959	69.99
2960	69.99
2961	69.99
2962	69.99
2963	69.99
2964	69.99
2965	69.99
2966	69.99
2967	69.99
2968	69.99
2969	69.99
2970	69.99
2971	69.99
2972	69.99
2973	69.99
2974	69.99
2975	69.99
2976	69.99
2977	69.99
2978	69.99
2979	69.99
2980	69.99
2981	69.99
2982	69.99
2983	69.99
2984	69.99
2985	69.99
2986	69.99
2987	69.99
2988	69.99
2989	69.99
2990	69.99
2991	69.99
2992	69.99
2993	69.99
2994	69.99
2995	69.99
2996	69.99
2997	69.99
2998	69.99
2999	69.99
3000	69.99
3001	69.99
3002	69.99
3003	69.99
3004	69.99
3005	69.99
3006	69.99
3007	69.99
3008	69.99
3009	69.99
3010	69.99
3011	69.99
3012	69.99
3013	69.99
3014	69.99
3015	69.99
3016	69.99
3017	69.99
3018	69.99
3019	69.99
3020	69.99
3021	69.99
3022	69.99
3023	69.99
3024	69.99
3025	69.99
3026	69.99
3027	69.99
3028	69.99
3029	69.99
3030	69.99
3031	69.99
3032	69.99
3033	69.99
3034	69.99
3035	69.99
3036	69.99
3037	69.99
3038	69.99
3039	69.99
3040	69.99
3041	69.99
3042	69.99
3043	69.99
3044	69.99
3045	69.99
3046	69.99
3047	69.99
3048	69.99
3049	69.99
3050	69.99
3051	69.99
3052	69.99
3053	69.99
3054	69.99
3055	69.99
3056	69.99
3057	69.99
3058	69.99
3059	69.99
3060	69.99
3061	69.99
3062	69.99
3063	69.99
3064	69.99
3065	69.99
3066	69.99
3067	69.99
3068	69.99
3069	69.99
3070	69.99
3071	69.99
3072	69.99
3073	69.99
3074	69.99
3075	69.99
3076	69.99
3077	69.99
3078	69.99
3079	69.99
3080	69.99
3081	69.99
3082	69.99
3083	69.99
3084	69.99
3085	69.99
3086	69.99
3087	69.99
3088	69.99
3089	69.99
3090	69.99
3091	69.99
3092	69.99
3093	69.99
3094	69.99
3095	69.99
3096	69.99
3097	69.99
3098	69.99
3099	69.99
3100	69.99
3101	69.99
3102	69.99
3103	69.99
3104	69.99
3105	69.99
3106	69.99
3107	69.99
3108	69.99
3109	69.99
3110	69.99
3111	69.99
3112	69.99
3113	69.99
3114	69.99
3115	69.99
3116	69.99
3117	69.99
3118	69.99
3119	69.99
3120	69.99
3121	69.99
3122	69.99
3123	69.99
3124	69.99
3125	69.99
3126	69.99
3127	69.99
3128	69.99
3129	69.99
3130	69.99
3131	69.99
3132	69.99
3133	69.99
3134	69.99
3135	69.99
3136	69.99
3137	69.99
3138	69.99
3139	69.99
3140	69.99
3141	69.99
3142	69.99
3143	69.99
3144	69.99
3145	69.99
3146	69.99
3147	69.99
3148	69.99
3149	69.99
3150	69.99
3151	69.99
3152	69.99
3153	69.99
3154	69.99
3155	69.99
3156	69.99
3157	69.99
3158	69.99
3159	69.99
3160	69.99
3161	69.99
3162	69.99
3163	69.99
3164	69.99
3165	69.99
3166	69.99
3167	69.99
3168	69.99
3169	69.99
3170	69.99
3171	69.99
3172	69.99
3173	69.99
3174	69.99
3175	69.99
3176	69.99
3177	69.99
3178	69.99
3179	69.99
3180	69.99
3181	69.99
3182	69.99
3183	69.99
3184	69.99
3185	69.99
3186	69.99
3187	69.99
3188	69.99
3189	69.99
3190	69.99
3191	69.99
3192	69.99
3193	69.99
3194	69.99
3195	69.99
3196	69.99
3197	69.99
3198	69.99
3199	69.99
3200	69.99
3201	69.99
3202	69.99
3203	69.99
3204	69.99
3205	69.99
3206	69.99
3207	69.99
3208	69.99
3209	69.99
3210	69.99
3211	69.99
3212	69.99
3213	69.99
3214	69.99
3215	69.99
3216	69.99
3217	69.99
3218	69.99
3219	69.99
3220	69.99
3221	69.99
3222	69.99
3223	69.99
3224	69.99
3225	69.99
3226	69.99
3227	69.99
3228	69.99
3229	69.99
3230	69.99
3231	69.99
3232	69.99
3233	69.99
3234	69.99
3235	69.99
3236	69.99
3237	69.99
3238	69.99
3239	69.99
3240	69.99
3241	69.99
3242	69.99
3243	69.99
3244	69.99
3245	69.99
3246	69.99
3247	69.99
3248	69.99
3249	69.99
3250	69.99
3251	69.99
3252	69.99
3253	69.99
3254	69.99
3255	69.99
3256	69.99
3257	69.99
3258	69.99
3259	69.99
3260	69.99
3261	69.99
3262	69.99
3263	69.99
3264	69.99
3265	69.99
3266	69.99
3267	69.99
3268	69.99
3269	69.99
3270	69.99
3271	69.99
3272	69.99
3273	69.99
3274	69.99
3275	69.99
3276	69.99
3277	69.99
3278	69.99
3279	69.99
3280	69.99
3281	69.99
3282	69.99
3283	69.99
3284	69.99
3285	69.99
3286	69.99
3287	69.99
3288	69.99
3289	69.99
3290	69.99
3291	69.99
3292	69.99
3293	69.99
3294	69.99
3295	69.99
3296	69.99
3297	69.99
3298	69.99
3299	69.99
3300	69.99
3301	69.99
3302	69.99
3303	69.99
3304	69.99
3305	69.99
3306	69.99
3307	69.99
3308	69.99
3309	69.99
3310	69.99
3311	69.99
3312	69.99
3313	69.99
3314	69.99
3315	69.99
3316	69.99
3317	69.99
3318	69.99
3319	69.99
3320	69.99
3321	69.99
3322	69.99
3323	69.99
3324	69.99
3325	69.99
3326	69.99
3327	69.99
3328	69.99
3329	69.99
3330	69.99
3331	69.99
3332	69.99
3333	69.99
3334	69.99
3335	69.99
3336	69.99
3337	69.99
3338	69.99
3339	69.99
3340	69.99
3341	69.99
3342	69.99
3343	69.99
3344	69.99
3345	69.99
3346	69.99
3347	69.99
3348	69.99
3349	69.99
3350	69.99
3351	69.99
3352	69.99
3353	69.99
3354	69.99
3355	69.99
3356	69.99
3357	69.99
3358	69.99
3359	69.99
3360	69.99
3361	69.99
3362	69.99
3363	69.99
3364	69.99
3365	69.99
3366	69.99
3367	69.99
3368	69.99
3369	69.99
3370	69.99
3371	69.99
3372	69.99
3373	69.99
3374	69.99
3375	69.99
3376	69.99
3377	69.99
3378	69.99
3379	69.99
3380	69.99
3381	69.99
3382	69.99
3383	69.99
3384	69.99
3385	69.99
3386	69.99
3387	69.99
3388	69.99
3389	69.99
3390	69.99
3391	69.99
3392	69.99
3393	69.99
3394	69.99
3395	69.99
3396	69.99
3397	69.99
3398	69.99
3399	69.99
3400	69.99
3401	69.99
3402	69.99
3403	69.99
3404	69.99
3405	69.99
3406	69.99
3407	69.99
3408	69.99
3409	69.99
3410	69.99
3411	69.99
3412	69.99
3413	69.99
3414	69.99
3415	69.99
3416	69.99
3417	69.99
3418	69.99
3419	69.99
3420	69.99
3421	69.99
3422	69.99
3423	69.99
3424	69.99
3425	69.99
3426	69.99
3427	69.99
3428	69.99
3429	69.99
3430	69.99
3431	69.99
3432	69.99
3433	69.99
3434	69.99
3435	69.99
3436	69.99
3437	69.99
3438	69.99
3439	69.99
3440	69.99
3441	69.99
3442	69.99
3443	69.99
3444	69.99
3445	69.99
3446	69.99
3447	69.99
3448	69.99
3449	69.99
3450	69.99
3451	69.99
3452	69.99
3453	69.99
3454	69.99
3455	69.99
3456	69.99
3457	69.99
3458	69.99
3459	69.99
3460	69.99
3461	69.99
3462	69.99
3463	69.99
3464	69.99
3465	69.99
3466	69.99
3467	69.99
3468	69.99
3469	69.99
3470	69.99
3471	69.99
3472	69.99
3473	69.99
3474	69.99
3475	69.99
3476	69.99
3477	69.99
3478	69.99
3479	69.99
3480	69.99
3481	69.99
3482	69.99
3483	69.99
3484	69.99
3485	69.99
3486	69.99
3487	69.99
3488	69.99
3489	69.99
3490	69.99
3491	69.99
3492	69.99
3493	69.99
3494	69.99
3495	69.99
3496	69.99
3497	69.99
3498	69.99
3499	69.99
3500	69.99
3501	69.99
3502	69.99
3503	69.99
3504	69.99
3505	69.99
3506	69.99
3507	69.99
3508	69.99
3509	69.99
3510	69.99
3511	69.99
3512	69.99
3513	69.99
3514	69.99
3515	69.99
3516	69.99
3517	69.99
3518	69.99
3519	69.99
3520	69.99
3521	69.99
3522	69.99
3523	69.99
3524	69.99
3525	69.99
3526	69.99
3527	69.99
3528	69.99
3529	69.99
3530	69.99
3531	69.99
3532	69.99
3533	69.99
3534	69.99
3535	69.99
3536	69.99
3537	69.99
3538	69.99
3539	69.99
3540	69.99
3541	69.99
3542	69.99
3543	69.99
3544	69.99
3545	69.99
3546	69.99
3547	69.99
3548	69.99
3549	69.99
3550	69.99
3551	69.99
3552	69.99
3553	69.99
3554	69.99
3555	69.99
3556	69.99
3557	69.99
3558	69.99
3559	69.99
3560	69.99
3561	69.99
3562	69.99
3563	69.99
3564	69.99
3565	69.99
3566	69.99
3567	69.99
3568	69.99
3569	69.99
3570	69.99
3571	69.99
3572	69.99
3573	69.99
3574	69.99
3575	69.99
3576	69.99
3577	69.99
3578	69.99
3579	69.99
3580	69.99
3581	69.99
3582	69.99
3583	69.99
3584	69.99
3585	69.99
3586	69.99
3587	69.99
3588	69.99
3589	69.99
3590	69.99
3591	69.99
3592	69.99
3593	69.99
3594	69.99
3595	69.99
3596	69.99
3597	69.99
3598	69.99
3599	69.99
3600	69.99
3601	69.99
3602	69.99
3603	69.99
3604	69.99
3605	69.99
3606	69.99
3607	69.99
3608	69.99
3609	69.99
3610	69.99
3611	69.99
3612	69.99
3613	69.99
3614	69.99
3615	69.99
3616	69.99
3617	69.99
3618	69.99
3619	69.99
3620	69.99
3621	69.99
3622	69.99
3623	69.99
3624	69.99
3625	69.99
3626	69.99
3627	69.99
3628	69.99
3629	69.99
3630	69.99
3631	69.99
3632	69.99
3633	69.99
3634	69.99
3635	69.99
3636	69.99
3637	69.99
3638	69.99
3639	69.99
3640	69.99
3641	69.99
3642	69.99
3643	69.99
3644	69.99
3645	69.99
3646	69.99
3647	69.99
3648	69.99
3649	69.99
3650	69.99
3651	69.99
3652	69.99
3653	69.99
3654	69.99
3655	69.99
3656	69.99
3657	69.99
3658	69.99
3659	69.99
3660	69.99
3661	69.99
3662	69.99
3663	69.99
3664	69.99
3665	69.99
3666	69.99
3667	69.99
3668	69.99
3669	69.99
3670	69.99
3671	69.99
3672	69.99
3673	69.99
3674	69.99
3675	69.99
3676	69.99
3677	69.99
3678	69.99
3679	69.99
3680	69.99
3681	69.99
3682	69.99
3683	69.99
3684	69.99
3685	69.99
3686	69.99
3687	69.99
3688	69.99
3689	69.99
3690	69.99
3691	69.99
3692	69.99
3693	69.99
3694	69.99
3695	69.99
3696	69.99
3697	69.99
3698	69.99
3699	69.99
3700	69.99
3701	69.99
3702	69.99
3703	69.99
3704	69.99
3705	69.99
3706	69.99
3707	69.99
3708	69.99
3709	69.99
3710	69.99
3711	69.99
3712	69.99
3713	69.99
3714	69.99
3715	69.99
3716	69.99
3717	69.99
3718	69.99
3719	69.99
3720	69.99
3721	69.99
3722	69.99
3723	69.99
3724	69.99
3725	69.99
3726	69.99
3727	69.99
3728	69.99
3729	69.99
3730	69.99
3731	69.99
3732	69.99
3733	69.99
3734	69.99
3735	69.99
3736	69.99
3737	69.99
3738	69.99
3739	69.99
3740	69.99
3741	69.99
3742	69.99
3743	69.99
3744	69.99
3745	69.99
3746	69.99
3747	69.99
3748	69.99
3749	69.99
3750	69.99
3751	69.99
3752	69.99
3753	69.99
3754	69.99
3755	69.99
3756	69.99
3757	69.99
3758	69.99
3759	69.99
3760	69.99
3761	69.99
3762	69.99
3763	69.99
3764	69.99
3765	69.99
3766	69.99
3767	69.99
3768	69.99
3769	69.99
3770	69.99
3771	69.99
3772	69.99
3773	69.99
3774	69.99
3775	69.99
3776	69.99
3777	69.99
3778	69.99
3779	69.99
3780	69.99
3781	69.99
3782	69.99
3783	69.99
3784	69.99
3785	69.99
3786	69.99
3787	69.99
3788	69.99
3789	69.99
3790	69.99
3791	69.99
3792	69.99
3793	69.99
3794	69.99
3795	69.99
3796	69.99
3797	69.99
3798	69.99
3799	69.99
3800	69.99
3801	69.99
3802	69.99
3803	69.99
3804	69.99
3805	69.99
3806	69.99
3807	69.99
3808	69.99
3809	69.99
3810	69.99
3811	69.99
3812	69.99
3813	69.99
3814	69.99
3815	69.99
3816	69.99
3817	69.99
3818	69.99
3819	69.99
3820	69.99
3821	69.99
3822	69.99
3823	69.99
3824	69.99
3825	69.99
3826	69.99
3827	69.99
3828	69.99
3829	69.99
3830	69.99
3831	69.99
3832	69.99
3833	69.99
3834	69.99
3835	69.99
3836	69.99
3837	69.99
3838	69.99
3839	69.99
3840	69.99
3841	69.99
3842	69.99
3843	69.99
3844	69.99
3845	69.99
3846	69.99
3847	69.99
3848	69.99
3849	69.99
3850	69.99
3851	69.99
3852	69.99
3853	69.99
3854	69.99
3855	69.99
3856	69.99
3857	69.99
3858	69.99
3859	69.99
3860	69.99
3861	69.99
3862	69.99
3863	69.99
3864	69.99
3865	69.99
3866	69.99
3867	69.99
3868	69.99
3869	69.99
3870	69.99
3871	69.99
3872	69.99
3873	69.99
3874	69.99
3875	69.99
3876	69.99
3877	69.99
3878	69.99
3879	69.99
3880	69.99
3881	69.99
3882	69.99
3883	69.99
3884	69.99
3885	69.99
3886	69.99
3887	69.99
3888	69.99
3889	69.99
3890	69.99
3891	69.99
3892	69.99
3893	69.99
3894	69.99
3895	69.99
3896	69.99
3897	69.99
3898	69.99
3899	69.99
3900	69.99
3901	69.99
3902	69.99
3903	69.99
3904	69.99
3905	69.99
3906	69.99
3907	69.99
3908	69.99
3909	69.99
3910	69.99
3911	69.99
3912	69.99
3913	69.99
3914	69.99
3915	69.99
3916	69.99
3917	69.99
3918	69.99
3919	69.99
3920	69.99
3921	69.99
3922	69.99
3923	69.99
3924	69.99
3925	69.99
3926	69.99
3927	69.99
3928	69.99
3929	69.99
3930	69.99
3931	69.99
3932	69.99
3933	69.99
3934	69.99
3935	69.99
3936	69.99
3937	69.99
3938	69.99
3939	69.99
3940	69.99
3941	69.99
3942	69.99
3943	69.99
3944	69.99
3945	69.99
3946	69.99
3947	69.99
3948	69.99
3949	69.99
3950	69.99
3951	69.99
3952	69.99
3953	69.99
3954	69.99
3955	69.99
3956	69.99
3957	69.99
3958	69.99
3959	69.99
3960	69.99
3961	69.99
3962	69.99
3963	69.99
3964	69.99
3965	69.99
3966	69.99
3967	69.99
3968	69.99
3969	69.99
3970	69.99
3971	69.99
3972	69.99
3973	69.99
3974	69.99
3975	69.99
3976	69.99
3977	69.99
3978	69.99
3979	69.99
3980	69.99
3981	69.99
3982	69.99
3983	69.99
3984	69.99
3985	69.99
3986	69.99
3987	69.99
3988	69.99
3989	69.99
3990	69.99
3991	69.99
3992	69.99
3993	69.99
3994	69.99
3995	69.99
3996	69.99
3997	69.99
3998	69.99
3999	69.99
4000	69.99
4001	69.99
4002	69.99
4003	69.99
4004	69.99
4005	69.99
4006	69.99
4007	69.99
4008	69.99
4009	69.99
4010	69.99
4011	69.99
4012	69.99
4013	69.99
4014	69.99
4015	69.99
4016	69.99
4017	69.99
4018	69.99
4019	69.99
4020	69.99
4021	69.99
4022	69.99
4023	69.99
4024	69.99
4025	69.99
4026	69.99
4027	69.99
4028	69.99
4029	69.99
4030	69.99
4031	69.99
4032	69.99
4033	69.99
4034	69.99
4035	69.99
4036	69.99
4037	69.99
4038	69.99
4039	69.99
4040	69.99
4041	69.99
4042	69.99
4043	69.99
4044	69.99
4045	69.99
4046	69.99
4047	69.99
4048	69.99
4049	69.99
4050	69.99
4051	69.99
4052	69.99
4053	69.99
4054	69.99
4055	69.99
4056	69.99
4057	69.99
4058	69.99
4059	69.99
4060	69.99
4061	69.99
4062	69.99
4063	69.99
4064	69.99
4065	69.99
4066	69.99
4067	69.99
4068	69.99
4069	69.99
4070	69.99
4071	69.99
4072	69.99
4073	69.99
4074	69.99
4075	69.99
4076	69.99
4077	69.99
4078	69.99
4079	69.99
4080	69.99
4081	69.99
4082	69.99
4083	69.99
4084	69.99
4085	69.99
4086	69.99
4087	69.99
4088	69.99
4089	69.99
4090	69.99
4091	69.99
4092	69.99
4093	69.99
4094	69.99
4095	69.99
4096	69.99
4097	69.99
4098	69.99
4099	69.99
4100	69.99
4101	69.99
4102	69.99
4103	69.99
4104	69.99
4105	69.99
4106	69.99
4107	69.99
4108	69.99
4109	69.99
4110	69.99
4111	69.99
4112	69.99
4113	69.99
4114	69.99
4115	69.99
4116	69.99
4117	69.99
4118	69.99
4119	69.99
4120	69.99
4121	69.99
4122	69.99
4123	69.99
4124	69.99
4125	69.99
4126	69.99
4127	69.99
4128	69.99
4129	69.99
4130	69.99
4131	69.99
4132	69.99
4133	69.99
4134	69.99
4135	69.99
4136	69.99
4137	69.99
4138	69.99
4139	69.99
4140	69.99
4141	69.99
4142	69.99
4143	69.99
4144	69.99
4145	69.99
4146	69.99
4147	69.99
4148	69.99
4149	69.99
4150	69.99
4151	69.99
4152	69.99
4153	69.99
4154	69.99
4155	69.99
4156	69.99
4157	69.99
4158	69.99
4159	69.99
4160	69.99
4161	69.99
4162	69.99
4163	69.99
4164	69.99
4165	69.99
4166	69.99
4167	69.99
4168	69.99
4169	69.99
4170	69.99
4171	69.99
4172	69.99
4173	69.99
4174	69.99
4175	69.99
4176	69.99
4177	69.99
4178	69.99
4179	69.99
4180	69.99
4181	69.99
4182	69.99
4183	69.99
4184	69.99
4185	69.99
4186	69.99
4187	69.99
4188	69.99
4189	69.99
4190	69.99
4191	69.99
4192	69.99
4193	69.99
4194	69.99
4195	69.99
4196	69.99
4197	69.99
4198	69.99
4199	69.99
4200	69.99
4201	69.99
4202	69.99
4203	69.99
4204	69.99
4205	69.99
4206	69.99
4207	69.99
4208	69.99
4209	69.99
4210	69.99
4211	69.99
4212	69.99
4213	69.99
4214	69.99
4215	69.99
4216	69.99
4217	69.99
4218	69.99
4219	69.99
4220	69.99
4221	69.99
4222	69.99
4223	69.99
4224	69.99
4225	69.99
4226	69.99
4227	69.99
4228	69.99
4229	69.99
4230	69.99
4231	69.99
4232	69.99
4233	69.99
4234	69.99
4235	69.99
4236	69.99
4237	69.99
4238	69.99
4239	69.99
4240	69.99
4241	69.99
4242	69.99
4243	69.99
4244	69.99
4245	69.99
4246	69.99
4247	69.99
4248	69.99
4249	69.99
4250	69.99
4251	69.99
4252	69.99
4253	69.99
4254	69.99
4255	69.99
4256	69.99
4257	69.99
4258	69.99
4259	69.99
4260	69.99
4261	69.99
4262	69.99
4263	69.99
4264	69.99
4265	69.99
4266	69.99
4267	69.99
4268	69.99
4269	69.99
4270	69.99
4271	69.99
4272	69.99
4273	69.99
4274	69.99
4275	69.99
4276	69.99
4277	69.99
4278	69.99
4279	69.99
4280	69.99
4281	69.99
4282	69.99
4283	69.99
4284	69.99
4285	69.99
4286	69.99
4287	69.99
4288	69.99
4289	69.99
4290	69.99
4291	69.99
4292	69.99
4293	69.99
4294	69.99
4295	69.99
4296	69.99
4297	69.99
4298	69.99
4299	69.99
4300	69.99
4301	69.99
4302	69.99
4303	69.99
4304	69.99
4305	69.99
4306	69.99
4307	69.99
4308	69.99
4309	69.99
4310	69.99
4311	69.99
4312	69.99
4313	69.99
4314	69.99
4315	69.99
4316	69.99
4317	69.99
4318	69.99
4319	69.99
4320	69.99
4321	69.99
4322	69.99
4323	69.99
4324	69.99
4325	69.99
4326	69.99
4327	69.99
4328	69.99
4329	69.99
4330	69.99
4331	69.99
4332	69.99
4333	69.99
4334	69.99
4335	69.99
4336	69.99
4337	69.99
4338	69.99
4339	69.99
4340	69.99
4341	69.99
4342	69.99
4343	69.99
4344	69.99
4345	69.99
4346	69.99
4347	69.99
4348	69.99
4349	69.99
4350	69.99
4351	69.99
4352	69.99
4353	69.99
4354	69.99
4355	69.99
4356	69.99
4357	69.99
4358	69.99
4359	69.99
4360	69.99
4361	69.99
4362	69.99
4363	69.99
4364	69.99
4365	69.99
4366	69.99
4367	69.99
4368	69.99
4369	69.99
4370	69.99
4371	69.99
4372	69.99
4373	69.99
4374	69.99
4375	69.99
4376	69.99
4377	69.99
4378	69.99
4379	69.99
4380	69.99
4381	69.99
4382	69.99
4383	69.99
4384	69.99
4385	69.99
4386	69.99
4387	69.99
4388	69.99
4389	69.99
4390	69.99
4391	69.99
4392	69.99
4393	69.99
4394	69.99
4395	69.99
4396	69.99
4397	69.99
4398	69.99
4399	69.99
4400	69.99
4401	69.99
4402	69.99
4403	69.99
4404	69.99
4405	69.99
4406	69.99
4407	69.99
4408	69.99
4409	69.99
4410	69.99
4411	69.99
4412	69.99
4413	69.99
4414	69.99
4415	69.99
4416	69.99
4417	69.99
4418	69.99
4419	69.99
4420	69.99
4421	69.99
4422	69.99
4423	69.99
4424	69.99
4425	69.99
4426	69.99
4427	69.99
4428	69.99
4429	69.99
4430	69.99
4431	69.99
4432	69.99
4433	69.99
4434	69.99
4435	69.99
4436	69.99
4437	69.99
4438	69.99
4439	69.99
4440	69.99
4441	69.99
4442	69.99
4443	69.99
4444	69.99
4445	69.99
4446	69.99
4447	69.99
4448	69.99
4449	69.99
4450	69.99
4451	69.99
4452	69.99
4453	69.99
4454	69.99
4455	69.99
4456	69.99
4457	69.99
4458	69.99
4459	69.99
4460	69.99
4461	69.99
4462	69.99
4463	69.99
4464	69.99
4465	69.99
4466	69.99
4467	69.99
4468	69.99
4469	69.99
4470	69.99
4471	69.99
4472	69.99
4473	69.99
4474	69.99
4475	69.99
4476	69.99
4477	69.99
4478	69.99
4479	69.99
4480	69.99
4481	69.99
4482	69.99
4483	69.99
4484	69.99
4485	69.99
4486	69.99
4487	69.99
4488	69.99
4489	69.99
4490	69.99
4491	69.99
4492	69.99
4493	69.99
4494	69.99
4495	69.99
4496	69.99
4497	69.99
4498	69.99
4499	69.99
4500	69.99
4501	69.99
4502	69.99
4503	69.99
4504	69.99
4505	69.99
4506	69.99
4507	69.99
4508	69.99
4509	69.99
4510	69.99
4511	69.99
4512	69.99
4513	69.99
4514	69.99
4515	69.99
4516	69.99
4517	69.99
4518	69.99
4519	69.99
4520	69.99
4521	69.99
4522	69.99
4523	69.99
4524	69.99
4525	69.99
4526	69.99
4527	69.99
4528	69.99
4529	69.99
4530	69.99
4531	69.99
4532	69.99
4533	69.99
4534	69.99
4535	69.99
4536	69.99
4537	69.99
4538	69.99
4539	69.99
4540	69.99
4541	69.99
4542	69.99
4543	69.99
4544	69.99
4545	69.99
4546	69.99
4547	69.99
4548	69.99
4549	69.99
4550	69.99
4551	69.99
4552	69.99
4553	69.99
4554	69.99
4555	69.99
4556	69.99
4557	69.99
4558	69.99
4559	69.99
4560	69.99
4561	69.99
4562	69.99
4563	69.99
4564	69.99
4565	69.99
4566	69.99
4567	69.99
4568	69.99
4569	69.99
4570	69.99
4571	69.99
4572	69.99
4573	69.99
4574	69.99
4575	69.99
4576	69.99
4577	69.99
4578	69.99
4579	69.99
4580	69.99
4581	69.99
4582	69.99
4583	69.99
4584	69.99
4585	69.99
4586	69.99
4587	69.99
4588	69.99
4589	69.99
4590	69.99
4591	69.99
4592	69.99
4593	69.99
4594	69.99
4595	69.99
4596	69.99
4597	69.99
4598	69.99
4599	69.99
4600	69.99
4601	69.99
4602	69.99
4603	69.99
4604	69.99
4605	69.99
4606	69.99
4607	69.99
4608	69.99
4609	69.99
4610	69.99
4611	69.99
4612	69.99
4613	69.99
4614	69.99
4615	69.99
4616	69.99
4617	69.99
4618	69.99
4619	69.99
4620	69.99
4621	69.99
4622	69.99
4623	69.99
4624	69.99
4625	69.99
4626	69.99
4627	69.99
4628	69.99
4629	69.99
4630	69.99
4631	69.99
4632	69.99
4633	69.99
4634	69.99
4635	69.99
4636	69.99
4637	69.99
4638	69.99
4639	69.99
4640	69.99
4641	69.99
4642	69.99
4643	69.99
4644	69.99
4645	69.99
4646	69.99
4647	69.99
4648	69.99
4649	69.99
4650	69.99
4651	69.99
4652	69.99
4653	69.99
4654	69.99
4655	69.99
4656	69.99
4657	69.99
4658	69.99
4659	69.99
4660	69.99
4661	69.99
4662	69.99
4663	69.99
4664	69.99
4665	69.99
4666	69.99
4667	69.99
4668	69.99
4669	69.99
4670	69.99
4671	69.99
4672	69.99
4673	69.99
4674	69.99
4675	69.99
4676	69.99
4677	69.99
4678	69.99
4679	69.99
4680	69.99
4681	69.99
4682	69.99
4683	69.99
4684	69.99
4685	69.99
4686	69.99
4687	69.99
4688	69.99
4689	69.99
4690	69.99
4691	69.99
4692	69.99
4693	69.99
4694	69.99
4695	69.99
4696	69.99
4697	69.99
4698	69.99
4699	69.99
4700	69.99
4701	69.99
4702	69.99
4703	69.99
4704	69.99
4705	69.99
4706	69.99
4707	69.99
4708	69.99
4709	69.99
4710	69.99
4711	69.99
4712	69.99
4713	69.99
4714	69.99
4715	69.99
4716	69.99
4717	69.99
4718	69.99
4719	69.99
4720	69.99
4721	69.99
4722	69.99
4723	69.99
4724	69.99
4725	69.99
4726	69.99
4727	69.99
4728	69.99
4729	69.99
4730	69.99
4731	69.99
4732	69.99
4733	69.99
4734	69.99
4735	69.99
4736	69.99
4737	69.99
4738	69.99
4739	69.99
4740	69.99
4741	69.99
4742	69.99
4743	69.99
4744	69.99
4745	69.99
4746	69.99
4747	69.99
4748	69.99
4749	69.99
4750	69.99
4751	69.99
4752	69.99
4753	69.99
4754	69.99
4755	69.99
4756	69.99
4757	69.99
4758	69.99
4759	69.99
4760	69.99
4761	69.99
4762	69.99
4763	69.99
4764	69.99
4765	69.99
4766	69.99
4767	69.99
4768	69.99
4769	69.99
4770	69.99
4771	69.99
4772	69.99
4773	69.99
4774	69.99
4775	69.99
4776	69.99
4777	69.99
4778	69.99
4779	69.99
4780	69.99
4781	69.99
4782	69.99
4783	69.99
4784	69.99
4785	69.99
4786	69.99
4787	69.99
4788	69.99
4789	69.99
4790	69.99
4791	69.99
4792	69.99
4793	69.99
4794	69.99
4795	69.99
4796	69.99
4797	69.99
4798	69.99
4799	69.99
4800	69.99
4801	69.99
4802	69.99
4803	69.99
4804	69.99
4805	69.99
4806	69.99
4807	69.99
4808	69.99
4809	69.99
4810	69.99
4811	69.99
4812	69.99
4813	69.99
4814	69.99
4815	69.99
4816	69.99
4817	69.99
4818	69.99
4819	69.99
4820	69.99
4821	69.99
4822	69.99
4823	69.99
4824	69.99
4825	69.99
4826	69.99
4827	69.99
4828	69.99
4829	69.99
4830	69.99
4831	69.99
4832	69.99
4833	69.99
4834	69.99
4835	69.99
4836	69.99
4837	69.99
4838	69.99
4839	69.99
4840	69.99
4841	69.99
4842	69.99
4843	69.99
4844	69.99
4845	69.99
4846	69.99
4847	69.99
4848	69.99
4849	69.99
4850	69.99
4851	69.99
4852	69.99
4853	69.99
4854	69.99
4855	69.99
4856	69.99
4857	69.99
4858	69.99
4859	69.99
4860	69.99
4861	69.99
4862	69.99
4863	69.99
4864	69.99
4865	69.99
4866	69.99
4867	69.99
4868	69.99
4869	69.99
4870	69.99
4871	69.99
4872	69.99
4873	69.99
4874	69.99
4875	69.99
4876	69.99
4877	69.99
4878	69.99
4879	69.99
4880	69.99
4881	69.99
4882	69.99
4883	69.99
4884	69.99
4885	69.99
4886	69.99
4887	69.99
4888	69.99
4889	69.99
4890	69.99
4891	69.99
4892	69.99
4893	69.99
4894	69.99
4895	69.99
4896	69.99
4897	69.99
4898	69.99
4899	69.99
4900	69.99
4901	69.99
4902	69.99
4903	69.99
4904	69.99
4905	69.99
4906	69.99
4907	69.99
4908	69.99
4909	69.99
4910	69.99
4911	69.99
4912	69.99
4913	69.99
4914	69.99
4915	69.99
4916	69.99
4917	69.99
4918	69.99
4919	69.99
4920	69.99
4921	69.99
4922	69.99
4923	69.99
4924	69.99
4925	69.99
4926	69.99
4927	69.99
4928	69.99
4929	69.99
4930	69.99
4931	69.99
4932	69.99
4933	69.99
4934	69.99
4935	69.99
4936	69.99
4937	69.99
4938	69.99
4939	69.99
4940	69.99
4941	69.99
4942	69.99
4943	69.99
4944	69.99
4945	69.99
4946	69.99
4947	69.99
4948	69.99
4949	69.99
4950	69.99
4951	69.99
4952	69.99
4953	69.99
4954	69.99
4955	69.99
4956	69.99
4957	69.99
4958	69.99
4959	69.99
4960	69.99
4961	69.99
4962	69.99
4963	69.99
4964	69.99
4965	69.99
4966	69.99
4967	69.99
4968	69.99
4969	69.99
4970	69.99
4971	69.99
4972	69.99
4973	69.99
4974	69.99
4975	69.99
4976	69.99
4977	69.99
4978	69.99
4979	69.99
4980	69.99
4981	69.99
4982	69.99
4983	69.99
4984	69.99
4985	69.99
4986	69.99
4987	69.99
4988	69.99
4989	69.99
4990	69.99
4991	69.99
4992	69.99
4993	69.99
4994	69.99
4995	69.99
4996	69.99
4997	69.99
4998	69.99
4999	69.99
5000	69.99
5001	69.99
5002	69.99
5003	69.99
5004	69.99
5005	69.99
5006	69.99
5007	69.99
5008	69.99
5009	69.99
5010	69.99
5011	69.99
5012	69.99
5013	69.99
5014	69.99
5015	69.99
5016	69.99
5017	69.99
5018	69.99
5019	69.99
5020	69.99
5021	69.99
5022	69.99
5023	69.99
5024	69.99
5025	69.99
5026	69.99
5027	69.99
5028	69.99
5029	69.99
5030	69.99
5031	69.99
5032	69.99
5033	69.99
5034	69.99
5035	69.99
5036	69.99
5037	69.99
5038	69.99
5039	69.99
5040	69.99
5041	69.99
5042	69.99
5043	69.99
5044	69.99
5045	69.99
5046	69.99
5047	69.99
5048	69.99
5049	69.99
5050	69.99
5051	69.99
5052	69.99
5053	69.99
5054	69.99
5055	69.99
5056	69.99
5057	69.99
5058	69.99
5059	69.99
5060	69.99
5061	69.99
5062	69.99
5063	69.99
5064	69.99
5065	69.99
5066	69.99
5067	69.99
5068	69.99
5069	69.99
5070	69.99
5071	69.99
5072	69.99
5073	69.99
5074	69.99
5075	69.99
5076	69.99
5077	69.99
5078	69.99
5079	69.99
5080	69.99
5081	69.99
5082	69.99
5083	69.99
5084	69.99
5085	69.99
5086	69.99
5087	69.99
5088	69.99
5089	69.99
5090	69.99
5091	69.99
5092	69.99
5093	69.99
5094	69.99
5095	69.99
5096	69.99
5097	69.99
5098	69.99
5099	69.99
5100	69.99
5101	69.99
5102	69.99
5103	69.99
5104	69.99
5105	69.99
5106	69.99
5107	69.99
5108	69.99
5109	69.99
5110	69.99
5111	69.99
5112	69.99
5113	69.99
5114	69.99
5115	69.99
5116	69.99
5117	69.99
5118	69.99
5119	69.99
5120	69.99
5121	69.99
5122	69.99
5123	69.99
5124	69.99
5125	69.99
5126	69.99
5127	69.99
5128	69.99
5129	69.99
5130	69.99
5131	69.99
5132	69.99
5133	69.99
5134	69.99
5135	69.99
5136	69.99
5137	69.99
5138	69.99
5139	69.99
5140	69.99
5141	69.99
5142	69.99
5143	69.99
5144	69.99
5145	69.99
5146	69.99
5147	69.99
5148	69.99
5149	69.99
5150	69.99
5151	69.99
5152	69.99
5153	69.99
5154	69.99
5155	69.99
5156	69.99
5157	69.99
5158	69.99
5159	69.99
5160	69.99
5161	69.99
5162	69.99
5163	69.99
5164	69.99
5165	69.99
5166	69.99
5167	69.99
5168	69.99
5169	69.99
5170	69.99
5171	69.99
5172	69.99
5173	69.99
5174	69.99
5175	69.99
5176	69.99
5177	69.99
5178	69.99
5179	69.99
5180	69.99
5181	69.99
5182	69.99
5183	69.99
5184	69.99
5185	69.99
5186	69.99
5187	69.99
5188	69.99
5189	69.99
5190	69.99
5191	69.99
5192	69.99
5193	69.99
5194	69.99
5195	69.99
5196	69.99
5197	69.99
5198	69.99
5199	69.99
5200	69.99
5201	69.99
5202	69.99
5203	69.99
5204	69.99
5205	69.99
5206	69.99
5207	69.99
5208	69.99
5209	69.99
5210	69.99
5211	69.99
5212	69.99
5213	69.99
5214	69.99
5215	69.99
5216	69.99
5217	69.99
5218	69.99
5219	69.99
5220	69.99
5221	69.99
5222	69.99
5223	69.99
5224	69.99
5225	69.99
5226	69.99
5227	69.99
5228	69.99
5229	69.99
5230	69.99
5231	69.99
5232	69.99
5233	69.99
5234	69.99
5235	69.99
5236	69.99
5237	69.99
5238	69.99
5239	69.99
5240	69.99
5241	69.99
5242	69.99
5243	69.99
5244	69.99
5245	69.99
5246	69.99
5247	69.99
5248	69.99
5249	69.99
5250	69.99
5251	69.99
5252	69.99
5253	69.99
5254	69.99
5255	69.99
5256	69.99
5257	69.99
5258	69.99
5259	69.99
5260	69.99
5261	69.99
5262	69.99
5263	69.99
5264	69.99
5265	69.99
5266	69.99
5267	69.99
5268	69.99
5269	69.99
5270	69.99
5271	69.99
5272	69.99
5273	69.99
5274	69.99
5275	69.99
5276	69.99
5277	69.99
5278	69.99
5279	69.99
5280	69.99
5281	69.99
5282	69.99
5283	69.99
5284	69.99
5285	69.99
5286	69.99
5287	69.99
5288	69.99
5289	69.99
5290	69.99
5291	69.99
5292	69.99
5293	69.99
5294	69.99
5295	69.99
5296	69.99
5297	69.99
5298	69.99
5299	69.99
5300	69.99
5301	69.99
5302	69.99
5303	69.99
5304	69.99
5305	69.99
5306	69.99
5307	69.99
5308	69.99
5309	69.99
5310	69.99
5311	69.99
5312	69.99
5313	69.99
5314	69.99
5315	69.99
5316	69.99
5317	69.99
5318	69.99
5319	69.99
5320	69.99
5321	69.99
5322	69.99
5323	69.99
5324	69.99
5325	69.99
5326	69.99
5327	69.99
5328	69.99
5329	69.99
5330	69.99
5331	69.99
5332	69.99
5333	69.99
5334	69.99
5335	69.99
5336	69.99
5337	69.99
5338	69.99
5339	69.99
5340	69.99
5341	69.99
5342	69.99
5343	69.99
5344	69.99
5345	69.99
5346	69.99
5347	69.99
5348	69.99
5349	69.99
5350	69.99
5351	69.99
5352	69.99
5353	69.99
5354	69.99
5355	69.99
5356	69.99
5357	69.99
5358	69.99
5359	69.99
5360	69.99
5361	69.99
5362	69.99
5363	69.99
5364	69.99
5365	69.99
5366	69.99
5367	69.99
5368	69.99
5369	69.99
5370	69.99
5371	69.99
5372	69.99
5373	69.99
5374	69.99
5375	69.99
5376	69.99
5377	69.99
5378	69.99
5379	69.99
5380	69.99
5381	69.99
5382	69.99
5383	69.99
5384	69.99
5385	69.99
5386	69.99
5387	69.99
5388	69.99
5389	69.99
5390	69.99
5391	69.99
5392	69.99
5393	69.99
5394	69.99
5395	69.99
5396	69.99
5397	69.99
5398	69.99
5399	69.99
5400	69.99
5401	69.99
5402	69.99
5403	69.99
5404	69.99
5405	69.99
5406	69.99
5407	69.99
5408	69.99
5409	69.99
5410	69.99
5411	69.99
5412	69.99
5413	69.99
5414	69.99
5415	69.99
5416	69.99
5417	69.99
5418	69.99
5419	69.99
5420	69.99
5421	69.99
5422	69.99
5423	69.99
5424	69.99
5425	69.99
5426	69.99
5427	69.99
5428	69.99
5429	69.99
5430	69.99
5431	69.99
5432	69.99
5433	69.99
5434	69.99
5435	69.99
5436	69.99
5437	69.99
5438	69.99
5439	69.99
5440	69.99
5441	69.99
5442	69.99
5443	69.99
5444	69.99
5445	69.99
5446	69.99
5447	69.99
5448	69.99
5449	69.99
5450	69.99
5451	69.99
5452	69.99
5453	69.99
5454	69.99
5455	69.99
5456	69.99
5457	69.99
5458	69.99
5459	69.99
5460	69.99
5461	69.99
5462	69.99
5463	69.99
5464	69.99
5465	69.99
5466	69.99
5467	69.99
5468	69.99
5469	69.99
5470	69.99
5471	69.99
5472	69.99
5473	69.99
5474	69.99
5475	69.99
5476	69.99
5477	69.99
5478	69.99
5479	69.99
5480	69.99
5481	69.99
5482	69.99
5483	69.99
5484	69.99
5485	69.99
5486	69.99
5487	69.99
5488	69.99
5489	69.99
5490	69.99
5491	69.99
5492	69.99
5493	69.99
5494	69.99
5495	69.99
5496	69.99
5497	69.99
5498	69.99
5499	69.99
5500	69.99
5501	69.99
5502	69.99
5503	69.99
5504	69.99
5505	69.99
5506	69.99
5507	69.99
5508	69.99
5509	69.99
5510	69.99
5511	69.99
5512	69.99
5513	69.99
5514	69.99
5515	69.99
5516	69.99
5517	69.99
5518	69.99
5519	69.99
5520	69.99
5521	69.99
5522	69.99
5523	69.99
5524	69.99
5525	69.99
5526	69.99
5527	69.99
5528	69.99
5529	69.99
5530	69.99
5531	69.99
5532	69.99
5533	69.99
5534	69.99
5535	69.99
5536	69.99
5537	69.99
5538	69.99
5539	69.99
5540	69.99
5541	69.99
5542	69.99
5543	69.99
5544	69.99
5545	69.99
5546	69.99
5547	69.99
5548	69.99
5549	69.99
5550	69.99
5551	69.99
5552	69.99
5553	69.99
5554	69.99
5555	69.99
5556	69.99
5557	69.99
5558	69.99
5559	69.99
5560	69.99
5561	69.99
5562	69.99
5563	69.99
5564	69.99
5565	69.99
5566	69.99
5567	69.99
5568	69.99
5569	69.99
5570	69.99
5571	69.99
5572	69.99
5573	69.99
5574	69.99
5575	69.99
5576	69.99
5577	69.99
5578	69.99
5579	69.99
5580	69.99
5581	69.99
5582	69.99
5583	69.99
5584	69.99
5585	69.99
5586	69.99
5587	69.99
5588	69.99
5589	69.99
5590	69.99
5591	69.99
5592	69.99
5593	69.99
5594	69.99
5595	69.99
5596	69.99
5597	69.99
5598	69.99
5599	69.99
5600	69.99
5601	69.99
5602	69.99
5603	69.99
5604	69.99
5605	69.99
5606	69.99
5607	69.99
5608	69.99
5609	69.99
5610	69.99
5611	69.99
5612	69.99
5613	69.99
5614	69.99
5615	69.99
5616	69.99
5617	69.99
5618	69.99
5619	69.99
5620	69.99
5621	69.99
5622	69.99
5623	69.99
5624	69.99
5625	69.99
5626	69.99
5627	69.99
5628	69.99
5629	69.99
5630	69.99
5631	69.99
5632	69.99
5633	69.99
5634	69.99
5635	69.99
5636	69.99
5637	69.99
5638	69.99
5639	69.99
5640	69.99
5641	69.99
5642	69.99
5643	69.99
5644	69.99
5645	69.99
5646	69.99
5647	69.99
5648	69.99
5649	69.99
5650	69.99
5651	69.99
5652	69.99
5653	69.99
5654	69.99
5655	69.99
5656	69.99
5657	69.99
5658	69.99
5659	69.99
5660	69.99
5661	69.99
5662	69.99
5663	69.99
5664	69.99
5665	69.99
5666	69.99
5667	69.99
5668	69.99
5669	69.99
5670	69.99
5671	69.99
5672	69.99
5673	69.99
5674	69.99
5675	69.99
5676	69.99
5677	69.99
5678	69.99
5679	69.99
5680	69.99
5681	69.99
5682	69.99
5683	69.99
5684	69.99
5685	69.99
5686	69.99
5687	69.99
5688	69.99
5689	69.99
5690	69.99
5691	69.99
5692	69.99
5693	69.99
5694	69.99
5695	69.99
5696	69.99
5697	69.99
5698	69.99
5699	69.99
5700	69.99
5701	69.99
5702	69.99
5703	69.99
5704	69.99
5705	69.99
5706	69.99
5707	69.99
5708	69.99
5709	69.99
5710	69.99
5711	69.99
5712	69.99
5713	69.99
5714	69.99
5715	69.99
5716	69.99
5717	69.99
5718	69.99
5719	69.99
5720	69.99
5721	69.99
5722	69.99
5723	69.99
5724	69.99
5725	69.99
5726	69.99
5727	69.99
5728	69.99
5729	69.99
5730	69.99
5731	69.99
5732	69.99
5733	69.99
5734	69.99
5735	69.99
5736	69.99
5737	69.99
5738	69.99
5739	69.99
5740	69.99
5741	69.99
5742	69.99
5743	69.99
5744	69.99
5745	69.99
5746	69.99
5747	69.99
5748	69.99
5749	69.99
5750	69.99
5751	69.99
5752	69.99
5753	69.99
5754	69.99
5755	69.99
5756	69.99
5757	69.99
5758	69.99
5759	69.99
5760	69.99
5761	69.99
5762	69.99
5763	69.99
5764	69.99
5765	69.99
5766	69.99
5767	69.99
5768	69.99
5769	69.99
5770	69.99
5771	69.99
5772	69.99
5773	69.99
5774	69.99
5775	69.99
5776	69.99
5777	69.99
5778	69.99
5779	69.99
5780	69.99
5781	69.99
5782	69.99
5783	69.99
5784	69.99
5785	69.99
5786	69.99
5787	69.99
5788	69.99
5789	69.99
5790	69.99
5791	69.99
5792	69.99
5793	69.99
5794	69.99
5795	69.99
5796	69.99
5797	69.99
5798	69.99
5799	69.99
5800	69.99
5801	69.99
5802	69.99
5803	69.99
5804	69.99
5805	69.99
5806	69.99
5807	69.99
5808	69.99
5809	69.99
5810	69.99
5811	69.99
5812	69.99
5813	69.99
5814	69.99
5815	69.99
5816	69.99
5817	69.99
5818	69.99
5819	69.99
5820	69.99
5821	69.99
5822	69.99
5823	69.99
5824	69.99
5825	69.99
5826	69.99
5827	69.99
5828	69.99
5829	69.99
5830	69.99
5831	69.99
5832	69.99
5833	69.99
5834	69.99
5835	69.99
5836	69.99
5837	69.99
5838	69.99
5839	69.99
5840	69.99
5841	69.99
5842	69.99
5843	69.99
5844	69.99
5845	69.99
5846	69.99
5847	69.99
5848	69.99
5849	69.99
5850	69.99
5851	69.99
5852	69.99
5853	69.99
5854	69.99
5855	69.99
5856	69.99
5857	69.99
5858	69.99
5859	69.99
5860	69.99
5861	69.99
5862	69.99
5863	69.99
5864	69.99
5865	69.99
5866	69.99
5867	69.99
5868	69.99
5869	69.99
5870	69.99
5871	69.99
5872	69.99
5873	69.99
5874	69.99
5875	69.99
5876	69.99
5877	69.99
5878	69.99
5879	69.99
5880	69.99
5881	69.99
5882	69.99
5883	69.99
5884	69.99
5885	69.99
5886	69.99
5887	69.99
5888	69.99
5889	69.99
5890	69.99
5891	69.99
5892	69.99
5893	69.99
5894	69.99
5895	69.99
5896	69.99
5897	69.99
5898	69.99
5899	69.99
5900	69.99
5901	69.99
5902	69.99
5903	69.99
5904	69.99
5905	69.99
5906	69.99
5907	69.99
5908	69.99
5909	69.99
5910	69.99
5911	69.99
5912	69.99
5913	69.99
5914	69.99
5915	69.99
5916	69.99
5917	69.99
5918	69.99
5919	69.99
5920	69.99
5921	69.99
5922	69.99
5923	69.99
5924	69.99
5925	69.99
5926	69.99
5927	69.99
5928	69.99
5929	69.99
5930	69.99
5931	69.99
5932	69.99
5933	69.99
5934	69.99
5935	69.99
5936	69.99
5937	69.99
5938	69.99
5939	69.99
5940	69.99
5941	69.99
5942	69.99
5943	69.99
5944	69.99
5945	69.99
5946	69.99
5947	69.99
5948	69.99
5949	69.99
5950	69.99
5951	69.99
5952	69.99
5953	69.99
5954	69.99
5955	69.99
5956	69.99
5957	69.99
5958	69.99
5959	69.99
5960	69.99
5961	69.99
5962	69.99
5963	69.99
5964	69.99
5965	69.99
5966	69.99
5967	69.99
5968	69.99
5969	69.99
5970	69.99
5971	69.99
5972	69.99
5973	69.99
5974	69.99
5975	69.99
5976	69.99
5977	69.99
5978	69.99
5979	69.99
5980	69.99
5981	69.99
5982	69.99
5983	69.99
5984	69.99
5985	69.99
5986	69.99
5987	69.99
5988	69.99
5989	69.99
5990	69.99
5991	69.99
5992	69.99
5993	69.99
5994	69.99
5995	69.99
5996	69.99
5997	69.99
5998	69.99
5999	69.99
6000	69.99
6001	69.99
6002	69.99
6003	69.99
6004	69.99
6005	69.99
6006	69.99
6007	69.99
6008	69.99
6009	69.99
6010	69.99
6011	69.99
6012	69.99
6013	69.99
6014	69.99
6015	69.99
6016	69.99
6017	69.99
6018	69.99
6019	69.99
6020	69.99
6021	69.99
6022	69.99
6023	69.99
6024	69.99
6025	69.99
6026	69.99
6027	69.99
6028	69.99
6029	69.99
6030	69.99
6031	69.99
6032	69.99
6033	69.99
6034	69.99
6035	69.99
6036	69.99
6037	69.99
6038	69.99
6039	69.99
6040	69.99
6041	69.99
6042	69.99
6043	69.99
6044	69.99
6045	69.99
6046	69.99
6047	69.99
6048	69.99
6049	69.99
6050	69.99
6051	69.99
6052	69.99
6053	69.99
6054	69.99
6055	69.99
6056	69.99
6057	69.99
6058	69.99
6059	69.99
6060	69.99
6061	69.99
6062	69.99
6063	69.99
6064	69.99
6065	69.99
6066	69.99
6067	69.99
6068	69.99
6069	69.99
6070	69.99
6071	69.99
6072	69.99
6073	69.99
6074	69.99
6075	69.99
6076	69.99
6077	69.99
6078	69.99
6079	69.99
6080	69.99
6081	69.99
6082	69.99
6083	69.99
6084	69.99
6085	69.99
6086	69.99
6087	69.99
6088	69.99
6089	69.99
6090	69.99
6091	69.99
6092	69.99
6093	69.99
6094	69.99
6095	69.99
6096	69.99
6097	69.99
6098	69.99
6099	69.99
6100	69.99
6101	69.99
6102	69.99
6103	69.99
6104	69.99
6105	69.99
6106	69.99
6107	69.99
6108	69.99
6109	69.99
6110	69.99
6111	69.99
6112	69.99
6113	69.99
6114	69.99
6115	69.99
6116	69.99
6117	69.99
6118	69.99
6119	69.99
6120	69.99
6121	69.99
6122	69.99
6123	69.99
6124	69.99
6125	69.99
6126	69.99
6127	69.99
6128	69.99
6129	69.99
6130	69.99
6131	69.99
6132	69.99
6133	69.99
6134	69.99
6135	69.99
6136	69.99
6137	69.99
6138	69.99
6139	69.99
6140	69.99
6141	69.99
6142	69.99
6143	69.99
6144	69.99
6145	69.99
6146	69.99
6147	69.99
6148	69.99
6149	69.99
6150	69.99
6151	69.99
6152	69.99
6153	69.99
6154	69.99
6155	69.99
6156	69.99
6157	69.99
6158	69.99
6159	69.99
6160	69.99
6161	69.99
6162	69.99
6163	69.99
6164	69.99
6165	69.99
6166	69.99
6167	69.99
6168	69.99
6169	69.99
6170	69.99
6171	69.99
6172	69.99
6173	69.99
6174	69.99
6175	69.99
6176	69.99
6177	69.99
6178	69.99
6179	69.99
6180	69.99
6181	69.99
6182	69.99
6183	69.99
6184	69.99
6185	69.99
6186	69.99
6187	69.99
6188	69.99
6189	69.99
6190	69.99
6191	69.99
6192	69.99
6193	69.99
6194	69.99
6195	69.99
6196	69.99
6197	69.99
6198	69.99
6199	69.99
6200	69.99
6201	69.99
6202	69.99
6203	69.99
6204	69.99
6205	69.99
6206	69.99
6207	69.99
6208	69.99
6209	69.99
6210	69.99
6211	69.99
6212	69.99
6213	69.99
6214	69.99
6215	69.99
6216	69.99
6217	69.99
6218	69.99
6219	69.99
6220	69.99
6221	69.99
6222	69.99
6223	69.99
6224	69.99
6225	69.99
6226	69.99
6227	69.99
6228	69.99
6229	69.99
6230	69.99
6231	69.99
6232	69.99
6233	69.99
6234	69.99
6235	69.99
6236	69.99
6237	69.99
6238	69.99
6239	69.99
6240	69.99
6241	69.99
6242	69.99
6243	69.99
6244	69.99
6245	69.99
6246	69.99
6247	69.99
6248	69.99
6249	69.99
6250	69.99
6251	69.99
6252	69.99
6253	69.99
6254	69.99
6255	69.99
6256	69.99
6257	69.99
6258	69.99
6259	69.99
6260	69.99
6261	69.99
6262	69.99
6263	69.99
6264	69.99
6265	69.99
6266	69.99
6267	69.99
6268	69.99
6269	69.99
6270	69.99
6271	69.99
6272	69.99
6273	69.99
6274	69.99
6275	69.99
6276	69.99
6277	69.99
6278	69.99
6279	69.99
6280	69.99
6281	69.99
6282	69.99
6283	69.99
6284	69.99
6285	69.99
6286	69.99
6287	69.99
6288	69.99
6289	69.99
6290	69.99
6291	69.99
6292	69.99
6293	69.99
6294	69.99
6295	69.99
6296	69.99
6297	69.99
6298	69.99
6299	69.99
6300	69.99
6301	69.99
6302	69.99
6303	69.99
6304	69.99
6305	69.99
6306	69.99
6307	69.99
6308	69.99
6309	69.99
6310	69.99
6311	69.99
6312	69.99
6313	69.99
6314	69.99
6315	69.99
6316	69.99
6317	69.99
6318	69.99
6319	69.99
6320	69.99
6321	69.99
6322	69.99
6323	69.99
6324	69.99
6325	69.99
6326	69.99
6327	69.99
6328	69.99
6329	69.99
6330	69.99
6331	69.99
6332	69.99
6333	69.99
6334	69.99
6335	69.99
6336	69.99
6337	69.99
6338	69.99
6339	69.99
6340	69.99
6341	69.99
6342	69.99
6343	69.99
6344	69.99
6345	69.99
6346	69.99
6347	69.99
6348	69.99
6349	69.99
6350	69.99
6351	69.99
6352	69.99
6353	69.99
6354	69.99
6355	69.99
6356	69.99
6357	69.99
6358	69.99
6359	69.99
6360	69.99
6361	69.99
6362	69.99
6363	69.99
6364	69.99
6365	69.99
6366	69.99
6367	69.99
6368	69.99
6369	69.99
6370	69.99
6371	69.99
6372	69.99
6373	69.99
6374	69.99
6375	69.99
6376	69.99
6377	69.99
6378	69.99
6379	69.99
6380	69.99
6381	69.99
6382	69.99
6383	69.99
6384	69.99
6385	69.99
6386	69.99
6387	69.99
6388	69.99
6389	69.99
6390	69.99
6391	69.99
6392	69.99
6393	69.99
6394	69.99
6395	69.99
6396	69.99
6397	69.99
6398	69.99
6399	69.99
6400	69.99
6401	69.99
6402	69.99
6403	69.99
6404	69.99
6405	69.99
6406	69.99
6407	69.99
6408	69.99
6409	69.99
6410	69.99
6411	69.99
6412	69.99
6413	69.99
6414	69.99
6415	69.99
6416	69.99
6417	69.99
6418	69.99
6419	69.99
6420	69.99
6421	69.99
6422	69.99
6423	69.99
6424	69.99
6425	69.99
6426	69.99
6427	69.99
6428	69.99
6429	69.99
6430	69.99
6431	69.99
6432	69.99
6433	69.99
6434	69.99
6435	69.99
6436	69.99
6437	69.99
6438	69.99
6439	69.99
6440	69.99
6441	69.99
6442	69.99
6443	69.99
6444	69.99
6445	69.99
6446	69.99
6447	69.99
6448	69.99
6449	69.99
6450	69.99
6451	69.99
6452	69.99
6453	69.99
6454	69.99
6455	69.99
6456	69.99
6457	69.99
6458	69.99
6459	69.99
6460	69.99
6461	69.99
6462	69.99
6463	69.99
6464	69.99
6465	69.99
6466	69.99
6467	69.99
6468	69.99
6469	69.99
6470	69.99
6471	69.99
6472	69.99
6473	69.99
6474	69.99
6475	69.99
6476	69.99
6477	69.99
6478	69.99
6479	69.99
6480	69.99
6481	69.99
6482	69.99
6483	69.99
6484	69.99
6485	69.99
6486	69.99
6487	69.99
6488	69.99
6489	69.99
6490	69.99
6491	69.99
6492	69.99
6493	69.99
6494	69.99
6495	69.99
6496	69.99
6497	69.99
6498	69.99
6499	69.99
6500	69.99
6501	69.99
6502	69.99
6503	69.99
6504	69.99
6505	69.99
6506	69.99
6507	69.99
6508	69.99
6509	69.99
6510	69.99
6511	69.99
6512	69.99
6513	69.99
6514	69.99
6515	69.99
6516	69.99
6517	69.99
6518	69.99
6519	69.99
6520	69.99
6521	69.99
6522	69.99
6523	69.99
6524	69.99
6525	69.99
6526	69.99
6527	69.99
6528	69.99
6529	69.99
6530	69.99
6531	69.99
6532	69.99
6533	69.99
6534	69.99
6535	69.99
6536	69.99
6537	69.99
6538	69.99
6539	69.99
6540	69.99
6541	69.99
6542	69.99
6543	69.99
6544	69.99
6545	69.99
6546	69.99
6547	69.99
6548	69.99
6549	69.99
6550	69.99
6551	69.99
6552	69.99
6553	69.99
6554	69.99
6555	69.99
6556	69.99
6557	69.99
6558	69.99
6559	69.99
6560	69.99
6561	69.99
6562	69.99
6563	69.99
6564	69.99
6565	69.99
6566	69.99
6567	69.99
6568	69.99
6569	69.99
6570	69.99
6571	69.99
6572	69.99
6573	69.99
6574	69.99
6575	69.99
6576	69.99
6577	69.99
6578	69.99
6579	69.99
6580	69.99
6581	69.99
6582	69.99
6583	69.99
6584	69.99
6585	69.99
6586	69.99
6587	69.99
6588	69.99
6589	69.99
6590	69.99
6591	69.99
6592	69.99
6593	69.99
6594	69.99
6595	69.99
6596	69.99
6597	69.99
6598	69.99
6599	69.99
6600	69.99
6601	69.99
6602	69.99
6603	69.99
6604	69.99
6605	69.99
6606	69.99
6607	69.99
6608	69.99
6609	69.99
6610	69.99
6611	69.99
6612	69.99
6613	69.99
6614	69.99
6615	69.99
6616	69.99
6617	69.99
6618	69.99
6619	69.99
6620	69.99
6621	69.99
6622	69.99
6623	69.99
6624	69.99
6625	69.99
6626	69.99
6627	69.99
6628	69.99
6629	69.99
6630	69.99
6631	69.99
6632	69.99
6633	69.99
6634	69.99
6635	69.99
6636	69.99
6637	69.99
6638	69.99
6639	69.99
6640	69.99
6641	69.99
6642	69.99
6643	69.99
6644	69.99
6645	69.99
6646	69.99
6647	69.99
6648	69.99
6649	69.99
6650	69.99
6651	69.99
6652	69.99
6653	69.99
6654	69.99
6655	69.99
6656	69.99
6657	69.99
6658	69.99
6659	69.99
6660	69.99
6661	69.99
6662	69.99
6663	69.99
6664	69.99
6665	69.99
6666	69.99
6667	69.99
6668	69.99
6669	69.99
6670	69.99
6671	69.99
6672	69.99
6673	69.99
6674	69.99
6675	69.99
6676	69.99
6677	69.99
6678	69.99
6679	69.99
6680	69.99
6681	69.99
6682	69.99
6683	69.99
6684	69.99
6685	69.99
6686	69.99
6687	69.99
6688	69.99
6689	69.99
6690	69.99
6691	69.99
6692	69.99
6693	69.99
6694	69.99
6695	69.99
6696	69.99
6697	69.99
6698	69.99
6699	69.99
6700	69.99
6701	69.99
6702	69.99
6703	69.99
6704	69.99
6705	69.99
6706	69.99
6707	69.99
6708	69.99
6709	69.99
6710	69.99
6711	69.99
6712	69.99
6713	69.99
6714	69.99
6715	69.99
6716	69.99
6717	69.99
6718	69.99
6719	69.99
6720	69.99
6721	69.99
6722	69.99
6723	69.99
6724	69.99
6725	69.99
6726	69.99
6727	69.99
6728	69.99
6729	69.99
6730	69.99
6731	69.99
6732	69.99
6733	69.99
6734	69.99
6735	69.99
6736	69.99
6737	69.99
6738	69.99
6739	69.99
6740	69.99
6741	69.99
6742	69.99
6743	69.99
6744	69.99
6745	69.99
6746	69.99
6747	69.99
6748	69.99
6749	69.99
6750	69.99
6751	69.99
6752	69.99
6753	69.99
6754	69.99
6755	69.99
6756	69.99
6757	69.99
6758	69.99
6759	69.99
6760	69.99
6761	69.99
6762	69.99
6763	69.99
6764	69.99
6765	69.99
6766	69.99
6767	69.99
6768	69.99
6769	69.99
6770	69.99
6771	69.99
6772	69.99
6773	69.99
6774	69.99
6775	69.99
6776	69.99
6777	69.99
6778	69.99
6779	69.99
6780	69.99
6781	69.99
6782	69.99
6783	69.99
6784	69.99
6785	69.99
6786	69.99
6787	69.99
6788	69.99
6789	69.99
6790	69.99
6791	69.99
6792	69.99
6793	69.99
6794	69.99
6795	69.99
6796	69.99
6797	69.99
6798	69.99
6799	69.99
6800	69.99
6801	69.99
6802	69.99
6803	69.99
6804	69.99
6805	69.99
6806	69.99
6807	69.99
6808	69.99
6809	69.99
6810	69.99
6811	69.99
6812	69.99
6813	69.99
6814	69.99
6815	69.99
6816	69.99
6817	69.99
6818	69.99
6819	69.99
6820	69.99
6821	69.99
6822	69.99
6823	69.99
6824	69.99
6825	69.99
6826	69.99
6827	69.99
6828	69.99
6829	69.99
6830	69.99
6831	69.99
6832	69.99
6833	69.99
6834	69.99
6835	69.99
6836	69.99
6837	69.99
6838	69.99
6839	69.99
6840	69.99
6841	69.99
6842	69.99
6843	69.99
6844	69.99
6845	69.99
6846	69.99
6847	69.99
6848	69.99
6849	69.99
6850	69.99
6851	69.99
6852	69.99
6853	69.99
6854	69.99
6855	69.99
6856	69.99
6857	69.99
6858	69.99
6859	69.99
6860	69.99
6861	69.99
6862	69.99
6863	69.99
6864	69.99
6865	69.99
6866	69.99
6867	69.99
6868	69.99
6869	69.99
6870	69.99
6871	69.99
6872	69.99
6873	69.99
6874	69.99
6875	69.99
6876	69.99
6877	69.99
6878	69.99
6879	69.99
6880	69.99
6881	69.99
6882	69.99
6883	69.99
6884	69.99
6885	69.99
6886	69.99
6887	69.99
6888	69.99
6889	69.99
6890	69.99
6891	69.99
6892	69.99
6893	69.99
6894	69.99
6895	69.99
6896	69.99
6897	69.99
6898	69.99
6899	69.99
6900	69.99
6901	69.99
6902	69.99
6903	69.99
6904	69.99
6905	69.99
6906	69.99
6907	69.99
6908	69.99
6909	69.99
6910	69.99
6911	69.99
6912	69.99
6913	69.99
6914	69.99
6915	69.99
6916	69.99
6917	69.99
6918	69.99
6919	69.99
6920	69.99
6921	69.99
6922	69.99
6923	69.99
6924	69.99
6925	69.99
6926	69.99
6927	69.99
6928	69.99
6929	69.99
6930	69.99
6931	69.99
6932	69.99
6933	69.99
6934	69.99
6935	69.99
6936	69.99
6937	69.99
6938	69.99
6939	69.99
6940	69.99
6941	69.99
6942	69.99
6943	69.99
6944	69.99
6945	69.99
6946	69.99
6947	69.99
6948	69.99
6949	69.99
6950	69.99
6951	69.99
6952	69.99
6953	69.99
6954	69.99
6955	69.99
6956	69.99
6957	69.99
6958	69.99
6959	69.99
6960	69.99
6961	69.99
6962	69.99
6963	69.99
6964	69.99
6965	69.99
6966	69.99
6967	69.99
6968	69.99
6969	69.99
6970	69.99
6971	69.99
6972	69.99
6973	69.99
6974	69.99
6975	69.99
6976	69.99
6977	69.99
6978	69.99
6979	69.99
6980	69.99
6981	69.99
6982	69.99
6983	69.99
6984	69.99
6985	69.99
6986	69.99
6987	69.99
6988	69.99
6989	69.99
6990	69.99
6991	69.99
6992	69.99
6993	69.99
6994	69.99
6995	69.99
6996	69.99
6997	69.99
6998	69.99
6999	69.99
7000	69.99
7001	69.99
7002	69.99
7003	69.99
7004	69.99
7005	69.99
7006	69.99
7007	69.99
7008	69.99
7009	69.99
7010	69.99
7011	69.99
7012	69.99
7013	69.99
7014	69.99
7015	69.99
7016	69.99
7017	69.99
7018	69.99
7019	69.99
7020	69.99
7021	69.99
7022	69.99
7023	69.99
7024	69.99
7025	69.99
7026	69.99
7027	69.99
7028	69.99
7029	69.99
7030	69.99
7031	69.99
7032	69.99
7033	69.99
7034	69.99
7035	69.99
7036	69.99
7037	69.99
7038	69.99
7039	69.99
7040	69.99
7041	69.99
7042	69.99
7043	69.99
7044	69.99
7045	69.99
7046	69.99
7047	69.99
7048	69.99
7049	69.99
7050	69.99
7051	69.99
7052	69.99
7053	69.99
7054	69.99
7055	69.99
7056	69.99
7057	69.99
7058	69.99
7059	69.99
7060	69.99
7061	69.99
7062	69.99
7063	69.99
7064	69.99
7065	69.99
7066	69.99
7067	69.99
7068	69.99
7069	69.99
7070	69.99
7071	69.99
7072	69.99
7073	69.99
7074	69.99
7075	69.99
7076	69.99
7077	69.99
7078	69.99
7079	69.99
7080	69.99
7081	69.99
7082	69.99
7083	69.99
7084	69.99
7085	69.99
7086	69.99
7087	69.99
7088	69.99
7089	69.99
7090	69.99
7091	69.99
7092	69.99
7093	69.99
7094	69.99
7095	69.99
7096	69.99
7097	69.99
7098	69.99
7099	69.99
7100	69.99
7101	69.99
7102	69.99
7103	69.99
7104	69.99
7105	69.99
7106	69.99
7107	69.99
7108	69.99
7109	69.99
7110	69.99
7111	69.99
7112	69.99
7113	69.99
7114	69.99
7115	69.99
7116	69.99
7117	69.99
7118	69.99
7119	69.99
7120	69.99
7121	69.99
7122	69.99
7123	69.99
7124	69.99
7125	69.99
7126	69.99
7127	69.99
7128	69.99
7129	69.99
7130	69.99
7131	69.99
7132	69.99
7133	69.99
7134	69.99
7135	69.99
7136	69.99
7137	69.99
7138	69.99
7139	69.99
7140	69.99
7141	69.99
7142	69.99
7143	69.99
7144	69.99
7145	69.99
7146	69.99
7147	69.99
7148	69.99
7149	69.99
7150	69.99
7151	69.99
7152	69.99
7153	69.99
7154	69.99
7155	69.99
7156	69.99
7157	69.99
7158	69.99
7159	69.99
7160	69.99
7161	69.99
7162	69.99
7163	69.99
7164	69.99
7165	69.99
7166	69.99
7167	69.99
7168	69.99
7169	69.99
7170	69.99
7171	69.99
7172	69.99
7173	69.99
7174	69.99
7175	69.99
7176	69.99
7177	69.99
7178	69.99
7179	69.99
7180	69.99
7181	69.99
7182	69.99
7183	69.99
7184	69.99
7185	69.99
7186	69.99
7187	69.99
7188	69.99
7189	69.99
7190	69.99
7191	69.99
7192	69.99
7193	69.99
7194	69.99
7195	69.99
7196	69.99
7197	69.99
7198	69.99
7199	69.99
7200	69.99
7201	69.99
7202	69.99
7203	69.99
7204	69.99
7205	69.99
7206	69.99
7207	69.99
7208	69.99
7209	69.99
7210	69.99
7211	69.99
7212	69.99
7213	69.99
7214	69.99
7215	69.99
7216	69.99
7217	69.99
7218	69.99
7219	69.99
7220	69.99
7221	69.99
7222	69.99
7223	69.99
7224	69.99
7225	69.99
7226	69.99
7227	69.99
7228	69.99
7229	69.99
7230	69.99
7231	69.99
7232	69.99
7233	69.99
7234	69.99
7235	69.99
7236	69.99
7237	69.99
7238	69.99
7239	69.99
7240	69.99
7241	69.99
7242	69.99
7243	69.99
7244	69.99
7245	69.99
7246	69.99
7247	69.99
7248	69.99
7249	69.99
7250	69.99
7251	69.99
7252	69.99
7253	69.99
7254	69.99
7255	69.99
7256	69.99
7257	69.99
7258	69.99
7259	69.99
7260	69.99
7261	69.99
7262	69.99
7263	69.99
7264	69.99
7265	69.99
7266	69.99
7267	69.99
7268	69.99
7269	69.99
7270	69.99
7271	69.99
7272	69.99
7273	69.99
7274	69.99
7275	69.99
7276	69.99
7277	69.99
7278	69.99
7279	69.99
7280	69.99
7281	69.99
7282	69.99
7283	69.99
7284	69.99
7285	69.99
7286	69.99
7287	69.99
7288	69.99
7289	69.99
7290	69.99
7291	69.99
7292	69.99
7293	69.99
7294	69.99
7295	69.99
7296	69.99
7297	69.99
7298	69.99
7299	69.99
7300	69.99
7301	69.99
7302	69.99
7303	69.99
7304	69.99
7305	69.99
7306	69.99
7307	69.99
7308	69.99
7309	69.99
7310	69.99
7311	69.99
7312	69.99
7313	69.99
7314	69.99
7315	69.99
7316	69.99
7317	69.99
7318	69.99
7319	69.99
7320	69.99
7321	69.99
7322	69.99
7323	69.99
7324	69.99
7325	69.99
7326	69.99
7327	69.99
7328	69.99
7329	69.99
7330	69.99
7331	69.99
7332	69.99
7333	69.99
7334	69.99
7335	69.99
7336	69.99
7337	69.99
7338	69.99
7339	69.99
7340	69.99
7341	69.99
7342	69.99
7343	69.99
7344	69.99
7345	69.99
7346	69.99
7347	69.99
7348	69.99
7349	69.99
7350	69.99
7351	69.99
7352	69.99
7353	69.99
7354	69.99
7355	69.99
7356	69.99
7357	69.99
7358	69.99
7359	69.99
7360	69.99
7361	69.99
7362	69.99
7363	69.99
7364	69.99
7365	69.99
7366	69.99
7367	69.99
7368	69.99
7369	69.99
7370	69.99
7371	69.99
7372	69.99
7373	69.99
7374	69.99
7375	69.99
7376	69.99
7377	69.99
7378	69.99
7379	69.99
7380	69.99
7381	69.99
7382	69.99
7383	69.99
7384	69.99
7385	69.99
7386	69.99
7387	69.99
7388	69.99
7389	69.99
7390	69.99
7391	69.99
7392	69.99
7393	69.99
7394	69.99
7395	69.99
7396	69.99
7397	69.99
7398	69.99
7399	69.99
7400	69.99
7401	69.99
7402	69.99
7403	69.99
7404	69.99
7405	69.99
7406	69.99
7407	69.99
7408	69.99
7409	69.99
7410	69.99
7411	69.99
7412	69.99
7413	69.99
7414	69.99
7415	69.99
7416	69.99
7417	69.99
7418	69.99
7419	69.99
7420	69.99
7421	69.99
7422	69.99
7423	69.99
7424	69.99
7425	69.99
7426	69.99
7427	69.99
7428	69.99
7429	69.99
7430	69.99
7431	69.99
7432	69.99
7433	69.99
7434	69.99
7435	69.99
7436	69.99
7437	69.99
7438	69.99
7439	69.99
7440	69.99
7441	69.99
7442	69.99
7443	69.99
7444	69.99
7445	69.99
7446	69.99
7447	69.99
7448	69.99
7449	69.99
7450	69.99
7451	69.99
7452	69.99
7453	69.99
7454	69.99
7455	69.99
7456	69.99
7457	69.99
7458	69.99
7459	69.99
7460	69.99
7461	69.99
7462	69.99
7463	69.99
7464	69.99
7465	69.99
7466	69.99
7467	69.99
7468	69.99
7469	69.99
7470	69.99
7471	69.99
7472	69.99
7473	69.99
7474	69.99
7475	69.99
7476	69.99
7477	69.99
7478	69.99
7479	69.99
7480	69.99
7481	69.99
7482	69.99
7483	69.99
7484	69.99
7485	69.99
7486	69.99
7487	69.99
7488	69.99
7489	69.99
7490	69.99
7491	69.99
7492	69.99
7493	69.99
7494	69.99
7495	69.99
7496	69.99
7497	69.99
7498	69.99
7499	69.99
7500	69.99
7501	69.99
7502	69.99
7503	69.99
7504	69.99
7505	69.99
7506	69.99
7507	69.99
7508	69.99
7509	69.99
7510	69.99
7511	69.99
7512	69.99
7513	69.99
7514	69.99
7515	69.99
7516	69.99
7517	69.99
7518	69.99
7519	69.99
7520	69.99
7521	69.99
7522	69.99
7523	69.99
7524	69.99
7525	69.99
7526	69.99
7527	69.99
7528	69.99
7529	69.99
7530	69.99
7531	69.99
7532	69.99
7533	69.99
7534	69.99
7535	69.99
7536	69.99
7537	69.99
7538	69.99
7539	69.99
7540	69.99
7541	69.99
7542	69.99
7543	69.99
7544	69.99
7545	69.99
7546	69.99
7547	69.99
7548	69.99
7549	69.99
7550	69.99
7551	69.99
7552	69.99
7553	69.99
7554	69.99
7555	69.99
7556	69.99
7557	69.99
7558	69.99
7559	69.99
7560	69.99
7561	69.99
7562	69.99
7563	69.99
7564	69.99
7565	69.99
7566	69.99
7567	69.99
7568	69.99
7569	69.99
7570	69.99
7571	69.99
7572	69.99
7573	69.99
7574	69.99
7575	69.99
7576	69.99
7577	69.99
7578	69.99
7579	69.99
7580	69.99
7581	69.99
7582	69.99
7583	69.99
7584	69.99
7585	69.99
7586	69.99
7587	69.99
7588	69.99
7589	69.99
7590	69.99
7591	69.99
7592	69.99
7593	69.99
7594	69.99
7595	69.99
7596	69.99
7597	69.99
7598	69.99
7599	69.99
7600	69.99
7601	69.99
7602	69.99
7603	69.99
7604	69.99
7605	69.99
7606	69.99
7607	69.99
7608	69.99
7609	69.99
7610	69.99
7611	69.99
7612	69.99
7613	69.99
7614	69.99
7615	69.99
7616	69.99
7617	69.99
7618	69.99
7619	69.99
7620	69.99
7621	69.99
7622	69.99
7623	69.99
7624	69.99
7625	69.99
7626	69.99
7627	69.99
7628	69.99
7629	69.99
7630	69.99
7631	69.99
7632	69.99
7633	69.99
7634	69.99
7635	69.99
7636	69.99
7637	69.99
7638	69.99
7639	69.99
7640	69.99
7641	69.99
7642	69.99
7643	69.99
7644	69.99
7645	69.99
7646	69.99
7647	69.99
7648	69.99
7649	69.99
7650	69.99
7651	69.99
7652	69.99
7653	69.99
7654	69.99
7655	69.99
7656	69.99
7657	69.99
7658	69.99
7659	69.99
7660	69.99
7661	69.99
7662	69.99
7663	69.99
7664	69.99
7665	69.99
7666	69.99
7667	69.99
7668	69.99
7669	69.99
7670	69.99
7671	69.99
7672	69.99
7673	69.99
7674	69.99
7675	69.99
7676	69.99
7677	69.99
7678	69.99
7679	69.99
7680	69.99
7681	69.99
7682	69.99
7683	69.99
7684	69.99
7685	69.99
7686	69.99
7687	69.99
7688	69.99
7689	69.99
7690	69.99
7691	69.99
7692	69.99
7693	69.99
7694	69.99
7695	69.99
7696	69.99
7697	69.99
7698	69.99
7699	69.99
7700	69.99
7701	69.99
7702	69.99
7703	69.99
7704	69.99
7705	69.99
7706	69.99
7707	69.99
7708	69.99
7709	69.99
7710	69.99
7711	69.99
7712	69.99
7713	69.99
7714	69.99
7715	69.99
7716	69.99
7717	69.99
7718	69.99
7719	69.99
7720	69.99
7721	69.99
7722	69.99
7723	69.99
7724	69.99
7725	69.99
7726	69.99
7727	69.99
7728	69.99
7729	69.99
7730	69.99
7731	69.99
7732	69.99
7733	69.99
7734	69.99
7735	69.99
7736	69.99
7737	69.99
7738	69.99
7739	69.99
7740	69.99
7741	69.99
7742	69.99
7743	69.99
7744	69.99
7745	69.99
7746	69.99
7747	69.99
7748	69.99
7749	69.99
7750	69.99
7751	69.99
7752	69.99
7753	69.99
7754	69.99
7755	69.99
7756	69.99
7757	69.99
7758	69.99
7759	69.99
7760	69.99
7761	69.99
7762	69.99
7763	69.99
7764	69.99
7765	69.99
7766	69.99
7767	69.99
7768	69.99
7769	69.99
7770	69.99
7771	69.99
7772	69.99
7773	69.99
7774	69.99
7775	69.99
7776	69.99
7777	69.99
7778	69.99
7779	69.99
7780	69.99
7781	69.99
7782	69.99
7783	69.99
7784	69.99
7785	69.99
7786	69.99
7787	69.99
7788	69.99
7789	69.99
7790	69.99
7791	69.99
7792	69.99
7793	69.99
7794	69.99
7795	69.99
7796	69.99
7797	69.99
7798	69.99
7799	69.99
7800	69.99
7801	69.99
7802	69.99
7803	69.99
7804	69.99
7805	69.99
7806	69.99
7807	69.99
7808	69.99
7809	69.99
7810	69.99
7811	69.99
7812	69.99
7813	69.99
7814	69.99
7815	69.99
7816	69.99
7817	69.99
7818	69.99
7819	69.99
7820	69.99
7821	69.99
7822	69.99
7823	69.99
7824	69.99
7825	69.99
7826	69.99
7827	69.99
7828	69.99
7829	69.99
7830	69.99
7831	69.99
7832	69.99
7833	69.99
7834	69.99
7835	69.99
7836	69.99
7837	69.99
7838	69.99
7839	69.99
7840	69.99
7841	69.99
7842	69.99
7843	69.99
7844	69.99
7845	69.99
7846	69.99
7847	69.99
7848	69.99
7849	69.99
7850	69.99
7851	69.99
7852	69.99
7853	69.99
7854	69.99
7855	69.99
7856	69.99
7857	69.99
7858	69.99
7859	69.99
7860	69.99
7861	69.99
7862	69.99
7863	69.99
7864	69.99
7865	69.99
7866	69.99
7867	69.99
7868	69.99
7869	69.99
7870	69.99
7871	69.99
7872	69.99
7873	69.99
7874	69.99
7875	69.99
7876	69.99
7877	69.99
7878	69.99
7879	69.99
7880	69.99
7881	69.99
7882	69.99
7883	69.99
7884	69.99
7885	69.99
7886	69.99
7887	69.99
7888	69.99
7889	69.99
7890	69.99
7891	69.99
7892	69.99
7893	69.99
7894	69.99
7895	69.99
7896	69.99
7897	69.99
7898	69.99
7899	69.99
7900	69.99
7901	69.99
7902	69.99
7903	69.99
7904	69.99
7905	69.99
7906	69.99
7907	69.99
7908	69.99
7909	69.99
7910	69.99
7911	69.99
7912	69.99
7913	69.99
7914	69.99
7915	69.99
7916	69.99
7917	69.99
7918	69.99
7919	69.99
7920	69.99
7921	69.99
7922	69.99
7923	69.99
7924	69.99
7925	69.99
7926	69.99
7927	69.99
7928	69.99
7929	69.99
7930	69.99
7931	69.99
7932	69.99
7933	69.99
7934	69.99
7935	69.99
7936	69.99
7937	69.99
7938	69.99
7939	69.99
7940	69.99
7941	69.99
7942	69.99
7943	69.99
7944	69.99
7945	69.99
7946	69.99
7947	69.99
7948	69.99
7949	69.99
7950	69.99
7951	69.99
7952	69.99
7953	69.99
7954	69.99
7955	69.99
7956	69.99
7957	69.99
7958	69.99
7959	69.99
7960	69.99
7961	69.99
7962	69.99
7963	69.99
7964	69.99
7965	69.99
7966	69.99
7967	69.99
7968	69.99
7969	69.99
7970	69.99
7971	69.99
7972	69.99
7973	69.99
7974	69.99
7975	69.99
7976	69.99
7977	69.99
7978	69.99
7979	69.99
7980	69.99
7981	69.99
7982	69.99
7983	69.99
7984	69.99
7985	69.99
7986	69.99
7987	69.99
7988	69.99
7989	69.99
7990	69.99
7991	69.99
7992	69.99
