1	32345.347
2	32349.452
3	32353.556
4	32358.067
5	32362.173
6	32366.686
7	32370.788
8	32375.301
9	32379.404
10	32383.916
11	32388.019
12	32392.533
13	32396.637
14	32401.149
15	32405.252
16	32409.765
17	32413.87
18	32417.973
19	32422.487
20	32426.589
21	32431.1
22	32435.206
23	32439.716
24	32443.822
25	32448.333
26	32452.437
27	32456.951
28	32461.054
29	32465.564
30	32469.668
31	32474.18
32	32478.288
33	32482.39
34	32486.9
35	32490.999
36	32495.517
37	32499.62
38	32504.135
39	32508.237
40	32512.751
41	32516.854
42	32521.369
43	32525.469
44	32529.98
45	32534.087
46	32538.598
47	32542.702
48	32546.806
49	32551.318
50	32555.422
51	32559.934
52	32564.04
53	32568.551
54	32572.653
55	32577.165
56	32581.271
57	32585.782
58	32589.886
59	32594.399
60	32598.504
61	32603.008
62	32607.118
63	32611.222
64	32615.735
65	32619.84
66	32624.351
67	32628.454
68	32632.968
69	32637.069
70	32641.582
71	32645.694
72	32650.2
73	32654.303
74	32658.814
75	32662.92
76	32667.431
77	32671.534
78	32676.047
79	32680.152
80	32684.256
81	32688.773
82	32692.873
83	32697.384
84	32701.486
85	32706.001
86	32710.103
87	32714.616
88	32718.721
89	32723.233
90	32727.334
91	32731.85
92	32735.952
93	32740.465
94	32744.568
95	32748.673
96	32753.183
97	32757.288
98	32761.799
99	32765.911
100	32770.417
101	32774.52
102	32779.025
103	32783.136
104	32787.65
105	32791.753
106	32796.266
107	32800.37
108	32804.881
109	32808.984
110	32813.09
111	32817.6
112	32821.706
113	32826.217
114	32830.322
115	32834.835
116	32838.935
117	32843.448
118	32847.553
119	32852.065
120	32856.176
121	32860.68
122	32864.785
123	32869.298
124	32873.4
125	32877.505
126	32882.018
127	32886.121
128	32890.633
129	32894.738
130	32899.251
131	32903.332
132	32907.845
133	32911.943
134	32916.456
135	32920.56
136	32925.073
137	32929.178
138	32933.69
139	32937.795
140	32942.319
141	32946.402
142	32950.503
143	32955.015
144	32959.119
145	32963.63
146	32967.735
147	32972.248
148	32976.352
149	32980.864
150	32984.979
151	32989.478
152	32993.584
153	32998.093
154	33002.197
155	33006.708
156	33010.812
157	33014.917
158	33019.495
159	33023.534
160	33028.049
161	33032.162
162	33036.664
163	33040.782
164	33045.296
165	33049.398
166	33053.912
167	33058.015
168	33062.529
169	33066.635
170	33071.148
171	33075.25
172	33079.593
173	33083.848
174	33087.952
175	33092.466
176	33096.571
177	33101.083
178	33105.187
179	33109.697
180	33113.815
181	33118.323
182	33122.43
183	33126.944
184	33131.048
185	33135.557
186	33139.686
187	33143.768
188	33148.282
189	33152.385
190	33156.897
191	33161.003
192	33165.513
193	33169.61
194	33174.126
195	33178.226
196	33182.738
197	33186.845
198	33191.375
199	33195.513
200	33199.973
201	33204.075
202	33208.588
203	33212.69
204	33216.795
205	33221.309
206	33225.412
207	33229.925
208	33234.039
209	33238.536
210	33242.644
211	33247.16
212	33251.253
213	33255.762
214	33259.864
215	33264.376
216	33268.482
217	33272.993
218	33277.099
219	33281.213
220	33285.723
221	33289.824
222	33294.338
223	33298.432
224	33302.948
225	33307.049
226	33311.595
227	33315.674
228	33320.175
229	33324.289
230	33328.825
231	33332.929
232	33337.443
233	33341.546
234	33345.65
235	33350.161
236	33354.266
237	33358.777
238	33362.881
239	33367.394
240	33371.498
241	33376.01
242	33380.116
243	33384.625
244	33388.73
245	33393.242
246	33397.349
247	33401.858
248	33405.963
249	33410.066
250	33414.578
251	33418.682
252	33423.195
253	33427.298
254	33431.811
255	33435.914
256	33440.426
257	33444.534
258	33449.042
259	33453.146
260	33457.659
261	33461.763
262	33466.274
263	33470.379
264	33474.891
265	33478.995
266	33483.092
267	33487.616
268	33491.716
269	33496.227
270	33500.332
271	33504.844
272	33508.946
273	33513.459
274	33517.564
275	33522.075
276	33526.178
277	33530.697
278	33534.795
279	33539.308
280	33543.411
281	33547.516
282	33552.027
283	33556.132
284	33560.644
285	33564.748
286	33569.26
287	33573.363
288	33577.875
289	33581.979
290	33586.491
291	33590.597
292	33595.102
293	33599.213
294	33603.723
295	33607.827
296	33611.932
297	33616.444
298	33620.549
299	33625.06
300	33629.164
301	33633.676
302	33637.779
303	33642.29
304	33646.397
305	33650.908
306	33655.015
307	33659.526
308	33663.628
309	33668.14
310	33672.245
311	33676.348
312	33680.861
313	33684.965
314	33689.477
315	33693.581
316	33698.097
317	33702.198
318	33706.71
319	33710.812
320	33715.325
321	33719.429
322	33723.942
323	33728.046
324	33732.558
325	33736.661
326	33741.173
327	33745.276
328	33749.381
329	33753.892
330	33757.998
331	33762.509
332	33766.614
333	33771.12
334	33775.229
335	33779.741
336	33783.846
337	33788.358
338	33792.462
339	33796.975
340	33801.078
341	33805.589
342	33809.693
343	33813.798
344	33818.31
345	33822.414
346	33826.926
347	33831.031
348	33835.542
349	33839.647
350	33844.159
351	33848.263
352	33852.774
353	33856.879
354	33861.391
355	33865.496
356	33870.006
357	33874.112
358	33878.214
359	33882.727
360	33886.832
361	33891.343
362	33895.446
363	33899.959
364	33904.064
365	33908.581
366	33912.678
367	33917.191
368	33921.294
369	33925.807
370	33929.911
371	33934.423
372	33938.528
373	33942.634
374	33947.136
375	33951.247
376	33955.759
377	33959.864
378	33964.377
379	33968.482
380	33972.992
381	33977.095
382	33981.608
383	33985.711
384	33990.223
385	33994.328
386	33998.841
387	34002.945
388	34007.456
389	34011.559
390	34015.664
391	34020.176
392	34024.282
393	34028.793
394	34032.897
395	34037.407
396	34041.513
397	34046.025
398	34050.128
399	34054.641
400	34058.745
401	34063.256
402	34067.36
403	34071.872
404	-1
405	-1
406	-1
407	34075.98
408	-1
409	-1
410	-1
411	34080.08
412	-1
413	-1
414	-1
415	-1
416	-1
417	34084.593
418	-1
419	-1
420	-1
421	-1
422	34088.697
423	-1
424	-1
425	-1
426	-1
427	-1
428	34093.209
429	-1
430	-1
431	34097.312
432	-1
433	-1
434	-1
435	-1
436	-1
437	34101.826
438	-1
439	-1
440	-1
441	34105.929
442	-1
443	-1
444	-1
445	-1
446	-1
447	34110.441
448	-1
449	-1
450	-1
451	-1
452	34114.545
453	-1
454	-1
455	-1
456	-1
457	-1
458	34119.055
459	-1
460	-1
461	34123.162
462	-1
463	-1
464	-1
465	-1
466	-1
467	34127.673
468	-1
469	-1
470	-1
471	-1
472	-1
473	34131.779
474	-1
475	-1
476	34136.289
477	-1
478	-1
479	-1
480	-1
481	-1
482	34140.394
483	-1
484	-1
485	-1
486	34144.496
487	-1
488	-1
489	-1
490	-1
491	-1
492	34149.008
493	-1
494	-1
495	-1
496	-1
497	34153.108
498	-1
499	-1
500	-1
501	-1
502	-1
503	34157.626
504	-1
505	-1
506	34161.73
507	-1
508	-1
509	-1
510	-1
511	-1
512	34166.242
513	-1
514	-1
515	-1
516	34170.346
517	-1
518	-1
519	-1
520	-1
521	34174.858
522	-1
523	-1
524	-1
525	-1
526	-1
527	34178.961
528	-1
529	-1
530	34183.473
531	-1
532	-1
533	-1
534	-1
535	-1
536	34187.577
537	-1
538	-1
539	-1
540	34192.091
541	-1
542	-1
543	-1
544	-1
545	-1
546	34196.194
547	-1
548	-1
549	-1
550	-1
551	34200.706
552	-1
553	-1
554	-1
555	-1
556	-1
557	34204.81
558	-1
559	-1
560	34208.915
561	-1
562	-1
563	-1
564	-1
565	-1
566	34213.427
567	-1
568	-1
569	-1
570	34217.529
571	-1
572	-1
573	-1
574	-1
575	-1
576	34222.041
577	-1
578	-1
579	-1
580	-1
581	34226.145
582	-1
583	-1
584	-1
585	-1
586	-1
587	34230.659
588	-1
589	-1
590	34234.763
591	-1
592	-1
593	-1
594	34239.274
595	-1
596	-1
597	-1
598	-1
599	-1
600	34243.383
601	-1
602	-1
603	-1
604	-1
605	34247.891
606	-1
607	-1
608	-1
609	-1
610	-1
611	34251.993
612	-1
613	-1
614	-1
615	34256.505
616	-1
617	-1
618	-1
619	-1
620	34260.611
621	-1
622	-1
623	-1
624	-1
625	-1
626	34265.122
627	-1
628	-1
629	34269.228
630	-1
631	-1
632	-1
633	-1
634	-1
635	34273.739
636	-1
637	-1
638	-1
639	34277.843
640	-1
641	-1
642	-1
643	-1
644	-1
645	34281.946
646	-1
647	-1
648	-1
649	-1
650	34286.457
651	-1
652	-1
653	-1
654	-1
655	-1
656	34290.562
657	-1
658	-1
659	34295.074
660	-1
661	-1
662	-1
663	-1
664	-1
665	34299.179
666	-1
667	-1
668	-1
669	34303.691
670	-1
671	-1
672	-1
673	-1
674	34307.796
675	-1
676	-1
677	-1
678	-1
679	-1
680	34312.308
681	-1
682	-1
683	-1
684	-1
685	-1
686	34316.409
687	-1
688	-1
689	34320.921
690	-1
691	-1
692	-1
693	-1
694	-1
695	34325.028
696	-1
697	-1
698	-1
699	34329.543
700	-1
701	-1
702	-1
703	-1
704	-1
705	34333.643
706	-1
707	-1
708	-1
709	-1
710	34338.155
711	-1
712	-1
713	-1
714	-1
715	-1
716	34342.26
717	-1
718	-1
719	34346.363
720	-1
721	-1
722	-1
723	-1
724	-1
725	34350.875
726	-1
727	-1
728	-1
729	34354.98
730	-1
731	-1
732	-1
733	-1
734	-1
735	34359.492
736	-1
737	-1
738	-1
739	-1
740	34363.599
741	-1
742	-1
743	-1
744	34368.108
745	-1
746	-1
747	-1
748	-1
749	34372.212
750	-1
751	-1
752	-1
753	34376.724
754	-1
755	-1
756	-1
757	-1
758	-1
759	34380.828
760	-1
761	-1
762	-1
763	-1
764	34385.341
765	-1
766	-1
767	-1
768	-1
769	-1
770	34389.445
771	-1
772	-1
773	34393.956
774	-1
775	-1
776	-1
777	-1
778	-1
779	34398.059
780	-1
781	-1
782	-1
783	-1
784	-1
785	34402.571
786	-1
787	-1
788	34406.678
789	-1
790	-1
791	-1
792	-1
793	-1
794	34410.785
795	-1
796	-1
797	-1
798	34415.293
799	-1
800	-1
801	-1
802	-1
803	-1
804	34419.396
805	-1
806	-1
807	-1
808	-1
809	34423.909
810	-1
811	-1
812	-1
813	-1
814	-1
815	34428.011
816	-1
817	-1
818	34432.523
819	-1
820	-1
821	-1
822	-1
823	-1
824	34436.629
825	-1
826	-1
827	-1
828	34441.14
829	-1
830	-1
831	-1
832	-1
833	-1
834	34445.245
835	-1
836	-1
837	-1
838	-1
839	34449.757
840	-1
841	-1
842	-1
843	-1
844	-1
845	34453.863
846	-1
847	-1
848	34458.373
849	-1
850	-1
851	-1
852	34462.476
853	-1
854	-1
855	-1
856	-1
857	-1
858	34466.988
859	-1
860	-1
861	-1
862	-1
863	34471.093
864	-1
865	-1
866	-1
867	-1
868	-1
869	34475.198
870	-1
871	-1
872	34479.71
873	-1
874	-1
875	-1
876	-1
877	-1
878	34483.813
879	-1
880	-1
881	-1
882	34488.325
883	-1
884	-1
885	-1
886	-1
887	-1
888	34492.428
889	-1
890	-1
891	-1
892	-1
893	34496.945
894	-1
895	-1
896	-1
897	-1
898	-1
899	34501.045
900	-1
901	-1
902	34505.558
903	-1
904	-1
905	-1
906	-1
907	-1
908	34509.662
909	-1
910	-1
911	-1
912	34514.174
913	-1
914	-1
915	-1
916	-1
917	-1
918	34518.278
919	-1
920	-1
921	-1
922	-1
923	34522.789
924	-1
925	-1
926	-1
927	-1
928	-1
929	34526.893
930	-1
931	-1
932	34531.406
933	-1
934	-1
935	-1
936	-1
937	-1
938	34535.509
939	-1
940	-1
941	-1
942	34540.027
943	-1
944	-1
945	-1
946	-1
947	-1
948	34544.126
949	-1
950	-1
951	-1
952	-1
953	34548.228
954	-1
955	-1
956	-1
957	-1
958	-1
959	34552.743
960	-1
961	-1
962	34556.846
963	-1
964	-1
965	-1
966	-1
967	-1
968	34561.358
969	-1
970	-1
971	-1
972	34565.461
973	-1
974	-1
975	-1
976	-1
977	-1
978	34569.973
979	-1
980	-1
981	-1
982	-1
983	34574.082
984	-1
985	-1
986	34578.589
987	-1
988	-1
989	-1
990	-1
991	-1
992	34582.695
993	-1
994	-1
995	-1
996	34587.206
997	-1
998	-1
999	-1
1000	-1
1001	-1
1002	34591.31
1003	-1
1004	-1
1005	-1
1006	-1
1007	34595.822
1008	-1
1009	-1
1010	-1
1011	-1
1012	-1
1013	34599.926
1014	-1
1015	-1
1016	34604.438
1017	-1
1018	-1
1019	-1
1020	-1
1021	-1
1022	34608.542
1023	-1
1024	-1
1025	-1
1026	34612.647
1027	-1
1028	-1
1029	-1
1030	-1
1031	-1
1032	34617.159
1033	-1
1034	-1
1035	-1
1036	-1
1037	34621.264
1038	-1
1039	-1
1040	-1
1041	-1
1042	-1
1043	34625.774
1044	-1
1045	-1
1046	34629.878
1047	-1
1048	-1
1049	-1
1050	-1
1051	-1
1052	34634.389
1053	-1
1054	-1
1055	-1
1056	34638.495
1057	-1
1058	-1
1059	-1
1060	-1
1061	34643.007
1062	-1
1063	-1
1064	-1
1065	-1
1066	-1
1067	34647.111
1068	-1
1069	-1
1070	34651.623
1071	-1
1072	-1
1073	-1
1074	-1
1075	-1
1076	34655.727
1077	-1
1078	-1
1079	-1
1080	34660.238
1081	-1
1082	-1
1083	-1
1084	-1
1085	-1
1086	34664.346
1087	-1
1088	-1
1089	-1
1090	-1
1091	34668.853
1092	-1
1093	-1
1094	-1
1095	-1
1096	-1
1097	34672.96
1098	-1
1099	-1
1100	34677.063
1101	-1
1102	-1
1103	-1
1104	-1
1105	-1
1106	34681.575
1107	-1
1108	-1
1109	-1
1110	34685.679
1111	-1
1112	-1
1113	-1
1114	-1
1115	-1
1116	34690.19
1117	-1
1118	-1
1119	-1
1120	-1
1121	34694.295
1122	-1
1123	-1
1124	-1
1125	-1
1126	-1
1127	34698.808
1128	-1
1129	-1
1130	34702.911
1131	-1
1132	-1
1133	-1
1134	-1
1135	-1
1136	34707.423
1137	-1
1138	-1
1139	-1
1140	34711.529
1141	-1
1142	-1
1143	-1
1144	-1
1145	34716.039
1146	-1
1147	-1
1148	-1
1149	34720.143
1150	-1
1151	-1
1152	-1
1153	-1
1154	-1
1155	34724.654
1156	-1
1157	-1
1158	-1
1159	-1
1160	34728.759
1161	-1
1162	-1
1163	-1
1164	-1
1165	-1
1166	34733.272
1167	-1
1168	-1
1169	-1
1170	34737.376
1171	-1
1172	-1
1173	-1
1174	-1
1175	34741.483
1176	-1
1177	-1
1178	-1
1179	34745.993
1180	-1
1181	-1
1182	-1
1183	-1
1184	-1
1185	34750.097
1186	-1
1187	-1
1188	-1
1189	-1
1190	34754.61
1191	-1
1192	-1
1193	-1
1194	-1
1195	-1
1196	34758.711
1197	-1
1198	-1
1199	-1
1200	34763.223
1201	-1
1202	-1
1203	-1
1204	-1
1205	34767.327
1206	-1
1207	-1
1208	-1
1209	34771.839
1210	-1
1211	-1
1212	-1
1213	-1
1214	-1
1215	34775.944
1216	-1
1217	-1
1218	-1
1219	-1
1220	34780.457
1221	-1
1222	-1
1223	-1
1224	-1
1225	-1
1226	34784.561
1227	34789.074
1228	-1
1229	-1
1230	-1
1231	-1
1232	34793.176
1233	-1
1234	-1
1235	-1
1236	34797.688
1237	-1
1238	-1
1239	-1
1240	-1
1241	-1
1242	34801.791
1243	-1
1244	-1
1245	-1
1246	-1
1247	34806.305
1248	-1
1249	-1
1250	-1
1251	-1
1252	-1
1253	34810.408
1254	-1
1255	-1
1256	34814.513
1257	-1
1258	-1
1259	-1
1260	-1
1261	-1
1262	34819.026
1263	-1
1264	-1
1265	-1
1266	34823.127
1267	-1
1268	-1
1269	-1
1270	-1
1271	-1
1272	34827.64
1273	-1
1274	-1
1275	-1
1276	-1
1277	34831.746
1278	-1
1279	-1
1280	-1
1281	-1
1282	-1
1283	34836.257
1284	-1
1285	-1
1286	34840.36
1287	-1
1288	-1
1289	-1
1290	34844.873
1291	-1
1292	-1
1293	-1
1294	-1
1295	-1
1296	34848.978
1297	-1
1298	-1
1299	-1
1300	-1
1301	34853.489
1302	-1
1303	-1
1304	-1
1305	-1
1306	-1
1307	34857.591
1308	-1
1309	-1
1310	-1
1311	-1
1312	-1
1313	34862.103
1314	-1
1315	-1
1316	34866.209
1317	-1
1318	-1
1319	-1
1320	-1
1321	-1
1322	34870.72
1323	-1
1324	-1
1325	-1
1326	34874.826
1327	-1
1328	-1
1329	-1
1330	-1
1331	-1
1332	34878.929
1333	-1
1334	-1
1335	-1
1336	-1
1337	34883.441
1338	-1
1339	-1
1340	-1
1341	-1
1342	-1
1343	34887.544
1344	-1
1345	-1
1346	34892.056
1347	-1
1348	-1
1349	-1
1350	-1
1351	-1
1352	34896.161
1353	-1
1354	-1
1355	-1
1356	34900.673
1357	-1
1358	-1
1359	-1
1360	-1
1361	34904.777
1362	-1
1363	-1
1364	-1
1365	-1
1366	-1
1367	34909.29
1368	-1
1369	-1
1370	-1
1371	34913.394
1372	-1
1373	-1
1374	-1
1375	-1
1376	34917.909
1377	-1
1378	-1
1379	-1
1380	-1
1381	-1
1382	34922.009
1383	-1
1384	-1
1385	-1
1386	34926.52
1387	-1
1388	-1
1389	-1
1390	-1
1391	-1
1392	34930.627
1393	-1
1394	-1
1395	-1
1396	-1
1397	34935.138
1398	-1
1399	-1
1400	-1
1401	-1
1402	-1
1403	34939.241
1404	-1
1405	-1
1406	34943.345
1407	-1
1408	-1
1409	-1
1410	-1
1411	-1
1412	34947.858
1413	-1
1414	-1
1415	-1
1416	34951.962
1417	-1
1418	-1
1419	-1
1420	-1
1421	-1
1422	34956.474
1423	-1
1424	-1
1425	-1
1426	-1
1427	34960.577
1428	-1
1429	-1
1430	34965.09
1431	-1
1432	-1
1433	-1
1434	-1
1435	-1
1436	34969.193
1437	-1
1438	-1
1439	-1
1440	34973.705
1441	-1
1442	-1
1443	-1
1444	-1
1445	-1
1446	34977.811
1447	-1
1448	-1
1449	-1
1450	-1
1451	34982.323
1452	-1
1453	-1
1454	-1
1455	-1
1456	-1
1457	34986.426
1458	-1
1459	-1
1460	34990.937
1461	-1
1462	-1
1463	-1
1464	-1
1465	-1
1466	34995.042
1467	-1
1468	-1
1469	34999.554
1470	-1
1471	-1
1472	-1
1473	-1
1474	-1
1475	35003.658
1476	-1
1477	-1
1478	-1
1479	35007.763
1480	-1
1481	-1
1482	-1
1483	-1
1484	-1
1485	35012.274
1486	-1
1487	-1
1488	-1
1489	-1
1490	35016.377
1491	-1
1492	-1
1493	-1
1494	-1
1495	-1
1496	35020.89
1497	-1
1498	-1
1499	35024.995
1500	-1
1501	-1
1502	-1
1503	-1
1504	-1
1505	35029.505
1506	-1
1507	-1
1508	-1
1509	35033.611
1510	-1
1511	-1
1512	-1
1513	-1
1514	-1
1515	35038.123
1516	-1
1517	-1
1518	-1
1519	-1
1520	35042.23
1521	-1
1522	-1
1523	-1
1524	-1
1525	-1
1526	35046.738
1527	-1
1528	-1
1529	35050.842
1530	-1
1531	-1
1532	-1
1533	-1
1534	-1
1535	35055.355
1536	-1
1537	-1
1538	-1
1539	35059.458
1540	-1
1541	-1
1542	-1
1543	-1
1544	-1
1545	35063.97
1546	-1
1547	-1
1548	-1
1549	-1
1550	35068.075
1551	-1
1552	-1
1553	-1
1554	-1
1555	-1
1556	35072.586
1557	-1
1558	-1
1559	35076.691
1560	-1
1561	-1
1562	-1
1563	-1
1564	-1
1565	35080.794
1566	-1
1567	-1
1568	-1
1569	35085.309
1570	-1
1571	-1
1572	-1
1573	-1
1574	-1
1575	35089.411
1576	-1
1577	-1
1578	-1
1579	-1
1580	35093.923
1581	-1
1582	-1
1583	-1
1584	-1
1585	-1
1586	35098.027
1587	-1
1588	-1
1589	35102.539
1590	-1
1591	-1
1592	-1
1593	-1
1594	-1
1595	35106.642
1596	-1
1597	-1
1598	-1
1599	35111.157
1600	-1
1601	-1
1602	-1
1603	-1
1604	-1
1605	35115.258
1606	-1
1607	-1
1608	-1
1609	-1
1610	35119.77
1611	-1
1612	-1
1613	-1
1614	-1
1615	-1
1616	35123.875
1617	-1
1618	-1
1619	35128.393
1620	-1
1621	-1
1622	-1
1623	-1
1624	-1
1625	35132.491
1626	-1
1627	-1
1628	-1
1629	35137.003
1630	-1
1631	-1
1632	-1
1633	-1
1634	35141.107
1635	-1
1636	-1
1637	-1
1638	-1
1639	-1
1640	35145.211
1641	-1
1642	-1
1643	35149.724
1644	-1
1645	-1
1646	-1
1647	-1
1648	-1
1649	35153.826
1650	-1
1651	-1
1652	-1
1653	35158.339
1654	-1
1655	-1
1656	-1
1657	-1
1658	-1
1659	35162.445
1660	-1
1661	-1
1662	-1
1663	-1
1664	35166.955
1665	-1
1666	-1
1667	-1
1668	-1
1669	-1
1670	35171.06
1671	-1
1672	-1
1673	35175.575
1674	-1
1675	-1
1676	-1
1677	-1
1678	-1
1679	35179.676
1680	-1
1681	-1
1682	-1
1683	35184.187
1684	-1
1685	-1
1686	-1
1687	-1
1688	35188.294
1689	-1
1690	-1
1691	-1
1692	-1
1693	-1
1694	35192.804
1695	-1
1696	-1
1697	35196.907
1698	-1
1699	-1
1700	-1
1701	-1
1702	-1
1703	35201.419
1704	-1
1705	-1
1706	-1
1707	35205.523
1708	-1
1709	-1
1710	-1
1711	-1
1712	-1
1713	35209.632
1714	-1
1715	-1
1716	-1
1717	-1
1718	35214.139
1719	-1
1720	-1
1721	-1
1722	-1
1723	-1
1724	35218.244
1725	-1
1726	-1
1727	35222.756
1728	-1
1729	-1
1730	-1
1731	-1
1732	-1
1733	35226.86
1734	-1
1735	-1
1736	-1
1737	35231.372
1738	-1
1739	-1
1740	-1
1741	-1
1742	35235.47
1743	-1
1744	-1
1745	-1
1746	35239.988
1747	-1
1748	-1
1749	-1
1750	-1
1751	-1
1752	35244.092
1753	-1
1754	-1
1755	-1
1756	-1
1757	35248.605
1758	-1
1759	-1
1760	-1
1761	-1
1762	-1
1763	35252.711
1764	-1
1765	-1
1766	-1
1767	35257.22
1768	-1
1769	-1
1770	-1
1771	-1
1772	35261.324
1773	-1
1774	-1
1775	-1
1776	35265.836
1777	-1
1778	-1
1779	-1
1780	-1
1781	-1
1782	35269.941
1783	-1
1784	-1
1785	-1
1786	-1
1787	35274.045
1788	-1
1789	-1
1790	-1
1791	-1
1792	-1
1793	35278.557
1794	-1
1795	-1
1796	35282.659
1797	-1
1798	-1
1799	-1
1800	-1
1801	-1
1802	35287.172
1803	-1
1804	-1
1805	-1
1806	-1
1807	-1
1808	35291.277
1809	-1
1810	-1
1811	-1
1812	35295.785
1813	-1
1814	-1
1815	-1
1816	-1
1817	-1
1818	35299.892
1819	-1
1820	-1
1821	-1
1822	-1
1823	35304.405
1824	-1
1825	-1
1826	35308.509
1827	-1
1828	-1
1829	-1
1830	-1
1831	-1
1832	35313.02
1833	-1
1834	-1
1835	-1
1836	35317.125
1837	-1
1838	-1
1839	-1
1840	-1
1841	-1
1842	35321.636
1843	-1
1844	-1
1845	-1
1846	-1
1847	35325.741
1848	-1
1849	-1
1850	-1
1851	-1
1852	-1
1853	35330.255
1854	-1
1855	-1
1856	35334.357
1857	-1
1858	-1
1859	-1
1860	-1
1861	-1
1862	35338.869
1863	-1
1864	-1
1865	-1
1866	35342.973
1867	-1
1868	-1
1869	-1
1870	-1
1871	35347.078
1872	-1
1873	-1
1874	-1
1875	-1
1876	-1
1877	35351.589
1878	-1
1879	-1
1880	35355.693
1881	-1
1882	-1
1883	-1
1884	-1
1885	-1
1886	35360.206
1887	-1
1888	-1
1889	-1
1890	-1
1891	-1
1892	35364.309
1893	-1
1894	-1
1895	-1
1896	35368.821
1897	-1
1898	-1
1899	-1
1900	-1
1901	-1
1902	35372.924
1903	-1
1904	-1
1905	-1
1906	-1
1907	35377.437
1908	-1
1909	-1
1910	-1
1911	-1
1912	-1
1913	35381.541
1914	-1
1915	-1
1916	35386.055
1917	-1
1918	-1
1919	-1
1920	-1
1921	-1
1922	35390.157
1923	-1
1924	-1
1925	-1
1926	35394.669
1927	-1
1928	-1
1929	-1
1930	-1
1931	35398.775
1932	-1
1933	-1
1934	-1
1935	-1
1936	-1
1937	35403.285
1938	-1
1939	-1
1940	-1
1941	-1
1942	-1
1943	35407.391
1944	-1
1945	-1
1946	35411.494
1947	-1
1948	-1
1949	-1
1950	35416.005
1951	-1
1952	-1
1953	-1
1954	-1
1955	-1
1956	35420.112
1957	-1
1958	-1
1959	-1
1960	-1
1961	35424.621
1962	-1
1963	-1
1964	-1
1965	-1
1966	-1
1967	35428.726
1968	-1
1969	-1
1970	-1
1971	35433.238
1972	-1
1973	-1
1974	-1
1975	-1
1976	35437.342
1977	-1
1978	-1
1979	-1
1980	-1
1981	-1
1982	35441.855
1983	-1
1984	-1
1985	35445.959
1986	-1
1987	-1
1988	-1
1989	-1
1990	-1
1991	35450.47
1992	-1
1993	-1
1994	-1
1995	35454.573
1996	-1
1997	-1
1998	-1
1999	-1
2000	-1
2001	35459.085
2002	-1
2003	-1
2004	-1
2005	-1
2006	35463.197
2007	-1
2008	-1
2009	-1
2010	-1
2011	-1
2012	35467.704
2013	-1
2014	-1
2015	35471.806
2016	-1
2017	-1
2018	-1
2019	-1
2020	-1
2021	35475.91
2022	-1
2023	-1
2024	-1
2025	35480.422
2026	-1
2027	-1
2028	-1
2029	-1
2030	35484.526
2031	-1
2032	-1
2033	-1
2034	-1
2035	-1
2036	35489.038
2037	-1
2038	-1
2039	35493.143
2040	-1
2041	-1
2042	-1
2043	-1
2044	-1
2045	35497.654
2046	-1
2047	-1
2048	-1
2049	-1
2050	-1
2051	35501.759
2052	-1
2053	-1
2054	35506.273
2055	-1
2056	-1
2057	-1
2058	-1
2059	-1
2060	35510.375
2061	-1
2062	-1
2063	-1
2064	35514.887
2065	-1
2066	-1
2067	-1
2068	-1
2069	-1
2070	35518.992
2071	-1
2072	-1
2073	-1
2074	-1
2075	35523.504
2076	-1
2077	-1
2078	-1
2079	35527.607
2080	-1
2081	-1
2082	-1
2083	-1
2084	35532.118
2085	-1
2086	-1
2087	-1
2088	-1
2089	-1
2090	35536.226
2091	-1
2092	-1
2093	-1
2094	35540.33
2095	-1
2096	-1
2097	-1
2098	-1
2099	35544.839
2100	-1
2101	-1
2102	-1
2103	-1
2104	-1
2105	35548.944
2106	-1
2107	-1
2108	-1
2109	-1
2110	-1
2111	35553.46
2112	-1
2113	-1
2114	35557.558
2115	-1
2116	-1
2117	-1
2118	-1
2119	-1
2120	35562.07
2121	-1
2122	-1
2123	-1
2124	35566.176
2125	-1
2126	-1
2127	-1
2128	-1
2129	35570.687
2130	-1
2131	-1
2132	-1
2133	-1
2134	-1
2135	35574.791
2136	-1
2137	-1
2138	35579.304
2139	-1
2140	-1
2141	-1
2142	-1
2143	-1
2144	35583.409
2145	-1
2146	-1
2147	-1
2148	35587.92
2149	-1
2150	-1
2151	-1
2152	-1
2153	-1
2154	35592.023
2155	-1
2156	-1
2157	-1
2158	-1
2159	35596.535
2160	-1
2161	-1
2162	-1
2163	-1
2164	-1
2165	35600.639
2166	-1
2167	-1
2168	35605.152
2169	-1
2170	-1
2171	-1
2172	-1
2173	-1
2174	35609.256
2175	-1
2176	-1
2177	-1
2178	35613.36
2179	-1
2180	-1
2181	-1
2182	-1
2183	-1
2184	35617.872
2185	-1
2186	-1
2187	-1
2188	-1
2189	35621.976
2190	-1
2191	-1
2192	-1
2193	-1
2194	-1
2195	35626.487
2196	-1
2197	-1
2198	35630.598
2199	-1
2200	-1
2201	-1
2202	-1
2203	-1
2204	35635.104
2205	-1
2206	-1
2207	-1
2208	35639.209
2209	-1
2210	-1
2211	-1
2212	-1
2213	35643.72
2214	-1
2215	-1
2216	-1
2217	-1
2218	-1
2219	35647.823
2220	-1
2221	-1
2222	35652.336
2223	-1
2224	-1
2225	-1
2226	-1
2227	-1
2228	35656.44
2229	-1
2230	-1
2231	-1
2232	35660.951
2233	-1
2234	-1
2235	-1
2236	-1
2237	-1
2238	35665.057
2239	-1
2240	-1
2241	-1
2242	-1
2243	35669.569
2244	-1
2245	-1
2246	-1
2247	-1
2248	-1
2249	35673.673
2250	-1
2251	-1
2252	35677.777
2253	-1
2254	-1
2255	-1
2256	-1
2257	-1
2258	35682.289
2259	-1
2260	-1
2261	-1
2262	35686.391
2263	-1
2264	-1
2265	-1
2266	-1
2267	-1
2268	35690.906
2269	-1
2270	-1
2271	-1
2272	-1
2273	35695.009
2274	-1
2275	-1
2276	-1
2277	-1
2278	-1
2279	35699.521
2280	-1
2281	-1
2282	35703.625
2283	-1
2284	-1
2285	-1
2286	35708.136
2287	-1
2288	-1
2289	-1
2290	-1
2291	-1
2292	35712.24
2293	-1
2294	-1
2295	-1
2296	-1
2297	35716.758
2298	-1
2299	-1
2300	-1
2301	-1
2302	-1
2303	35720.858
2304	-1
2305	-1
2306	35725.37
2307	-1
2308	-1
2309	-1
2310	-1
2311	-1
2312	35729.472
2313	-1
2314	-1
2315	-1
2316	35733.985
2317	-1
2318	-1
2319	-1
2320	-1
2321	-1
2322	35738.088
2323	-1
2324	-1
2325	-1
2326	-1
2327	35742.192
2328	-1
2329	-1
2330	-1
2331	-1
2332	-1
2333	35746.706
2334	-1
2335	-1
2336	35750.811
2337	-1
2338	-1
2339	-1
2340	-1
2341	-1
2342	35755.322
2343	-1
2344	-1
2345	-1
2346	35759.424
2347	-1
2348	-1
2349	-1
2350	-1
2351	-1
2352	35763.94
2353	-1
2354	-1
2355	-1
2356	-1
2357	35768.041
2358	-1
2359	-1
2360	35772.553
2361	-1
2362	-1
2363	-1
2364	-1
2365	-1
2366	35776.658
2367	-1
2368	-1
2369	-1
2370	35781.17
2371	-1
2372	-1
2373	-1
2374	-1
2375	-1
2376	35785.274
2377	-1
2378	-1
2379	-1
2380	-1
2381	35789.787
2382	-1
2383	-1
2384	-1
2385	-1
2386	-1
2387	35793.889
2388	-1
2389	-1
2390	35798.4
2391	-1
2392	-1
2393	-1
2394	-1
2395	-1
2396	35802.505
2397	-1
2398	-1
2399	-1
2400	35806.61
2401	-1
2402	-1
2403	-1
2404	-1
2405	-1
2406	35811.123
2407	-1
2408	-1
2409	-1
2410	-1
2411	35815.227
2412	-1
2413	-1
2414	-1
2415	-1
2416	-1
2417	35819.738
2418	-1
2419	-1
2420	35823.841
2421	-1
2422	-1
2423	-1
2424	-1
2425	-1
2426	35828.352
2427	-1
2428	-1
2429	-1
2430	35832.458
2431	-1
2432	-1
2433	-1
2434	-1
2435	-1
2436	35836.971
2437	-1
2438	-1
2439	-1
2440	-1
2441	35841.076
2442	-1
2443	-1
2444	-1
2445	-1
2446	-1
2447	35845.586
2448	-1
2449	-1
2450	35849.691
2451	-1
2452	-1
2453	-1
2454	-1
2455	-1
2456	35854.202
2457	-1
2458	-1
2459	-1
2460	35858.305
2461	-1
2462	-1
2463	-1
2464	-1
2465	35862.816
2466	-1
2467	-1
2468	-1
2469	-1
2470	-1
2471	35866.922
2472	-1
2473	-1
2474	35871.435
2475	-1
2476	-1
2477	-1
2478	-1
2479	-1
2480	35875.538
2481	-1
2482	-1
2483	-1
2484	35879.644
2485	-1
2486	-1
2487	-1
2488	-1
2489	-1
2490	35884.157
2491	-1
2492	-1
2493	-1
2494	-1
2495	35888.261
2496	-1
2497	-1
2498	-1
2499	-1
2500	-1
2501	35892.772
2502	-1
2503	-1
2504	35896.875
2505	-1
2506	-1
2507	-1
2508	-1
2509	-1
2510	35901.386
2511	-1
2512	-1
2513	-1
2514	35905.491
2515	-1
2516	-1
2517	-1
2518	-1
2519	-1
2520	35909.98
2521	-1
2522	-1
2523	-1
2524	-1
2525	35914.086
2526	-1
2527	-1
2528	-1
2529	-1
2530	-1
2531	35918.6
2532	-1
2533	-1
2534	35922.703
2535	-1
2536	-1
2537	-1
2538	-1
2539	-1
2540	35927.217
2541	-1
2542	-1
2543	-1
2544	-1
2545	-1
2546	35931.319
2547	-1
2548	-1
2549	-1
2550	35935.832
2551	-1
2552	-1
2553	-1
2554	-1
2555	35939.936
2556	-1
2557	-1
2558	-1
2559	-1
2560	-1
2561	35944.051
2562	-1
2563	-1
2564	35948.557
2565	-1
2566	-1
2567	-1
2568	-1
2569	-1
2570	35952.656
2571	-1
2572	-1
2573	-1
2574	35957.174
2575	-1
2576	-1
2577	-1
2578	-1
2579	-1
2580	35961.276
2581	-1
2582	-1
2583	-1
2584	-1
2585	35965.788
2586	-1
2587	-1
2588	-1
2589	-1
2590	-1
2591	35969.893
2592	-1
2593	-1
2594	35974.406
2595	-1
2596	-1
2597	-1
2598	-1
2599	-1
2600	35978.511
2601	-1
2602	-1
2603	-1
2604	35983.025
2605	-1
2606	-1
2607	-1
2608	-1
2609	-1
2610	35987.117
2611	-1
2612	-1
2613	-1
2614	-1
2615	35991.623
2616	-1
2617	-1
2618	-1
2619	-1
2620	-1
2621	35995.74
2622	-1
2623	-1
2624	36000.251
2625	-1
2626	-1
2627	-1
2628	-1
2629	-1
2630	36004.353
2631	-1
2632	-1
2633	-1
2634	36008.46
2635	-1
2636	-1
2637	-1
2638	-1
2639	-1
2640	36012.973
2641	-1
2642	-1
2643	-1
2644	-1
2645	36017.078
2646	-1
2647	-1
2648	-1
2649	36021.587
2650	-1
2651	-1
2652	-1
2653	-1
2654	36025.694
2655	-1
2656	-1
2657	-1
2658	36030.217
2659	-1
2660	-1
2661	-1
2662	-1
2663	-1
2664	36034.301
2665	-1
2666	-1
2667	-1
2668	-1
2669	36038.817
2670	-1
2671	-1
2672	-1
2673	-1
2674	-1
2675	36042.921
2676	-1
2677	-1
2678	36047.502
2679	-1
2680	-1
2681	-1
2682	-1
2683	-1
2684	36051.541
2685	-1
2686	-1
2687	-1
2688	36056.053
2689	-1
2690	-1
2691	-1
2692	-1
2693	-1
2694	36060.157
2695	-1
2696	-1
2697	-1
2698	-1
2699	36064.671
2700	-1
2701	-1
2702	-1
2703	-1
2704	-1
2705	36068.769
2706	-1
2707	-1
2708	36072.877
2709	-1
2710	-1
2711	-1
2712	-1
2713	-1
2714	36077.38
2715	-1
2716	-1
2717	-1
2718	36081.48
2719	-1
2720	-1
2721	-1
2722	-1
2723	-1
2724	36085.99
2725	-1
2726	-1
2727	-1
2728	-1
2729	36090.095
2730	-1
2731	-1
2732	-1
2733	-1
2734	-1
2735	36094.606
2736	-1
2737	-1
2738	36098.715
2739	-1
2740	-1
2741	-1
2742	36103.228
2743	-1
2744	-1
2745	-1
2746	-1
2747	-1
2748	36107.331
2749	-1
2750	-1
2751	-1
2752	-1
2753	36111.851
2754	-1
2755	-1
2756	-1
2757	-1
2758	-1
2759	36115.971
2760	-1
2761	-1
2762	36120.468
2763	-1
2764	-1
2765	-1
2766	-1
2767	-1
2768	36124.574
2769	-1
2770	-1
2771	-1
2772	36129.073
2773	-1
2774	-1
2775	-1
2776	-1
2777	-1
2778	36133.175
2779	-1
2780	-1
2781	-1
2782	-1
2783	36137.687
2784	-1
2785	-1
2786	-1
2787	-1
2788	-1
2789	36141.791
2790	-1
2791	-1
2792	36145.894
2793	-1
2794	-1
2795	-1
2796	-1
2797	-1
2798	36150.41
2799	-1
2800	-1
2801	-1
2802	36154.514
2803	-1
2804	-1
2805	-1
2806	-1
2807	-1
2808	36159.025
2809	-1
2810	-1
2811	-1
2812	-1
2813	36163.127
2814	-1
2815	-1
2816	-1
2817	-1
2818	-1
2819	36167.638
2820	-1
2821	-1
2822	36171.744
2823	-1
2824	-1
2825	-1
2826	-1
2827	-1
2828	36176.27
2829	-1
2830	-1
2831	-1
2832	36180.368
2833	-1
2834	-1
2835	-1
2836	-1
2837	36184.882
2838	-1
2839	-1
2840	-1
2841	-1
2842	-1
2843	36188.986
2844	-1
2845	-1
2846	36193.497
2847	-1
2848	-1
2849	-1
2850	-1
2851	-1
2852	36197.601
2853	-1
2854	-1
2855	-1
2856	36202.115
2857	-1
2858	-1
2859	-1
2860	-1
2861	-1
2862	36206.218
2863	-1
2864	-1
2865	-1
2866	-1
2867	36210.321
2868	-1
2869	-1
2870	-1
2871	36214.835
2872	-1
2873	-1
2874	-1
2875	-1
2876	36218.937
2877	-1
2878	-1
2879	-1
2880	36223.51
2881	-1
2882	-1
2883	-1
2884	-1
2885	-1
2886	36227.554
2887	-1
2888	-1
2889	-1
2890	-1
2891	36232.067
2892	-1
2893	-1
2894	-1
2895	-1
2896	-1
2897	36236.168
2898	-1
2899	-1
2900	36240.698
2901	-1
2902	-1
2903	-1
2904	-1
2905	-1
2906	36244.793
2907	-1
2908	-1
2909	-1
2910	36249.305
2911	-1
2912	-1
2913	-1
2914	-1
2915	-1
2916	36253.39
2917	-1
2918	-1
2919	-1
2920	-1
2921	36257.904
2922	-1
2923	-1
2924	-1
2925	-1
2926	-1
2927	36262.022
2928	-1
2929	-1
2930	36266.531
2931	-1
2932	-1
2933	-1
2934	-1
2935	-1
2936	36270.635
2937	-1
2938	-1
2939	-1
2940	36274.738
2941	-1
2942	-1
2943	-1
2944	-1
2945	-1
2946	36279.251
2947	-1
2948	-1
2949	-1
2950	-1
2951	36283.361
2952	-1
2953	-1
2954	-1
2955	-1
2956	-1
2957	36287.867
2958	-1
2959	-1
2960	36291.97
2961	-1
2962	-1
2963	-1
2964	-1
2965	-1
2966	36296.481
2967	-1
2968	-1
2969	-1
2970	36300.587
2971	-1
2972	-1
2973	-1
2974	-1
2975	-1
2976	36305.096
2977	-1
2978	-1
2979	-1
2980	-1
2981	36309.202
2982	-1
2983	-1
2984	-1
2985	-1
2986	-1
2987	36313.712
2988	-1
2989	-1
2990	36317.817
2991	-1
2992	-1
2993	-1
2994	-1
2995	-1
2996	36322.329
2997	-1
2998	-1
2999	-1
3000	36326.429
3001	-1
3002	-1
3003	-1
3004	-1
3005	36330.943
3006	-1
3007	-1
3008	-1
3009	-1
3010	-1
3011	36335.072
3012	-1
3013	-1
3014	36339.179
3015	-1
3016	-1
3017	-1
3018	-1
3019	-1
3020	36343.688
3021	-1
3022	-1
3023	-1
3024	-1
3025	-1
3026	36347.792
3027	-1
3028	-1
3029	-1
3030	36352.305
3031	-1
3032	-1
3033	-1
3034	-1
3035	-1
3036	36356.408
3037	-1
3038	-1
3039	-1
3040	-1
3041	36360.921
3042	-1
3043	-1
3044	-1
3045	-1
3046	-1
3047	36365.023
3048	-1
3049	-1
3050	36369.536
3051	-1
3052	-1
3053	-1
3054	-1
3055	-1
3056	36373.641
3057	-1
3058	-1
3059	-1
3060	36378.152
3061	-1
3062	-1
3063	-1
3064	-1
3065	36382.259
3066	-1
3067	-1
3068	-1
3069	-1
3070	-1
3071	36386.768
3072	-1
3073	-1
3074	-1
3075	36390.873
3076	-1
3077	-1
3078	-1
3079	-1
3080	36395.387
3081	-1
3082	-1
3083	-1
3084	36399.489
3085	-1
3086	-1
3087	-1
3088	-1
3089	-1
3090	36404.0
3091	-1
3092	-1
3093	-1
3094	-1
3095	36408.105
3096	-1
3097	-1
3098	-1
3099	-1
3100	-1
3101	36412.209
3102	-1
3103	-1
3104	36416.72
3105	-1
3106	-1
3107	-1
3108	-1
3109	-1
3110	36420.826
3111	-1
3112	-1
3113	-1
3114	36425.337
3115	-1
3116	-1
3117	-1
3118	-1
3119	-1
3120	36429.443
3121	-1
3122	-1
3123	-1
3124	-1
3125	36433.953
3126	-1
3127	-1
3128	-1
3129	-1
3130	-1
3131	36438.058
3132	-1
3133	-1
3134	36442.569
3135	-1
3136	-1
3137	-1
3138	-1
3139	-1
3140	36446.673
3141	-1
3142	-1
3143	-1
3144	36451.184
3145	-1
3146	-1
3147	-1
3148	-1
3149	36455.289
3150	-1
3151	-1
3152	-1
3153	-1
3154	-1
3155	36459.802
3156	-1
3157	-1
3158	36463.905
3159	-1
3160	-1
3161	-1
3162	-1
3163	-1
3164	36468.417
3165	-1
3166	-1
3167	-1
3168	-1
3169	-1
3170	36472.525
3171	-1
3172	-1
3173	-1
3174	36476.625
3175	-1
3176	-1
3177	-1
3178	-1
3179	-1
3180	36481.138
3181	-1
3182	-1
3183	-1
3184	-1
3185	36485.241
3186	-1
3187	-1
3188	-1
3189	36489.753
3190	-1
3191	-1
3192	-1
3193	-1
3194	36493.857
3195	-1
3196	-1
3197	-1
3198	-1
3199	-1
3200	36498.37
3201	-1
3202	-1
3203	-1
3204	36502.473
3205	-1
3206	-1
3207	-1
3208	-1
3209	36506.984
3210	-1
3211	-1
3212	-1
3213	-1
3214	-1
3215	36511.089
3216	-1
3217	-1
3218	36515.601
3219	-1
3220	-1
3221	-1
3222	-1
3223	-1
3224	36519.705
3225	-1
3226	-1
3227	-1
3228	36524.218
3229	-1
3230	-1
3231	-1
3232	-1
3233	-1
3234	36528.322
3235	-1
3236	-1
3237	-1
3238	-1
3239	36532.833
3240	-1
3241	-1
3242	-1
3243	-1
3244	-1
3245	36536.937
3246	-1
3247	-1
3248	36541.043
3249	-1
3250	-1
3251	-1
3252	-1
3253	-1
3254	36545.554
3255	-1
3256	-1
3257	-1
3258	36549.66
3259	-1
3260	-1
3261	-1
3262	-1
3263	-1
3264	36554.17
3265	-1
3266	-1
3267	-1
3268	-1
3269	36558.274
3270	-1
3271	-1
3272	-1
3273	-1
3274	-1
3275	36562.785
3276	-1
3277	-1
3278	36566.891
3279	-1
3280	-1
3281	-1
3282	-1
3283	-1
3284	36571.401
3285	-1
3286	-1
3287	-1
3288	36575.507
3289	-1
3290	-1
3291	-1
3292	-1
3293	36580.02
3294	-1
3295	-1
3296	-1
3297	-1
3298	-1
3299	36584.123
3300	-1
3301	-1
3302	36588.635
3303	-1
3304	-1
3305	-1
3306	-1
3307	-1
3308	36592.738
3309	-1
3310	-1
3311	-1
3312	36597.249
3313	-1
3314	-1
3315	-1
3316	-1
3317	-1
3318	36601.355
3319	-1
3320	-1
3321	-1
3322	-1
3323	36605.459
3324	-1
3325	-1
3326	-1
3327	-1
3328	-1
3329	36609.971
3330	-1
3331	-1
3332	36614.074
3333	-1
3334	-1
3335	-1
3336	-1
3337	-1
3338	36618.586
3339	-1
3340	-1
3341	-1
3342	36622.691
3343	-1
3344	-1
3345	-1
3346	-1
3347	-1
3348	36627.202
3349	-1
3350	-1
3351	-1
3352	-1
3353	36631.306
3354	-1
3355	-1
3356	-1
3357	36635.82
3358	-1
3359	-1
3360	-1
3361	-1
3362	36639.922
3363	-1
3364	-1
3365	-1
3366	-1
3367	-1
3368	36644.435
3369	-1
3370	-1
3371	-1
3372	36648.539
3373	-1
3374	-1
3375	-1
3376	-1
3377	36653.051
3378	-1
3379	-1
3380	-1
3381	-1
3382	-1
3383	36657.156
3384	-1
3385	-1
3386	-1
3387	36661.668
3388	-1
3389	-1
3390	-1
3391	-1
3392	36665.772
3393	-1
3394	-1
3395	-1
3396	-1
3397	-1
3398	36670.283
3399	-1
3400	-1
3401	-1
3402	36674.387
3403	-1
3404	-1
3405	-1
3406	-1
3407	36678.491
3408	-1
3409	-1
3410	-1
3411	-1
3412	-1
3413	36682.997
3414	-1
3415	-1
3416	-1
3417	36687.108
3418	-1
3419	-1
3420	-1
3421	-1
3422	36691.62
3423	-1
3424	-1
3425	-1
3426	-1
3427	-1
3428	36695.723
3429	-1
3430	-1
3431	-1
3432	36700.235
3433	-1
3434	-1
3435	-1
3436	-1
3437	36704.34
3438	-1
3439	-1
3440	-1
3441	-1
3442	-1
3443	36708.851
3444	-1
3445	-1
3446	36712.956
3447	-1
3448	-1
3449	-1
3450	-1
3451	-1
3452	36717.468
3453	-1
3454	-1
3455	-1
3456	36721.573
3457	-1
3458	-1
3459	-1
3460	-1
3461	-1
3462	36726.086
3463	-1
3464	-1
3465	-1
3466	-1
3467	36730.185
3468	-1
3469	-1
3470	-1
3471	-1
3472	-1
3473	36734.699
3474	-1
3475	-1
3476	36738.802
3477	-1
3478	-1
3479	-1
3480	-1
3481	-1
3482	36742.908
3483	-1
3484	-1
3485	-1
3486	36747.42
3487	-1
3488	-1
3489	-1
3490	-1
3491	36751.524
3492	-1
3493	-1
3494	-1
3495	-1
3496	-1
3497	36756.035
3498	-1
3499	-1
3500	36760.14
3501	-1
3502	-1
3503	-1
3504	-1
3505	-1
3506	36764.651
3507	-1
3508	-1
3509	-1
3510	-1
3511	-1
3512	36768.756
3513	-1
3514	-1
3515	-1
3516	36773.269
3517	-1
3518	-1
3519	-1
3520	-1
3521	36777.372
3522	-1
3523	-1
3524	-1
3525	-1
3526	-1
3527	36781.885
3528	-1
3529	-1
3530	36785.989
3531	-1
3532	-1
3533	-1
3534	-1
3535	-1
3536	36790.5
3537	-1
3538	-1
3539	-1
3540	36794.603
3541	-1
3542	-1
3543	-1
3544	-1
3545	-1
3546	36799.115
3547	-1
3548	-1
3549	-1
3550	-1
3551	36803.224
3552	-1
3553	-1
3554	-1
3555	-1
3556	-1
3557	36807.325
3558	-1
3559	-1
3560	36811.837
3561	-1
3562	-1
3563	-1
3564	36815.941
3565	-1
3566	-1
3567	-1
3568	-1
3569	-1
3570	36820.452
3571	-1
3572	-1
3573	-1
3574	-1
3575	36824.558
3576	-1
3577	-1
3578	-1
3579	-1
3580	-1
3581	36829.069
3582	-1
3583	-1
3584	36833.173
3585	-1
3586	-1
3587	-1
3588	-1
3589	-1
3590	36837.684
3591	-1
3592	-1
3593	-1
3594	-1
3595	-1
3596	36841.789
3597	-1
3598	-1
3599	36846.301
3600	-1
3601	-1
3602	-1
3603	-1
3604	-1
3605	36850.407
3606	-1
3607	-1
3608	-1
3609	36854.916
3610	-1
3611	-1
3612	-1
3613	-1
3614	-1
3615	36859.015
3616	-1
3617	-1
3618	-1
3619	-1
3620	36863.534
3621	-1
3622	-1
3623	-1
3624	-1
3625	-1
3626	36867.637
3627	-1
3628	-1
3629	36871.741
3630	-1
3631	-1
3632	-1
3633	-1
3634	-1
3635	36876.254
3636	-1
3637	-1
3638	-1
3639	36880.359
3640	-1
3641	-1
3642	-1
3643	-1
3644	-1
3645	36884.871
3646	-1
3647	-1
3648	-1
3649	-1
3650	36888.974
3651	-1
3652	-1
3653	-1
3654	-1
3655	-1
3656	36893.492
3657	-1
3658	-1
3659	36897.59
3660	-1
3661	-1
3662	-1
3663	-1
3664	-1
3665	36902.101
3666	-1
3667	-1
3668	-1
3669	36906.205
3670	-1
3671	-1
3672	-1
3673	-1
3674	36910.717
3675	-1
3676	-1
3677	-1
3678	-1
3679	-1
3680	36914.822
3681	-1
3682	-1
3683	36919.334
3684	-1
3685	-1
3686	-1
3687	-1
3688	-1
3689	36923.438
3690	-1
3691	-1
3692	-1
3693	36927.95
3694	-1
3695	-1
3696	-1
3697	-1
3698	-1
3699	36932.052
3700	-1
3701	-1
3702	-1
3703	-1
3704	36936.568
3705	-1
3706	-1
3707	-1
3708	-1
3709	-1
3710	36940.67
3711	-1
3712	-1
3713	36944.775
3714	-1
3715	-1
3716	-1
3717	-1
3718	-1
3719	36949.286
3720	-1
3721	-1
3722	-1
3723	36953.391
3724	-1
3725	-1
3726	-1
3727	-1
3728	-1
3729	36957.903
3730	-1
3731	-1
3732	-1
3733	-1
3734	36962.005
3735	-1
3736	-1
3737	-1
3738	-1
3739	-1
3740	36966.517
3741	-1
3742	-1
3743	-1
3744	-1
3745	-1
3746	36970.624
3747	-1
3748	-1
3749	36975.135
3750	-1
3751	-1
3752	-1
3753	36979.24
3754	-1
3755	-1
3756	-1
3757	-1
3758	-1
3759	36983.752
3760	-1
3761	-1
3762	-1
3763	-1
3764	36987.854
3765	-1
3766	-1
3767	-1
3768	36992.367
3769	-1
3770	-1
3771	-1
3772	-1
3773	36996.47
3774	-1
3775	-1
3776	-1
3777	-1
3778	-1
3779	37000.983
3780	-1
3781	-1
3782	37005.086
3783	-1
3784	-1
3785	-1
3786	-1
3787	-1
3788	37009.19
3789	-1
3790	-1
3791	-1
3792	37013.702
3793	-1
3794	-1
3795	-1
3796	-1
3797	-1
3798	37017.807
3799	-1
3800	-1
3801	-1
3802	-1
3803	37022.319
3804	-1
3805	-1
3806	-1
3807	-1
3808	-1
3809	37026.422
3810	-1
3811	-1
3812	37030.934
3813	-1
3814	-1
3815	-1
3816	-1
3817	-1
3818	37035.032
3819	-1
3820	-1
3821	-1
3822	37039.55
3823	-1
3824	-1
3825	-1
3826	-1
3827	-1
3828	37043.656
3829	-1
3830	-1
3831	-1
3832	-1
3833	37048.168
3834	-1
3835	-1
3836	-1
3837	-1
3838	-1
3839	37052.27
3840	-1
3841	-1
3842	37056.782
3843	-1
3844	-1
3845	-1
3846	-1
3847	-1
3848	37060.888
3849	-1
3850	-1
3851	-1
3852	37065.398
3853	-1
3854	-1
3855	-1
3856	-1
3857	-1
3858	37069.503
3859	-1
3860	-1
3861	-1
3862	-1
3863	37073.607
3864	-1
3865	-1
3866	-1
3867	-1
3868	-1
3869	37078.118
3870	-1
3871	-1
3872	37082.224
3873	-1
3874	-1
3875	-1
3876	-1
3877	-1
3878	37086.736
3879	-1
3880	-1
3881	-1
3882	37090.838
3883	-1
3884	-1
3885	-1
3886	-1
3887	37095.351
3888	-1
3889	-1
3890	-1
3891	-1
3892	-1
3893	37099.455
3894	-1
3895	-1
3896	37103.973
3897	-1
3898	-1
3899	-1
3900	-1
3901	-1
3902	37108.072
3903	-1
3904	-1
3905	-1
3906	37112.583
3907	-1
3908	-1
3909	-1
3910	-1
3911	-1
3912	37116.689
3913	-1
3914	-1
3915	-1
3916	-1
3917	37121.2
3918	-1
3919	-1
3920	-1
3921	-1
3922	-1
3923	37125.303
3924	-1
3925	-1
3926	37129.817
3927	-1
3928	-1
3929	-1
3930	-1
3931	-1
3932	37133.919
3933	-1
3934	-1
3935	-1
3936	37138.023
3937	-1
3938	-1
3939	-1
3940	-1
3941	37142.536
3942	-1
3943	-1
3944	-1
3945	-1
3946	-1
3947	37146.64
3948	-1
3949	-1
3950	-1
3951	37151.153
3952	-1
3953	-1
3954	-1
3955	-1
3956	37155.255
3957	-1
3958	-1
3959	-1
3960	37159.768
3961	-1
3962	-1
3963	-1
3964	-1
3965	-1
3966	37163.873
3967	-1
3968	-1
3969	-1
3970	-1
3971	37168.384
3972	-1
3973	-1
3974	-1
3975	37172.488
3976	-1
3977	-1
3978	-1
3979	-1
3980	37177.001
3981	-1
3982	-1
3983	-1
3984	37181.105
3985	-1
3986	-1
3987	-1
3988	-1
3989	-1
3990	37185.618
3991	-1
3992	-1
3993	-1
3994	-1
3995	37189.72
3996	-1
3997	-1
3998	-1
3999	-1
4000	-1
4001	37194.232
4002	-1
4003	-1
4004	37198.337
4005	-1
4006	-1
4007	-1
4008	37202.849
4009	-1
4010	-1
4011	-1
4012	-1
4013	-1
4014	37206.953
4015	-1
4016	-1
4017	-1
4018	-1
4019	37211.05
4020	-1
4021	-1
4022	-1
4023	-1
4024	-1
4025	37215.569
4026	-1
4027	-1
4028	37219.672
4029	-1
4030	-1
4031	-1
4032	-1
4033	-1
4034	37224.184
4035	-1
4036	-1
4037	-1
4038	37228.292
4039	-1
4040	-1
4041	-1
4042	-1
4043	-1
4044	37232.801
4045	-1
4046	-1
4047	-1
4048	-1
4049	37236.904
4050	-1
4051	-1
4052	-1
4053	-1
4054	-1
4055	37241.416
4056	-1
4057	-1
4058	37245.522
4059	-1
4060	-1
4061	-1
4062	-1
4063	-1
4064	37250.033
4065	-1
4066	-1
4067	-1
4068	37254.139
4069	-1
4070	-1
4071	-1
4072	-1
4073	-1
4074	37258.649
4075	-1
4076	-1
4077	-1
4078	-1
4079	37262.753
4080	-1
4081	-1
4082	-1
4083	-1
4084	-1
4085	37267.267
4086	-1
4087	-1
4088	37271.37
4089	-1
4090	-1
4091	-1
4092	-1
4093	-1
4094	37275.473
4095	-1
4096	-1
4097	-1
4098	37279.985
4099	-1
4100	-1
4101	-1
4102	-1
4103	-1
4104	37284.09
4105	-1
4106	-1
4107	-1
4108	-1
4109	37288.602
4110	-1
4111	-1
4112	37292.706
4113	-1
4114	-1
4115	37297.218
4116	-1
4117	-1
4118	-1
4119	-1
4120	-1
4121	37301.321
4122	-1
4123	-1
4124	-1
4125	37305.832
4126	-1
4127	-1
4128	-1
4129	-1
4130	-1
4131	37309.938
4132	-1
4133	-1
4134	-1
4135	-1
4136	37314.453
4137	-1
4138	-1
4139	-1
4140	-1
4141	-1
4142	37318.554
4143	-1
4144	-1
4145	37323.059
4146	-1
4147	-1
4148	-1
4149	-1
4150	-1
4151	37327.17
4152	-1
4153	-1
4154	-1
4155	37331.682
4156	-1
4157	-1
4158	-1
4159	-1
4160	37335.785
4161	-1
4162	-1
4163	-1
4164	-1
4165	-1
4166	37339.889
4167	-1
4168	-1
4169	-1
4170	37344.402
4171	-1
4172	-1
4173	-1
4174	-1
4175	37348.511
4176	-1
4177	-1
4178	-1
4179	37353.018
4180	-1
4181	-1
4182	-1
4183	-1
4184	-1
4185	37357.123
4186	-1
4187	-1
4188	-1
4189	-1
4190	37361.634
4191	-1
4192	-1
4193	-1
4194	-1
4195	-1
4196	37365.74
4197	-1
4198	-1
4199	37370.251
4200	-1
4201	-1
4202	-1
4203	-1
4204	-1
4205	37374.355
4206	-1
4207	-1
4208	-1
4209	37378.867
4210	-1
4211	-1
4212	-1
4213	-1
4214	37382.97
4215	-1
4216	-1
4217	-1
4218	-1
4219	-1
4220	37387.482
4221	-1
4222	-1
4223	-1
4224	37391.588
4225	-1
4226	-1
4227	-1
4228	-1
4229	37396.098
4230	-1
4231	-1
4232	-1
4233	-1
4234	-1
4235	37400.203
4236	-1
4237	-1
4238	-1
4239	37404.306
4240	-1
4241	-1
4242	-1
4243	-1
4244	37408.818
4245	-1
4246	-1
4247	-1
4248	-1
4249	-1
4250	37412.922
4251	-1
4252	-1
4253	37417.434
4254	-1
4255	-1
4256	-1
4257	-1
4258	-1
4259	37421.54
4260	-1
4261	-1
4262	-1
4263	37426.051
4264	-1
4265	-1
4266	-1
4267	-1
4268	-1
4269	37430.157
4270	-1
4271	-1
4272	-1
4273	-1
4274	37434.668
4275	-1
4276	-1
4277	-1
4278	-1
4279	-1
4280	37438.777
4281	-1
4282	-1
4283	37443.283
4284	-1
4285	-1
4286	-1
4287	-1
4288	-1
4289	37447.387
4290	-1
4291	-1
4292	-1
4293	37451.899
4294	-1
4295	-1
4296	-1
4297	-1
4298	-1
4299	37456.004
4300	-1
4301	-1
4302	-1
4303	-1
4304	37460.516
4305	-1
4306	-1
4307	-1
4308	-1
4309	-1
4310	37464.619
4311	-1
4312	-1
4313	37469.132
4314	-1
4315	-1
4316	-1
4317	-1
4318	-1
4319	37473.235
4320	-1
4321	-1
4322	-1
4323	37477.34
4324	-1
4325	-1
4326	-1
4327	-1
4328	-1
4329	37481.855
4330	-1
4331	-1
4332	-1
4333	-1
4334	37485.955
4335	-1
4336	-1
4337	-1
4338	-1
4339	-1
4340	37490.468
4341	-1
4342	-1
4343	37494.572
4344	-1
4345	-1
4346	-1
4347	-1
4348	-1
4349	37499.077
4350	-1
4351	-1
4352	-1
4353	37503.187
4354	-1
4355	-1
4356	-1
4357	-1
4358	37507.699
4359	-1
4360	-1
4361	-1
4362	-1
4363	-1
4364	37511.804
4365	-1
4366	-1
4367	37516.317
4368	-1
4369	-1
4370	-1
4371	-1
4372	-1
4373	37520.42
4374	-1
4375	-1
4376	-1
4377	37524.936
4378	-1
4379	-1
4380	-1
4381	-1
4382	-1
4383	37529.038
4384	-1
4385	-1
4386	-1
4387	-1
4388	37533.549
4389	-1
4390	-1
4391	-1
4392	-1
4393	-1
4394	37537.653
4395	-1
4396	-1
4397	37541.756
4398	-1
4399	-1
4400	-1
4401	-1
4402	-1
4403	37546.268
4404	-1
4405	-1
4406	-1
4407	37550.371
4408	-1
4409	-1
4410	-1
4411	-1
4412	-1
4413	37554.883
4414	-1
4415	-1
4416	-1
4417	-1
4418	37558.989
4419	-1
4420	-1
4421	37563.501
4422	-1
4423	-1
4424	-1
4425	-1
4426	-1
4427	37567.605
4428	-1
4429	-1
4430	-1
4431	37572.118
4432	-1
4433	-1
4434	-1
4435	-1
4436	-1
4437	37576.22
4438	-1
4439	-1
4440	-1
4441	-1
4442	37580.732
4443	-1
4444	-1
4445	-1
4446	-1
4447	-1
4448	37584.836
4449	-1
4450	-1
4451	37589.348
4452	-1
4453	-1
4454	-1
4455	-1
4456	-1
4457	37593.452
4458	-1
4459	-1
4460	-1
4461	37597.966
4462	-1
4463	-1
4464	-1
4465	-1
4466	-1
4467	37602.069
4468	-1
4469	-1
4470	-1
4471	-1
4472	37606.177
4473	-1
4474	-1
4475	-1
4476	-1
4477	-1
4478	37610.685
4479	-1
4480	-1
4481	37614.788
4482	-1
4483	-1
4484	-1
4485	-1
4486	-1
4487	37619.301
4488	-1
4489	-1
4490	-1
4491	37623.405
4492	-1
4493	-1
4494	-1
4495	-1
4496	-1
4497	37627.918
4498	-1
4499	-1
4500	-1
4501	-1
4502	37632.022
4503	-1
4504	-1
4505	-1
4506	37636.534
4507	-1
4508	-1
4509	-1
4510	-1
4511	37640.636
4512	-1
4513	-1
4514	-1
4515	-1
4516	-1
4517	37645.149
4518	-1
4519	-1
4520	-1
4521	37649.252
4522	-1
4523	-1
4524	-1
4525	-1
4526	-1
4527	37653.764
4528	-1
4529	-1
4530	-1
4531	-1
4532	37657.869
4533	-1
4534	-1
4535	-1
4536	37662.382
4537	-1
4538	-1
4539	-1
4540	-1
4541	37666.487
4542	-1
4543	-1
4544	-1
4545	-1
4546	-1
4547	37670.589
4548	-1
4549	-1
4550	-1
4551	37675.094
4552	-1
4553	-1
4554	-1
4555	-1
4556	37679.205
4557	-1
4558	-1
4559	-1
4560	-1
4561	-1
4562	37683.718
4563	-1
4564	-1
4565	37687.822
4566	-1
4567	-1
4568	-1
4569	-1
4570	-1
4571	37692.337
4572	-1
4573	-1
4574	-1
4575	37696.438
4576	-1
4577	-1
4578	-1
4579	-1
4580	-1
4581	37700.95
4582	-1
4583	-1
4584	-1
4585	-1
4586	37705.053
4587	-1
4588	-1
4589	-1
4590	-1
4591	-1
4592	37709.565
4593	-1
4594	-1
4595	-1
4596	37713.67
4597	-1
4598	-1
4599	-1
4600	-1
4601	37718.182
4602	-1
4603	-1
4604	-1
4605	-1
4606	-1
4607	37722.285
4608	-1
4609	-1
4610	-1
4611	37726.798
4612	-1
4613	-1
4614	-1
4615	-1
4616	37730.902
4617	-1
4618	-1
4619	-1
4620	-1
4621	-1
4622	37735.403
4623	-1
4624	-1
4625	37739.519
4626	-1
4627	-1
4628	-1
4629	-1
4630	-1
4631	37743.621
4632	-1
4633	-1
4634	-1
4635	37748.134
4636	-1
4637	-1
4638	-1
4639	-1
4640	-1
4641	37752.24
4642	-1
4643	-1
4644	-1
4645	-1
4646	37756.75
4647	-1
4648	-1
4649	-1
4650	-1
4651	-1
4652	37760.854
4653	-1
4654	-1
4655	37765.366
4656	-1
4657	-1
4658	-1
4659	37769.476
4660	-1
4661	-1
4662	-1
4663	-1
4664	-1
4665	37773.983
4666	-1
4667	-1
4668	-1
4669	-1
4670	37778.086
4671	-1
4672	-1
4673	-1
4674	-1
4675	-1
4676	37782.598
4677	-1
4678	-1
4679	37786.702
4680	-1
4681	-1
4682	-1
4683	-1
4684	-1
4685	37791.214
4686	-1
4687	-1
4688	-1
4689	37795.319
4690	-1
4691	-1
4692	-1
4693	-1
4694	-1
4695	37799.832
4696	-1
4697	-1
4698	-1
4699	-1
4700	37803.936
4701	-1
4702	-1
4703	-1
4704	-1
4705	-1
4706	37808.038
4707	-1
4708	-1
4709	37812.55
4710	-1
4711	-1
4712	-1
4713	-1
4714	-1
4715	37816.654
4716	-1
4717	-1
4718	-1
4719	37821.166
4720	-1
4721	-1
4722	-1
4723	-1
4724	-1
4725	37825.27
4726	-1
4727	-1
4728	-1
4729	-1
4730	37829.784
4731	-1
4732	-1
4733	-1
4734	-1
4735	-1
4736	37833.887
4737	-1
4738	-1
4739	37838.399
4740	-1
4741	-1
4742	-1
4743	-1
4744	-1
4745	37842.501
4746	-1
4747	-1
4748	-1
4749	37847.015
4750	-1
4751	-1
4752	-1
4753	-1
4754	-1
4755	37851.113
4756	-1
4757	-1
4758	-1
4759	-1
4760	37855.632
4761	-1
4762	-1
4763	-1
4764	-1
4765	-1
4766	37859.712
4767	-1
4768	-1
4769	37864.248
4770	-1
4771	-1
4772	-1
4773	-1
4774	-1
4775	37868.352
4776	-1
4777	-1
4778	-1
4779	37872.455
4780	-1
4781	-1
4782	-1
4783	-1
4784	37876.966
4785	-1
4786	-1
4787	-1
4788	-1
4789	-1
4790	37881.072
4791	-1
4792	-1
4793	37885.583
4794	-1
4795	-1
4796	-1
4797	-1
4798	-1
4799	37889.687
4800	-1
4801	-1
4802	-1
4803	37894.199
4804	-1
4805	-1
4806	-1
4807	-1
4808	-1
4809	37898.303
4810	-1
4811	-1
4812	-1
4813	-1
4814	37902.818
4815	-1
4816	-1
4817	-1
4818	-1
4819	-1
4820	37906.921
4821	-1
4822	-1
4823	37911.43
4824	-1
4825	-1
4826	-1
4827	-1
4828	-1
4829	37915.536
4830	-1
4831	-1
4832	-1
4833	37920.048
4834	-1
4835	-1
4836	-1
4837	-1
4838	-1
4839	37924.152
4840	-1
4841	-1
4842	-1
4843	-1
4844	37928.664
4845	-1
4846	-1
4847	-1
4848	-1
4849	-1
4850	37932.767
4851	-1
4852	-1
4853	37936.874
4854	-1
4855	-1
4856	-1
4857	-1
4858	-1
4859	37941.384
4860	-1
4861	-1
4862	-1
4863	37945.488
4864	-1
4865	-1
4866	-1
4867	-1
4868	-1
4869	37950.0
4870	-1
4871	-1
4872	-1
4873	-1
4874	37954.104
4875	-1
4876	-1
4877	-1
4878	37958.616
4879	-1
4880	-1
4881	-1
4882	-1
4883	37962.721
4884	-1
4885	-1
4886	-1
4887	37967.233
4888	-1
4889	-1
4890	-1
4891	-1
4892	-1
4893	37971.335
4894	-1
4895	-1
4896	-1
4897	-1
4898	37975.848
4899	-1
4900	-1
4901	-1
4902	-1
4903	-1
4904	37979.952
4905	-1
4906	-1
4907	37984.464
4908	-1
4909	-1
4910	-1
4911	-1
4912	-1
4913	37988.568
4914	-1
4915	-1
4916	-1
4917	37993.083
4918	-1
4919	-1
4920	-1
4921	-1
4922	-1
4923	37997.184
4924	-1
4925	-1
4926	-1
4927	-1
4928	38001.697
4929	-1
4930	-1
4931	-1
4932	-1
4933	-1
4934	38005.801
4935	-1
4936	-1
4937	38009.905
4938	-1
4939	-1
4940	-1
4941	-1
4942	-1
4943	38014.416
4944	-1
4945	-1
4946	-1
4947	38018.521
4948	-1
4949	-1
4950	-1
4951	-1
4952	-1
4953	38023.033
4954	-1
4955	-1
4956	-1
4957	-1
4958	38027.129
4959	-1
4960	-1
4961	-1
4962	-1
4963	-1
4964	38031.648
4965	-1
4966	-1
4967	38035.752
4968	-1
4969	-1
4970	-1
4971	38040.264
4972	-1
4973	-1
4974	-1
4975	-1
4976	-1
4977	38044.369
4978	-1
4979	-1
4980	-1
4981	-1
4982	38048.88
4983	-1
4984	-1
4985	-1
4986	-1
4987	-1
4988	38052.985
4989	-1
4990	-1
4991	38057.498
4992	-1
4993	-1
4994	-1
4995	-1
4996	-1
4997	38061.601
4998	-1
4999	-1
5000	-1
5001	38066.114
5002	-1
5003	-1
5004	-1
5005	-1
5006	38070.217
5007	-1
5008	-1
5009	-1
5010	-1
5011	-1
5012	38074.322
5013	-1
5014	-1
5015	38078.835
5016	-1
5017	-1
5018	-1
5019	-1
5020	-1
5021	38082.938
5022	-1
5023	-1
5024	-1
5025	-1
5026	-1
5027	38087.451
5028	-1
5029	-1
5030	-1
5031	38091.554
5032	-1
5033	-1
5034	-1
5035	-1
5036	38096.066
5037	-1
5038	-1
5039	-1
5040	-1
5041	-1
5042	38100.169
5043	-1
5044	-1
5045	38104.681
5046	-1
5047	-1
5048	-1
5049	-1
5050	-1
5051	38108.786
5052	-1
5053	-1
5054	-1
5055	38113.298
5056	-1
5057	-1
5058	-1
5059	-1
5060	-1
5061	38117.403
5062	-1
5063	-1
5064	-1
5065	-1
5066	38121.914
5067	-1
5068	-1
5069	-1
5070	-1
5071	-1
5072	38126.018
5073	-1
5074	-1
5075	38130.53
5076	-1
5077	-1
5078	-1
5079	-1
5080	-1
5081	38134.634
5082	-1
5083	-1
5084	-1
5085	38138.738
5086	-1
5087	-1
5088	-1
5089	-1
5090	-1
5091	38143.25
5092	-1
5093	-1
5094	-1
5095	-1
5096	38147.361
5097	-1
5098	-1
5099	-1
5100	-1
5101	-1
5102	38151.867
5103	-1
5104	-1
5105	38155.97
5106	-1
5107	-1
5108	-1
5109	-1
5110	-1
5111	38160.482
5112	-1
5113	-1
5114	-1
5115	38164.588
5116	-1
5117	-1
5118	-1
5119	-1
5120	38169.099
5121	-1
5122	-1
5123	-1
5124	-1
5125	-1
5126	38173.202
5127	-1
5128	-1
5129	38177.714
5130	-1
5131	-1
5132	-1
5133	-1
5134	-1
5135	38181.818
5136	-1
5137	-1
5138	-1
5139	38186.331
5140	-1
5141	-1
5142	-1
5143	-1
5144	-1
5145	38190.435
5146	-1
5147	-1
5148	-1
5149	-1
5150	38194.947
5151	-1
5152	-1
5153	-1
5154	-1
5155	-1
5156	38199.051
5157	-1
5158	-1
5159	38203.148
5160	-1
5161	-1
5162	-1
5163	-1
5164	-1
5165	38207.666
5166	-1
5167	-1
5168	-1
5169	38211.77
5170	-1
5171	-1
5172	-1
5173	-1
5174	-1
5175	38216.285
5176	-1
5177	-1
5178	-1
5179	-1
5180	38220.388
5181	-1
5182	-1
5183	-1
5184	-1
5185	-1
5186	38224.9
5187	-1
5188	-1
5189	38229.003
5190	-1
5191	-1
5192	-1
5193	38233.515
5194	-1
5195	-1
5196	-1
5197	-1
5198	-1
5199	38237.617
5200	-1
5201	-1
5202	-1
5203	-1
5204	38242.13
5205	-1
5206	-1
5207	-1
5208	-1
5209	-1
5210	38246.235
5211	-1
5212	-1
5213	38250.747
5214	-1
5215	-1
5216	-1
5217	-1
5218	-1
5219	38254.852
5220	-1
5221	-1
5222	-1
5223	-1
5224	-1
5225	38259.365
5226	-1
5227	-1
5228	38263.467
5229	-1
5230	-1
5231	-1
5232	38267.979
5233	-1
5234	-1
5235	-1
5236	-1
5237	-1
5238	38272.082
5239	-1
5240	-1
5241	-1
5242	-1
5243	38276.188
5244	-1
5245	-1
5246	-1
5247	-1
5248	-1
5249	38280.704
5250	-1
5251	-1
5252	38284.805
5253	-1
5254	-1
5255	-1
5256	-1
5257	-1
5258	38289.316
5259	-1
5260	-1
5261	-1
5262	-1
5263	-1
5264	38293.421
5265	-1
5266	-1
5267	-1
5268	-1
5269	-1
5270	38297.931
5271	-1
5272	-1
5273	38302.035
5274	-1
5275	-1
5276	-1
5277	38306.548
5278	-1
5279	-1
5280	-1
5281	-1
5282	-1
5283	38310.651
5284	-1
5285	-1
5286	-1
5287	-1
5288	38315.157
5289	-1
5290	-1
5291	-1
5292	-1
5293	-1
5294	38319.268
5295	-1
5296	-1
5297	38323.759
5298	-1
5299	-1
5300	-1
5301	-1
5302	-1
5303	38327.861
5304	-1
5305	-1
5306	-1
5307	38332.372
5308	-1
5309	-1
5310	-1
5311	-1
5312	-1
5313	38336.477
5314	-1
5315	-1
5316	-1
5317	-1
5318	38340.58
5319	-1
5320	-1
5321	-1
5322	-1
5323	-1
5324	38345.092
5325	-1
5326	-1
5327	38349.197
5328	-1
5329	-1
5330	-1
5331	-1
5332	-1
5333	38353.709
5334	-1
5335	-1
5336	-1
5337	38357.812
5338	-1
5339	-1
5340	-1
5341	-1
5342	38362.325
5343	-1
5344	-1
5345	-1
5346	38366.429
5347	-1
5348	-1
5349	-1
5350	-1
5351	-1
5352	38370.941
5353	-1
5354	-1
5355	-1
5356	-1
5357	38375.045
5358	-1
5359	-1
5360	38379.556
5361	-1
5362	-1
5363	-1
5364	-1
5365	-1
5366	38383.661
5367	-1
5368	-1
5369	-1
5370	-1
5371	-1
5372	38388.173
5373	-1
5374	-1
5375	-1
5376	38392.278
5377	-1
5378	-1
5379	-1
5380	-1
5381	-1
5382	38396.79
5383	-1
5384	-1
5385	-1
5386	-1
5387	38400.894
5388	-1
5389	-1
5390	-1
5391	-1
5392	-1
5393	38404.996
5394	-1
5395	-1
5396	38409.509
5397	-1
5398	-1
5399	-1
5400	-1
5401	-1
5402	38413.613
5403	-1
5404	-1
5405	-1
5406	38418.125
5407	-1
5408	-1
5409	-1
5410	-1
5411	-1
5412	38422.231
5413	-1
5414	-1
5415	-1
5416	-1
5417	38426.743
5418	-1
5419	-1
5420	-1
5421	-1
5422	-1
5423	38430.846
5424	-1
5425	-1
5426	38435.358
5427	-1
5428	-1
5429	-1
5430	-1
5431	-1
5432	38439.484
5433	-1
5434	-1
5435	-1
5436	38443.998
5437	-1
5438	-1
5439	-1
5440	-1
5441	-1
5442	38448.106
5443	-1
5444	-1
5445	-1
5446	-1
5447	38452.613
5448	-1
5449	-1
5450	-1
5451	38456.717
5452	-1
5453	-1
5454	-1
5455	-1
5456	38461.229
5457	-1
5458	-1
5459	-1
5460	38465.334
5461	-1
5462	-1
5463	-1
5464	-1
5465	38469.437
5466	-1
5467	-1
5468	-1
5469	38473.949
5470	-1
5471	-1
5472	-1
5473	-1
5474	-1
5475	38478.054
5476	-1
5477	-1
5478	-1
5479	-1
5480	-1
5481	38482.565
5482	-1
5483	-1
5484	-1
5485	-1
5486	38486.669
5487	-1
5488	-1
5489	-1
5490	-1
5491	-1
5492	38491.182
5493	-1
5494	-1
5495	38495.285
5496	-1
5497	-1
5498	-1
5499	38499.798
5500	-1
5501	-1
5502	-1
5503	-1
5504	-1
5505	38503.902
5506	-1
5507	-1
5508	-1
5509	-1
5510	38508.416
5511	-1
5512	-1
5513	-1
5514	-1
5515	-1
5516	38512.518
5517	-1
5518	-1
5519	38517.03
5520	-1
5521	-1
5522	-1
5523	-1
5524	-1
5525	38521.133
5526	-1
5527	-1
5528	-1
5529	38525.647
5530	-1
5531	-1
5532	-1
5533	-1
5534	38529.75
5535	-1
5536	-1
5537	-1
5538	-1
5539	-1
5540	38534.261
5541	-1
5542	-1
5543	-1
5544	38538.366
5545	-1
5546	-1
5547	-1
5548	-1
5549	38542.47
5550	-1
5551	-1
5552	-1
5553	38546.981
5554	-1
5555	-1
5556	-1
5557	-1
5558	-1
5559	38551.085
5560	-1
5561	-1
5562	-1
5563	-1
5564	38555.598
5565	-1
5566	-1
5567	-1
5568	-1
5569	-1
5570	38559.704
5571	-1
5572	-1
5573	38564.215
5574	-1
5575	-1
5576	-1
5577	-1
5578	-1
5579	38568.32
5580	-1
5581	-1
5582	-1
5583	38572.83
5584	-1
5585	-1
5586	-1
5587	-1
5588	-1
5589	38576.934
5590	-1
5591	-1
5592	-1
5593	-1
5594	38581.445
5595	-1
5596	-1
5597	-1
5598	-1
5599	-1
5600	38585.551
5601	-1
5602	-1
5603	38590.063
5604	-1
5605	-1
5606	-1
5607	-1
5608	-1
5609	38594.168
5610	-1
5611	-1
5612	-1
5613	38598.68
5614	-1
5615	-1
5616	-1
5617	-1
5618	-1
5619	38602.783
5620	-1
5621	-1
5622	-1
5623	-1
5624	38606.886
5625	-1
5626	-1
5627	-1
5628	-1
5629	-1
5630	38611.399
5631	-1
5632	-1
5633	38615.508
5634	-1
5635	-1
5636	-1
5637	-1
5638	-1
5639	38620.016
5640	-1
5641	-1
5642	-1
5643	38624.121
5644	-1
5645	-1
5646	-1
5647	-1
5648	-1
5649	38628.632
5650	-1
5651	-1
5652	-1
5653	-1
5654	38632.735
5655	-1
5656	-1
5657	38637.246
5658	-1
5659	-1
5660	-1
5661	-1
5662	-1
5663	38641.35
5664	-1
5665	-1
5666	-1
5667	38645.862
5668	-1
5669	-1
5670	-1
5671	-1
5672	-1
5673	38649.967
5674	-1
5675	-1
5676	-1
5677	-1
5678	38654.479
5679	-1
5680	-1
5681	-1
5682	38658.583
5683	-1
5684	-1
5685	-1
5686	-1
5687	38663.095
5688	-1
5689	-1
5690	-1
5691	38667.199
5692	-1
5693	-1
5694	-1
5695	-1
5696	38671.305
5697	-1
5698	-1
5699	-1
5700	-1
5701	-1
5702	38675.817
5703	-1
5704	-1
5705	38679.92
5706	-1
5707	-1
5708	-1
5709	-1
5710	-1
5711	38684.432
5712	-1
5713	-1
5714	-1
5715	38688.535
5716	-1
5717	-1
5718	-1
5719	-1
5720	-1
5721	38693.048
5722	-1
5723	-1
5724	-1
5725	-1
5726	38697.153
5727	-1
5728	-1
5729	-1
5730	-1
5731	-1
5732	38701.67
5733	-1
5734	-1
5735	38705.77
5736	-1
5737	-1
5738	-1
5739	-1
5740	-1
5741	38710.282
5742	-1
5743	-1
5744	-1
5745	38714.384
5746	-1
5747	-1
5748	-1
5749	-1
5750	38718.895
5751	-1
5752	-1
5753	-1
5754	-1
5755	-1
5756	38723.001
5757	-1
5758	-1
5759	38727.512
5760	-1
5761	-1
5762	-1
5763	-1
5764	-1
5765	38731.617
5766	-1
5767	-1
5768	-1
5769	38735.725
5770	-1
5771	-1
5772	-1
5773	-1
5774	-1
5775	38740.234
5776	-1
5777	-1
5778	-1
5779	-1
5780	38744.335
5781	-1
5782	-1
5783	-1
5784	-1
5785	-1
5786	38748.848
5787	-1
5788	-1
5789	38752.951
5790	-1
5791	-1
5792	-1
5793	-1
5794	-1
5795	38757.464
5796	-1
5797	-1
5798	-1
5799	38761.57
5800	-1
5801	-1
5802	-1
5803	-1
5804	-1
5805	38766.082
5806	-1
5807	-1
5808	-1
5809	-1
5810	38770.185
5811	-1
5812	-1
5813	-1
5814	-1
5815	-1
5816	38774.698
5817	-1
5818	-1
5819	38778.806
5820	-1
5821	-1
5822	-1
5823	-1
5824	-1
5825	38783.311
5826	-1
5827	-1
5828	-1
5829	38787.416
5830	-1
5831	-1
5832	-1
5833	-1
5834	-1
5835	38791.93
5836	-1
5837	-1
5838	-1
5839	-1
5840	38796.033
5841	-1
5842	-1
5843	-1
5844	-1
5845	-1
5846	38800.546
5847	-1
5848	-1
5849	38804.649
5850	-1
5851	-1
5852	-1
5853	-1
5854	-1
5855	38808.753
5856	-1
5857	-1
5858	-1
5859	38813.264
5860	-1
5861	-1
5862	-1
5863	-1
5864	-1
5865	38817.37
5866	-1
5867	-1
5868	-1
5869	-1
5870	38821.882
5871	-1
5872	-1
5873	-1
5874	-1
5875	-1
5876	38825.984
5877	-1
5878	-1
5879	38830.498
5880	-1
5881	-1
5882	-1
5883	-1
5884	-1
5885	38834.601
5886	-1
5887	-1
5888	-1
5889	38839.114
5890	-1
5891	-1
5892	-1
5893	-1
5894	-1
5895	38843.215
5896	-1
5897	-1
5898	-1
5899	-1
5900	38847.731
5901	-1
5902	-1
5903	38851.833
5904	-1
5905	-1
5906	-1
5907	-1
5908	-1
5909	38856.346
5910	-1
5911	-1
5912	-1
5913	38860.448
5914	-1
5915	-1
5916	-1
5917	-1
5918	-1
5919	38864.961
5920	-1
5921	-1
5922	-1
5923	-1
5924	38869.071
5925	-1
5926	-1
5927	-1
5928	38873.17
5929	-1
5930	-1
5931	-1
5932	-1
5933	38877.683
5934	-1
5935	-1
5936	-1
5937	38881.786
5938	-1
5939	-1
5940	-1
5941	-1
5942	-1
5943	38886.298
5944	-1
5945	-1
5946	-1
5947	-1
5948	38890.402
5949	-1
5950	-1
5951	-1
5952	-1
5953	-1
5954	38894.914
5955	-1
5956	-1
5957	38899.018
5958	-1
5959	-1
5960	-1
5961	-1
5962	-1
5963	38903.531
5964	-1
5965	-1
5966	-1
5967	38907.635
5968	-1
5969	-1
5970	-1
5971	-1
5972	-1
5973	38912.123
5974	-1
5975	-1
5976	-1
5977	-1
5978	38916.226
5979	-1
5980	-1
5981	38920.738
5982	-1
5983	-1
5984	-1
5985	-1
5986	-1
5987	38924.839
5988	-1
5989	-1
5990	-1
5991	38929.352
5992	-1
5993	-1
5994	-1
5995	-1
5996	-1
5997	38933.456
5998	-1
5999	-1
6000	-1
6001	-1
6002	38937.561
6003	-1
6004	-1
6005	-1
6006	-1
6007	-1
6008	38942.073
6009	-1
6010	-1
6011	38946.177
6012	-1
6013	-1
6014	-1
6015	-1
6016	-1
6017	38950.695
6018	-1
6019	-1
6020	-1
6021	38954.801
6022	-1
6023	-1
6024	-1
6025	-1
6026	-1
6027	38959.315
6028	-1
6029	-1
6030	-1
6031	-1
6032	38963.503
6033	-1
6034	-1
6035	-1
6036	-1
6037	-1
6038	38967.931
6039	-1
6040	-1
6041	38972.032
6042	-1
6043	-1
6044	-1
6045	-1
6046	-1
6047	38976.547
6048	-1
6049	-1
6050	-1
6051	38980.652
6052	-1
6053	-1
6054	-1
6055	-1
6056	-1
6057	38985.165
6058	-1
6059	-1
6060	-1
6061	-1
6062	38989.28
6063	-1
6064	-1
6065	-1
6066	-1
6067	-1
6068	38993.766
6069	-1
6070	-1
6071	38997.883
6072	-1
6073	-1
6074	-1
6075	39001.982
6076	-1
6077	-1
6078	-1
6079	-1
6080	-1
6081	39006.501
6082	-1
6083	-1
6084	-1
6085	-1
6086	39010.603
6087	-1
6088	-1
6089	-1
6090	-1
6091	-1
6092	39015.115
6093	-1
6094	-1
6095	39019.221
6096	-1
6097	-1
6098	-1
6099	-1
6100	-1
6101	39023.731
6102	-1
6103	-1
6104	-1
6105	39027.832
6106	-1
6107	-1
6108	-1
6109	-1
6110	-1
6111	39032.339
6112	-1
6113	-1
6114	-1
6115	-1
6116	39036.457
6117	-1
6118	-1
6119	-1
6120	-1
6121	-1
6122	39040.948
6123	-1
6124	-1
6125	39045.069
6126	-1
6127	-1
6128	-1
6129	-1
6130	-1
6131	39049.581
6132	-1
6133	-1
6134	-1
6135	39053.682
6136	-1
6137	-1
6138	-1
6139	-1
6140	-1
6141	39058.195
6142	-1
6143	-1
6144	-1
6145	-1
6146	39062.299
6147	-1
6148	-1
6149	-1
6150	-1
6151	-1
6152	39066.813
6153	-1
6154	-1
6155	39070.919
6156	-1
6157	-1
6158	-1
6159	-1
6160	-1
6161	39075.039
6162	-1
6163	-1
6164	-1
6165	39079.588
6166	-1
6167	-1
6168	-1
6169	-1
6170	39083.636
6171	-1
6172	-1
6173	-1
6174	-1
6175	-1
6176	39088.149
6177	-1
6178	-1
6179	-1
6180	-1
6181	-1
6182	39092.253
6183	-1
6184	-1
6185	39096.765
6186	-1
6187	-1
6188	-1
6189	39100.871
6190	-1
6191	-1
6192	-1
6193	-1
6194	-1
6195	39105.38
6196	-1
6197	-1
6198	-1
6199	-1
6200	39109.486
6201	-1
6202	-1
6203	-1
6204	-1
6205	-1
6206	39113.995
6207	-1
6208	-1
6209	39118.086
6210	-1
6211	-1
6212	-1
6213	39122.602
6214	-1
6215	-1
6216	-1
6217	-1
6218	-1
6219	39126.701
6220	-1
6221	-1
6222	-1
6223	-1
6224	39131.226
6225	-1
6226	-1
6227	-1
6228	-1
6229	-1
6230	39135.334
6231	-1
6232	-1
6233	39139.503
6234	-1
6235	-1
6236	-1
6237	-1
6238	-1
6239	39143.944
6240	-1
6241	-1
6242	-1
6243	39148.052
6244	-1
6245	-1
6246	-1
6247	-1
6248	-1
6249	39152.564
6250	-1
6251	-1
6252	-1
6253	-1
6254	39156.669
6255	-1
6256	-1
6257	-1
6258	-1
6259	-1
6260	39161.184
6261	-1
6262	-1
6263	39165.305
6264	-1
6265	-1
6266	-1
6267	39169.782
6268	-1
6269	-1
6270	-1
6271	-1
6272	-1
6273	39173.891
6274	-1
6275	-1
6276	-1
6277	-1
6278	39178.399
6279	-1
6280	-1
6281	-1
6282	-1
6283	-1
6284	39182.518
6285	-1
6286	-1
6287	39187.029
6288	-1
6289	-1
6290	-1
6291	-1
6292	-1
6293	39191.129
6294	-1
6295	-1
6296	-1
6297	39195.64
6298	-1
6299	-1
6300	-1
6301	-1
6302	-1
6303	39199.743
6304	-1
6305	-1
6306	-1
6307	-1
6308	39203.848
6309	-1
6310	-1
6311	-1
6312	-1
6313	-1
6314	39208.36
6315	-1
6316	-1
6317	39212.466
6318	-1
6319	-1
6320	-1
6321	-1
6322	-1
6323	39216.976
6324	-1
6325	-1
6326	-1
6327	39221.078
6328	-1
6329	-1
6330	-1
6331	-1
6332	-1
6333	39225.593
6334	-1
6335	-1
6336	-1
6337	-1
6338	39229.697
6339	-1
6340	-1
6341	39234.208
6342	-1
6343	-1
6344	-1
6345	-1
6346	-1
6347	39238.313
6348	-1
6349	-1
6350	-1
6351	39242.827
6352	-1
6353	-1
6354	-1
6355	-1
6356	-1
6357	39246.931
6358	-1
6359	-1
6360	-1
6361	-1
6362	39251.489
6363	-1
6364	-1
6365	-1
6366	-1
6367	-1
6368	39255.541
6369	-1
6370	-1
6371	39260.056
6372	-1
6373	-1
6374	-1
6375	-1
6376	-1
6377	39264.16
6378	-1
6379	-1
6380	-1
6381	39268.253
6382	-1
6383	-1
6384	-1
6385	-1
6386	-1
6387	39272.799
6388	-1
6389	-1
6390	-1
6391	-1
6392	39276.903
6393	-1
6394	-1
6395	-1
6396	-1
6397	-1
6398	39281.415
6399	-1
6400	-1
6401	39285.519
6402	-1
6403	-1
6404	-1
6405	-1
6406	-1
6407	39290.032
6408	-1
6409	-1
6410	-1
6411	39294.135
6412	-1
6413	-1
6414	-1
6415	-1
6416	39298.646
6417	-1
6418	-1
6419	-1
6420	-1
6421	-1
6422	39302.752
6423	-1
6424	-1
6425	39307.263
6426	-1
6427	-1
6428	-1
6429	-1
6430	-1
6431	39311.368
6432	-1
6433	-1
6434	-1
6435	39315.88
6436	-1
6437	-1
6438	-1
6439	-1
6440	-1
6441	39319.983
6442	-1
6443	-1
6444	-1
6445	-1
6446	39324.494
6447	-1
6448	-1
6449	-1
6450	-1
6451	-1
6452	39328.6
6453	-1
6454	-1
6455	39333.112
6456	-1
6457	-1
6458	-1
6459	-1
6460	-1
6461	39337.215
6462	-1
6463	-1
6464	-1
6465	39341.319
6466	-1
6467	-1
6468	-1
6469	-1
6470	39345.832
6471	-1
6472	-1
6473	-1
6474	-1
6475	-1
6476	39349.936
6477	-1
6478	-1
6479	39354.447
6480	-1
6481	-1
6482	-1
6483	-1
6484	-1
6485	39358.552
6486	-1
6487	-1
6488	-1
6489	39363.064
6490	-1
6491	-1
6492	-1
6493	-1
6494	-1
6495	39367.17
6496	-1
6497	-1
6498	-1
6499	-1
6500	39371.679
6501	-1
6502	-1
6503	-1
6504	-1
6505	-1
6506	39375.784
6507	-1
6508	-1
6509	39380.296
6510	-1
6511	-1
6512	-1
6513	-1
6514	-1
6515	39384.401
6516	-1
6517	-1
6518	-1
6519	39388.912
6520	-1
6521	-1
6522	-1
6523	-1
6524	-1
6525	39393.015
6526	-1
6527	-1
6528	-1
6529	-1
6530	39397.528
6531	-1
6532	-1
6533	-1
6534	-1
6535	-1
6536	39401.631
6537	-1
6538	-1
6539	39405.735
6540	-1
6541	-1
6542	-1
6543	-1
6544	-1
6545	39410.248
6546	-1
6547	-1
6548	-1
6549	39414.352
6550	-1
6551	-1
6552	-1
6553	-1
6554	-1
6555	39418.865
6556	-1
6557	-1
6558	-1
6559	-1
6560	39422.968
6561	-1
6562	-1
6563	-1
6564	-1
6565	-1
6566	39427.481
6567	-1
6568	-1
6569	39431.584
6570	-1
6571	-1
6572	-1
6573	39436.096
6574	-1
6575	-1
6576	-1
6577	-1
6578	-1
6579	39440.2
6580	-1
6581	-1
6582	-1
6583	-1
6584	39444.714
6585	-1
6586	-1
6587	-1
6588	-1
6589	-1
6590	39448.816
6591	-1
6592	-1
6593	39453.33
6594	-1
6595	-1
6596	-1
6597	-1
6598	-1
6599	39457.432
6600	-1
6601	-1
6602	-1
6603	39461.945
6604	-1
6605	-1
6606	-1
6607	-1
6608	-1
6609	39466.048
6610	-1
6611	-1
6612	-1
6613	-1
6614	39470.153
6615	-1
6616	-1
6617	-1
6618	-1
6619	-1
6620	39474.665
6621	-1
6622	-1
6623	39478.767
6624	-1
6625	-1
6626	-1
6627	-1
6628	-1
6629	39483.281
6630	-1
6631	-1
6632	-1
6633	39487.384
6634	-1
6635	-1
6636	-1
6637	-1
6638	-1
6639	39491.896
6640	-1
6641	-1
6642	-1
6643	-1
6644	39496.0
6645	-1
6646	-1
6647	-1
6648	-1
6649	-1
6650	39500.517
6651	-1
6652	-1
6653	39504.618
6654	-1
6655	-1
6656	-1
6657	39509.13
6658	-1
6659	-1
6660	-1
6661	-1
6662	-1
6663	39513.233
6664	-1
6665	-1
6666	-1
6667	-1
6668	39517.745
6669	-1
6670	-1
6671	-1
6672	-1
6673	-1
6674	39521.85
6675	-1
6676	-1
6677	39526.361
6678	-1
6679	-1
6680	-1
6681	-1
6682	-1
6683	39530.467
6684	-1
6685	-1
6686	-1
6687	39534.574
6688	-1
6689	-1
6690	-1
6691	-1
6692	-1
6693	39539.082
6694	-1
6695	-1
6696	-1
6697	-1
6698	39543.185
6699	-1
6700	-1
6701	-1
6702	-1
6703	-1
6704	39547.697
6705	-1
6706	-1
6707	39551.8
6708	-1
6709	-1
6710	-1
6711	-1
6712	-1
6713	39556.314
6714	-1
6715	-1
6716	-1
6717	39560.419
6718	-1
6719	-1
6720	-1
6721	-1
6722	-1
6723	39564.93
6724	-1
6725	-1
6726	-1
6727	-1
6728	39569.034
6729	-1
6730	-1
6731	-1
6732	-1
6733	-1
6734	39573.546
6735	-1
6736	-1
6737	39577.649
6738	-1
6739	-1
6740	-1
6741	-1
6742	-1
6743	39582.16
6744	-1
6745	-1
6746	-1
6747	39586.267
6748	-1
6749	-1
6750	-1
6751	-1
6752	-1
6753	39590.782
6754	-1
6755	-1
6756	-1
6757	-1
6758	39594.883
6759	-1
6760	-1
6761	-1
6762	-1
6763	-1
6764	39599.394
6765	-1
6766	-1
6767	39603.499
6768	-1
6769	-1
6770	-1
6771	-1
6772	-1
6773	39607.601
6774	-1
6775	-1
6776	-1
6777	39612.113
6778	-1
6779	-1
6780	-1
6781	-1
6782	-1
6783	39616.218
6784	-1
6785	-1
6786	-1
6787	-1
6788	39620.73
6789	-1
6790	-1
6791	39624.834
6792	-1
6793	-1
6794	-1
6795	-1
6796	-1
6797	39629.346
6798	-1
6799	-1
6800	-1
6801	39633.451
6802	-1
6803	-1
6804	-1
6805	-1
6806	-1
6807	39637.962
6808	-1
6809	-1
6810	-1
6811	-1
6812	39642.067
6813	-1
6814	-1
6815	-1
6816	-1
6817	-1
6818	39646.579
6819	-1
6820	-1
6821	39650.682
6822	-1
6823	-1
6824	-1
6825	-1
6826	-1
6827	39655.195
6828	-1
6829	-1
6830	-1
6831	39659.3
6832	-1
6833	-1
6834	-1
6835	-1
6836	-1
6837	39663.81
6838	-1
6839	-1
6840	-1
6841	-1
6842	39667.914
6843	-1
6844	-1
6845	-1
6846	-1
6847	-1
6848	39672.019
6849	-1
6850	-1
6851	39676.532
6852	-1
6853	-1
6854	-1
6855	-1
6856	-1
6857	39680.634
6858	-1
6859	-1
6860	-1
6861	39685.146
6862	-1
6863	-1
6864	-1
6865	-1
6866	-1
6867	39689.25
6868	-1
6869	-1
6870	-1
6871	-1
6872	39693.762
6873	-1
6874	-1
6875	-1
6876	39697.867
6877	-1
6878	-1
6879	-1
6880	-1
6881	39702.38
6882	-1
6883	-1
6884	-1
6885	-1
6886	-1
6887	39706.483
6888	-1
6889	-1
6890	39711.0
6891	-1
6892	-1
6893	-1
6894	-1
6895	-1
6896	39715.099
6897	-1
6898	-1
6899	-1
6900	39719.61
6901	-1
6902	-1
6903	-1
6904	-1
6905	-1
6906	39723.714
6907	-1
6908	-1
6909	-1
6910	-1
6911	39728.227
6912	-1
6913	-1
6914	-1
6915	-1
6916	-1
6917	39732.332
6918	-1
6919	-1
6920	39736.435
6921	-1
6922	-1
6923	-1
6924	-1
6925	-1
6926	39740.946
6927	-1
6928	-1
6929	-1
6930	39745.047
6931	-1
6932	-1
6933	-1
6934	-1
6935	-1
6936	39749.563
6937	-1
6938	-1
6939	-1
6940	-1
6941	39753.667
6942	-1
6943	-1
6944	-1
6945	-1
6946	-1
6947	39758.179
6948	-1
6949	-1
6950	39762.284
6951	-1
6952	-1
6953	-1
6954	-1
6955	-1
6956	39766.796
6957	-1
6958	-1
6959	-1
6960	39770.901
6961	-1
6962	-1
6963	-1
6964	-1
6965	-1
6966	39775.412
6967	-1
6968	-1
6969	-1
6970	-1
6971	39779.515
6972	-1
6973	-1
6974	-1
6975	-1
6976	-1
6977	39784.027
6978	-1
6979	-1
6980	39788.136
6981	-1
6982	-1
6983	39792.644
6984	-1
6985	-1
6986	-1
6987	39796.749
6988	-1
6989	-1
6990	-1
6991	-1
6992	-1
6993	39800.851
6994	-1
6995	-1
6996	-1
6997	-1
6998	39805.364
6999	-1
7000	-1
7001	-1
7002	-1
7003	-1
7004	39809.469
7005	-1
7006	-1
7007	39813.982
7008	-1
7009	-1
7010	-1
7011	-1
7012	-1
7013	39818.084
7014	-1
7015	-1
7016	-1
7017	39822.595
7018	-1
7019	-1
7020	-1
7021	-1
7022	-1
7023	39826.7
7024	-1
7025	-1
7026	-1
7027	-1
7028	39831.212
7029	-1
7030	-1
7031	-1
7032	-1
7033	-1
7034	39835.315
7035	-1
7036	-1
7037	39839.827
7038	-1
7039	-1
7040	-1
7041	-1
7042	-1
7043	39843.933
7044	-1
7045	-1
7046	-1
7047	39848.444
7048	-1
7049	-1
7050	-1
7051	-1
7052	-1
7053	39852.547
7054	-1
7055	-1
7056	-1
7057	-1
7058	39857.06
7059	-1
7060	-1
7061	-1
7062	-1
7063	-1
7064	39861.165
7065	-1
7066	-1
7067	39865.678
7068	-1
7069	-1
7070	-1
7071	-1
7072	-1
7073	39869.782
7074	-1
7075	-1
7076	-1
7077	39873.885
7078	-1
7079	-1
7080	-1
7081	-1
7082	-1
7083	39878.397
7084	-1
7085	-1
7086	-1
7087	-1
7088	39882.501
7089	-1
7090	-1
7091	-1
7092	-1
7093	-1
7094	39887.011
7095	-1
7096	-1
7097	39891.116
7098	-1
7099	-1
7100	-1
7101	-1
7102	-1
7103	39895.628
7104	-1
7105	-1
7106	-1
7107	39899.734
7108	-1
7109	-1
7110	-1
7111	-1
7112	39904.246
7113	-1
7114	-1
7115	-1
7116	-1
7117	-1
7118	39908.349
7119	-1
7120	-1
7121	39912.861
7122	-1
7123	-1
7124	-1
7125	-1
7126	-1
7127	39916.964
7128	-1
7129	-1
7130	-1
7131	39921.479
7132	-1
7133	-1
7134	-1
7135	-1
7136	-1
7137	39925.583
7138	-1
7139	-1
7140	-1
7141	-1
7142	39930.093
7143	-1
7144	-1
7145	-1
7146	-1
7147	-1
7148	39934.198
7149	-1
7150	-1
7151	39938.302
7152	-1
7153	-1
7154	-1
7155	-1
7156	-1
7157	39942.813
7158	-1
7159	-1
7160	-1
7161	39946.916
7162	-1
7163	-1
7164	-1
7165	-1
7166	-1
7167	39951.428
7168	-1
7169	-1
7170	-1
7171	-1
7172	39955.538
7173	-1
7174	-1
7175	-1
7176	-1
7177	-1
7178	39960.046
7179	-1
7180	-1
7181	39964.149
7182	-1
7183	-1
7184	-1
7185	39968.663
7186	-1
7187	-1
7188	-1
7189	-1
7190	-1
7191	39972.766
7192	-1
7193	-1
7194	-1
7195	-1
7196	39977.277
7197	-1
7198	-1
7199	-1
7200	-1
7201	-1
7202	39981.383
7203	-1
7204	-1
7205	-1
7206	39985.895
7207	-1
7208	-1
7209	-1
7210	-1
7211	39989.998
7212	-1
7213	-1
7214	-1
7215	-1
7216	-1
7217	39994.509
7218	-1
7219	-1
7220	-1
7221	39998.614
7222	-1
7223	-1
7224	-1
7225	-1
7226	-1
7227	40002.719
7228	-1
7229	-1
7230	-1
7231	-1
7232	40007.23
7233	-1
7234	-1
7235	-1
7236	-1
7237	-1
7238	40011.335
7239	-1
7240	-1
7241	40015.846
7242	-1
7243	-1
7244	-1
7245	40019.95
7246	-1
7247	-1
7248	-1
7249	-1
7250	-1
7251	40024.461
7252	-1
7253	-1
7254	-1
7255	-1
7256	40028.566
7257	-1
7258	-1
7259	-1
7260	-1
7261	-1
7262	40033.078
7263	-1
7264	-1
7265	40037.159
7266	-1
7267	-1
7268	-1
7269	-1
7270	-1
7271	40041.699
7272	-1
7273	-1
7274	-1
7275	40045.798
7276	-1
7277	-1
7278	-1
7279	-1
7280	-1
7281	40050.311
7282	-1
7283	-1
7284	-1
7285	-1
7286	40054.414
7287	-1
7288	-1
7289	-1
7290	-1
7291	-1
7292	40058.926
7293	-1
7294	-1
7295	40063.03
7296	-1
7297	-1
7298	-1
7299	-1
7300	-1
7301	40067.135
7302	-1
7303	-1
7304	-1
7305	40071.648
7306	-1
7307	-1
7308	-1
7309	-1
7310	-1
7311	40075.75
7312	-1
7313	-1
7314	-1
7315	-1
7316	40080.263
7317	-1
7318	-1
7319	-1
7320	-1
7321	-1
7322	40084.365
7323	-1
7324	-1
7325	-1
7326	40088.882
7327	-1
7328	-1
7329	-1
7330	-1
7331	40092.983
7332	-1
7333	-1
7334	-1
7335	40097.494
7336	-1
7337	-1
7338	-1
7339	-1
7340	-1
7341	40101.599
7342	-1
7343	-1
7344	-1
7345	-1
7346	40106.111
7347	-1
7348	-1
7349	-1
7350	-1
7351	-1
7352	40110.215
7353	-1
7354	-1
7355	40114.727
7356	-1
7357	-1
7358	-1
7359	-1
7360	-1
7361	40118.83
7362	-1
7363	-1
7364	-1
7365	40123.342
7366	-1
7367	-1
7368	-1
7369	-1
7370	40127.447
7371	-1
7372	-1
7373	-1
7374	-1
7375	-1
7376	40131.963
7377	-1
7378	-1
7379	-1
7380	40136.065
7381	-1
7382	-1
7383	-1
7384	-1
7385	40140.168
7386	-1
7387	-1
7388	-1
7389	40144.68
7390	-1
7391	-1
7392	-1
7393	-1
7394	-1
7395	40148.782
7396	-1
7397	-1
7398	-1
7399	-1
7400	-1
7401	40153.295
7402	-1
7403	-1
7404	-1
7405	-1
7406	40157.399
7407	-1
7408	-1
7409	-1
7410	-1
7411	-1
7412	40161.912
7413	-1
7414	-1
7415	40166.018
7416	-1
7417	-1
7418	-1
7419	40170.528
7420	-1
7421	-1
7422	-1
7423	-1
7424	-1
7425	40174.631
7426	-1
7427	-1
7428	-1
7429	-1
7430	40179.144
7431	-1
7432	-1
7433	-1
7434	-1
7435	-1
7436	40183.249
7437	-1
7438	-1
7439	40187.761
7440	-1
7441	-1
7442	-1
7443	-1
7444	-1
7445	40191.864
7446	-1
7447	-1
7448	-1
7449	40196.374
7450	-1
7451	-1
7452	-1
7453	-1
7454	-1
7455	40200.479
7456	-1
7457	-1
7458	-1
7459	-1
7460	40204.584
7461	-1
7462	-1
7463	-1
7464	-1
7465	-1
7466	40209.099
7467	-1
7468	-1
7469	40213.202
7470	-1
7471	-1
7472	-1
7473	40217.713
7474	-1
7475	-1
7476	-1
7477	-1
7478	-1
7479	40221.816
7480	-1
7481	-1
7482	-1
7483	-1
7484	40226.329
7485	-1
7486	-1
7487	-1
7488	-1
7489	-1
7490	40230.432
7491	-1
7492	-1
7493	40234.945
7494	-1
7495	-1
7496	-1
7497	-1
7498	-1
7499	40239.049
7500	-1
7501	-1
7502	-1
7503	40243.56
7504	-1
7505	-1
7506	-1
7507	-1
7508	-1
7509	40247.666
7510	-1
7511	-1
7512	-1
7513	-1
7514	40252.177
7515	-1
7516	-1
7517	-1
7518	-1
7519	-1
7520	40256.283
7521	-1
7522	-1
7523	40260.791
7524	-1
7525	-1
7526	-1
7527	-1
7528	-1
7529	40264.897
7530	-1
7531	-1
7532	-1
7533	40269.001
7534	-1
7535	-1
7536	-1
7537	-1
7538	-1
7539	40273.512
7540	-1
7541	-1
7542	-1
7543	-1
7544	40277.617
7545	-1
7546	-1
7547	-1
7548	-1
7549	-1
7550	40282.129
7551	-1
7552	-1
7553	40286.233
7554	-1
7555	-1
7556	-1
7557	-1
7558	-1
7559	40290.743
7560	-1
7561	-1
7562	-1
7563	40294.849
7564	-1
7565	-1
7566	-1
7567	-1
7568	40299.363
7569	-1
7570	-1
7571	-1
7572	-1
7573	-1
7574	40303.465
7575	-1
7576	-1
7577	40307.977
7578	-1
7579	-1
7580	-1
7581	-1
7582	-1
7583	40312.082
7584	-1
7585	-1
7586	-1
7587	40316.592
7588	-1
7589	-1
7590	-1
7591	-1
7592	-1
7593	40320.696
7594	-1
7595	-1
7596	-1
7597	-1
7598	40325.208
7599	-1
7600	-1
7601	-1
7602	-1
7603	-1
7604	40329.314
7605	-1
7606	-1
7607	40333.419
7608	-1
7609	-1
7610	-1
7611	-1
7612	-1
7613	40337.929
7614	-1
7615	-1
7616	-1
7617	40342.033
7618	-1
7619	-1
7620	-1
7621	-1
7622	-1
7623	40346.546
7624	-1
7625	-1
7626	-1
7627	-1
7628	40350.651
7629	-1
7630	-1
7631	-1
7632	-1
7633	-1
7634	40355.163
7635	-1
7636	-1
7637	40359.266
7638	-1
7639	-1
7640	-1
7641	-1
7642	-1
7643	40363.777
7644	-1
7645	-1
7646	-1
7647	40367.882
7648	-1
7649	-1
7650	-1
7651	-1
7652	-1
7653	40372.392
7654	-1
7655	-1
7656	-1
7657	-1
7658	40376.501
7659	-1
7660	-1
7661	-1
7662	40381.011
7663	-1
7664	-1
7665	-1
7666	-1
7667	-1
7668	40385.115
7669	-1
7670	-1
7671	-1
7672	-1
7673	40389.626
7674	-1
7675	-1
7676	-1
7677	-1
7678	-1
7679	40393.73
7680	-1
7681	-1
7682	40398.242
7683	-1
7684	-1
7685	-1
7686	-1
7687	-1
7688	40402.346
7689	-1
7690	-1
7691	-1
7692	40406.449
7693	-1
7694	-1
7695	-1
7696	-1
7697	-1
7698	40410.962
7699	-1
7700	-1
7701	-1
7702	-1
7703	40415.068
7704	-1
7705	-1
7706	-1
7707	-1
7708	-1
7709	40419.579
7710	-1
7711	-1
7712	40423.687
7713	-1
7714	-1
7715	-1
7716	-1
7717	-1
7718	40428.194
7719	-1
7720	-1
7721	-1
7722	40432.297
7723	-1
7724	-1
7725	-1
7726	-1
7727	40436.81
7728	-1
7729	-1
7730	-1
7731	-1
7732	-1
7733	40440.914
7734	-1
7735	-1
7736	40445.426
7737	-1
7738	-1
7739	-1
7740	-1
7741	-1
7742	40449.531
7743	-1
7744	-1
7745	-1
7746	40454.043
7747	-1
7748	-1
7749	-1
7750	-1
7751	-1
7752	40458.147
7753	-1
7754	-1
7755	-1
7756	-1
7757	40462.659
7758	-1
7759	-1
7760	-1
7761	-1
7762	-1
7763	40466.763
7764	-1
7765	-1
7766	40470.866
7767	-1
7768	-1
7769	-1
7770	-1
7771	-1
7772	40475.378
7773	-1
7774	-1
7775	-1
7776	40479.483
7777	-1
7778	-1
7779	-1
7780	-1
7781	-1
7782	40483.996
7783	-1
7784	-1
7785	-1
7786	-1
7787	40488.098
7788	-1
7789	-1
7790	-1
7791	-1
7792	-1
7793	40492.609
7794	-1
7795	-1
7796	40496.716
7797	-1
7798	-1
7799	-1
7800	40501.227
7801	-1
7802	-1
7803	-1
7804	-1
7805	-1
7806	40505.33
7807	-1
7808	-1
7809	-1
7810	-1
7811	40509.848
7812	-1
7813	-1
7814	-1
7815	-1
7816	-1
7817	40513.947
7818	-1
7819	-1
7820	40518.459
7821	-1
7822	-1
7823	-1
7824	-1
7825	-1
7826	40522.563
7827	-1
7828	-1
7829	-1
7830	40527.076
7831	-1
7832	-1
7833	-1
7834	-1
7835	-1
7836	40531.178
7837	-1
7838	-1
7839	-1
7840	-1
7841	40535.283
7842	-1
7843	-1
7844	-1
7845	-1
7846	-1
7847	40539.796
7848	-1
7849	-1
7850	40543.899
7851	-1
7852	-1
7853	-1
7854	-1
7855	-1
7856	40548.411
7857	-1
7858	-1
7859	-1
7860	40552.518
7861	-1
7862	-1
7863	-1
7864	-1
7865	-1
7866	40557.028
7867	-1
7868	-1
7869	-1
7870	-1
7871	40561.132
7872	-1
7873	-1
7874	-1
7875	40565.644
7876	-1
7877	-1
7878	-1
7879	-1
7880	40569.747
7881	-1
7882	-1
7883	-1
7884	-1
7885	-1
7886	40574.259
7887	-1
7888	-1
7889	-1
7890	40578.364
7891	-1
7892	-1
7893	-1
7894	-1
7895	40582.876
7896	-1
7897	-1
7898	-1
7899	-1
7900	-1
7901	40586.984
7902	-1
7903	-1
7904	-1
7905	40591.494
7906	-1
7907	-1
7908	-1
7909	-1
7910	40595.596
7911	-1
7912	-1
7913	-1
7914	40599.699
7915	-1
7916	-1
7917	-1
7918	-1
7919	-1
7920	40604.212
7921	-1
7922	-1
7923	-1
7924	-1
7925	40608.317
7926	-1
7927	-1
7928	-1
7929	-1
7930	-1
7931	40612.83
7932	-1
7933	-1
7934	40616.933
7935	-1
7936	-1
7937	-1
7938	-1
7939	-1
7940	40621.446
7941	-1
7942	-1
7943	-1
7944	40625.548
7945	-1
7946	-1
7947	-1
7948	-1
7949	-1
7950	40630.059
7951	-1
7952	-1
7953	-1
7954	-1
7955	40634.165
7956	-1
7957	-1
7958	-1
7959	-1
7960	-1
7961	40638.677
7962	-1
7963	-1
7964	40642.78
7965	-1
7966	-1
7967	-1
7968	-1
7969	-1
7970	40647.292
7971	-1
7972	-1
7973	-1
7974	40651.397
7975	-1
7976	-1
7977	-1
7978	-1
7979	-1
7980	40655.908
7981	-1
7982	-1
7983	-1
7984	-1
7985	40660.012
7986	-1
7987	-1
7988	-1
7989	-1
7990	-1
7991	40664.523
7992	-1
7993	-1
7994	40668.629
7995	-1
7996	-1
7997	-1
7998	-1
7999	-1
8000	40672.733
8001	-1
8002	-1
8003	-1
8004	40677.245
8005	-1
8006	-1
8007	-1
8008	-1
8009	-1
8010	40681.349
8011	-1
8012	-1
8013	-1
8014	-1
8015	40685.862
8016	-1
8017	-1
8018	-1
8019	40689.966
8020	-1
8021	-1
8022	-1
8023	-1
8024	40694.476
8025	-1
8026	-1
8027	-1
8028	40698.581
8029	-1
8030	-1
8031	-1
8032	-1
8033	-1
8034	40703.093
8035	-1
8036	-1
8037	-1
8038	-1
8039	40707.197
8040	-1
8041	-1
8042	-1
8043	-1
8044	-1
8045	40711.708
8046	-1
8047	-1
8048	40715.812
8049	-1
8050	-1
8051	-1
8052	-1
8053	-1
8054	40720.329
8055	-1
8056	-1
8057	-1
8058	40724.43
8059	-1
8060	-1
8061	-1
8062	-1
8063	-1
8064	40728.943
8065	-1
8066	-1
8067	-1
8068	-1
8069	40733.045
8070	-1
8071	-1
8072	-1
8073	-1
8074	-1
8075	40737.149
8076	-1
8077	-1
8078	40741.662
8079	-1
8080	-1
8081	-1
8082	-1
8083	-1
8084	40745.765
8085	-1
8086	-1
8087	-1
8088	40750.278
8089	-1
8090	-1
8091	-1
8092	-1
8093	-1
8094	40754.382
8095	-1
8096	-1
8097	-1
8098	-1
8099	40758.895
8100	-1
8101	-1
8102	-1
8103	-1
8104	-1
8105	40762.99
8106	-1
8107	-1
8108	40767.51
8109	-1
8110	-1
8111	-1
8112	-1
8113	-1
8114	40771.614
8115	-1
8116	-1
8117	-1
8118	40776.125
8119	-1
8120	-1
8121	-1
8122	-1
8123	-1
8124	40780.23
8125	-1
8126	-1
8127	-1
8128	-1
8129	40784.742
8130	-1
8131	-1
8132	-1
8133	-1
8134	-1
8135	40788.845
8136	-1
8137	-1
8138	40793.358
8139	-1
8140	-1
8141	-1
8142	-1
8143	-1
8144	40797.461
8145	-1
8146	-1
8147	-1
8148	40801.564
8149	-1
8150	-1
8151	-1
8152	-1
8153	40806.078
8154	-1
8155	-1
8156	-1
8157	-1
8158	-1
8159	40810.182
8160	-1
8161	-1
8162	-1
8163	-1
8164	-1
8165	40814.695
8166	-1
8167	-1
8168	40818.799
8169	-1
8170	-1
8171	-1
8172	-1
8173	-1
8174	40823.311
8175	-1
8176	-1
8177	-1
8178	40827.414
8179	-1
8180	-1
8181	-1
8182	-1
8183	40831.926
8184	-1
8185	-1
8186	-1
8187	-1
8188	-1
8189	40836.031
8190	-1
8191	-1
8192	40840.543
8193	-1
8194	-1
8195	-1
8196	-1
8197	-1
8198	40844.65
8199	-1
8200	-1
8201	-1
8202	40849.158
8203	-1
8204	-1
8205	-1
8206	-1
8207	-1
8208	40853.263
8209	-1
8210	-1
8211	-1
8212	-1
8213	40857.775
8214	-1
8215	-1
8216	-1
8217	-1
8218	-1
8219	40861.877
8220	-1
8221	-1
8222	40865.982
8223	-1
8224	-1
8225	-1
8226	-1
8227	-1
8228	40870.495
8229	-1
8230	-1
8231	-1
8232	40874.598
8233	-1
8234	-1
8235	-1
8236	-1
8237	-1
8238	40879.111
8239	-1
8240	-1
8241	-1
8242	-1
8243	40883.214
8244	-1
8245	-1
8246	-1
8247	-1
8248	-1
8249	40887.729
8250	-1
8251	-1
8252	40891.831
8253	-1
8254	-1
8255	-1
8256	-1
8257	-1
8258	40896.344
8259	-1
8260	-1
8261	-1
8262	40900.448
8263	-1
8264	-1
8265	-1
8266	-1
8267	40904.959
8268	-1
8269	-1
8270	-1
8271	-1
8272	-1
8273	40909.063
8274	-1
8275	-1
8276	40913.574
8277	-1
8278	-1
8279	-1
8280	-1
8281	-1
8282	40917.679
8283	-1
8284	-1
8285	-1
8286	40922.191
8287	-1
8288	-1
8289	-1
8290	-1
8291	-1
8292	40926.295
8293	-1
8294	-1
8295	-1
8296	-1
8297	40930.807
8298	-1
8299	-1
8300	-1
8301	-1
8302	-1
8303	40934.911
8304	-1
8305	-1
8306	40939.008
8307	-1
8308	-1
8309	-1
8310	-1
8311	-1
8312	40943.527
8313	-1
8314	-1
8315	-1
8316	40947.631
8317	-1
8318	-1
8319	-1
8320	-1
8321	-1
8322	40952.143
8323	-1
8324	-1
8325	-1
8326	-1
8327	40956.247
8328	-1
8329	-1
8330	-1
8331	-1
8332	-1
8333	40960.759
8334	-1
8335	-1
8336	40964.868
8337	-1
8338	-1
8339	-1
8340	-1
8341	-1
8342	40969.376
8343	-1
8344	-1
8345	-1
8346	40973.478
8347	-1
8348	-1
8349	-1
8350	-1
8351	-1
8352	40977.991
8353	-1
8354	-1
8355	-1
8356	-1
8357	40982.096
8358	-1
8359	-1
8360	-1
8361	-1
8362	-1
8363	40986.608
8364	-1
8365	-1
8366	40990.713
8367	-1
8368	-1
8369	-1
8370	-1
8371	-1
8372	40995.223
8373	-1
8374	-1
8375	-1
8376	40999.328
8377	-1
8378	-1
8379	-1
8380	-1
8381	41003.432
8382	-1
8383	-1
8384	-1
8385	-1
8386	-1
8387	41007.944
8388	-1
8389	-1
8390	-1
8391	41012.051
8392	-1
8393	-1
8394	-1
8395	-1
8396	41016.56
8397	-1
8398	-1
8399	-1
8400	-1
8401	-1
8402	41020.662
8403	-1
8404	-1
8405	-1
8406	41025.175
8407	-1
8408	-1
8409	-1
8410	-1
8411	-1
8412	41029.28
8413	-1
8414	-1
8415	-1
8416	-1
8417	41033.793
8418	-1
8419	-1
8420	41037.897
8421	-1
8422	-1
8423	-1
8424	-1
8425	-1
8426	41042.408
8427	-1
8428	-1
8429	-1
8430	41046.512
8431	-1
8432	-1
8433	-1
8434	-1
8435	-1
8436	41051.017
8437	-1
8438	-1
8439	-1
8440	-1
8441	41055.127
8442	-1
8443	-1
8444	-1
8445	-1
8446	-1
8447	41059.639
8448	-1
8449	-1
8450	41063.744
8451	-1
8452	-1
8453	-1
8454	-1
8455	-1
8456	41067.848
8457	-1
8458	-1
8459	-1
8460	41072.36
8461	-1
8462	-1
8463	-1
8464	-1
8465	-1
8466	41076.464
8467	-1
8468	-1
8469	-1
8470	-1
8471	41080.977
8472	-1
8473	-1
8474	-1
8475	-1
8476	-1
8477	41085.08
8478	-1
8479	-1
8480	41089.592
8481	-1
8482	-1
8483	-1
8484	41093.696
8485	-1
8486	-1
8487	-1
8488	-1
8489	41098.208
8490	-1
8491	-1
8492	-1
8493	-1
8494	-1
8495	41102.314
8496	-1
8497	-1
8498	-1
8499	41106.825
8500	-1
8501	-1
8502	-1
8503	-1
8504	41110.929
8505	-1
8506	-1
8507	-1
8508	-1
8509	-1
8510	41115.44
8511	-1
8512	-1
8513	-1
8514	-1
8515	-1
8516	41119.545
8517	-1
8518	-1
8519	41124.057
8520	-1
8521	-1
8522	-1
8523	-1
8524	-1
8525	41128.161
8526	-1
8527	-1
8528	-1
8529	41132.269
8530	-1
8531	-1
8532	-1
8533	-1
8534	-1
8535	41136.777
8536	-1
8537	-1
8538	-1
8539	-1
8540	41140.88
8541	-1
8542	-1
8543	-1
8544	-1
8545	-1
8546	41145.394
8547	-1
8548	-1
8549	41149.498
8550	-1
8551	-1
8552	-1
8553	-1
8554	-1
8555	41154.01
8556	-1
8557	-1
8558	-1
8559	41158.113
8560	-1
8561	-1
8562	-1
8563	-1
8564	41162.624
8565	-1
8566	-1
8567	-1
8568	-1
8569	-1
8570	41166.729
8571	-1
8572	-1
8573	41171.242
8574	-1
8575	-1
8576	-1
8577	-1
8578	-1
8579	41175.351
8580	-1
8581	-1
8582	-1
8583	41179.858
8584	-1
8585	-1
8586	-1
8587	-1
8588	-1
8589	41183.962
8590	-1
8591	-1
8592	-1
8593	-1
8594	41188.474
8595	-1
8596	-1
8597	-1
8598	-1
8599	-1
8600	41192.577
8601	-1
8602	-1
8603	41197.089
8604	-1
8605	-1
8606	-1
8607	-1
8608	-1
8609	41201.194
8610	-1
8611	-1
8612	-1
8613	41205.298
8614	-1
8615	-1
8616	-1
8617	-1
8618	41209.81
8619	-1
8620	-1
8621	-1
8622	-1
8623	-1
8624	41213.914
8625	-1
8626	-1
8627	41218.425
8628	-1
8629	-1
8630	-1
8631	-1
8632	-1
8633	41222.532
8634	-1
8635	-1
8636	-1
8637	41227.035
8638	-1
8639	-1
8640	-1
8641	-1
8642	-1
8643	41231.146
8644	-1
8645	-1
8646	-1
8647	-1
8648	41235.658
8649	-1
8650	-1
8651	-1
8652	-1
8653	-1
8654	41239.763
8655	-1
8656	-1
8657	41244.275
8658	-1
8659	-1
8660	-1
8661	-1
8662	-1
8663	41248.378
8664	-1
8665	-1
8666	-1
8667	41252.889
8668	-1
8669	-1
8670	-1
8671	-1
8672	41256.993
8673	-1
8674	-1
8675	-1
8676	-1
8677	-1
8678	41261.505
8679	-1
8680	-1
8681	41265.611
8682	-1
8683	-1
8684	-1
8685	-1
8686	-1
8687	41269.713
8688	-1
8689	-1
8690	-1
8691	41274.227
8692	-1
8693	-1
8694	-1
8695	-1
8696	-1
8697	41278.331
8698	-1
8699	-1
8700	-1
8701	-1
8702	41282.842
8703	-1
8704	-1
8705	-1
8706	-1
8707	-1
8708	41286.946
8709	-1
8710	-1
8711	41291.457
8712	-1
8713	-1
8714	-1
8715	-1
8716	-1
8717	41295.563
8718	-1
8719	-1
8720	-1
8721	41300.074
8722	-1
8723	-1
8724	-1
8725	-1
8726	-1
8727	41304.179
8728	-1
8729	-1
8730	-1
8731	-1
8732	41308.691
8733	-1
8734	-1
8735	-1
8736	-1
8737	-1
8738	41312.794
8739	-1
8740	-1
8741	41317.305
8742	-1
8743	-1
8744	-1
8745	-1
8746	-1
8747	41321.412
8748	-1
8749	-1
8750	-1
8751	41325.923
8752	-1
8753	-1
8754	-1
8755	-1
8756	-1
8757	41330.026
8758	-1
8759	-1
8760	-1
8761	-1
8762	41334.131
8763	-1
8764	-1
8765	-1
8766	-1
8767	-1
8768	41338.643
8769	-1
8770	-1
8771	41342.748
8772	-1
8773	-1
8774	-1
8775	-1
8776	-1
8777	41347.259
8778	-1
8779	-1
8780	-1
8781	41351.363
8782	-1
8783	-1
8784	-1
8785	-1
8786	-1
8787	41355.875
8788	-1
8789	-1
8790	-1
8791	-1
8792	41359.98
8793	-1
8794	-1
8795	-1
8796	-1
8797	-1
8798	41364.492
8799	-1
8800	-1
8801	41368.596
8802	-1
8803	-1
8804	-1
8805	-1
8806	-1
8807	41373.107
8808	-1
8809	-1
8810	-1
8811	41377.214
8812	-1
8813	-1
8814	-1
8815	-1
8816	-1
8817	41381.723
8818	-1
8819	-1
8820	-1
8821	-1
8822	41385.832
8823	-1
8824	-1
8825	-1
8826	-1
8827	-1
8828	41390.34
8829	-1
8830	-1
8831	41394.443
8832	-1
8833	-1
8834	-1
8835	-1
8836	-1
8837	41398.547
8838	-1
8839	-1
8840	-1
8841	41403.053
8842	-1
8843	-1
8844	-1
8845	-1
8846	-1
8847	41407.164
8848	-1
8849	-1
8850	-1
8851	-1
8852	41411.677
8853	-1
8854	-1
8855	41415.78
8856	-1
8857	-1
8858	-1
8859	-1
8860	-1
8861	41420.291
8862	-1
8863	-1
8864	-1
8865	-1
8866	-1
8867	41424.395
8868	-1
8869	-1
8870	-1
8871	41428.907
8872	-1
8873	-1
8874	-1
8875	-1
8876	41433.012
8877	-1
8878	-1
8879	-1
8880	-1
8881	-1
8882	41437.524
8883	-1
8884	-1
8885	-1
8886	41441.627
8887	-1
8888	-1
8889	-1
8890	-1
8891	41446.141
8892	-1
8893	-1
8894	-1
8895	41450.244
8896	-1
8897	-1
8898	-1
8899	-1
8900	-1
8901	41454.756
8902	-1
8903	-1
8904	-1
8905	-1
8906	41458.858
8907	-1
8908	-1
8909	-1
8910	-1
8911	-1
8912	41463.37
8913	-1
8914	-1
8915	41467.476
8916	-1
8917	-1
8918	-1
8919	41471.581
8920	-1
8921	-1
8922	-1
8923	-1
8924	-1
8925	41476.095
8926	-1
8927	-1
8928	-1
8929	-1
8930	-1
8931	41480.196
8932	-1
8933	-1
8934	-1
8935	-1
8936	41484.708
8937	-1
8938	-1
8939	-1
8940	-1
8941	-1
8942	41488.813
8943	-1
8944	-1
8945	41493.325
8946	-1
8947	-1
8948	-1
8949	-1
8950	-1
8951	41497.428
8952	-1
8953	-1
8954	-1
8955	41501.94
8956	-1
8957	-1
8958	-1
8959	-1
8960	-1
8961	41506.044
8962	-1
8963	-1
8964	-1
8965	-1
8966	41510.556
8967	-1
8968	-1
8969	-1
8970	41514.661
8971	-1
8972	-1
8973	-1
8974	-1
8975	41519.172
8976	-1
8977	-1
8978	-1
8979	41523.277
8980	-1
8981	-1
8982	-1
8983	-1
8984	-1
8985	41527.79
8986	-1
8987	-1
8988	-1
8989	-1
8990	41531.892
8991	-1
8992	-1
8993	-1
8994	-1
8995	-1
8996	41535.996
8997	-1
8998	-1
8999	41540.508
9000	-1
9001	-1
9002	-1
9003	-1
9004	-1
9005	41544.614
9006	-1
9007	-1
9008	-1
9009	41549.126
9010	-1
9011	-1
9012	-1
9013	-1
9014	-1
9015	41553.229
9016	-1
9017	-1
9018	-1
9019	-1
9020	41557.742
9021	-1
9022	-1
9023	-1
9024	-1
9025	-1
9026	41561.844
9027	-1
9028	-1
9029	41566.359
9030	-1
9031	-1
9032	-1
9033	-1
9034	-1
9035	41570.46
9036	-1
9037	-1
9038	-1
9039	41574.974
9040	-1
9041	-1
9042	-1
9043	-1
9044	-1
9045	41579.072
9046	-1
9047	-1
9048	-1
9049	-1
9050	41583.591
9051	-1
9052	-1
9053	41587.694
9054	-1
9055	-1
9056	-1
9057	-1
9058	-1
9059	41592.206
9060	-1
9061	-1
9062	-1
9063	-1
9064	-1
9065	41596.311
9066	-1
9067	-1
9068	-1
9069	41600.414
9070	-1
9071	-1
9072	-1
9073	-1
9074	41604.925
9075	-1
9076	-1
9077	-1
9078	-1
9079	-1
9080	41609.03
9081	-1
9082	-1
9083	41613.542
9084	-1
9085	-1
9086	-1
9087	-1
9088	-1
9089	41617.646
9090	-1
9091	-1
9092	-1
9093	-1
9094	-1
9095	41622.16
9096	-1
9097	-1
9098	-1
9099	41626.261
9100	-1
9101	-1
9102	-1
9103	-1
9104	41630.773
9105	-1
9106	-1
9107	-1
9108	-1
9109	-1
9110	41634.878
9111	-1
9112	-1
9113	41639.386
9114	-1
9115	-1
9116	-1
9117	-1
9118	-1
9119	41643.494
9120	-1
9121	-1
9122	-1
9123	41648.006
9124	-1
9125	-1
9126	-1
9127	-1
9128	-1
9129	41652.111
9130	-1
9131	-1
9132	-1
9133	-1
9134	41656.623
9135	-1
9136	-1
9137	-1
9138	41660.727
9139	-1
9140	-1
9141	-1
9142	-1
9143	41664.83
9144	-1
9145	-1
9146	-1
9147	-1
9148	-1
9149	41669.342
9150	-1
9151	-1
9152	-1
9153	41673.447
9154	-1
9155	-1
9156	-1
9157	-1
9158	-1
9159	41677.958
9160	-1
9161	-1
9162	-1
9163	-1
9164	41682.062
9165	-1
9166	-1
9167	-1
9168	41686.575
9169	-1
9170	-1
9171	-1
9172	-1
9173	41690.68
9174	-1
9175	-1
9176	-1
9177	41695.192
9178	-1
9179	-1
9180	-1
9181	-1
9182	-1
9183	41699.294
9184	-1
9185	-1
9186	-1
9187	-1
9188	41703.806
9189	-1
9190	-1
9191	-1
9192	-1
9193	-1
9194	41707.91
9195	-1
9196	-1
9197	41712.422
9198	-1
9199	-1
9200	-1
9201	-1
9202	-1
9203	41716.528
9204	-1
9205	-1
9206	-1
9207	41721.04
9208	-1
9209	-1
9210	-1
9211	-1
9212	-1
9213	41725.143
9214	-1
9215	-1
9216	-1
9217	-1
9218	41729.657
9219	-1
9220	-1
9221	-1
9222	-1
9223	-1
9224	41733.758
9225	-1
9226	-1
9227	41737.863
9228	-1
9229	-1
9230	-1
9231	-1
9232	-1
9233	41742.376
9234	-1
9235	-1
9236	-1
9237	41746.48
9238	-1
9239	-1
9240	-1
9241	-1
9242	-1
9243	41750.991
9244	-1
9245	-1
9246	-1
9247	-1
9248	41755.089
9249	-1
9250	-1
9251	-1
9252	-1
9253	-1
9254	41759.607
9255	-1
9256	-1
9257	41763.71
9258	-1
9259	-1
9260	-1
9261	41768.223
9262	-1
9263	-1
9264	-1
9265	-1
9266	-1
9267	41772.328
9268	-1
9269	-1
9270	-1
9271	-1
9272	41776.845
9273	-1
9274	-1
9275	-1
9276	-1
9277	-1
9278	41780.944
9279	-1
9280	-1
9281	41785.456
9282	-1
9283	-1
9284	-1
9285	-1
9286	-1
9287	41789.562
9288	-1
9289	-1
9290	-1
9291	41794.072
9292	-1
9293	-1
9294	-1
9295	-1
9296	-1
9297	41798.176
9298	-1
9299	-1
9300	-1
9301	-1
9302	41802.28
9303	-1
9304	-1
9305	-1
9306	-1
9307	-1
9308	41806.796
9309	-1
9310	-1
9311	41810.895
9312	-1
9313	-1
9314	-1
9315	-1
9316	-1
9317	41815.408
9318	-1
9319	-1
9320	-1
9321	41819.512
9322	-1
9323	-1
9324	-1
9325	-1
9326	-1
9327	41824.025
9328	-1
9329	-1
9330	-1
9331	-1
9332	41828.127
9333	-1
9334	-1
9335	-1
9336	-1
9337	-1
9338	41832.641
9339	-1
9340	-1
9341	41836.745
9342	-1
9343	-1
9344	-1
9345	41841.255
9346	-1
9347	-1
9348	-1
9349	-1
9350	-1
9351	41845.36
9352	-1
9353	-1
9354	-1
9355	-1
9356	41849.872
9357	-1
9358	-1
9359	-1
9360	-1
9361	-1
9362	41853.976
9363	-1
9364	-1
9365	41858.489
9366	-1
9367	-1
9368	-1
9369	-1
9370	-1
9371	41862.592
9372	-1
9373	-1
9374	-1
9375	41866.697
9376	-1
9377	-1
9378	-1
9379	-1
9380	-1
9381	41871.208
9382	-1
9383	-1
9384	-1
9385	-1
9386	41875.312
9387	-1
9388	-1
9389	-1
9390	-1
9391	-1
9392	41879.824
9393	-1
9394	-1
9395	41883.93
9396	-1
9397	-1
9398	-1
9399	-1
9400	-1
9401	41888.44
9402	-1
9403	-1
9404	-1
9405	41892.546
9406	-1
9407	-1
9408	-1
9409	-1
9410	-1
9411	41897.06
9412	-1
9413	-1
9414	-1
9415	-1
9416	41901.16
9417	-1
9418	-1
9419	-1
9420	-1
9421	-1
9422	41905.674
9423	-1
9424	-1
9425	41909.777
9426	-1
9427	-1
9428	-1
9429	-1
9430	-1
9431	41914.266
9432	-1
9433	-1
9434	-1
9435	41918.37
9436	-1
9437	-1
9438	-1
9439	-1
9440	-1
9441	41922.883
9442	-1
9443	-1
9444	-1
9445	-1
9446	41926.986
9447	-1
9448	-1
9449	-1
9450	-1
9451	-1
9452	41931.089
9453	-1
9454	-1
9455	41935.602
9456	-1
9457	-1
9458	-1
9459	-1
9460	-1
9461	41939.706
9462	-1
9463	-1
9464	-1
9465	41944.219
9466	-1
9467	-1
9468	-1
9469	-1
9470	-1
9471	41948.325
9472	-1
9473	-1
9474	-1
9475	-1
9476	41952.852
9477	-1
9478	-1
9479	-1
9480	-1
9481	-1
9482	41956.945
9483	-1
9484	-1
9485	41961.457
9486	-1
9487	-1
9488	-1
9489	-1
9490	-1
9491	41965.559
9492	-1
9493	-1
9494	-1
9495	41970.073
9496	-1
9497	-1
9498	-1
9499	-1
9500	-1
9501	41974.177
9502	-1
9503	-1
9504	-1
9505	-1
9506	41978.69
9507	-1
9508	-1
9509	-1
9510	41982.795
9511	-1
9512	-1
9513	-1
9514	-1
9515	41987.308
9516	-1
9517	-1
9518	-1
9519	-1
9520	-1
9521	41991.412
9522	-1
9523	-1
9524	-1
9525	41995.906
9526	-1
9527	-1
9528	-1
9529	-1
9530	42000.023
9531	-1
9532	-1
9533	-1
9534	-1
9535	-1
9536	42004.129
9537	-1
9538	-1
9539	42008.641
9540	-1
9541	-1
9542	-1
9543	-1
9544	-1
9545	42012.745
9546	-1
9547	-1
9548	-1
9549	42017.257
9550	-1
9551	-1
9552	-1
9553	-1
9554	-1
9555	42021.36
9556	-1
9557	-1
9558	-1
9559	-1
9560	42025.874
9561	-1
9562	-1
9563	-1
9564	-1
9565	-1
9566	42029.98
9567	-1
9568	-1
9569	42034.493
9570	-1
9571	-1
9572	-1
9573	-1
9574	-1
9575	42038.577
9576	-1
9577	-1
9578	-1
9579	42043.095
9580	-1
9581	-1
9582	-1
9583	-1
9584	42047.207
9585	-1
9586	-1
9587	-1
9588	-1
9589	-1
9590	42051.722
9591	-1
9592	-1
9593	42055.825
9594	-1
9595	-1
9596	-1
9597	-1
9598	-1
9599	42060.336
9600	-1
9601	-1
9602	-1
9603	42064.443
9604	-1
9605	-1
9606	-1
9607	-1
9608	-1
9609	42068.545
9610	-1
9611	-1
9612	-1
9613	-1
9614	42073.054
9615	-1
9616	-1
9617	-1
9618	-1
9619	-1
9620	42077.164
9621	-1
9622	-1
9623	42081.685
9624	-1
9625	-1
9626	-1
9627	-1
9628	-1
9629	42085.761
9630	-1
9631	-1
9632	-1
9633	42090.295
9634	-1
9635	-1
9636	-1
9637	-1
9638	-1
9639	42094.396
9640	-1
9641	-1
9642	-1
9643	-1
9644	42098.907
9645	-1
9646	-1
9647	-1
9648	-1
9649	-1
9650	42103.013
9651	-1
9652	-1
9653	42107.507
9654	-1
9655	-1
9656	-1
9657	-1
9658	-1
9659	42111.611
9660	-1
9661	-1
9662	-1
9663	42116.137
9664	-1
9665	-1
9666	-1
9667	-1
9668	-1
9669	42120.249
9670	-1
9671	-1
9672	-1
9673	-1
9674	42124.739
9675	-1
9676	-1
9677	-1
9678	-1
9679	-1
9680	42128.841
9681	-1
9682	-1
9683	42132.961
9684	-1
9685	-1
9686	-1
9687	-1
9688	-1
9689	42137.471
9690	-1
9691	-1
9692	-1
9693	42141.575
9694	-1
9695	-1
9696	-1
9697	-1
9698	-1
9699	42146.091
9700	-1
9701	-1
9702	-1
9703	-1
9704	42150.195
9705	-1
9706	-1
9707	-1
9708	-1
9709	-1
9710	42154.707
9711	-1
9712	-1
9713	42158.813
9714	-1
9715	-1
9716	-1
9717	42163.326
9718	-1
9719	-1
9720	-1
9721	-1
9722	-1
9723	42167.515
9724	-1
9725	-1
9726	-1
9727	-1
9728	42171.929
9729	-1
9730	-1
9731	-1
9732	-1
9733	-1
9734	42176.047
9735	-1
9736	-1
9737	42180.538
9738	-1
9739	-1
9740	-1
9741	-1
9742	-1
9743	42184.641
9744	-1
9745	-1
9746	-1
9747	42189.171
9748	-1
9749	-1
9750	-1
9751	-1
9752	-1
9753	42193.266
9754	-1
9755	-1
9756	-1
9757	-1
9758	42197.369
9759	-1
9760	-1
9761	-1
9762	-1
9763	-1
9764	42201.887
9765	-1
9766	-1
9767	42205.989
9768	-1
9769	-1
9770	-1
9771	42210.502
9772	-1
9773	-1
9774	-1
9775	-1
9776	-1
9777	42214.608
9778	-1
9779	-1
9780	-1
9781	-1
9782	42219.121
9783	-1
9784	-1
9785	-1
9786	-1
9787	-1
9788	42223.218
9789	-1
9790	-1
9791	42227.723
9792	-1
9793	-1
9794	-1
9795	-1
9796	-1
9797	42231.825
9798	-1
9799	-1
9800	-1
9801	42236.348
9802	-1
9803	-1
9804	-1
9805	-1
9806	42240.451
9807	-1
9808	-1
9809	-1
9810	-1
9811	-1
9812	42244.963
9813	-1
9814	-1
9815	42249.064
9816	-1
9817	-1
9818	-1
9819	-1
9820	-1
9821	42253.579
9822	-1
9823	-1
9824	-1
9825	42257.672
9826	-1
9827	-1
9828	-1
9829	-1
9830	-1
9831	42262.197
9832	-1
9833	-1
9834	-1
9835	-1
9836	42266.324
9837	-1
9838	-1
9839	-1
9840	-1
9841	-1
9842	42270.428
9843	-1
9844	-1
9845	42274.941
9846	-1
9847	-1
9848	-1
9849	-1
9850	-1
9851	42279.042
9852	-1
9853	-1
9854	-1
9855	42283.519
9856	-1
9857	-1
9858	-1
9859	-1
9860	-1
9861	42287.659
9862	-1
9863	-1
9864	42292.172
9865	-1
9866	-1
9867	-1
9868	-1
9869	42296.276
9870	-1
9871	-1
9872	-1
9873	-1
9874	-1
9875	42300.788
9876	-1
9877	-1
9878	42304.891
9879	-1
9880	-1
9881	-1
9882	-1
9883	-1
9884	42309.403
9885	-1
9886	-1
9887	-1
9888	42313.508
9889	-1
9890	-1
9891	-1
9892	-1
9893	-1
9894	42318.023
9895	-1
9896	-1
9897	-1
9898	-1
9899	42322.124
9900	-1
9901	-1
9902	-1
9903	-1
9904	-1
9905	42326.635
9906	-1
9907	-1
9908	42330.741
9909	-1
9910	-1
9911	-1
9912	-1
9913	-1
9914	42334.845
9915	-1
9916	-1
9917	-1
9918	42339.356
9919	-1
9920	-1
9921	-1
9922	-1
9923	-1
9924	42343.46
9925	-1
9926	-1
9927	-1
9928	-1
9929	42347.972
9930	-1
9931	-1
9932	-1
9933	-1
9934	-1
9935	42352.079
9936	-1
9937	-1
9938	42356.588
9939	-1
9940	-1
9941	-1
9942	-1
9943	-1
9944	42360.692
9945	-1
9946	-1
9947	-1
9948	42365.204
9949	-1
9950	-1
9951	-1
9952	-1
9953	42369.308
9954	-1
9955	-1
9956	-1
9957	-1
9958	-1
9959	42373.819
9960	-1
9961	-1
9962	42377.926
9963	-1
9964	-1
9965	-1
9966	-1
9967	-1
9968	42382.436
9969	-1
9970	-1
9971	-1
9972	42386.54
9973	-1
9974	-1
9975	-1
9976	-1
9977	-1
9978	42391.052
9979	-1
9980	-1
9981	-1
9982	-1
9983	42395.151
9984	-1
9985	-1
9986	-1
9987	-1
9988	-1
9989	42399.265
9990	-1
9991	-1
9992	42403.773
9993	-1
9994	-1
9995	-1
9996	-1
9997	-1
9998	42407.877
9999	42412.455
10000	42416.966
10001	42421.071
10002	42425.584
10003	42429.686
10004	42434.199
10005	42438.302
10006	42442.814
10007	42446.919
10008	42451.433
10009	42455.536
10010	42460.048
10011	42464.153
10012	42468.663
10013	42472.767
10014	42477.279
