1	5969.599
2	5973.701
3	5977.809
4	5982.315
5	5986.421
6	5990.932
7	5995.037
8	5999.549
9	6003.654
10	6008.165
11	6012.269
12	6016.78
13	6020.885
14	6025.399
15	6029.501
16	6034.014
17	6038.117
18	6042.22
19	6046.732
20	6050.837
21	6055.35
22	6059.454
23	6063.967
24	6068.07
25	6072.581
26	6076.685
27	6081.198
28	6085.301
29	6089.813
30	6093.918
31	6098.43
32	6102.534
33	6106.639
34	6111.15
35	6115.255
36	6119.767
37	6123.869
38	6128.383
39	6132.486
40	6136.999
41	6141.103
42	6145.614
43	6149.718
44	6154.232
45	6158.335
46	6162.847
47	6166.953
48	6171.055
49	6175.567
50	6179.67
51	6184.182
52	6188.289
53	6192.799
54	6196.904
55	6201.42
56	6205.519
57	6210.031
58	6214.134
59	6218.646
60	6222.752
61	6227.795
62	6231.901
63	6236.414
64	6240.515
65	6245.029
66	6249.133
67	6253.645
68	6257.749
69	6262.261
70	6267.834
71	6271.938
72	6276.041
73	6280.557
74	6284.659
75	6289.169
76	6293.273
77	6297.785
78	6301.891
79	6306.403
80	6310.506
81	6315.017
82	6319.123
83	6323.636
84	6327.738
85	6332.25
86	6336.354
87	6340.46
88	6344.971
89	6349.075
90	6353.586
91	6357.695
92	6362.202
93	6366.306
94	6370.821
95	6374.923
96	6379.435
97	6383.516
98	6388.028
99	6392.128
100	6396.639
101	6400.744
102	6404.848
103	6409.361
104	6413.463
105	6417.975
106	6422.079
107	6426.594
108	6430.703
109	6435.215
110	6439.323
111	6443.835
112	6447.939
113	6452.449
114	6456.554
115	6461.067
116	6465.173
117	6469.275
118	6473.79
119	6477.894
120	6482.403
121	6486.51
122	6491.006
123	6495.126
124	6499.626
125	6503.74
126	6508.249
127	6512.356
128	6516.869
129	6520.972
130	6525.487
131	6529.589
132	6533.696
133	6538.207
134	6542.318
135	6546.804
136	6550.923
137	6555.509
138	6559.594
139	6564.035
140	6568.15
141	6572.662
142	6576.767
143	6581.278
144	6585.382
145	6589.895
146	6593.999
147	6598.498
148	6602.601
149	6606.707
150	6611.217
151	6615.335
152	6619.844
153	6623.948
154	6628.45
155	6632.554
156	6637.074
157	6641.169
158	6645.716
159	6649.819
160	6654.33
161	6658.436
162	6662.947
163	6667.051
164	6671.155
165	6675.668
166	6679.771
167	6684.284
168	6688.388
169	6692.9
170	6697.003
171	6701.52
172	6705.62
173	6710.133
174	6714.235
175	6718.747
176	6722.852
177	6727.364
178	6731.468
179	6735.572
180	6740.083
181	6744.187
182	6748.699
183	6752.804
184	6757.316
185	6761.42
186	6765.932
187	6770.036
188	6774.548
189	6778.658
190	6783.164
191	6787.269
192	6791.781
193	6795.884
194	6799.988
195	6804.501
196	6808.604
197	6813.116
198	6817.221
199	6821.737
200	6825.839
201	6830.349
202	6834.452
203	6838.965
204	6843.068
205	6847.581
206	6851.685
207	6856.197
208	6860.302
209	6864.813
210	6868.922
211	6873.021
212	6877.532
213	6881.638
214	6886.149
215	6890.254
216	6894.766
217	6898.869
218	6903.381
219	6907.484
220	6912.001
221	6916.102
222	6920.614
223	6924.719
224	6929.229
225	6933.334
226	6937.438
227	6941.95
228	6946.057
229	6950.565
230	6954.671
231	6959.181
232	6963.286
233	6967.799
234	6971.903
235	6976.415
236	6980.517
237	6985.031
238	6989.141
239	6993.646
240	6997.751
241	7001.854
242	7006.367
243	7010.471
244	7014.982
245	7019.087
246	7023.598
247	7027.704
248	7032.217
249	7036.318
250	7040.831
251	7044.934
252	7049.446
253	7053.552
254	7058.064
255	7062.166
256	7066.272
257	7070.784
258	7074.885
259	7079.398
260	7083.503
261	7088.015
262	7092.12
263	7096.631
264	7100.736
265	7105.248
266	7109.352
267	7113.864
268	7117.968
269	7122.484
270	7126.584
271	7131.096
272	7135.2
273	7139.305
274	7143.816
275	7147.92
276	7152.432
277	7156.54
278	7161.047
279	7165.153
280	7169.667
281	7173.769
282	7178.281
283	7182.385
284	7186.896
285	7191.0
286	7195.512
287	7199.622
288	7203.722
289	7208.233
290	7212.336
291	7216.848
292	7220.952
293	7225.465
294	7229.57
295	7234.081
296	7238.185
297	7242.697
298	7246.8
299	7251.312
300	7255.418
301	7259.929
302	7264.033
303	7268.137
304	7272.649
305	7276.752
306	7281.264
307	7285.369
308	7289.885
309	7293.986
310	7298.497
311	7302.602
312	7307.113
313	7311.218
314	7315.73
315	7319.833
316	7324.346
317	7328.45
318	7332.554
319	7337.065
320	7341.171
321	7345.683
322	7349.785
323	7354.297
324	7358.402
325	7362.913
326	7367.019
327	7371.53
328	7375.635
329	7380.146
330	7384.213
331	7388.724
332	7392.829
333	7397.34
334	7401.446
335	7405.549
336	7410.061
337	7414.164
338	7418.676
339	7422.781
340	-1
341	-1
342	-1
343	7427.295
344	-1
345	-1
346	-1
347	-1
348	-1
349	7431.494
350	-1
351	-1
352	7435.915
353	-1
354	-1
355	7440.015
356	-1
357	-1
358	7444.528
359	-1
360	-1
361	7448.632
362	-1
363	-1
364	7453.142
365	-1
366	-1
367	7457.247
368	-1
369	-1
370	7461.759
371	-1
372	-1
373	-1
374	-1
375	-1
376	7465.864
377	-1
378	-1
379	-1
380	-1
381	-1
382	7469.968
383	-1
384	-1
385	7474.481
386	-1
387	-1
388	-1
389	-1
390	-1
391	7478.586
392	-1
393	-1
394	7483.098
395	-1
396	-1
397	-1
398	-1
399	-1
400	7487.203
401	-1
402	-1
403	-1
404	-1
405	-1
406	7491.712
407	-1
408	-1
409	-1
410	-1
411	-1
412	7495.818
413	-1
414	-1
415	7500.328
416	-1
417	-1
418	7504.432
419	-1
420	-1
421	7508.945
422	-1
423	-1
424	7513.555
425	-1
426	-1
427	7518.069
428	-1
429	-1
430	7522.174
431	-1
432	-1
433	7526.685
434	-1
435	-1
436	7530.79
437	-1
438	-1
439	7534.895
440	-1
441	-1
442	7539.484
443	-1
444	-1
445	7543.603
446	-1
447	-1
448	7548.035
449	-1
450	-1
451	7552.146
452	-1
453	-1
454	7556.659
455	-1
456	-1
457	7560.76
458	-1
459	-1
460	7565.267
461	-1
462	-1
463	7569.37
464	-1
465	-1
466	7573.884
467	-1
468	-1
469	7577.987
470	-1
471	-1
472	7582.501
473	-1
474	-1
475	-1
476	-1
477	-1
478	7586.606
479	-1
480	-1
481	7591.12
482	-1
483	-1
484	-1
485	-1
486	-1
487	7595.223
488	-1
489	-1
490	-1
491	-1
492	-1
493	7599.733
494	-1
495	-1
496	7603.835
497	-1
498	-1
499	-1
500	-1
501	-1
502	7607.928
503	-1
504	-1
505	7612.439
506	-1
507	-1
508	-1
509	-1
510	-1
511	7616.542
512	-1
513	-1
514	-1
515	-1
516	-1
517	7621.07
518	-1
519	-1
520	-1
521	-1
522	-1
523	7625.172
524	-1
525	-1
526	7629.681
527	-1
528	-1
529	7633.794
530	-1
531	-1
532	-1
533	-1
534	-1
535	7638.311
536	-1
537	-1
538	-1
539	-1
540	-1
541	7642.407
542	-1
543	-1
544	-1
545	-1
546	-1
547	7646.916
548	-1
549	-1
550	7651.02
551	-1
552	-1
553	7655.529
554	-1
555	-1
556	-1
557	-1
558	-1
559	7659.66
560	-1
561	-1
562	-1
563	-1
564	-1
565	7664.173
566	-1
567	-1
568	-1
569	-1
570	-1
571	7668.278
572	-1
573	-1
574	7672.382
575	-1
576	-1
577	-1
578	-1
579	-1
580	7676.896
581	-1
582	-1
583	7680.999
584	-1
585	-1
586	-1
587	-1
588	-1
589	7685.511
590	-1
591	-1
592	-1
593	-1
594	-1
595	7689.613
596	-1
597	-1
598	7694.126
599	-1
600	-1
601	-1
602	-1
603	-1
604	7698.231
605	-1
606	-1
607	7702.743
608	-1
609	-1
610	-1
611	-1
612	-1
613	7706.851
614	-1
615	-1
616	-1
617	-1
618	-1
619	7711.36
620	-1
621	-1
622	-1
623	-1
624	-1
625	7715.463
626	-1
627	-1
628	7719.976
629	-1
630	-1
631	7724.081
632	-1
633	-1
634	-1
635	-1
636	-1
637	7728.592
638	-1
639	-1
640	-1
641	-1
642	-1
643	7732.695
644	-1
645	-1
646	-1
647	-1
648	-1
649	7736.798
650	-1
651	-1
652	7741.312
653	-1
654	-1
655	-1
656	-1
657	-1
658	7745.415
659	-1
660	-1
661	7749.931
662	-1
663	-1
664	-1
665	-1
666	-1
667	7754.033
668	-1
669	-1
670	-1
671	-1
672	-1
673	7758.543
674	-1
675	-1
676	-1
677	-1
678	-1
679	7762.646
680	-1
681	-1
682	7767.153
683	-1
684	-1
685	7771.263
686	-1
687	-1
688	-1
689	-1
690	-1
691	7775.776
692	-1
693	-1
694	-1
695	-1
696	-1
697	7779.88
698	-1
699	-1
700	-1
701	-1
702	-1
703	7784.393
704	-1
705	-1
706	7788.496
707	-1
708	-1
709	7793.011
710	-1
711	-1
712	-1
713	-1
714	-1
715	7797.112
716	-1
717	-1
718	-1
719	-1
720	-1
721	7801.217
722	-1
723	-1
724	-1
725	-1
726	-1
727	7805.728
728	-1
729	-1
730	7809.832
731	-1
732	-1
733	-1
734	-1
735	-1
736	7814.345
737	-1
738	-1
739	7818.448
740	-1
741	-1
742	-1
743	-1
744	-1
745	7822.96
746	-1
747	-1
748	-1
749	-1
750	-1
751	7827.068
752	-1
753	-1
754	7831.576
755	-1
756	-1
757	-1
758	-1
759	-1
760	7835.681
761	-1
762	-1
763	7840.192
764	-1
765	-1
766	-1
767	-1
768	-1
769	7844.297
770	-1
771	-1
772	-1
773	-1
774	-1
775	7848.809
776	-1
777	-1
778	-1
779	-1
780	-1
781	7852.914
782	-1
783	-1
784	7857.424
785	-1
786	-1
787	-1
788	-1
789	-1
790	7861.527
791	-1
792	-1
793	7866.04
794	-1
795	-1
796	-1
797	-1
798	-1
799	7870.145
800	-1
801	-1
802	-1
803	-1
804	-1
805	7874.252
806	-1
807	-1
808	7878.76
809	-1
810	-1
811	-1
812	-1
813	-1
814	7882.865
815	-1
816	-1
817	-1
818	-1
819	-1
820	7887.378
821	-1
822	-1
823	7891.481
824	-1
825	-1
826	-1
827	-1
828	-1
829	7895.995
830	-1
831	-1
832	-1
833	-1
834	-1
835	7900.096
836	-1
837	-1
838	7904.608
839	-1
840	-1
841	7908.713
842	-1
843	-1
844	7913.224
845	-1
846	-1
847	7917.329
848	-1
849	-1
850	7921.841
851	-1
852	-1
853	7925.946
854	-1
855	-1
856	7930.458
857	-1
858	-1
859	7934.561
860	-1
861	-1
862	7938.665
863	-1
864	-1
865	7943.171
866	-1
867	-1
868	7947.281
869	-1
870	-1
871	7951.794
872	-1
873	-1
874	7955.898
875	-1
876	-1
877	7960.41
878	-1
879	-1
880	-1
881	-1
882	-1
883	7964.513
884	-1
885	-1
886	-1
887	-1
888	-1
889	7969.026
890	-1
891	-1
892	7973.131
893	-1
894	-1
895	7977.642
896	-1
897	-1
898	-1
899	-1
900	-1
901	7981.745
902	-1
903	-1
904	-1
905	-1
906	-1
907	7986.258
908	-1
909	-1
910	-1
911	-1
912	-1
913	7990.362
914	-1
915	-1
916	7994.874
917	-1
918	-1
919	-1
920	-1
921	-1
922	7998.977
923	-1
924	-1
925	8003.081
926	-1
927	-1
928	-1
929	-1
930	-1
931	8007.594
932	-1
933	-1
934	-1
935	-1
936	-1
937	8011.699
938	-1
939	-1
940	-1
941	-1
942	-1
943	8016.209
944	-1
945	-1
946	8020.315
947	-1
948	-1
949	-1
950	-1
951	-1
952	8024.826
953	-1
954	-1
955	8028.929
956	-1
957	-1
958	-1
959	-1
960	-1
961	8033.441
962	-1
963	-1
964	-1
965	-1
966	-1
967	8037.546
968	-1
969	-1
970	8042.058
971	-1
972	-1
973	-1
974	-1
975	-1
976	8046.162
977	-1
978	-1
979	8050.675
980	-1
981	-1
982	-1
983	-1
984	-1
985	8054.779
986	-1
987	-1
988	-1
989	-1
990	-1
991	8059.291
992	-1
993	-1
994	8063.394
995	-1
996	-1
997	-1
998	-1
999	-1
1000	8067.498
1001	-1
1002	-1
1003	8072.01
1004	-1
1005	-1
1006	-1
1007	-1
1008	-1
1009	8076.115
1010	-1
1011	-1
1012	-1
1013	-1
1014	-1
1015	8080.627
1016	-1
1017	-1
1018	-1
1019	-1
1020	-1
1021	8084.73
1022	-1
1023	-1
1024	8089.244
1025	-1
1026	-1
1027	8093.348
1028	-1
1029	-1
1030	-1
1031	-1
1032	-1
1033	8097.86
1034	-1
1035	-1
1036	-1
1037	-1
1038	-1
1039	8101.963
1040	-1
1041	-1
1042	-1
1043	-1
1044	-1
1045	8106.474
1046	-1
1047	-1
1048	8110.578
1049	-1
1050	-1
1051	-1
1052	-1
1053	-1
1054	8115.092
1055	-1
1056	-1
1057	8119.189
1058	-1
1059	-1
1060	-1
1061	-1
1062	-1
1063	8123.706
1064	-1
1065	-1
1066	-1
1067	-1
1068	-1
1069	8127.811
1070	-1
1071	-1
1072	8132.324
1073	-1
1074	-1
1075	-1
1076	-1
1077	-1
1078	8136.426
1079	-1
1080	-1
1081	8140.531
1082	-1
1083	-1
1084	8145.044
1085	-1
1086	-1
1087	8149.148
1088	-1
1089	-1
1090	8153.661
1091	-1
1092	-1
1093	8157.765
1094	-1
1095	-1
1096	8162.276
1097	-1
1098	-1
1099	8166.378
1100	-1
1101	-1
1102	8170.894
1103	-1
1104	-1
1105	8174.996
1106	-1
1107	-1
1108	-1
1109	-1
1110	-1
1111	8179.508
1112	-1
1113	-1
1114	-1
1115	-1
1116	-1
1117	8183.611
1118	-1
1119	-1
1120	8188.124
1121	-1
1122	-1
1123	-1
1124	-1
1125	-1
1126	8192.228
1127	-1
1128	-1
1129	8196.741
1130	-1
1131	-1
1132	-1
1133	-1
1134	-1
1135	8200.844
1136	-1
1137	-1
1138	-1
1139	-1
1140	-1
1141	8204.948
1142	-1
1143	-1
1144	-1
1145	-1
1146	-1
1147	8209.461
1148	-1
1149	-1
1150	8213.565
1151	-1
1152	-1
1153	-1
1154	-1
1155	-1
1156	8218.075
1157	-1
1158	-1
1159	8222.181
1160	-1
1161	-1
1162	-1
1163	-1
1164	-1
1165	8226.694
1166	-1
1167	-1
1168	-1
1169	-1
1170	-1
1171	8230.795
1172	-1
1173	-1
1174	8235.307
1175	-1
1176	-1
1177	-1
1178	-1
1179	-1
1180	8239.414
1181	-1
1182	-1
1183	8243.924
1184	-1
1185	-1
1186	-1
1187	-1
1188	-1
1189	8248.028
1190	-1
1191	-1
1192	-1
1193	-1
1194	-1
1195	8252.541
1196	-1
1197	-1
1198	-1
1199	-1
1200	-1
1201	8256.645
1202	-1
1203	-1
1204	8261.157
1205	-1
1206	-1
1207	8265.262
1208	-1
1209	-1
1210	-1
1211	-1
1212	-1
1213	8269.365
1214	-1
1215	-1
1216	-1
1217	-1
1218	-1
1219	8273.877
1220	-1
1221	-1
1222	-1
1223	-1
1224	-1
1225	8277.98
1226	-1
1227	-1
1228	8282.493
1229	-1
1230	-1
1231	-1
1232	-1
1233	-1
1234	8286.597
1235	-1
1236	-1
1237	8291.109
1238	-1
1239	-1
1240	-1
1241	-1
1242	-1
1243	8295.208
1244	-1
1245	-1
1246	-1
1247	-1
1248	-1
1249	8299.726
1250	-1
1251	-1
1252	8303.829
1253	-1
1254	-1
1255	-1
1256	-1
1257	-1
1258	8308.341
1259	-1
1260	-1
1261	8312.445
1262	-1
1263	-1
1264	8316.957
1265	-1
1266	-1
1267	8321.061
1268	-1
1269	-1
1270	8325.573
1271	-1
1272	-1
1273	8329.677
1274	-1
1275	-1
1276	8333.781
1277	-1
1278	-1
1279	8338.297
1280	-1
1281	-1
1282	8342.398
1283	-1
1284	-1
1285	8346.909
1286	-1
1287	-1
1288	8351.014
1289	-1
1290	-1
1291	8355.526
1292	-1
1293	-1
1294	8359.63
1295	-1
1296	-1
1297	8364.144
1298	-1
1299	-1
1300	8368.246
1301	-1
1302	-1
1303	-1
1304	-1
1305	-1
1306	8372.757
1307	-1
1308	-1
1309	8376.863
1310	-1
1311	-1
1312	-1
1313	-1
1314	-1
1315	8381.376
1316	-1
1317	-1
1318	8385.456
1319	-1
1320	-1
1321	-1
1322	-1
1323	-1
1324	8389.972
1325	-1
1326	-1
1327	-1
1328	-1
1329	-1
1330	8394.076
1331	-1
1332	-1
1333	8398.577
1334	-1
1335	-1
1336	-1
1337	-1
1338	-1
1339	8402.68
1340	-1
1341	-1
1342	8406.785
1343	-1
1344	-1
1345	-1
1346	-1
1347	-1
1348	8411.297
1349	-1
1350	-1
1351	-1
1352	-1
1353	-1
1354	8415.401
1355	-1
1356	-1
1357	8419.913
1358	-1
1359	-1
1360	-1
1361	-1
1362	-1
1363	8424.017
1364	-1
1365	-1
1366	8428.533
1367	-1
1368	-1
1369	-1
1370	-1
1371	-1
1372	8432.638
1373	-1
1374	-1
1375	-1
1376	-1
1377	-1
1378	8437.147
1379	-1
1380	-1
1381	8441.258
1382	-1
1383	-1
1384	-1
1385	-1
1386	-1
1387	8445.771
1388	-1
1389	-1
1390	8449.872
1391	-1
1392	-1
1393	-1
1394	-1
1395	-1
1396	8454.386
1397	-1
1398	-1
1399	-1
1400	-1
1401	-1
1402	8458.491
1403	-1
1404	-1
1405	8463.002
1406	-1
1407	-1
1408	-1
1409	-1
1410	-1
1411	8467.109
1412	-1
1413	-1
1414	8471.211
1415	-1
1416	-1
1417	-1
1418	-1
1419	-1
1420	8475.725
1421	-1
1422	-1
1423	-1
1424	-1
1425	-1
1426	8479.829
1427	-1
1428	-1
1429	-1
1430	-1
1431	-1
1432	8484.342
1433	-1
1434	-1
1435	8488.446
1436	-1
1437	-1
1438	8492.95
1439	-1
1440	-1
1441	-1
1442	-1
1443	-1
1444	8497.046
1445	-1
1446	-1
1447	8501.575
1448	-1
1449	-1
1450	-1
1451	-1
1452	-1
1453	8505.675
1454	-1
1455	-1
1456	-1
1457	-1
1458	-1
1459	8510.187
1460	-1
1461	-1
1462	8514.291
1463	-1
1464	-1
1465	-1
1466	-1
1467	-1
1468	8518.803
1469	-1
1470	-1
1471	8522.909
1472	-1
1473	-1
1474	-1
1475	-1
1476	-1
1477	8527.428
1478	-1
1479	-1
1480	-1
1481	-1
1482	-1
1483	8531.512
1484	-1
1485	-1
1486	8535.63
1487	-1
1488	-1
1489	8540.141
1490	-1
1491	-1
1492	8544.242
1493	-1
1494	-1
1495	8548.762
1496	-1
1497	-1
1498	8552.866
1499	-1
1500	-1
1501	8557.376
1502	-1
1503	-1
1504	8561.458
1505	-1
1506	-1
1507	-1
1508	-1
1509	-1
1510	8565.988
1511	-1
1512	-1
1513	-1
1514	-1
1515	-1
1516	8570.084
1517	-1
1518	-1
1519	8574.596
1520	-1
1521	-1
1522	-1
1523	-1
1524	-1
1525	8578.7
1526	-1
1527	-1
1528	8583.214
1529	-1
1530	-1
1531	-1
1532	-1
1533	-1
1534	8587.319
1535	-1
1536	-1
1537	-1
1538	-1
1539	-1
1540	8591.831
1541	-1
1542	-1
1543	-1
1544	-1
1545	-1
1546	8595.936
1547	-1
1548	-1
1549	8600.038
1550	-1
1551	-1
1552	8604.552
1553	-1
1554	-1
1555	-1
1556	-1
1557	-1
1558	8608.657
1559	-1
1560	-1
1561	-1
1562	-1
1563	-1
1564	8613.154
1565	-1
1566	-1
1567	8617.269
1568	-1
1569	-1
1570	-1
1571	-1
1572	-1
1573	8621.781
1574	-1
1575	-1
1576	8625.884
1577	-1
1578	-1
1579	-1
1580	-1
1581	-1
1582	8630.401
1583	-1
1584	-1
1585	-1
1586	-1
1587	-1
1588	8634.502
1589	-1
1590	-1
1591	8639.015
1592	-1
1593	-1
1594	-1
1595	-1
1596	-1
1597	8643.106
1598	-1
1599	-1
1600	-1
1601	-1
1602	-1
1603	8647.618
1604	-1
1605	-1
1606	8651.729
1607	-1
1608	-1
1609	-1
1610	-1
1611	-1
1612	8656.256
1613	-1
1614	-1
1615	-1
1616	-1
1617	-1
1618	8660.372
1619	-1
1620	-1
1621	8664.885
1622	-1
1623	-1
1624	8668.992
1625	-1
1626	-1
1627	-1
1628	-1
1629	-1
1630	8673.093
1631	-1
1632	-1
1633	8677.604
1634	-1
1635	-1
1636	8681.708
1637	-1
1638	-1
1639	8686.221
1640	-1
1641	-1
1642	-1
1643	-1
1644	-1
1645	8690.326
1646	-1
1647	-1
1648	-1
1649	-1
1650	-1
1651	8694.838
1652	-1
1653	-1
1654	-1
1655	-1
1656	-1
1657	8698.942
1658	-1
1659	-1
1660	8703.454
1661	-1
1662	-1
1663	8707.558
1664	-1
1665	-1
1666	-1
1667	-1
1668	-1
1669	8712.069
1670	-1
1671	-1
1672	-1
1673	-1
1674	-1
1675	8716.177
1676	-1
1677	-1
1678	8720.685
1679	-1
1680	-1
1681	8724.79
1682	-1
1683	-1
1684	8729.302
1685	-1
1686	-1
1687	8733.406
1688	-1
1689	-1
1690	8737.508
1691	-1
1692	-1
1693	8742.021
1694	-1
1695	-1
1696	8746.125
1697	-1
1698	-1
1699	8750.638
1700	-1
1701	-1
1702	8754.742
1703	-1
1704	-1
1705	8759.248
1706	-1
1707	-1
1708	8763.359
1709	-1
1710	-1
1711	8767.87
1712	-1
1713	-1
1714	-1
1715	-1
1716	-1
1717	8771.974
1718	-1
1719	-1
1720	-1
1721	-1
1722	-1
1723	8776.486
1724	-1
1725	-1
1726	-1
1727	-1
1728	-1
1729	8780.59
1730	-1
1731	-1
1732	8785.103
1733	-1
1734	-1
1735	8789.206
1736	-1
1737	-1
1738	-1
1739	-1
1740	-1
1741	8793.719
1742	-1
1743	-1
1744	-1
1745	-1
1746	-1
1747	8797.823
1748	-1
1749	-1
1750	8801.926
1751	-1
1752	-1
1753	-1
1754	-1
1755	-1
1756	8806.438
1757	-1
1758	-1
1759	8810.542
1760	-1
1761	-1
1762	-1
1763	-1
1764	-1
1765	8815.055
1766	-1
1767	-1
1768	-1
1769	-1
1770	-1
1771	8819.158
1772	-1
1773	-1
1774	-1
1775	-1
1776	-1
1777	8823.669
1778	-1
1779	-1
1780	8827.774
1781	-1
1782	-1
1783	8832.287
1784	-1
1785	-1
1786	-1
1787	-1
1788	-1
1789	8836.394
1790	-1
1791	-1
1792	-1
1793	-1
1794	-1
1795	8840.902
1796	-1
1797	-1
1798	8845.008
1799	-1
1800	-1
1801	8849.519
1802	-1
1803	-1
1804	8853.622
1805	-1
1806	-1
1807	8858.135
1808	-1
1809	-1
1810	-1
1811	-1
1812	-1
1813	8862.24
1814	-1
1815	-1
1816	8866.343
1817	-1
1818	-1
1819	8870.854
1820	-1
1821	-1
1822	-1
1823	-1
1824	-1
1825	8874.959
1826	-1
1827	-1
1828	-1
1829	-1
1830	-1
1831	8879.476
1832	-1
1833	-1
1834	8883.575
1835	-1
1836	-1
1837	-1
1838	-1
1839	-1
1840	8888.087
1841	-1
1842	-1
1843	8892.191
1844	-1
1845	-1
1846	-1
1847	-1
1848	-1
1849	8896.704
1850	-1
1851	-1
1852	-1
1853	-1
1854	-1
1855	8900.807
1856	-1
1857	-1
1858	8905.318
1859	-1
1860	-1
1861	8909.423
1862	-1
1863	-1
1864	-1
1865	-1
1866	-1
1867	8913.936
1868	-1
1869	-1
1870	-1
1871	-1
1872	-1
1873	8918.038
1874	-1
1875	-1
1876	8922.552
1877	-1
1878	-1
1879	-1
1880	-1
1881	-1
1882	8926.657
1883	-1
1884	-1
1885	8931.168
1886	-1
1887	-1
1888	-1
1889	-1
1890	-1
1891	8935.264
1892	-1
1893	-1
1894	8939.375
1895	-1
1896	-1
1897	8943.887
1898	-1
1899	-1
1900	8947.993
1901	-1
1902	-1
1903	8952.504
1904	-1
1905	-1
1906	8956.608
1907	-1
1908	-1
1909	8961.121
1910	-1
1911	-1
1912	8965.223
1913	-1
1914	-1
1915	8969.739
1916	-1
1917	-1
1918	8973.839
1919	-1
1920	-1
1921	8978.351
1922	-1
1923	-1
1924	8982.456
1925	-1
1926	-1
1927	8986.968
1928	-1
1929	-1
1930	-1
1931	-1
1932	-1
1933	8991.072
1934	-1
1935	-1
1936	8995.584
1937	-1
1938	-1
1939	-1
1940	-1
1941	-1
1942	8999.687
1943	-1
1944	-1
1945	-1
1946	-1
1947	-1
1948	9003.797
1949	-1
1950	-1
1951	9008.304
1952	-1
1953	-1
1954	-1
1955	-1
1956	-1
1957	9012.408
1958	-1
1959	-1
1960	9016.92
1961	-1
1962	-1
1963	-1
1964	-1
1965	-1
1966	9021.024
1967	-1
1968	-1
1969	-1
1970	-1
1971	-1
1972	9025.536
1973	-1
1974	-1
1975	9029.641
1976	-1
1977	-1
1978	9034.152
1979	-1
1980	-1
1981	-1
1982	-1
1983	-1
1984	9038.257
1985	-1
1986	-1
1987	-1
1988	-1
1989	-1
1990	9042.768
1991	-1
1992	-1
1993	-1
1994	-1
1995	-1
1996	9046.877
1997	-1
1998	-1
1999	9051.385
2000	-1
2001	-1
2002	-1
2003	-1
2004	-1
2005	9055.488
2006	-1
2007	-1
2008	9060.005
2009	-1
2010	-1
2011	-1
2012	-1
2013	-1
2014	9064.105
2015	-1
2016	-1
2017	-1
2018	-1
2019	-1
2020	9068.209
2021	-1
2022	-1
2023	9072.722
2024	-1
2025	-1
2026	9076.825
2027	-1
2028	-1
2029	-1
2030	-1
2031	-1
2032	9081.337
2033	-1
2034	-1
2035	-1
2036	-1
2037	-1
2038	9085.44
2039	-1
2040	-1
2041	-1
2042	-1
2043	-1
2044	9089.953
2045	-1
2046	-1
2047	9094.058
2048	-1
2049	-1
2050	9098.57
2051	-1
2052	-1
2053	-1
2054	-1
2055	-1
2056	9102.673
2057	-1
2058	-1
2059	9107.186
2060	-1
2061	-1
2062	9111.282
2063	-1
2064	-1
2065	9115.802
2066	-1
2067	-1
2068	9119.906
2069	-1
2070	-1
2071	9124.418
2072	-1
2073	-1
2074	9128.521
2075	-1
2076	-1
2077	9132.626
2078	-1
2079	-1
2080	9137.141
2081	-1
2082	-1
2083	9141.241
2084	-1
2085	-1
2086	9145.753
2087	-1
2088	-1
2089	9149.858
2090	-1
2091	-1
2092	-1
2093	-1
2094	-1
2095	9154.371
2096	-1
2097	-1
2098	9158.474
2099	-1
2100	-1
2101	-1
2102	-1
2103	-1
2104	9162.987
2105	-1
2106	-1
2107	-1
2108	-1
2109	-1
2110	9167.089
2111	-1
2112	-1
2113	9171.601
2114	-1
2115	-1
2116	-1
2117	-1
2118	-1
2119	9175.706
2120	-1
2121	-1
2122	9180.22
2123	-1
2124	-1
2125	-1
2126	-1
2127	-1
2128	9184.322
2129	-1
2130	-1
2131	-1
2132	-1
2133	-1
2134	9188.834
2135	-1
2136	-1
2137	9192.938
2138	-1
2139	-1
2140	9197.451
2141	-1
2142	-1
2143	-1
2144	-1
2145	-1
2146	9201.552
2147	-1
2148	-1
2149	-1
2150	-1
2151	-1
2152	9205.658
2153	-1
2154	-1
2155	-1
2156	-1
2157	-1
2158	9210.17
2159	-1
2160	-1
2161	9214.278
2162	-1
2163	-1
2164	-1
2165	-1
2166	-1
2167	9218.786
2168	-1
2169	-1
2170	9222.891
2171	-1
2172	-1
2173	-1
2174	-1
2175	-1
2176	9227.403
2177	-1
2178	-1
2179	-1
2180	-1
2181	-1
2182	9231.507
2183	-1
2184	-1
2185	9236.018
2186	-1
2187	-1
2188	-1
2189	-1
2190	-1
2191	9240.123
2192	-1
2193	-1
2194	9244.634
2195	-1
2196	-1
2197	-1
2198	-1
2199	-1
2200	9248.739
2201	-1
2202	-1
2203	-1
2204	-1
2205	-1
2206	9253.252
2207	-1
2208	-1
2209	9257.355
2210	-1
2211	-1
2212	-1
2213	-1
2214	-1
2215	9261.865
2216	-1
2217	-1
2218	9265.972
2219	-1
2220	-1
2221	-1
2222	-1
2223	-1
2224	9270.074
2225	-1
2226	-1
2227	-1
2228	-1
2229	-1
2230	9274.587
2231	-1
2232	-1
2233	9278.691
2234	-1
2235	-1
2236	-1
2237	-1
2238	-1
2239	9283.203
2240	-1
2241	-1
2242	9287.307
2243	-1
2244	-1
2245	-1
2246	-1
2247	-1
2248	9291.819
2249	-1
2250	-1
2251	-1
2252	-1
2253	-1
2254	9295.924
2255	-1
2256	-1
2257	-1
2258	-1
2259	-1
2260	9300.435
2261	-1
2262	-1
2263	9304.538
2264	-1
2265	-1
2266	9309.05
2267	-1
2268	-1
2269	-1
2270	-1
2271	-1
2272	9313.155
2273	-1
2274	-1
2275	-1
2276	-1
2277	-1
2278	9317.666
2279	-1
2280	-1
2281	-1
2282	-1
2283	-1
2284	9321.772
2285	-1
2286	-1
2287	9326.284
2288	-1
2289	-1
2290	-1
2291	-1
2292	-1
2293	9330.388
2294	-1
2295	-1
2296	9334.49
2297	-1
2298	-1
2299	-1
2300	-1
2301	-1
2302	9339.003
2303	-1
2304	-1
2305	-1
2306	-1
2307	-1
2308	9343.107
2309	-1
2310	-1
2311	-1
2312	-1
2313	-1
2314	9347.627
2315	-1
2316	-1
2317	9351.724
2318	-1
2319	-1
2320	-1
2321	-1
2322	-1
2323	9356.237
2324	-1
2325	-1
2326	9360.339
2327	-1
2328	-1
2329	-1
2330	-1
2331	-1
2332	9364.851
2333	-1
2334	-1
2335	-1
2336	-1
2337	-1
2338	9368.955
2339	-1
2340	-1
2341	9373.468
2342	-1
2343	-1
2344	9377.572
2345	-1
2346	-1
2347	-1
2348	-1
2349	-1
2350	9382.084
2351	-1
2352	-1
2353	-1
2354	-1
2355	-1
2356	9386.188
2357	-1
2358	-1
2359	-1
2360	-1
2361	-1
2362	9390.676
2363	-1
2364	-1
2365	9394.778
2366	-1
2367	-1
2368	9398.881
2369	-1
2370	-1
2371	-1
2372	-1
2373	-1
2374	9403.393
2375	-1
2376	-1
2377	-1
2378	-1
2379	-1
2380	9407.493
2381	-1
2382	-1
2383	-1
2384	-1
2385	-1
2386	9412.01
2387	-1
2388	-1
2389	9416.114
2390	-1
2391	-1
2392	-1
2393	-1
2394	-1
2395	9420.626
2396	-1
2397	-1
2398	9424.732
2399	-1
2400	-1
2401	-1
2402	-1
2403	-1
2404	9429.245
2405	-1
2406	-1
2407	-1
2408	-1
2409	-1
2410	9433.364
2411	-1
2412	-1
2413	9437.856
2414	-1
2415	-1
2416	-1
2417	-1
2418	-1
2419	9441.957
2420	-1
2421	-1
2422	9446.469
2423	-1
2424	-1
2425	-1
2426	-1
2427	-1
2428	9450.573
2429	-1
2430	-1
2431	-1
2432	-1
2433	-1
2434	9455.087
2435	-1
2436	-1
2437	9459.188
2438	-1
2439	-1
2440	-1
2441	-1
2442	-1
2443	9463.701
2444	-1
2445	-1
2446	9467.805
2447	-1
2448	-1
2449	-1
2450	-1
2451	-1
2452	9471.908
2453	-1
2454	-1
2455	-1
2456	-1
2457	-1
2458	9476.421
2459	-1
2460	-1
2461	9480.527
2462	-1
2463	-1
2464	-1
2465	-1
2466	-1
2467	9485.037
2468	-1
2469	-1
2470	9489.164
2471	-1
2472	-1
2473	-1
2474	-1
2475	-1
2476	9493.669
2477	-1
2478	-1
2479	-1
2480	-1
2481	-1
2482	9497.773
2483	-1
2484	-1
2485	-1
2486	-1
2487	-1
2488	9502.286
2489	-1
2490	-1
2491	9506.388
2492	-1
2493	-1
2494	9510.902
2495	-1
2496	-1
2497	-1
2498	-1
2499	-1
2500	9515.006
2501	-1
2502	-1
2503	-1
2504	-1
2505	-1
2506	9519.518
2507	-1
2508	-1
2509	-1
2510	-1
2511	-1
2512	9523.622
2513	-1
2514	-1
2515	9528.134
2516	-1
2517	-1
2518	-1
2519	-1
2520	-1
2521	9532.239
2522	-1
2523	-1
2524	9536.342
2525	-1
2526	-1
2527	-1
2528	-1
2529	-1
2530	9540.862
2531	-1
2532	-1
2533	-1
2534	-1
2535	-1
2536	9544.963
2537	-1
2538	-1
2539	9549.481
2540	-1
2541	-1
2542	-1
2543	-1
2544	-1
2545	9553.559
2546	-1
2547	-1
2548	9558.086
2549	-1
2550	-1
2551	-1
2552	-1
2553	-1
2554	9562.196
2555	-1
2556	-1
2557	-1
2558	-1
2559	-1
2560	9566.697
2561	-1
2562	-1
2563	9570.799
2564	-1
2565	-1
2566	9575.313
2567	-1
2568	-1
2569	-1
2570	-1
2571	-1
2572	9579.416
2573	-1
2574	-1
2575	-1
2576	-1
2577	-1
2578	9583.928
2579	-1
2580	-1
2581	-1
2582	-1
2583	-1
2584	9588.033
2585	-1
2586	-1
2587	9592.546
2588	-1
2589	-1
2590	-1
2591	-1
2592	-1
2593	9596.649
2594	-1
2595	-1
2596	9600.755
2597	-1
2598	-1
2599	-1
2600	-1
2601	-1
2602	9605.263
2603	-1
2604	-1
2605	-1
2606	-1
2607	-1
2608	9609.384
2609	-1
2610	-1
2611	9613.88
2612	-1
2613	-1
2614	-1
2615	-1
2616	-1
2617	9617.984
2618	-1
2619	-1
2620	9622.493
2621	-1
2622	-1
2623	-1
2624	-1
2625	-1
2626	9626.6
2627	-1
2628	-1
2629	-1
2630	-1
2631	-1
2632	9631.11
2633	-1
2634	-1
2635	9635.216
2636	-1
2637	-1
2638	9639.717
2639	-1
2640	-1
2641	-1
2642	-1
2643	-1
2644	9643.829
2645	-1
2646	-1
2647	-1
2648	-1
2649	-1
2650	9648.345
2651	-1
2652	-1
2653	-1
2654	-1
2655	-1
2656	9652.449
2657	-1
2658	-1
2659	9656.985
2660	-1
2661	-1
2662	-1
2663	-1
2664	-1
2665	9661.091
2666	-1
2667	-1
2668	9665.194
2669	-1
2670	-1
2671	-1
2672	-1
2673	-1
2674	9669.707
2675	-1
2676	-1
2677	-1
2678	-1
2679	-1
2680	9673.809
2681	-1
2682	-1
2683	9678.328
2684	-1
2685	-1
2686	-1
2687	-1
2688	-1
2689	9682.429
2690	-1
2691	-1
2692	9686.938
2693	-1
2694	-1
2695	-1
2696	-1
2697	-1
2698	9691.043
2699	-1
2700	-1
2701	-1
2702	-1
2703	-1
2704	9695.555
2705	-1
2706	-1
2707	9699.659
2708	-1
2709	-1
2710	-1
2711	-1
2712	-1
2713	9704.172
2714	-1
2715	-1
2716	9708.274
2717	-1
2718	-1
2719	-1
2720	-1
2721	-1
2722	9712.786
2723	-1
2724	-1
2725	-1
2726	-1
2727	-1
2728	9716.891
2729	-1
2730	-1
2731	-1
2732	-1
2733	-1
2734	9721.404
2735	-1
2736	-1
2737	9725.507
2738	-1
2739	-1
2740	9730.02
2741	-1
2742	-1
2743	-1
2744	-1
2745	-1
2746	9734.124
2747	-1
2748	-1
2749	-1
2750	-1
2751	-1
2752	9738.227
2753	-1
2754	-1
2755	-1
2756	-1
2757	-1
2758	9742.738
2759	-1
2760	-1
2761	9746.844
2762	-1
2763	-1
2764	-1
2765	-1
2766	-1
2767	9751.356
2768	-1
2769	-1
2770	9755.46
2771	-1
2772	-1
2773	-1
2774	-1
2775	-1
2776	9759.972
2777	-1
2778	-1
2779	-1
2780	-1
2781	-1
2782	9764.075
2783	-1
2784	-1
2785	9768.588
2786	-1
2787	-1
2788	-1
2789	-1
2790	-1
2791	9772.693
2792	-1
2793	-1
2794	9777.205
2795	-1
2796	-1
2797	-1
2798	-1
2799	-1
2800	9781.307
2801	-1
2802	-1
2803	-1
2804	-1
2805	-1
2806	9785.82
2807	-1
2808	-1
2809	9789.924
2810	-1
2811	-1
2812	-1
2813	-1
2814	-1
2815	9794.435
2816	-1
2817	-1
2818	9798.54
2819	-1
2820	-1
2821	-1
2822	-1
2823	-1
2824	9802.649
2825	-1
2826	-1
2827	-1
2828	-1
2829	-1
2830	9807.157
2831	-1
2832	-1
2833	9811.26
2834	-1
2835	-1
2836	-1
2837	-1
2838	-1
2839	9815.771
2840	-1
2841	-1
2842	9819.875
2843	-1
2844	-1
2845	-1
2846	-1
2847	-1
2848	9824.388
2849	-1
2850	-1
2851	-1
2852	-1
2853	-1
2854	9828.493
2855	-1
2856	-1
2857	9833.005
2858	-1
2859	-1
2860	-1
2861	-1
2862	-1
2863	9837.109
2864	-1
2865	-1
2866	9841.621
2867	-1
2868	-1
2869	-1
2870	-1
2871	-1
2872	9845.725
2873	-1
2874	-1
2875	-1
2876	-1
2877	-1
2878	9850.237
2879	-1
2880	-1
2881	-1
2882	-1
2883	-1
2884	9854.34
2885	-1
2886	-1
2887	9858.852
2888	-1
2889	-1
2890	9862.956
2891	-1
2892	-1
2893	9867.061
2894	-1
2895	-1
2896	9871.574
2897	-1
2898	-1
2899	-1
2900	-1
2901	-1
2902	9875.678
2903	-1
2904	-1
2905	-1
2906	-1
2907	-1
2908	9880.187
2909	-1
2910	-1
2911	-1
2912	-1
2913	-1
2914	9884.293
2915	-1
2916	-1
2917	9888.804
2918	-1
2919	-1
2920	9892.909
2921	-1
2922	-1
2923	-1
2924	-1
2925	-1
2926	9897.421
2927	-1
2928	-1
2929	-1
2930	-1
2931	-1
2932	9901.525
2933	-1
2934	-1
2935	9906.038
2936	-1
2937	-1
2938	-1
2939	-1
2940	-1
2941	9910.141
2942	-1
2943	-1
2944	9914.653
2945	-1
2946	-1
2947	-1
2948	-1
2949	-1
2950	9918.759
2951	-1
2952	-1
2953	-1
2954	-1
2955	-1
2956	9923.27
2957	-1
2958	-1
2959	-1
2960	-1
2961	-1
2962	9927.374
2963	-1
2964	-1
2965	9931.477
2966	-1
2967	-1
2968	-1
2969	-1
2970	-1
2971	9935.992
2972	-1
2973	-1
2974	9940.092
2975	-1
2976	-1
2977	9944.607
2978	-1
2979	-1
2980	-1
2981	-1
2982	-1
2983	9948.71
2984	-1
2985	-1
2986	-1
2987	-1
2988	-1
2989	9953.222
2990	-1
2991	-1
2992	9957.325
2993	-1
2994	-1
2995	-1
2996	-1
2997	-1
2998	9961.837
2999	-1
3000	-1
3001	9965.941
3002	-1
3003	-1
3004	-1
3005	-1
3006	-1
3007	9970.453
3008	-1
3009	-1
3010	9974.558
3011	-1
3012	-1
3013	9979.073
3014	-1
3015	-1
3016	9983.175
3017	-1
3018	-1
3019	9987.686
3020	-1
3021	-1
3022	9991.79
3023	-1
3024	-1
3025	9996.302
3026	-1
3027	-1
3028	10000.406
3029	-1
3030	-1
3031	10004.512
3032	-1
3033	-1
3034	10009.022
3035	-1
3036	-1
3037	10013.13
3038	-1
3039	-1
3040	10017.637
3041	-1
3042	-1
3043	10021.741
3044	-1
3045	-1
3046	10026.254
3047	-1
3048	-1
3049	10030.358
3050	-1
3051	-1
3052	10034.87
3053	-1
3054	-1
3055	10038.975
3056	-1
3057	-1
3058	10043.488
3059	-1
3060	-1
3061	-1
3062	-1
3063	-1
3064	10047.59
3065	-1
3066	-1
3067	-1
3068	-1
3069	-1
3070	10052.103
3071	-1
3072	-1
3073	10056.209
3074	-1
3075	-1
3076	10060.718
3077	-1
3078	-1
3079	-1
3080	-1
3081	-1
3082	10064.823
3083	-1
3084	-1
3085	-1
3086	-1
3087	-1
3088	10068.927
3089	-1
3090	-1
3091	-1
3092	-1
3093	-1
3094	10073.439
3095	-1
3096	-1
3097	10077.542
3098	-1
3099	-1
3100	10082.055
3101	-1
3102	-1
3103	-1
3104	-1
3105	-1
3106	10086.159
3107	-1
3108	-1
3109	-1
3110	-1
3111	-1
3112	10090.671
3113	-1
3114	-1
3115	10094.775
3116	-1
3117	-1
3118	-1
3119	-1
3120	-1
3121	10099.287
3122	-1
3123	-1
3124	10103.391
3125	-1
3126	-1
3127	-1
3128	-1
3129	-1
3130	10107.903
3131	-1
3132	-1
3133	-1
3134	-1
3135	-1
3136	10112.005
3137	-1
3138	-1
3139	10116.519
3140	-1
3141	-1
3142	-1
3143	-1
3144	-1
3145	10120.623
3146	-1
3147	-1
3148	10125.136
3149	-1
3150	-1
3151	-1
3152	-1
3153	-1
3154	10129.238
3155	-1
3156	-1
3157	-1
3158	-1
3159	-1
3160	10133.343
3161	-1
3162	-1
3163	-1
3164	-1
3165	-1
3166	10137.855
3167	-1
3168	-1
3169	10141.96
3170	-1
3171	-1
3172	10146.472
3173	-1
3174	-1
3175	-1
3176	-1
3177	-1
3178	10150.576
3179	-1
3180	-1
3181	-1
3182	-1
3183	-1
3184	10155.088
3185	-1
3186	-1
3187	10159.191
3188	-1
3189	-1
3190	10163.703
3191	-1
3192	-1
3193	-1
3194	-1
3195	-1
3196	10167.807
3197	-1
3198	-1
3199	-1
3200	-1
3201	-1
3202	10172.319
3203	-1
3204	-1
3205	-1
3206	-1
3207	-1
3208	10176.424
3209	-1
3210	-1
3211	10180.936
3212	-1
3213	-1
3214	-1
3215	-1
3216	-1
3217	10185.04
3218	-1
3219	-1
3220	10189.556
3221	-1
3222	-1
3223	-1
3224	-1
3225	-1
3226	10193.655
3227	-1
3228	-1
3229	10197.76
3230	-1
3231	-1
3232	-1
3233	-1
3234	-1
3235	10202.272
3236	-1
3237	-1
3238	10206.376
3239	-1
3240	-1
3241	-1
3242	-1
3243	-1
3244	10210.888
3245	-1
3246	-1
3247	-1
3248	-1
3249	-1
3250	10214.993
3251	-1
3252	-1
3253	10219.505
3254	-1
3255	-1
3256	-1
3257	-1
3258	-1
3259	10223.613
3260	-1
3261	-1
3262	10228.12
3263	-1
3264	-1
3265	-1
3266	-1
3267	-1
3268	10232.225
3269	-1
3270	-1
3271	-1
3272	-1
3273	-1
3274	10236.736
3275	-1
3276	-1
3277	10240.841
3278	-1
3279	-1
3280	10245.353
3281	-1
3282	-1
3283	-1
3284	-1
3285	-1
3286	10249.457
3287	-1
3288	-1
3289	-1
3290	-1
3291	-1
3292	10253.968
3293	-1
3294	-1
3295	10258.074
3296	-1
3297	-1
3298	-1
3299	-1
3300	-1
3301	10262.585
3302	-1
3303	-1
3304	-1
3305	-1
3306	-1
3307	10266.689
3308	-1
3309	-1
3310	10270.793
3311	-1
3312	-1
3313	10275.305
3314	-1
3315	-1
3316	-1
3317	-1
3318	-1
3319	10279.409
3320	-1
3321	-1
3322	10283.919
3323	-1
3324	-1
3325	-1
3326	-1
3327	-1
3328	10288.026
3329	-1
3330	-1
3331	-1
3332	-1
3333	-1
3334	10292.538
3335	-1
3336	-1
3337	10296.641
3338	-1
3339	-1
3340	10301.152
3341	-1
3342	-1
3343	-1
3344	-1
3345	-1
3346	10305.257
3347	-1
3348	-1
3349	-1
3350	-1
3351	-1
3352	10309.769
3353	-1
3354	-1
3355	10313.871
3356	-1
3357	-1
3358	-1
3359	-1
3360	-1
3361	10318.385
3362	-1
3363	-1
3364	10322.489
3365	-1
3366	-1
3367	-1
3368	-1
3369	-1
3370	10327.001
3371	-1
3372	-1
3373	-1
3374	-1
3375	-1
3376	10331.105
3377	-1
3378	-1
3379	10335.209
3380	-1
3381	-1
3382	-1
3383	-1
3384	-1
3385	10339.722
3386	-1
3387	-1
3388	10343.826
3389	-1
3390	-1
3391	-1
3392	-1
3393	-1
3394	10348.336
3395	-1
3396	-1
3397	-1
3398	-1
3399	-1
3400	10352.441
3401	-1
3402	-1
3403	10356.959
3404	-1
3405	-1
3406	10361.057
3407	-1
3408	-1
3409	-1
3410	-1
3411	-1
3412	10365.57
3413	-1
3414	-1
3415	-1
3416	-1
3417	-1
3418	10369.672
3419	-1
3420	-1
3421	10374.184
3422	-1
3423	-1
3424	10378.289
3425	-1
3426	-1
3427	10382.801
3428	-1
3429	-1
3430	10386.906
3431	-1
3432	-1
3433	10391.379
3434	-1
3435	-1
3436	10395.498
3437	-1
3438	-1
3439	10399.597
3440	-1
3441	-1
3442	10404.109
3443	-1
3444	-1
3445	10408.211
3446	-1
3447	-1
3448	10412.724
3449	-1
3450	-1
3451	10416.828
3452	-1
3453	-1
3454	10421.34
3455	-1
3456	-1
3457	10425.444
3458	-1
3459	-1
3460	10429.957
3461	-1
3462	-1
3463	10434.061
3464	-1
3465	-1
3466	10438.59
3467	-1
3468	-1
3469	10442.669
3470	-1
3471	-1
3472	10447.178
3473	-1
3474	-1
3475	10451.283
3476	-1
3477	-1
3478	10455.795
3479	-1
3480	-1
3481	10459.9
3482	-1
3483	-1
3484	10464.003
3485	-1
3486	-1
3487	-1
3488	-1
3489	-1
3490	10468.514
3491	-1
3492	-1
3493	-1
3494	-1
3495	-1
3496	10472.618
3497	-1
3498	-1
3499	-1
3500	-1
3501	-1
3502	10477.13
3503	-1
3504	-1
3505	10481.235
3506	-1
3507	-1
3508	10485.747
3509	-1
3510	-1
3511	-1
3512	-1
3513	-1
3514	10489.857
3515	-1
3516	-1
3517	-1
3518	-1
3519	-1
3520	10494.384
3521	-1
3522	-1
3523	10498.487
3524	-1
3525	-1
3526	-1
3527	-1
3528	-1
3529	10502.999
3530	-1
3531	-1
3532	10507.103
3533	-1
3534	-1
3535	-1
3536	-1
3537	-1
3538	10511.612
3539	-1
3540	-1
3541	-1
3542	-1
3543	-1
3544	10515.717
3545	-1
3546	-1
3547	10520.231
3548	-1
3549	-1
3550	-1
3551	-1
3552	-1
3553	10524.335
3554	-1
3555	-1
3556	10528.848
3557	-1
3558	-1
3559	-1
3560	-1
3561	-1
3562	10532.952
3563	-1
3564	-1
3565	-1
3566	-1
3567	-1
3568	10537.055
3569	-1
3570	-1
3571	10541.567
3572	-1
3573	-1
3574	-1
3575	-1
3576	-1
3577	10545.664
3578	-1
3579	-1
3580	10550.192
3581	-1
3582	-1
3583	-1
3584	-1
3585	-1
3586	10554.287
3587	-1
3588	-1
3589	-1
3590	-1
3591	-1
3592	10558.806
3593	-1
3594	-1
3595	10562.908
3596	-1
3597	-1
3598	-1
3599	-1
3600	-1
3601	10567.598
3602	-1
3603	-1
3604	10571.517
3605	-1
3606	-1
3607	-1
3608	-1
3609	-1
3610	10576.027
3611	-1
3612	-1
3613	-1
3614	-1
3615	-1
3616	10580.129
3617	-1
3618	-1
3619	10584.642
3620	-1
3621	-1
3622	-1
3623	-1
3624	-1
3625	10588.746
3626	-1
3627	-1
3628	10593.259
3629	-1
3630	-1
3631	-1
3632	-1
3633	-1
3634	10597.363
3635	-1
3636	-1
3637	-1
3638	-1
3639	-1
3640	10601.467
3641	-1
3642	-1
3643	-1
3644	-1
3645	-1
3646	10605.971
3647	-1
3648	-1
3649	10610.069
3650	-1
3651	-1
3652	10614.58
3653	-1
3654	-1
3655	-1
3656	-1
3657	-1
3658	10618.695
3659	-1
3660	-1
3661	-1
3662	-1
3663	-1
3664	10623.207
3665	-1
3666	-1
3667	10627.318
3668	-1
3669	-1
3670	-1
3671	-1
3672	-1
3673	10631.825
3674	-1
3675	-1
3676	10635.928
3677	-1
3678	-1
3679	-1
3680	-1
3681	-1
3682	10640.44
3683	-1
3684	-1
3685	-1
3686	-1
3687	-1
3688	10644.544
3689	-1
3690	-1
3691	10649.055
3692	-1
3693	-1
3694	-1
3695	-1
3696	-1
3697	10653.183
3698	-1
3699	-1
3700	10657.696
3701	-1
3702	-1
3703	-1
3704	-1
3705	-1
3706	10661.8
3707	-1
3708	-1
3709	-1
3710	-1
3711	-1
3712	10665.903
3713	-1
3714	-1
3715	-1
3716	-1
3717	-1
3718	10670.416
3719	-1
3720	-1
3721	10674.518
3722	-1
3723	-1
3724	-1
3725	-1
3726	-1
3727	10679.031
3728	-1
3729	-1
3730	10683.136
3731	-1
3732	-1
3733	-1
3734	-1
3735	-1
3736	10687.648
3737	-1
3738	-1
3739	-1
3740	-1
3741	-1
3742	10691.751
3743	-1
3744	-1
3745	10696.264
3746	-1
3747	-1
3748	-1
3749	-1
3750	-1
3751	10700.368
3752	-1
3753	-1
3754	10704.879
3755	-1
3756	-1
3757	-1
3758	-1
3759	-1
3760	10708.983
3761	-1
3762	-1
3763	-1
3764	-1
3765	-1
3766	10713.495
3767	-1
3768	-1
3769	-1
3770	-1
3771	-1
3772	10717.6
3773	-1
3774	-1
3775	10722.113
3776	-1
3777	-1
3778	-1
3779	-1
3780	-1
3781	10726.216
3782	-1
3783	-1
3784	10730.32
3785	-1
3786	-1
3787	-1
3788	-1
3789	-1
3790	10734.831
3791	-1
3792	-1
3793	-1
3794	-1
3795	-1
3796	10738.935
3797	-1
3798	-1
3799	10743.513
3800	-1
3801	-1
3802	-1
3803	-1
3804	-1
3805	10747.552
3806	-1
3807	-1
3808	10752.064
3809	-1
3810	-1
3811	-1
3812	-1
3813	-1
3814	10756.168
3815	-1
3816	-1
3817	-1
3818	-1
3819	-1
3820	10760.68
3821	-1
3822	-1
3823	10764.784
3824	-1
3825	-1
3826	10769.296
3827	-1
3828	-1
3829	10773.401
3830	-1
3831	-1
3832	10777.917
3833	-1
3834	-1
3835	-1
3836	-1
3837	-1
3838	10782.017
3839	-1
3840	-1
3841	10786.528
3842	-1
3843	-1
3844	-1
3845	-1
3846	-1
3847	10790.633
3848	-1
3849	-1
3850	10795.145
3851	-1
3852	-1
3853	-1
3854	-1
3855	-1
3856	10799.248
3857	-1
3858	-1
3859	10803.354
3860	-1
3861	-1
3862	10807.866
3863	-1
3864	-1
3865	10811.975
3866	-1
3867	-1
3868	10816.48
3869	-1
3870	-1
3871	10820.585
3872	-1
3873	-1
3874	10825.098
3875	-1
3876	-1
3877	10829.202
3878	-1
3879	-1
3880	10833.713
3881	-1
3882	-1
3883	10837.818
3884	-1
3885	-1
3886	10842.33
3887	-1
3888	-1
3889	10846.432
3890	-1
3891	-1
3892	10850.945
3893	-1
3894	-1
3895	10855.049
3896	-1
3897	-1
3898	-1
3899	-1
3900	-1
3901	10859.562
3902	-1
3903	-1
3904	10863.666
3905	-1
3906	-1
3907	-1
3908	-1
3909	-1
3910	10867.769
3911	-1
3912	-1
3913	10872.282
3914	-1
3915	-1
3916	-1
3917	-1
3918	-1
3919	10876.385
3920	-1
3921	-1
3922	-1
3923	-1
3924	-1
3925	10880.898
3926	-1
3927	-1
3928	10885.001
3929	-1
3930	-1
3931	-1
3932	-1
3933	-1
3934	10889.514
3935	-1
3936	-1
3937	10893.618
3938	-1
3939	-1
3940	-1
3941	-1
3942	-1
3943	10898.13
3944	-1
3945	-1
3946	-1
3947	-1
3948	-1
3949	10902.238
3950	-1
3951	-1
3952	10906.746
3953	-1
3954	-1
3955	-1
3956	-1
3957	-1
3958	10910.849
3959	-1
3960	-1
3961	10915.361
3962	-1
3963	-1
3964	-1
3965	-1
3966	-1
3967	10919.466
3968	-1
3969	-1
3970	-1
3971	-1
3972	-1
3973	10923.981
3974	-1
3975	-1
3976	-1
3977	-1
3978	-1
3979	10928.088
3980	-1
3981	-1
3982	10932.191
3983	-1
3984	-1
3985	-1
3986	-1
3987	-1
3988	10936.702
3989	-1
3990	-1
3991	10940.808
3992	-1
3993	-1
3994	-1
3995	-1
3996	-1
3997	10945.322
3998	-1
3999	-1
4000	-1
4001	-1
4002	-1
4003	10949.423
4004	-1
4005	-1
4006	10953.934
4007	-1
4008	-1
4009	-1
4010	-1
4011	-1
4012	10958.039
4013	-1
4014	-1
4015	10962.55
4016	-1
4017	-1
4018	-1
4019	-1
4020	-1
4021	10966.655
4022	-1
4023	-1
4024	-1
4025	-1
4026	-1
4027	10971.166
4028	-1
4029	-1
4030	10975.272
4031	-1
4032	-1
4033	-1
4034	-1
4035	-1
4036	10979.784
4037	-1
4038	-1
4039	10983.887
4040	-1
4041	-1
4042	-1
4043	-1
4044	-1
4045	10988.401
4046	-1
4047	-1
4048	-1
4049	-1
4050	-1
4051	10992.504
4052	-1
4053	-1
4054	-1
4055	-1
4056	-1
4057	10996.608
4058	-1
4059	-1
4060	11001.121
4061	-1
4062	-1
4063	11005.224
4064	-1
4065	-1
4066	-1
4067	-1
4068	-1
4069	11009.737
4070	-1
4071	-1
4072	-1
4073	-1
4074	-1
4075	11013.84
4076	-1
4077	-1
4078	-1
4079	-1
4080	-1
4081	11018.35
4082	-1
4083	-1
4084	11022.452
4085	-1
4086	-1
4087	11026.968
4088	-1
4089	-1
4090	11031.073
4091	-1
4092	-1
4093	11035.585
4094	-1
4095	-1
4096	-1
4097	-1
4098	-1
4099	11039.688
4100	-1
4101	-1
4102	11044.201
4103	-1
4104	-1
4105	-1
4106	-1
4107	-1
4108	11048.303
4109	-1
4110	-1
4111	11052.815
4112	-1
4113	-1
4114	-1
4115	-1
4116	-1
4117	11056.921
4118	-1
4119	-1
4120	-1
4121	-1
4122	-1
4123	11061.431
4124	-1
4125	-1
4126	11065.54
4127	-1
4128	-1
4129	-1
4130	-1
4131	-1
4132	11069.64
4133	-1
4134	-1
4135	11074.152
4136	-1
4137	-1
4138	-1
4139	-1
4140	-1
4141	11078.256
4142	-1
4143	-1
4144	-1
4145	-1
4146	-1
4147	11082.767
4148	-1
4149	-1
4150	11086.872
4151	-1
4152	-1
4153	-1
4154	-1
4155	-1
4156	11091.384
4157	-1
4158	-1
4159	11095.488
4160	-1
4161	-1
4162	-1
4163	-1
4164	-1
4165	11100.002
4166	-1
4167	-1
4168	11104.105
4169	-1
4170	-1
4171	-1
4172	-1
4173	-1
4174	11108.616
4175	-1
4176	-1
4177	-1
4178	-1
4179	-1
4180	11112.724
4181	-1
4182	-1
4183	-1
4184	-1
4185	-1
4186	11117.233
4187	-1
4188	-1
4189	11121.337
4190	-1
4191	-1
4192	-1
4193	-1
4194	-1
4195	11125.848
4196	-1
4197	-1
4198	11129.952
4199	-1
4200	-1
4201	-1
4202	-1
4203	-1
4204	11134.057
4205	-1
4206	-1
4207	-1
4208	-1
4209	-1
4210	11138.569
4211	-1
4212	-1
4213	11142.674
4214	-1
4215	-1
4216	11147.187
4217	-1
4218	-1
4219	11151.289
4220	-1
4221	-1
4222	-1
4223	-1
4224	-1
4225	11155.8
4226	-1
4227	-1
4228	11159.905
4229	-1
4230	-1
4231	-1
4232	-1
4233	-1
4234	11164.417
4235	-1
4236	-1
4237	-1
4238	-1
4239	-1
4240	11168.522
4241	-1
4242	-1
4243	11173.034
4244	-1
4245	-1
4246	-1
4247	-1
4248	-1
4249	11177.138
4250	-1
4251	-1
4252	11181.652
4253	-1
4254	-1
4255	-1
4256	-1
4257	-1
4258	11185.752
4259	-1
4260	-1
4261	-1
4262	-1
4263	-1
4264	11190.265
4265	-1
4266	-1
4267	-1
4268	-1
4269	-1
4270	11194.369
4271	-1
4272	-1
4273	11198.474
4274	-1
4275	-1
4276	11202.987
4277	-1
4278	-1
4279	11207.091
4280	11211.602
4281	-1
4282	11215.704
4283	-1
4284	-1
4285	11220.217
4286	-1
4287	-1
4288	11224.322
4289	-1
4290	-1
4291	11228.834
4292	-1
4293	-1
4294	11232.944
4295	-1
4296	-1
4297	11237.45
4298	-1
4299	-1
4300	11241.554
4301	-1
4302	-1
4303	11246.068
4304	-1
4305	-1
4306	11250.17
4307	-1
4308	-1
4309	11254.681
4310	-1
4311	-1
4312	11258.787
4313	-1
4314	-1
4315	11262.89
4316	-1
4317	-1
4318	11267.402
4319	-1
4320	-1
4321	-1
4322	-1
4323	-1
4324	11271.506
4325	-1
4326	-1
4327	11276.019
4328	-1
4329	-1
4330	11280.121
4331	-1
4332	-1
4333	-1
4334	-1
4335	-1
4336	11284.633
4337	-1
4338	-1
4339	-1
4340	-1
4341	-1
4342	11288.739
4343	-1
4344	-1
4345	-1
4346	-1
4347	-1
4348	11293.251
4349	-1
4350	-1
4351	11297.355
4352	-1
4353	-1
4354	11301.866
4355	-1
4356	-1
4357	-1
4358	-1
4359	-1
4360	11305.971
4361	-1
4362	-1
4363	11310.483
4364	-1
4365	-1
4366	-1
4367	-1
4368	-1
4369	11314.587
4370	-1
4371	-1
4372	11319.101
4373	-1
4374	-1
4375	-1
4376	-1
4377	-1
4378	11323.206
4379	-1
4380	-1
4381	11327.716
4382	-1
4383	-1
4384	11331.819
4385	-1
4386	-1
4387	11335.923
4388	-1
4389	-1
4390	-1
4391	-1
4392	-1
4393	11340.436
4394	-1
4395	-1
4396	-1
4397	-1
4398	-1
4399	11344.54
4400	-1
4401	-1
4402	-1
4403	-1
4404	-1
4405	11349.052
4406	-1
4407	-1
4408	11353.155
4409	-1
4410	-1
4411	-1
4412	-1
4413	-1
4414	11357.667
4415	-1
4416	-1
4417	11361.771
4418	-1
4419	-1
4420	-1
4421	-1
4422	-1
4423	11366.283
4424	-1
4425	-1
4426	-1
4427	-1
4428	-1
4429	11370.389
4430	-1
4431	-1
4432	11374.899
4433	-1
4434	-1
4435	-1
4436	-1
4437	-1
4438	11379.003
4439	-1
4440	-1
4441	11383.517
4442	-1
4443	-1
4444	-1
4445	-1
4446	-1
4447	11387.62
4448	-1
4449	-1
4450	-1
4451	-1
4452	-1
4453	11392.108
4454	-1
4455	-1
4456	11396.206
4457	-1
4458	-1
4459	-1
4460	-1
4461	-1
4462	11400.314
4463	-1
4464	-1
4465	11404.827
4466	-1
4467	-1
4468	-1
4469	-1
4470	-1
4471	11408.931
4472	-1
4473	-1
4474	-1
4475	-1
4476	-1
4477	11413.443
4478	-1
4479	-1
4480	11417.545
4481	-1
4482	-1
4483	-1
4484	-1
4485	-1
4486	11422.058
4487	-1
4488	-1
4489	11426.164
4490	-1
4491	-1
4492	11430.678
4493	-1
4494	-1
4495	11434.781
4496	-1
4497	-1
4498	11439.288
4499	-1
4500	-1
4501	11443.504
4502	-1
4503	-1
4504	-1
4505	-1
4506	-1
4507	11447.913
4508	-1
4509	-1
4510	-1
4511	-1
4512	-1
4513	11452.016
4514	-1
4515	-1
4516	-1
4517	-1
4518	-1
4519	11456.528
4520	-1
4521	-1
4522	11460.632
4523	-1
4524	-1
4525	11464.737
4526	-1
4527	-1
4528	-1
4529	-1
4530	-1
4531	11469.25
4532	-1
4533	-1
4534	-1
4535	-1
4536	-1
4537	11473.354
4538	-1
4539	-1
4540	-1
4541	-1
4542	-1
4543	11477.868
4544	-1
4545	-1
4546	11481.97
4547	-1
4548	-1
4549	11486.485
4550	-1
4551	-1
4552	-1
4553	-1
4554	-1
4555	11490.589
4556	-1
4557	-1
4558	-1
4559	-1
4560	-1
4561	11495.081
4562	-1
4563	-1
4564	-1
4565	-1
4566	-1
4567	11499.2
4568	-1
4569	-1
4570	11503.712
4571	-1
4572	-1
4573	-1
4574	-1
4575	-1
4576	11507.816
4577	-1
4578	-1
4579	11512.325
4580	-1
4581	-1
4582	-1
4583	-1
4584	-1
4585	11516.433
4586	-1
4587	-1
4588	11520.945
4589	-1
4590	-1
4591	-1
4592	-1
4593	-1
4594	11525.05
4595	-1
4596	-1
4597	11529.149
4598	-1
4599	-1
4600	-1
4601	-1
4602	-1
4603	11533.667
4604	-1
4605	-1
4606	-1
4607	-1
4608	-1
4609	11537.772
4610	-1
4611	-1
4612	-1
4613	-1
4614	-1
4615	11542.283
4616	-1
4617	-1
4618	11546.4
4619	-1
4620	-1
4621	11550.903
4622	-1
4623	-1
4624	-1
4625	-1
4626	-1
4627	11554.985
4628	-1
4629	-1
4630	-1
4631	-1
4632	-1
4633	11559.527
4634	-1
4635	-1
4636	11563.604
4637	-1
4638	-1
4639	-1
4640	-1
4641	-1
4642	11568.129
4643	-1
4644	-1
4645	11572.23
4646	-1
4647	-1
4648	-1
4649	-1
4650	-1
4651	11576.74
4652	-1
4653	-1
4654	-1
4655	-1
4656	-1
4657	11580.844
4658	-1
4659	-1
4660	11585.357
4661	-1
4662	-1
4663	-1
4664	-1
4665	-1
4666	11589.459
4667	-1
4668	-1
4669	11593.974
4670	-1
4671	-1
4672	-1
4673	-1
4674	-1
4675	11598.079
4676	-1
4677	-1
4678	11602.181
4679	-1
4680	-1
4681	11606.692
4682	-1
4683	-1
4684	11610.784
4685	-1
4686	-1
4687	11615.308
4688	-1
4689	-1
4690	11619.399
4691	-1
4692	-1
4693	11623.922
4694	-1
4695	-1
4696	11628.028
4697	-1
4698	-1
4699	11632.542
4700	-1
4701	-1
4702	11636.648
4703	-1
4704	-1
4705	11641.16
4706	-1
4707	-1
4708	11645.265
4709	-1
4710	-1
4711	11649.776
4712	-1
4713	-1
4714	11653.877
4715	-1
4716	-1
4717	11658.387
4718	-1
4719	-1
4720	11662.489
4721	-1
4722	-1
4723	11666.593
4724	-1
4725	-1
4726	-1
4727	-1
4728	-1
4729	11671.125
4730	-1
4731	-1
4732	11675.236
4733	-1
4734	-1
4735	-1
4736	-1
4737	-1
4738	11679.748
4739	-1
4740	-1
4741	-1
4742	-1
4743	-1
4744	11683.853
4745	-1
4746	-1
4747	11688.364
4748	-1
4749	-1
4750	-1
4751	-1
4752	-1
4753	11692.468
4754	-1
4755	-1
4756	11696.98
4757	-1
4758	-1
4759	-1
4760	-1
4761	-1
4762	11701.084
4763	-1
4764	-1
4765	11705.597
4766	-1
4767	-1
4768	11709.7
4769	-1
4770	-1
4771	11714.213
4772	-1
4773	-1
4774	11718.316
4775	-1
4776	-1
4777	11722.829
4778	-1
4779	-1
4780	11726.932
4781	-1
4782	-1
4783	11731.036
4784	-1
4785	-1
4786	11735.548
4787	-1
4788	-1
4789	-1
4790	-1
4791	-1
4792	11739.653
4793	-1
4794	-1
4795	-1
4796	-1
4797	-1
4798	11744.169
4799	-1
4800	-1
4801	11748.269
4802	-1
4803	-1
4804	-1
4805	-1
4806	-1
4807	11752.781
4808	-1
4809	-1
4810	11756.884
4811	-1
4812	-1
4813	-1
4814	-1
4815	-1
4816	11761.396
4817	-1
4818	-1
4819	-1
4820	-1
4821	-1
4822	11765.5
4823	-1
4824	-1
4825	11770.012
4826	-1
4827	-1
4828	11774.117
4829	-1
4830	-1
4831	-1
4832	-1
4833	-1
4834	11778.629
4835	-1
4836	-1
4837	-1
4838	-1
4839	-1
4840	11782.733
4841	-1
4842	-1
4843	11787.246
4844	-1
4845	-1
4846	-1
4847	-1
4848	-1
4849	11791.352
4850	-1
4851	-1
4852	11795.454
4853	-1
4854	-1
4855	-1
4856	-1
4857	-1
4858	11799.966
4859	-1
4860	-1
4861	-1
4862	-1
4863	-1
4864	11804.069
4865	-1
4866	-1
4867	11808.581
4868	-1
4869	-1
4870	-1
4871	-1
4872	-1
4873	11812.685
4874	-1
4875	-1
4876	11817.198
4877	-1
4878	-1
4879	-1
4880	-1
4881	-1
4882	11821.305
4883	-1
4884	-1
4885	11825.813
4886	-1
4887	-1
4888	-1
4889	-1
4890	-1
4891	11829.918
4892	-1
4893	-1
4894	-1
4895	-1
4896	-1
4897	11834.43
4898	-1
4899	-1
4900	11838.534
4901	-1
4902	-1
4903	11843.046
4904	-1
4905	-1
4906	11847.143
4907	-1
4908	-1
4909	11851.662
4910	-1
4911	-1
4912	-1
4913	-1
4914	-1
4915	11855.766
4916	-1
4917	-1
4918	11860.278
4919	-1
4920	-1
4921	-1
4922	-1
4923	-1
4924	11864.381
4925	-1
4926	-1
4927	11868.487
4928	-1
4929	-1
4930	-1
4931	-1
4932	-1
4933	11872.998
4934	-1
4935	-1
4936	-1
4937	-1
4938	-1
4939	11877.103
4940	-1
4941	-1
4942	11881.613
4943	-1
4944	-1
4945	-1
4946	-1
4947	-1
4948	11885.718
4949	-1
4950	-1
4951	11890.229
4952	-1
4953	-1
4954	-1
4955	-1
4956	-1
4957	11894.334
4958	-1
4959	-1
4960	-1
4961	-1
4962	-1
4963	11898.846
4964	-1
4965	-1
4966	11902.95
4967	-1
4968	-1
4969	11907.462
4970	-1
4971	-1
4972	-1
4973	-1
4974	-1
4975	11911.571
4976	-1
4977	-1
4978	-1
4979	-1
4980	-1
4981	11916.078
4982	-1
4983	-1
4984	11920.182
4985	-1
4986	-1
4987	-1
4988	-1
4989	-1
4990	11924.693
4991	-1
4992	-1
4993	11928.797
4994	-1
4995	-1
4996	-1
4997	-1
4998	-1
4999	11932.902
5000	-1
5001	-1
5002	-1
5003	-1
5004	-1
5005	11937.416
5006	-1
5007	-1
5008	11941.519
5009	-1
5010	-1
5011	11946.031
5012	-1
5013	-1
5014	-1
5015	-1
5016	-1
5017	11950.135
5018	-1
5019	-1
5020	-1
5021	-1
5022	-1
5023	11954.654
5024	-1
5025	-1
5026	11958.751
5027	-1
5028	-1
5029	-1
5030	-1
5031	-1
5032	11963.262
5033	-1
5034	-1
5035	11967.368
5036	-1
5037	-1
5038	-1
5039	-1
5040	-1
5041	11971.879
5042	-1
5043	-1
5044	-1
5045	-1
5046	-1
5047	11975.983
5048	-1
5049	-1
5050	-1
5051	-1
5052	-1
5053	11980.495
5054	-1
5055	-1
5056	11984.599
5057	-1
5058	-1
5059	11989.11
5060	-1
5061	-1
5062	-1
5063	-1
5064	-1
5065	11993.215
5066	-1
5067	-1
5068	-1
5069	-1
5070	-1
5071	11997.32
5072	-1
5073	-1
5074	12001.833
5075	-1
5076	-1
5077	-1
5078	-1
5079	-1
5080	12005.936
5081	-1
5082	-1
5083	12010.447
5084	-1
5085	-1
5086	12014.552
5087	-1
5088	-1
5089	12019.062
5090	-1
5091	-1
5092	12023.161
5093	-1
5094	-1
5095	12027.68
5096	-1
5097	-1
5098	12031.788
5099	-1
5100	-1
5101	12036.296
5102	-1
5103	-1
5104	12040.399
5105	-1
5106	-1
5107	12044.912
5108	-1
5109	-1
5110	12049.016
5111	-1
5112	-1
5113	-1
5114	-1
5115	-1
5116	12053.526
5117	-1
5118	-1
5119	12057.634
5120	-1
5121	-1
5122	12061.735
5123	-1
5124	-1
5125	-1
5126	-1
5127	-1
5128	12066.248
5129	-1
5130	-1
5131	-1
5132	-1
5133	-1
5134	12070.351
5135	-1
5136	-1
5137	-1
5138	-1
5139	-1
5140	12074.865
5141	-1
5142	-1
5143	12078.968
5144	-1
5145	-1
5146	12083.48
5147	-1
5148	-1
5149	-1
5150	-1
5151	-1
5152	12087.584
5153	-1
5154	-1
5155	-1
5156	-1
5157	-1
5158	12092.096
5159	-1
5160	-1
5161	-1
5162	-1
5163	-1
5164	12096.2
5165	-1
5166	-1
5167	12100.713
5168	-1
5169	-1
5170	12104.816
5171	-1
5172	-1
5173	12109.328
5174	-1
5175	-1
5176	12113.433
5177	-1
5178	-1
5179	12117.946
5180	-1
5181	-1
5182	12122.052
5183	-1
5184	-1
5185	12126.561
5186	-1
5187	-1
5188	12130.664
5189	-1
5190	-1
5191	12134.768
5192	-1
5193	-1
5194	-1
5195	-1
5196	-1
5197	12139.282
5198	-1
5199	-1
5200	12143.386
5201	-1
5202	-1
5203	-1
5204	-1
5205	-1
5206	12147.898
5207	-1
5208	-1
5209	12152.0
5210	-1
5211	-1
5212	-1
5213	-1
5214	-1
5215	12156.512
5216	-1
5217	-1
5218	-1
5219	-1
5220	-1
5221	12160.616
5222	-1
5223	-1
5224	12165.129
5225	-1
5226	-1
5227	-1
5228	-1
5229	-1
5230	12169.234
5231	-1
5232	-1
5233	12173.745
5234	-1
5235	-1
5236	-1
5237	-1
5238	-1
5239	12177.849
5240	-1
5241	-1
5242	-1
5243	-1
5244	-1
5245	12182.362
5246	-1
5247	-1
5248	-1
5249	-1
5250	-1
5251	12186.464
5252	-1
5253	-1
5254	12190.977
5255	-1
5256	-1
5257	12195.081
5258	-1
5259	-1
5260	-1
5261	-1
5262	-1
5263	12199.18
5264	-1
5265	-1
5266	-1
5267	-1
5268	-1
5269	12203.698
5270	-1
5271	-1
5272	-1
5273	-1
5274	-1
5275	12207.802
5276	-1
5277	-1
5278	12212.314
5279	-1
5280	-1
5281	12216.417
5282	-1
5283	-1
5284	-1
5285	-1
5286	-1
5287	12220.929
5288	-1
5289	-1
5290	-1
5291	-1
5292	-1
5293	12225.035
5294	-1
5295	-1
5296	12229.546
5297	-1
5298	-1
5299	12233.65
5300	-1
5301	-1
5302	12238.162
5303	-1
5304	-1
5305	12242.27
5306	-1
5307	-1
5308	-1
5309	-1
5310	-1
5311	12246.777
5312	-1
5313	-1
5314	12250.88
5315	-1
5316	-1
5317	-1
5318	-1
5319	-1
5320	12255.392
5321	-1
5322	-1
5323	-1
5324	-1
5325	-1
5326	12259.498
5327	-1
5328	-1
5329	12263.603
5330	-1
5331	-1
5332	-1
5333	-1
5334	-1
5335	12268.114
5336	-1
5337	-1
5338	12272.218
5339	-1
5340	-1
5341	-1
5342	-1
5343	-1
5344	12276.73
5345	-1
5346	-1
5347	-1
5348	-1
5349	-1
5350	12280.836
5351	-1
5352	-1
5353	-1
5354	-1
5355	-1
5356	12285.352
5357	-1
5358	-1
5359	12289.45
5360	-1
5361	-1
5362	12293.963
5363	-1
5364	-1
5365	-1
5366	-1
5367	-1
5368	12298.067
5369	-1
5370	-1
5371	-1
5372	-1
5373	-1
5374	12302.578
5375	-1
5376	-1
5377	-1
5378	-1
5379	-1
5380	12306.682
5381	-1
5382	-1
5383	12311.188
5384	-1
5385	-1
5386	12315.299
5387	-1
5388	-1
5389	-1
5390	-1
5391	-1
5392	12319.811
5393	-1
5394	-1
5395	-1
5396	-1
5397	-1
5398	12323.914
5399	-1
5400	-1
5401	-1
5402	-1
5403	-1
5404	12328.018
5405	-1
5406	-1
5407	12332.53
5408	-1
5409	-1
5410	12336.635
5411	-1
5412	-1
5413	-1
5414	-1
5415	-1
5416	12341.147
5417	-1
5418	-1
5419	-1
5420	-1
5421	-1
5422	12345.25
5423	-1
5424	-1
5425	-1
5426	-1
5427	-1
5428	12349.764
5429	-1
5430	-1
5431	12353.867
5432	-1
5433	-1
5434	12358.378
5435	-1
5436	-1
5437	-1
5438	-1
5439	-1
5440	12362.482
5441	-1
5442	-1
5443	-1
5444	-1
5445	-1
5446	12366.995
5447	-1
5448	-1
5449	-1
5450	-1
5451	-1
5452	12371.1
5453	-1
5454	-1
5455	12375.617
5456	-1
5457	-1
5458	-1
5459	-1
5460	-1
5461	12379.715
5462	-1
5463	-1
5464	12384.227
5465	-1
5466	-1
5467	-1
5468	-1
5469	-1
5470	12388.331
5471	-1
5472	-1
5473	-1
5474	-1
5475	-1
5476	12392.819
5477	-1
5478	-1
5479	12396.924
5480	-1
5481	-1
5482	-1
5483	-1
5484	-1
5485	12401.028
5486	-1
5487	-1
5488	12405.537
5489	-1
5490	-1
5491	-1
5492	-1
5493	-1
5494	12409.64
5495	-1
5496	-1
5497	-1
5498	-1
5499	-1
5500	12414.152
5501	-1
5502	-1
5503	12418.256
5504	-1
5505	-1
5506	12422.767
5507	-1
5508	-1
5509	12426.872
5510	-1
5511	-1
5512	12431.385
5513	-1
5514	-1
5515	12435.489
5516	-1
5517	-1
5518	12439.993
5519	-1
5520	-1
5521	-1
5522	-1
5523	-1
5524	12444.113
5525	-1
5526	-1
5527	12448.626
5528	-1
5529	-1
5530	-1
5531	-1
5532	-1
5533	12452.73
5534	-1
5535	-1
5536	-1
5537	-1
5538	-1
5539	12457.243
5540	-1
5541	-1
5542	-1
5543	-1
5544	-1
5545	12461.346
5546	-1
5547	-1
5548	12465.452
5549	-1
5550	-1
5551	-1
5552	-1
5553	-1
5554	12469.962
5555	-1
5556	-1
5557	12474.067
5558	-1
5559	-1
5560	-1
5561	-1
5562	-1
5563	12478.582
5564	-1
5565	-1
5566	-1
5567	-1
5568	-1
5569	12482.684
5570	-1
5571	-1
5572	12487.201
5573	-1
5574	-1
5575	-1
5576	-1
5577	-1
5578	12491.302
5579	-1
5580	-1
5581	12495.798
5582	-1
5583	-1
5584	-1
5585	-1
5586	-1
5587	12499.901
5588	-1
5589	-1
5590	-1
5591	-1
5592	-1
5593	12504.428
5594	-1
5595	-1
5596	12508.53
5597	-1
5598	-1
5599	-1
5600	-1
5601	-1
5602	12513.044
5603	-1
5604	-1
5605	12517.146
5606	-1
5607	-1
5608	-1
5609	-1
5610	-1
5611	12521.659
5612	-1
5613	-1
5614	-1
5615	-1
5616	-1
5617	12525.763
5618	-1
5619	-1
5620	12529.868
5621	-1
5622	-1
5623	-1
5624	-1
5625	-1
5626	12534.382
5627	-1
5628	-1
5629	12538.487
5630	-1
5631	-1
5632	-1
5633	-1
5634	-1
5635	12543.0
5636	-1
5637	-1
5638	-1
5639	-1
5640	-1
5641	12547.105
5642	-1
5643	-1
5644	-1
5645	-1
5646	-1
5647	12551.609
5648	-1
5649	-1
5650	12555.702
5651	-1
5652	-1
5653	12560.212
5654	-1
5655	-1
5656	-1
5657	-1
5658	-1
5659	12564.326
5660	-1
5661	-1
5662	-1
5663	-1
5664	-1
5665	12568.844
5666	-1
5667	-1
5668	-1
5669	-1
5670	-1
5671	12572.93
5672	-1
5673	-1
5674	12577.452
5675	-1
5676	-1
5677	12581.556
5678	-1
5679	-1
5680	12586.067
5681	-1
5682	-1
5683	12590.172
5684	-1
5685	-1
5686	12594.278
5687	-1
5688	-1
5689	-1
5690	-1
5691	-1
5692	12598.791
5693	-1
5694	-1
5695	12602.897
5696	-1
5697	-1
5698	-1
5699	-1
5700	-1
5701	12607.517
5702	-1
5703	-1
5704	-1
5705	-1
5706	-1
5707	12611.516
5708	-1
5709	-1
5710	12616.021
5711	-1
5712	-1
5713	-1
5714	-1
5715	-1
5716	12620.125
5717	-1
5718	-1
5719	12624.632
5720	-1
5721	-1
5722	-1
5723	-1
5724	-1
5725	12628.73
5726	-1
5727	-1
5728	-1
5729	-1
5730	-1
5731	12633.257
5732	-1
5733	-1
5734	12637.359
5735	-1
5736	-1
5737	-1
5738	-1
5739	-1
5740	12641.871
5741	-1
5742	-1
5743	12645.962
5744	-1
5745	-1
5746	-1
5747	-1
5748	-1
5749	12650.474
5750	-1
5751	-1
5752	-1
5753	-1
5754	-1
5755	12654.59
5756	-1
5757	-1
5758	12659.103
5759	-1
5760	-1
5761	12663.192
5762	-1
5763	-1
5764	12667.332
5765	-1
5766	-1
5767	12671.845
5768	-1
5769	-1
5770	12675.948
5771	-1
5772	-1
5773	-1
5774	-1
5775	-1
5776	12680.46
5777	-1
5778	-1
5779	-1
5780	-1
5781	-1
5782	12684.566
5783	-1
5784	-1
5785	-1
5786	-1
5787	-1
5788	12689.078
5789	-1
5790	-1
5791	12693.181
5792	-1
5793	-1
5794	12697.693
5795	-1
5796	-1
5797	-1
5798	-1
5799	-1
5800	12701.796
5801	-1
5802	-1
5803	-1
5804	-1
5805	-1
5806	12706.308
5807	-1
5808	-1
5809	-1
5810	-1
5811	-1
5812	12710.417
5813	-1
5814	-1
5815	12714.926
5816	-1
5817	-1
5818	12719.029
5819	-1
5820	-1
5821	-1
5822	-1
5823	-1
5824	12723.543
5825	-1
5826	-1
5827	-1
5828	-1
5829	-1
5830	12727.644
5831	-1
5832	-1
5833	-1
5834	-1
5835	-1
5836	12731.749
5837	-1
5838	-1
5839	12736.259
5840	-1
5841	-1
5842	12740.366
5843	-1
5844	-1
5845	-1
5846	-1
5847	-1
5848	12744.878
5849	-1
5850	-1
5851	-1
5852	-1
5853	-1
5854	12748.982
5855	-1
5856	-1
5857	-1
5858	-1
5859	-1
5860	12753.498
5861	-1
5862	-1
5863	12757.596
5864	-1
5865	-1
5866	12762.109
5867	-1
5868	-1
5869	-1
5870	-1
5871	-1
5872	12766.215
5873	-1
5874	-1
5875	-1
5876	-1
5877	-1
5878	12770.725
5879	-1
5880	-1
5881	-1
5882	-1
5883	-1
5884	12774.83
5885	-1
5886	-1
5887	12779.344
5888	-1
5889	-1
5890	-1
5891	-1
5892	-1
5893	12783.446
5894	-1
5895	-1
5896	12787.958
5897	-1
5898	-1
5899	-1
5900	-1
5901	-1
5902	12792.06
5903	-1
5904	-1
5905	-1
5906	-1
5907	-1
5908	12796.167
5909	-1
5910	-1
5911	-1
5912	-1
5913	-1
5914	12800.678
5915	-1
5916	-1
5917	12804.783
5918	-1
5919	-1
5920	-1
5921	-1
5922	-1
5923	12809.294
5924	-1
5925	-1
5926	12813.398
5927	-1
5928	-1
5929	-1
5930	-1
5931	-1
5932	12817.91
5933	-1
5934	-1
5935	-1
5936	-1
5937	-1
5938	12822.016
5939	-1
5940	-1
5941	12826.528
5942	-1
5943	-1
5944	-1
5945	-1
5946	-1
5947	12830.631
5948	-1
5949	-1
5950	12835.143
5951	-1
5952	-1
5953	-1
5954	-1
5955	-1
5956	12839.24
5957	-1
5958	-1
5959	-1
5960	-1
5961	-1
5962	12843.759
5963	-1
5964	-1
5965	12847.863
5966	-1
5967	-1
5968	-1
5969	-1
5970	-1
5971	12852.375
5972	-1
5973	-1
5974	12856.48
5975	-1
5976	-1
5977	12860.583
5978	-1
5979	-1
5980	-1
5981	-1
5982	-1
5983	12865.095
5984	-1
5985	-1
5986	-1
5987	-1
5988	-1
5989	12869.198
5990	-1
5991	-1
5992	12873.712
5993	-1
5994	-1
5995	-1
5996	-1
5997	-1
5998	12877.816
5999	-1
6000	-1
6001	12882.327
6002	-1
6003	-1
6004	-1
6005	-1
6006	-1
6007	12886.432
6008	-1
6009	-1
6010	-1
6011	-1
6012	-1
6013	12890.943
6014	-1
6015	-1
6016	12895.047
6017	-1
6018	-1
6019	12899.561
6020	-1
6021	-1
6022	-1
6023	-1
6024	-1
6025	12903.663
6026	-1
6027	-1
6028	-1
6029	-1
6030	-1
6031	12908.175
6032	-1
6033	-1
6034	-1
6035	-1
6036	-1
6037	12912.28
6038	-1
6039	-1
6040	12916.791
6041	-1
6042	-1
6043	-1
6044	-1
6045	-1
6046	12920.897
6047	-1
6048	-1
6049	12925.408
6050	-1
6051	-1
6052	-1
6053	-1
6054	-1
6055	12929.513
6056	-1
6057	-1
6058	-1
6059	-1
6060	-1
6061	12933.616
6062	-1
6063	-1
6064	12938.128
6065	-1
6066	-1
6067	-1
6068	-1
6069	-1
6070	12942.232
6071	-1
6072	-1
6073	12946.743
6074	-1
6075	-1
6076	-1
6077	-1
6078	-1
6079	12950.849
6080	-1
6081	-1
6082	-1
6083	-1
6084	-1
6085	12955.361
6086	-1
6087	-1
6088	12959.464
6089	-1
6090	-1
6091	12963.978
6092	-1
6093	-1
6094	-1
6095	-1
6096	-1
6097	12968.081
6098	-1
6099	-1
6100	-1
6101	-1
6102	-1
6103	12972.592
6104	-1
6105	-1
6106	-1
6107	-1
6108	-1
6109	12976.696
6110	-1
6111	-1
6112	12981.208
6113	-1
6114	-1
6115	-1
6116	-1
6117	-1
6118	12985.312
6119	-1
6120	-1
6121	12989.824
6122	-1
6123	-1
6124	-1
6125	-1
6126	-1
6127	12993.93
6128	-1
6129	-1
6130	12998.037
6131	-1
6132	-1
6133	-1
6134	-1
6135	-1
6136	13002.545
6137	-1
6138	-1
6139	13006.649
6140	-1
6141	-1
6142	-1
6143	-1
6144	-1
6145	13011.162
6146	-1
6147	-1
6148	13015.258
6149	-1
6150	-1
6151	-1
6152	-1
6153	-1
6154	13019.778
6155	-1
6156	-1
6157	-1
6158	-1
6159	-1
6160	13023.881
6161	-1
6162	-1
6163	13028.393
6164	-1
6165	-1
6166	-1
6167	-1
6168	-1
6169	13032.497
6170	-1
6171	-1
6172	13037.01
6173	-1
6174	-1
6175	-1
6176	-1
6177	-1
6178	13041.116
6179	-1
6180	-1
6181	-1
6182	-1
6183	-1
6184	13045.624
6185	-1
6186	-1
6187	13049.728
6188	-1
6189	-1
6190	-1
6191	-1
6192	-1
6193	13054.242
6194	-1
6195	-1
6196	13058.345
6197	-1
6198	-1
6199	-1
6200	-1
6201	-1
6202	13062.449
6203	-1
6204	-1
6205	-1
6206	-1
6207	-1
6208	13066.961
6209	-1
6210	-1
6211	13071.065
6212	-1
6213	-1
6214	-1
6215	-1
6216	-1
6217	13075.576
6218	-1
6219	-1
6220	13079.681
6221	-1
6222	-1
6223	-1
6224	-1
6225	-1
6226	13084.194
6227	-1
6228	-1
6229	-1
6230	-1
6231	-1
6232	13088.298
6233	-1
6234	-1
6235	13092.811
6236	-1
6237	-1
6238	-1
6239	-1
6240	-1
6241	13096.914
6242	-1
6243	-1
6244	13101.425
6245	-1
6246	-1
6247	-1
6248	-1
6249	-1
6250	13105.531
6251	-1
6252	-1
6253	13110.043
6254	-1
6255	-1
6256	-1
6257	-1
6258	-1
6259	13114.145
6260	-1
6261	-1
6262	13118.657
6263	-1
6264	-1
6265	-1
6266	-1
6267	-1
6268	13122.763
6269	-1
6270	-1
6271	-1
6272	-1
6273	-1
6274	13126.865
6275	-1
6276	-1
6277	13131.379
6278	-1
6279	-1
6280	-1
6281	-1
6282	-1
6283	13135.482
6284	-1
6285	-1
6286	13139.995
6287	-1
6288	-1
6289	-1
6290	-1
6291	-1
6292	13144.097
6293	-1
6294	-1
6295	-1
6296	-1
6297	-1
6298	13148.61
6299	-1
6300	-1
6301	-1
6302	-1
6303	-1
6304	13152.715
6305	-1
6306	-1
6307	13157.225
6308	-1
6309	-1
6310	13161.33
6311	-1
6312	-1
6313	-1
6314	-1
6315	-1
6316	13165.843
6317	-1
6318	-1
6319	-1
6320	-1
6321	-1
6322	13169.946
6323	-1
6324	-1
6325	13174.461
6326	-1
6327	-1
6328	-1
6329	-1
6330	-1
6331	13178.562
6332	-1
6333	-1
6334	13183.074
6335	-1
6336	-1
6337	-1
6338	-1
6339	-1
6340	13187.178
6341	-1
6342	-1
6343	-1
6344	-1
6345	-1
6346	13191.69
6347	-1
6348	-1
6349	13195.795
6350	-1
6351	-1
6352	13199.899
6353	-1
6354	-1
6355	-1
6356	-1
6357	-1
6358	13204.411
6359	-1
6360	-1
6361	-1
6362	-1
6363	-1
6364	13208.517
6365	-1
6366	-1
6367	13213.026
6368	-1
6369	-1
6370	-1
6371	-1
6372	-1
6373	13217.131
6374	-1
6375	-1
6376	13221.643
6377	-1
6378	-1
6379	-1
6380	-1
6381	-1
6382	13225.747
6383	-1
6384	-1
6385	-1
6386	-1
6387	-1
6388	13230.259
6389	-1
6390	-1
6391	13234.362
6392	-1
6393	-1
6394	13238.873
6395	-1
6396	-1
6397	-1
6398	-1
6399	-1
6400	13242.978
6401	-1
6402	-1
6403	-1
6404	-1
6405	-1
6406	13247.49
6407	-1
6408	-1
6409	-1
6410	-1
6411	-1
6412	13251.599
6413	-1
6414	-1
6415	13256.107
6416	-1
6417	-1
6418	13260.212
6419	-1
6420	-1
6421	13264.315
6422	-1
6423	-1
6424	13268.826
6425	-1
6426	-1
6427	-1
6428	-1
6429	-1
6430	13272.931
6431	-1
6432	-1
6433	-1
6434	-1
6435	-1
6436	13277.444
6437	-1
6438	-1
6439	13281.548
6440	-1
6441	-1
6442	-1
6443	-1
6444	-1
6445	13286.059
6446	-1
6447	-1
6448	13290.163
6449	-1
6450	-1
6451	-1
6452	-1
6453	-1
6454	13294.675
6455	-1
6456	-1
6457	-1
6458	-1
6459	-1
6460	13298.781
6461	-1
6462	-1
6463	13303.284
6464	-1
6465	-1
6466	-1
6467	-1
6468	-1
6469	13307.396
6470	-1
6471	-1
6472	13311.909
6473	-1
6474	-1
6475	-1
6476	-1
6477	-1
6478	13316.011
6479	-1
6480	-1
6481	-1
6482	-1
6483	-1
6484	13320.524
6485	-1
6486	-1
6487	13324.628
6488	-1
6489	-1
6490	13328.731
6491	-1
6492	-1
6493	-1
6494	-1
6495	-1
6496	13333.244
6497	-1
6498	-1
6499	-1
6500	-1
6501	-1
6502	13337.348
6503	-1
6504	-1
6505	-1
6506	-1
6507	-1
6508	13341.86
6509	-1
6510	-1
6511	13345.964
6512	-1
6513	-1
6514	13350.477
6515	-1
6516	-1
6517	-1
6518	-1
6519	-1
6520	13354.58
6521	-1
6522	-1
6523	-1
6524	-1
6525	-1
6526	13359.092
6527	-1
6528	-1
6529	-1
6530	-1
6531	-1
6532	13363.196
6533	-1
6534	-1
6535	13367.708
6536	-1
6537	-1
6538	13371.813
6539	-1
6540	-1
6541	-1
6542	-1
6543	-1
6544	13376.324
6545	-1
6546	-1
6547	-1
6548	-1
6549	-1
6550	13380.429
6551	-1
6552	-1
6553	13384.942
6554	-1
6555	-1
6556	-1
6557	-1
6558	-1
6559	13389.044
6560	-1
6561	-1
6562	13393.111
6563	-1
6564	-1
6565	-1
6566	-1
6567	-1
6568	13397.622
6569	-1
6570	-1
6571	-1
6572	-1
6573	-1
6574	13401.726
6575	-1
6576	-1
6577	-1
6578	-1
6579	-1
6580	13406.237
6581	-1
6582	-1
6583	13410.341
6584	-1
6585	-1
6586	13414.854
6587	-1
6588	-1
6589	-1
6590	-1
6591	-1
6592	13418.958
6593	-1
6594	-1
6595	-1
6596	-1
6597	-1
6598	13423.47
6599	-1
6600	-1
6601	13427.573
6602	-1
6603	-1
6604	-1
6605	-1
6606	-1
6607	13432.086
6608	-1
6609	-1
6610	13436.19
6611	-1
6612	-1
6613	-1
6614	-1
6615	-1
6616	13440.71
6617	-1
6618	-1
6619	-1
6620	-1
6621	-1
6622	13444.811
6623	-1
6624	-1
6625	13449.322
6626	-1
6627	-1
6628	-1
6629	-1
6630	-1
6631	13453.426
6632	-1
6633	-1
6634	13457.936
6635	-1
6636	-1
6637	-1
6638	-1
6639	-1
6640	13462.041
6641	-1
6642	-1
6643	-1
6644	-1
6645	-1
6646	13466.144
6647	-1
6648	-1
6649	-1
6650	-1
6651	-1
6652	13470.656
6653	-1
6654	-1
6655	13474.761
6656	-1
6657	-1
6658	13479.273
6659	-1
6660	-1
6661	-1
6662	-1
6663	-1
6664	13483.377
6665	-1
6666	-1
6667	13487.889
6668	-1
6669	-1
6670	-1
6671	-1
6672	-1
6673	13491.995
6674	-1
6675	-1
6676	-1
6677	-1
6678	-1
6679	13496.515
6680	-1
6681	-1
6682	13500.61
6683	-1
6684	-1
6685	13505.121
6686	-1
6687	-1
6688	-1
6689	-1
6690	-1
6691	13509.227
6692	-1
6693	-1
6694	-1
6695	-1
6696	-1
6697	13513.739
6698	-1
6699	-1
6700	-1
6701	-1
6702	-1
6703	13517.841
6704	-1
6705	-1
6706	13522.356
6707	-1
6708	-1
6709	-1
6710	-1
6711	-1
6712	13526.459
6713	-1
6714	-1
6715	13530.562
6716	-1
6717	-1
6718	-1
6719	-1
6720	-1
6721	13535.075
6722	-1
6723	-1
6724	-1
6725	-1
6726	-1
6727	13539.18
6728	-1
6729	-1
6730	13543.698
6731	-1
6732	-1
6733	13547.798
6734	-1
6735	-1
6736	-1
6737	-1
6738	-1
6739	13552.309
6740	-1
6741	-1
6742	-1
6743	-1
6744	-1
6745	13556.429
6746	-1
6747	-1
6748	-1
6749	-1
6750	-1
6751	13560.947
6752	-1
6753	-1
6754	13565.04
6755	-1
6756	-1
6757	13569.541
6758	-1
6759	-1
6760	-1
6761	-1
6762	-1
6763	13573.659
6764	-1
6765	-1
6766	-1
6767	-1
6768	-1
6769	13578.169
6770	-1
6771	-1
6772	-1
6773	-1
6774	-1
6775	13582.273
6776	-1
6777	-1
6778	13586.788
6779	-1
6780	-1
6781	13590.892
6782	-1
6783	-1
6784	-1
6785	-1
6786	-1
6787	13594.996
6788	-1
6789	-1
6790	-1
6791	-1
6792	-1
6793	13599.516
6794	-1
6795	-1
6796	13603.607
6797	-1
6798	-1
6799	-1
6800	-1
6801	-1
6802	13608.108
6803	-1
6804	-1
6805	13612.213
6806	-1
6807	-1
6808	-1
6809	-1
6810	-1
6811	13616.72
6812	-1
6813	-1
6814	-1
6815	-1
6816	-1
6817	13620.841
6818	-1
6819	-1
6820	13625.35
6821	-1
6822	-1
6823	-1
6824	-1
6825	-1
6826	13629.441
6827	-1
6828	-1
6829	13633.965
6830	-1
6831	-1
6832	-1
6833	-1
6834	-1
6835	13638.069
6836	-1
6837	-1
6838	-1
6839	-1
6840	-1
6841	13642.581
6842	-1
6843	-1
6844	13646.686
6845	-1
6846	-1
6847	-1
6848	-1
6849	-1
6850	13651.222
6851	-1
6852	-1
6853	13655.328
6854	-1
6855	-1
6856	13659.513
6857	-1
6858	-1
6859	-1
6860	-1
6861	-1
6862	13663.942
6863	-1
6864	-1
6865	13668.045
6866	-1
6867	-1
6868	13672.562
6869	-1
6870	-1
6871	13676.664
6872	-1
6873	-1
6874	13681.176
6875	-1
6876	-1
6877	-1
6878	-1
6879	-1
6880	13685.279
6881	-1
6882	-1
6883	13689.791
6884	-1
6885	-1
6886	-1
6887	-1
6888	-1
6889	13693.894
6890	-1
6891	-1
6892	13698.406
6893	-1
6894	-1
6895	-1
6896	-1
6897	-1
6898	13702.511
6899	-1
6900	-1
6901	-1
6902	-1
6903	-1
6904	13707.023
6905	-1
6906	-1
6907	13711.127
6908	-1
6909	-1
6910	13715.64
6911	-1
6912	-1
6913	13719.75
6914	-1
6915	-1
6916	13724.257
6917	-1
6918	-1
6919	-1
6920	-1
6921	-1
6922	13728.358
6923	-1
6924	-1
6925	13732.465
6926	-1
6927	-1
6928	-1
6929	-1
6930	-1
6931	13736.974
6932	-1
6933	-1
6934	13741.079
6935	-1
6936	-1
6937	13745.591
6938	-1
6939	-1
6940	-1
6941	-1
6942	-1
6943	13749.695
6944	-1
6945	-1
6946	-1
6947	-1
6948	-1
6949	13754.207
6950	-1
6951	-1
6952	13758.311
6953	-1
6954	-1
6955	-1
6956	-1
6957	-1
6958	13762.827
6959	-1
6960	-1
6961	-1
6962	-1
6963	-1
6964	13766.928
6965	-1
6966	-1
6967	13771.44
6968	-1
6969	-1
6970	-1
6971	-1
6972	-1
6973	13775.545
6974	-1
6975	-1
6976	13780.057
6977	-1
6978	-1
6979	-1
6980	-1
6981	-1
6982	13784.16
6983	-1
6984	-1
6985	13788.671
6986	-1
6987	-1
6988	-1
6989	-1
6990	-1
6991	13792.778
6992	-1
6993	-1
6994	-1
6995	-1
6996	-1
6997	13796.884
6998	-1
6999	-1
7000	-1
7001	-1
7002	-1
7003	13801.392
7004	-1
7005	-1
7006	13805.496
7007	-1
7008	-1
7009	13810.009
7010	-1
7011	-1
7012	-1
7013	-1
7014	-1
7015	13814.112
7016	-1
7017	-1
7018	-1
7019	-1
7020	-1
7021	13818.623
7022	-1
7023	-1
7024	13822.73
7025	-1
7026	-1
7027	-1
7028	-1
7029	-1
7030	13827.24
7031	-1
7032	-1
7033	13831.344
7034	-1
7035	-1
7036	-1
7037	-1
7038	-1
7039	13835.856
7040	-1
7041	-1
7042	-1
7043	-1
7044	-1
7045	13839.962
7046	-1
7047	-1
7048	13844.472
7049	-1
7050	-1
7051	-1
7052	-1
7053	-1
7054	13848.577
7055	-1
7056	-1
7057	13853.089
7058	-1
7059	-1
7060	-1
7061	-1
7062	-1
7063	13857.193
7064	-1
7065	-1
7066	-1
7067	-1
7068	-1
7069	13861.298
7070	-1
7071	-1
7072	-1
7073	-1
7074	-1
7075	13865.809
7076	-1
7077	-1
7078	13869.912
7079	-1
7080	-1
7081	13874.424
7082	-1
7083	-1
7084	-1
7085	-1
7086	-1
7087	13878.53
7088	-1
7089	-1
7090	-1
7091	-1
7092	-1
7093	13883.042
7094	-1
7095	-1
7096	13887.146
7097	-1
7098	-1
7099	-1
7100	-1
7101	-1
7102	13891.657
7103	-1
7104	-1
7105	-1
7106	-1
7107	-1
7108	13895.76
7109	-1
7110	-1
7111	13900.273
7112	-1
7113	-1
7114	-1
7115	-1
7116	-1
7117	13904.378
7118	-1
7119	-1
7120	-1
7121	-1
7122	-1
7123	13908.889
7124	-1
7125	-1
7126	13912.993
7127	-1
7128	-1
7129	-1
7130	-1
7131	-1
7132	13917.505
7133	-1
7134	-1
7135	13921.609
7136	-1
7137	-1
7138	-1
7139	-1
7140	-1
7141	13925.712
7142	-1
7143	-1
7144	-1
7145	-1
7146	-1
7147	13930.225
7148	-1
7149	-1
7150	13934.33
7151	-1
7152	-1
7153	-1
7154	-1
7155	-1
7156	13938.841
7157	-1
7158	-1
7159	13942.946
7160	-1
7161	-1
7162	-1
7163	-1
7164	-1
7165	13947.458
7166	-1
7167	-1
7168	-1
7169	-1
7170	-1
7171	13951.562
7172	-1
7173	-1
7174	13956.073
7175	-1
7176	-1
7177	-1
7178	-1
7179	-1
7180	13960.178
7181	-1
7182	-1
7183	13964.691
7184	-1
7185	-1
7186	-1
7187	-1
7188	-1
7189	13968.794
7190	-1
7191	-1
7192	-1
7193	-1
7194	-1
7195	13973.31
7196	-1
7197	-1
7198	13977.41
7199	-1
7200	-1
7201	-1
7202	-1
7203	-1
7204	13981.922
7205	-1
7206	-1
7207	13986.026
7208	-1
7209	-1
7210	-1
7211	-1
7212	-1
7213	13990.537
7214	-1
7215	-1
7216	-1
7217	-1
7218	-1
7219	13994.642
7220	-1
7221	-1
7222	13998.747
7223	-1
7224	-1
7225	-1
7226	-1
7227	-1
7228	14003.258
7229	-1
7230	-1
7231	14007.367
7232	-1
7233	-1
7234	-1
7235	-1
7236	-1
7237	14011.874
7238	-1
7239	-1
7240	-1
7241	-1
7242	-1
7243	14015.978
7244	-1
7245	-1
7246	-1
7247	-1
7248	-1
7249	14020.491
7250	-1
7251	-1
7252	14024.595
7253	-1
7254	-1
7255	14029.107
7256	-1
7257	-1
7258	-1
7259	-1
7260	-1
7261	14033.209
7262	-1
7263	-1
7264	-1
7265	-1
7266	-1
7267	14037.722
7268	-1
7269	-1
7270	14041.827
7271	-1
7272	-1
7273	-1
7274	-1
7275	-1
7276	14046.338
7277	-1
7278	-1
7279	14050.448
7280	-1
7281	-1
7282	-1
7283	-1
7284	-1
7285	14054.955
7286	-1
7287	-1
7288	-1
7289	-1
7290	-1
7291	14059.059
7292	-1
7293	-1
7294	14063.161
7295	-1
7296	-1
7297	-1
7298	-1
7299	-1
7300	14067.674
7301	-1
7302	-1
7303	14071.778
7304	-1
7305	-1
7306	-1
7307	-1
7308	-1
7309	14076.293
7310	-1
7311	-1
7312	-1
7313	-1
7314	-1
7315	14080.395
7316	-1
7317	-1
7318	14084.907
7319	-1
7320	-1
7321	-1
7322	-1
7323	-1
7324	14089.011
7325	-1
7326	-1
7327	14093.524
7328	-1
7329	-1
7330	-1
7331	-1
7332	-1
7333	14097.626
7334	-1
7335	-1
7336	-1
7337	-1
7338	-1
7339	14102.138
7340	-1
7341	-1
7342	14106.242
7343	-1
7344	-1
7345	14110.756
7346	-1
7347	-1
7348	14114.86
7349	-1
7350	-1
7351	14119.371
7352	-1
7353	-1
7354	-1
7355	-1
7356	-1
7357	14123.475
7358	-1
7359	-1
7360	14127.579
7361	-1
7362	-1
7363	-1
7364	-1
7365	-1
7366	14132.09
7367	-1
7368	-1
7369	-1
7370	-1
7371	-1
7372	14136.197
7373	-1
7374	-1
7375	14140.708
7376	-1
7377	-1
7378	-1
7379	-1
7380	-1
7381	14144.811
7382	-1
7383	-1
7384	14149.323
7385	-1
7386	-1
7387	-1
7388	-1
7389	-1
7390	14153.428
7391	-1
7392	-1
7393	-1
7394	-1
7395	-1
7396	14157.939
7397	-1
7398	-1
7399	14162.046
7400	-1
7401	-1
7402	14166.558
7403	-1
7404	-1
7405	-1
7406	-1
7407	-1
7408	14170.66
7409	-1
7410	-1
7411	-1
7412	-1
7413	-1
7414	14175.172
7415	-1
7416	-1
7417	-1
7418	-1
7419	-1
7420	14179.276
7421	-1
7422	-1
7423	14183.792
7424	-1
7425	-1
7426	-1
7427	-1
7428	-1
7429	14187.891
7430	-1
7431	-1
7432	14191.997
7433	-1
7434	-1
7435	14196.509
7436	-1
7437	-1
7438	14200.611
7439	-1
7440	-1
7441	-1
7442	-1
7443	-1
7444	14205.125
7445	-1
7446	-1
7447	-1
7448	-1
7449	-1
7450	14209.228
7451	-1
7452	-1
7453	14213.74
7454	-1
7455	-1
7456	-1
7457	-1
7458	-1
7459	14217.85
7460	-1
7461	-1
7462	14222.357
7463	-1
7464	-1
7465	-1
7466	-1
7467	-1
7468	14226.461
7469	-1
7470	-1
7471	-1
7472	-1
7473	-1
7474	14230.974
7475	-1
7476	-1
7477	14235.075
7478	-1
7479	-1
7480	14239.587
7481	-1
7482	-1
7483	-1
7484	-1
7485	-1
7486	14243.692
7487	-1
7488	-1
7489	-1
7490	-1
7491	-1
7492	14248.204
7493	-1
7494	-1
7495	-1
7496	-1
7497	-1
7498	14252.309
7499	-1
7500	-1
7501	14256.821
7502	-1
7503	-1
7504	-1
7505	-1
7506	-1
7507	14260.929
7508	-1
7509	-1
7510	14265.028
7511	-1
7512	-1
7513	-1
7514	-1
7515	-1
7516	14269.54
7517	-1
7518	-1
7519	-1
7520	-1
7521	-1
7522	14273.647
7523	-1
7524	-1
7525	14278.158
7526	-1
7527	-1
7528	-1
7529	-1
7530	-1
7531	14282.261
7532	-1
7533	-1
7534	14286.774
7535	-1
7536	-1
7537	-1
7538	-1
7539	-1
7540	14290.877
7541	-1
7542	-1
7543	-1
7544	-1
7545	-1
7546	14295.389
7547	-1
7548	-1
7549	14299.492
7550	-1
7551	-1
7552	-1
7553	-1
7554	-1
7555	14304.004
7556	-1
7557	-1
7558	14308.11
7559	-1
7560	-1
7561	-1
7562	-1
7563	-1
7564	14312.622
7565	-1
7566	-1
7567	-1
7568	-1
7569	-1
7570	14316.724
7571	-1
7572	-1
7573	14321.237
7574	-1
7575	-1
7576	14325.341
7577	-1
7578	-1
7579	14329.447
7580	-1
7581	-1
7582	14333.959
7583	-1
7584	-1
7585	14338.063
7586	-1
7587	-1
7588	14342.574
7589	-1
7590	-1
7591	14346.677
7592	-1
7593	-1
7594	14351.191
7595	-1
7596	-1
7597	-1
7598	-1
7599	-1
7600	14355.294
7601	-1
7602	-1
7603	14359.806
7604	-1
7605	-1
7606	14363.911
7607	-1
7608	-1
7609	14368.422
7610	-1
7611	-1
7612	14372.526
7613	-1
7614	-1
7615	14377.038
7616	-1
7617	-1
7618	14381.142
7619	-1
7620	-1
7621	14385.654
7622	-1
7623	-1
7624	14389.758
7625	-1
7626	-1
7627	14393.826
7628	-1
7629	-1
7630	14398.339
7631	-1
7632	-1
7633	14402.442
7634	-1
7635	-1
7636	14406.953
7637	-1
7638	-1
7639	14411.058
7640	-1
7641	-1
7642	14415.568
7643	-1
7644	-1
7645	14419.673
7646	-1
7647	-1
7648	14424.186
7649	-1
7650	-1
7651	14428.29
7652	-1
7653	-1
7654	-1
7655	-1
7656	-1
7657	14432.803
7658	-1
7659	-1
7660	-1
7661	-1
7662	-1
7663	14436.905
7664	-1
7665	-1
7666	14441.422
7667	-1
7668	-1
7669	14445.527
7670	-1
7671	-1
7672	-1
7673	-1
7674	-1
7675	14450.034
7676	-1
7677	-1
7678	-1
7679	-1
7680	-1
7681	14454.139
7682	-1
7683	-1
7684	-1
7685	-1
7686	-1
7687	14458.244
7688	-1
7689	-1
7690	14462.756
7691	-1
7692	-1
7693	14466.857
7694	-1
7695	-1
7696	-1
7697	-1
7698	-1
7699	14471.38
7700	-1
7701	-1
7702	-1
7703	-1
7704	-1
7705	14475.475
7706	-1
7707	-1
7708	-1
7709	-1
7710	-1
7711	14479.987
7712	-1
7713	-1
7714	14484.091
7715	-1
7716	-1
7717	14488.603
7718	-1
7719	-1
7720	-1
7721	-1
7722	-1
7723	14492.708
7724	-1
7725	-1
7726	-1
7727	-1
7728	-1
7729	14497.224
7730	-1
7731	-1
7732	14501.325
7733	-1
7734	-1
7735	-1
7736	-1
7737	-1
7738	14505.837
7739	-1
7740	-1
7741	14509.94
7742	-1
7743	-1
7744	-1
7745	-1
7746	-1
7747	14514.453
7748	-1
7749	-1
7750	-1
7751	-1
7752	-1
7753	14518.557
7754	-1
7755	-1
7756	14523.069
7757	-1
7758	-1
7759	-1
7760	-1
7761	-1
7762	14527.173
7763	-1
7764	-1
7765	14531.28
7766	-1
7767	-1
7768	-1
7769	-1
7770	-1
7771	14535.789
7772	-1
7773	-1
7774	-1
7775	-1
7776	-1
7777	14539.892
7778	-1
7779	-1
7780	-1
7781	-1
7782	-1
7783	14544.404
7784	-1
7785	-1
7786	14548.512
7787	-1
7788	-1
7789	14553.024
7790	-1
7791	-1
7792	-1
7793	-1
7794	-1
7795	14557.129
7796	-1
7797	-1
7798	14561.64
7799	-1
7800	-1
7801	14565.747
7802	-1
7803	-1
7804	14570.277
7805	-1
7806	-1
7807	14574.38
7808	-1
7809	-1
7810	14578.883
7811	-1
7812	-1
7813	-1
7814	-1
7815	-1
7816	14582.986
7817	-1
7818	-1
7819	14587.511
7820	-1
7821	-1
7822	14591.603
7823	-1
7824	-1
7825	14595.708
7826	-1
7827	-1
7828	14600.221
7829	-1
7830	-1
7831	-1
7832	-1
7833	-1
7834	14604.323
7835	-1
7836	-1
7837	14608.833
7838	-1
7839	-1
7840	14612.936
7841	-1
7842	-1
7843	-1
7844	-1
7845	-1
7846	14617.443
7847	-1
7848	-1
7849	14621.543
7850	-1
7851	-1
7852	-1
7853	-1
7854	-1
7855	14626.068
7856	-1
7857	-1
7858	-1
7859	-1
7860	-1
7861	14630.169
7862	-1
7863	-1
7864	14634.672
7865	-1
7866	-1
7867	-1
7868	-1
7869	-1
7870	14638.774
7871	-1
7872	-1
7873	14643.296
7874	-1
7875	-1
7876	-1
7877	-1
7878	-1
7879	14647.485
7880	-1
7881	-1
7882	14651.915
7883	-1
7884	-1
7885	-1
7886	-1
7887	-1
7888	14656.043
7889	-1
7890	-1
7891	14660.144
7892	-1
7893	-1
7894	14664.657
7895	-1
7896	-1
7897	-1
7898	-1
7899	-1
7900	14668.76
7901	-1
7902	-1
7903	14673.271
7904	-1
7905	-1
7906	-1
7907	-1
7908	-1
7909	14677.376
7910	-1
7911	-1
7912	14681.889
7913	-1
7914	-1
7915	-1
7916	-1
7917	-1
7918	14685.998
7919	-1
7920	-1
7921	-1
7922	-1
7923	-1
7924	14690.505
7925	-1
7926	-1
7927	14694.609
7928	-1
7929	-1
7930	14699.12
7931	-1
7932	-1
7933	-1
7934	-1
7935	-1
7936	14703.226
7937	-1
7938	-1
7939	-1
7940	-1
7941	-1
7942	14707.739
7943	-1
7944	-1
7945	-1
7946	-1
7947	-1
7948	14711.841
7949	-1
7950	-1
7951	14716.353
7952	-1
7953	-1
7954	-1
7955	-1
7956	-1
7957	14720.457
7958	-1
7959	-1
7960	14724.562
7961	-1
7962	-1
7963	14729.073
7964	-1
7965	-1
7966	14733.178
7967	-1
7968	-1
7969	14737.69
7970	-1
7971	-1
7972	14741.795
7973	-1
7974	-1
7975	14746.305
7976	-1
7977	-1
7978	14750.409
7979	-1
7980	-1
7981	14754.922
7982	-1
7983	-1
7984	14759.027
7985	-1
7986	-1
7987	14763.538
7988	-1
7989	-1
7990	14767.643
7991	-1
7992	-1
7993	14772.154
7994	-1
7995	-1
7996	14776.258
7997	-1
7998	-1
7999	-1
8000	-1
8001	-1
8002	14780.769
8003	-1
8004	-1
8005	-1
8006	-1
8007	-1
8008	14784.874
8009	-1
8010	-1
8011	14789.385
8012	-1
8013	-1
8014	-1
8015	-1
8016	-1
8017	14793.49
8018	-1
8019	-1
8020	14797.594
8021	-1
8022	-1
8023	-1
8024	-1
8025	-1
8026	14802.106
8027	-1
8028	-1
8029	-1
8030	-1
8031	-1
8032	14806.212
8033	-1
8034	-1
8035	14810.722
8036	-1
8037	-1
8038	14814.826
8039	-1
8040	-1
8041	-1
8042	-1
8043	-1
8044	14819.338
8045	-1
8046	-1
8047	-1
8048	-1
8049	-1
8050	14823.443
8051	-1
8052	-1
8053	-1
8054	-1
8055	-1
8056	14827.954
8057	-1
8058	-1
8059	14832.059
8060	-1
8061	-1
8062	14836.571
8063	-1
8064	-1
8065	-1
8066	-1
8067	-1
8068	14840.674
8069	-1
8070	-1
8071	-1
8072	-1
8073	-1
8074	14845.186
8075	-1
8076	-1
8077	-1
8078	-1
8079	-1
8080	14849.294
8081	-1
8082	-1
8083	14853.803
8084	-1
8085	-1
8086	-1
8087	-1
8088	-1
8089	14857.906
8090	-1
8091	-1
8092	14862.011
8093	-1
8094	-1
8095	-1
8096	-1
8097	-1
8098	14866.523
8099	-1
8100	-1
8101	-1
8102	-1
8103	-1
8104	14870.626
8105	-1
8106	-1
8107	14875.139
8108	-1
8109	-1
8110	-1
8111	-1
8112	-1
8113	14879.243
8114	-1
8115	-1
8116	14883.755
8117	-1
8118	-1
8119	-1
8120	-1
8121	-1
8122	14887.859
8123	-1
8124	-1
8125	-1
8126	-1
8127	-1
8128	14892.372
8129	-1
8130	-1
8131	14896.475
8132	-1
8133	-1
8134	-1
8135	-1
8136	-1
8137	14900.987
8138	-1
8139	-1
8140	14905.09
8141	-1
8142	-1
8143	-1
8144	-1
8145	-1
8146	14909.603
8147	-1
8148	-1
8149	-1
8150	-1
8151	-1
8152	14913.707
8153	-1
8154	-1
8155	14918.22
8156	-1
8157	-1
8158	14922.322
8159	-1
8160	-1
8161	-1
8162	-1
8163	-1
8164	14926.428
8165	-1
8166	-1
8167	-1
8168	-1
8169	-1
8170	14930.941
8171	-1
8172	-1
8173	14935.043
8174	-1
8175	-1
8176	-1
8177	-1
8178	-1
8179	14939.554
8180	-1
8181	-1
8182	14943.659
8183	-1
8184	-1
8185	-1
8186	-1
8187	-1
8188	14948.172
8189	-1
8190	-1
8191	-1
8192	-1
8193	-1
8194	14952.275
8195	-1
8196	-1
8197	14956.787
8198	-1
8199	-1
8200	-1
8201	-1
8202	-1
8203	14960.893
8204	-1
8205	-1
8206	14965.404
8207	-1
8208	-1
8209	-1
8210	-1
8211	-1
8212	14969.507
8213	-1
8214	-1
8215	-1
8216	-1
8217	-1
8218	14974.019
8219	-1
8220	-1
8221	14978.124
8222	-1
8223	-1
8224	-1
8225	-1
8226	-1
8227	14982.636
8228	-1
8229	-1
8230	14986.74
8231	-1
8232	-1
8233	-1
8234	-1
8235	-1
8236	14990.844
8237	-1
8238	-1
8239	-1
8240	-1
8241	-1
8242	14995.356
8243	-1
8244	-1
8245	14999.459
8246	-1
8247	-1
8248	-1
8249	-1
8250	-1
8251	15003.971
8252	-1
8253	-1
8254	15008.076
8255	-1
8256	-1
8257	-1
8258	-1
8259	-1
8260	15012.588
8261	-1
8262	-1
8263	-1
8264	-1
8265	-1
8266	15016.697
8267	-1
8268	-1
8269	15021.205
8270	-1
8271	-1
8272	-1
8273	-1
8274	-1
8275	15025.308
8276	-1
8277	-1
8278	15029.821
8279	-1
8280	-1
8281	-1
8282	-1
8283	-1
8284	15033.924
8285	-1
8286	-1
8287	-1
8288	-1
8289	-1
8290	15038.435
8291	-1
8292	-1
8293	15042.541
8294	-1
8295	-1
8296	-1
8297	-1
8298	-1
8299	15047.053
8300	-1
8301	-1
8302	15051.157
8303	-1
8304	-1
8305	-1
8306	-1
8307	-1
8308	15055.669
8309	-1
8310	-1
8311	-1
8312	-1
8313	-1
8314	15059.775
8315	-1
8316	-1
8317	-1
8318	-1
8319	-1
8320	15063.876
8321	-1
8322	-1
8323	15068.388
8324	-1
8325	-1
8326	-1
8327	-1
8328	-1
8329	15072.493
8330	-1
8331	-1
8332	15077.005
8333	-1
8334	-1
8335	-1
8336	-1
8337	-1
8338	15081.109
8339	-1
8340	-1
8341	-1
8342	-1
8343	-1
8344	15085.622
8345	-1
8346	-1
8347	15089.725
8348	-1
8349	-1
8350	-1
8351	-1
8352	-1
8353	15094.236
8354	-1
8355	-1
8356	15098.34
8357	-1
8358	-1
8359	-1
8360	-1
8361	-1
8362	15102.853
8363	-1
8364	-1
8365	-1
8366	-1
8367	-1
8368	15106.956
8369	-1
8370	-1
8371	15111.468
8372	-1
8373	-1
8374	-1
8375	-1
8376	-1
8377	15115.573
8378	-1
8379	-1
8380	15120.085
8381	-1
8382	-1
8383	15124.188
8384	-1
8385	-1
8386	-1
8387	-1
8388	-1
8389	15128.294
8390	-1
8391	-1
8392	-1
8393	-1
8394	-1
8395	15132.805
8396	-1
8397	-1
8398	15136.908
8399	-1
8400	-1
8401	-1
8402	-1
8403	-1
8404	15141.42
8405	-1
8406	-1
8407	15145.525
8408	-1
8409	-1
8410	-1
8411	-1
8412	-1
8413	15150.042
8414	-1
8415	-1
8416	-1
8417	-1
8418	-1
8419	15154.141
8420	-1
8421	-1
8422	15158.653
8423	-1
8424	-1
8425	-1
8426	-1
8427	-1
8428	15162.757
8429	-1
8430	-1
8431	15167.27
8432	-1
8433	-1
8434	-1
8435	-1
8436	-1
8437	15171.373
8438	-1
8439	-1
8440	-1
8441	-1
8442	-1
8443	15175.886
8444	-1
8445	-1
8446	-1
8447	-1
8448	-1
8449	15179.99
8450	-1
8451	-1
8452	15184.502
8453	-1
8454	-1
8455	-1
8456	-1
8457	-1
8458	15188.607
8459	-1
8460	-1
8461	15192.71
8462	-1
8463	-1
8464	-1
8465	-1
8466	-1
8467	15197.222
8468	-1
8469	-1
8470	15201.325
8471	-1
8472	-1
8473	-1
8474	-1
8475	-1
8476	15205.837
8477	-1
8478	-1
8479	15209.942
8480	-1
8481	-1
8482	-1
8483	-1
8484	-1
8485	15214.455
8486	-1
8487	-1
8488	-1
8489	-1
8490	-1
8491	15218.558
8492	-1
8493	-1
8494	15223.071
8495	-1
8496	-1
8497	-1
8498	-1
8499	-1
8500	15227.178
8501	-1
8502	-1
8503	15231.687
8504	-1
8505	-1
8506	-1
8507	-1
8508	-1
8509	15235.789
8510	-1
8511	-1
8512	-1
8513	-1
8514	-1
8515	15240.301
8516	-1
8517	-1
8518	-1
8519	-1
8520	-1
8521	15244.406
8522	-1
8523	-1
8524	15248.919
8525	-1
8526	-1
8527	15253.024
8528	-1
8529	-1
8530	-1
8531	-1
8532	-1
8533	15257.126
8534	-1
8535	-1
8536	-1
8537	-1
8538	-1
8539	15261.639
8540	-1
8541	-1
8542	15265.742
8543	-1
8544	-1
8545	-1
8546	-1
8547	-1
8548	15270.257
8549	-1
8550	-1
8551	15274.359
8552	-1
8553	-1
8554	-1
8555	-1
8556	-1
8557	15278.87
8558	-1
8559	-1
8560	-1
8561	-1
8562	-1
8563	15282.975
8564	-1
8565	-1
8566	-1
8567	-1
8568	-1
8569	15287.486
8570	-1
8571	-1
8572	15291.59
8573	-1
8574	-1
8575	-1
8576	-1
8577	-1
8578	15296.104
8579	-1
8580	-1
8581	15300.208
8582	-1
8583	-1
8584	-1
8585	-1
8586	-1
8587	15304.72
8588	-1
8589	-1
8590	-1
8591	-1
8592	-1
8593	15308.823
8594	-1
8595	-1
8596	15313.334
8597	-1
8598	-1
8599	-1
8600	-1
8601	-1
8602	15317.442
8603	-1
8604	-1
8605	15321.952
8606	-1
8607	-1
8608	-1
8609	-1
8610	-1
8611	15326.055
8612	-1
8613	-1
8614	-1
8615	-1
8616	-1
8617	15330.159
8618	-1
8619	-1
8620	-1
8621	-1
8622	-1
8623	15334.671
8624	-1
8625	-1
8626	15338.775
8627	-1
8628	-1
8629	15343.287
8630	-1
8631	-1
8632	-1
8633	-1
8634	-1
8635	15347.391
8636	-1
8637	-1
8638	-1
8639	-1
8640	-1
8641	15351.903
8642	-1
8643	-1
8644	-1
8645	-1
8646	-1
8647	15356.008
8648	-1
8649	-1
8650	15360.52
8651	-1
8652	-1
8653	-1
8654	-1
8655	-1
8656	15364.623
8657	-1
8658	-1
8659	15369.135
8660	-1
8661	-1
8662	-1
8663	-1
8664	-1
8665	15373.239
8666	-1
8667	-1
8668	-1
8669	-1
8670	-1
8671	15377.751
8672	-1
8673	-1
8674	15381.856
8675	-1
8676	-1
8677	-1
8678	-1
8679	-1
8680	15386.367
8681	-1
8682	-1
8683	15390.472
8684	-1
8685	-1
8686	-1
8687	-1
8688	-1
8689	15394.571
8690	-1
8691	-1
8692	-1
8693	-1
8694	-1
8695	15399.064
8696	-1
8697	-1
8698	15403.167
8699	-1
8700	-1
8701	-1
8702	-1
8703	-1
8704	15407.677
8705	-1
8706	-1
8707	15411.782
8708	-1
8709	-1
8710	-1
8711	-1
8712	-1
8713	15416.294
8714	-1
8715	-1
8716	-1
8717	-1
8718	-1
8719	15420.398
8720	-1
8721	-1
8722	15424.91
8723	-1
8724	-1
8725	-1
8726	-1
8727	-1
8728	15429.014
8729	-1
8730	-1
8731	-1
8732	-1
8733	-1
8734	15433.526
8735	-1
8736	-1
8737	15437.632
8738	-1
8739	-1
8740	-1
8741	-1
8742	-1
8743	15442.158
8744	-1
8745	-1
8746	-1
8747	-1
8748	-1
8749	15446.243
8750	-1
8751	-1
8752	15450.756
8753	-1
8754	-1
8755	15454.858
8756	-1
8757	-1
8758	-1
8759	-1
8760	-1
8761	15458.961
8762	-1
8763	-1
8764	-1
8765	-1
8766	-1
8767	15463.471
8768	-1
8769	-1
8770	-1
8771	-1
8772	-1
8773	15467.576
8774	-1
8775	-1
8776	15472.089
8777	-1
8778	-1
8779	-1
8780	-1
8781	-1
8782	15476.193
8783	-1
8784	-1
8785	15480.706
8786	-1
8787	-1
8788	-1
8789	-1
8790	-1
8791	15484.809
8792	-1
8793	-1
8794	-1
8795	-1
8796	-1
8797	15489.324
8798	-1
8799	-1
8800	15493.426
8801	-1
8802	-1
8803	-1
8804	-1
8805	-1
8806	15497.958
8807	-1
8808	-1
8809	15502.058
8810	-1
8811	-1
8812	-1
8813	-1
8814	-1
8815	15506.571
8816	-1
8817	-1
8818	-1
8819	-1
8820	-1
8821	15510.674
8822	-1
8823	-1
8824	15515.185
8825	-1
8826	-1
8827	15519.29
8828	-1
8829	-1
8830	-1
8831	-1
8832	-1
8833	15523.382
8834	-1
8835	-1
8836	-1
8837	-1
8838	-1
8839	15527.906
8840	-1
8841	-1
8842	15532.009
8843	-1
8844	-1
8845	-1
8846	-1
8847	-1
8848	15536.523
8849	-1
8850	-1
8851	15540.626
8852	-1
8853	-1
8854	-1
8855	-1
8856	-1
8857	15545.14
8858	-1
8859	-1
8860	-1
8861	-1
8862	-1
8863	15549.256
8864	-1
8865	-1
8866	15553.746
8867	-1
8868	-1
8869	-1
8870	-1
8871	-1
8872	15557.862
8873	-1
8874	-1
8875	15562.36
8876	-1
8877	-1
8878	-1
8879	-1
8880	-1
8881	15566.467
8882	-1
8883	-1
8884	-1
8885	-1
8886	-1
8887	15570.971
8888	-1
8889	-1
8890	-1
8891	-1
8892	-1
8893	15575.084
8894	-1
8895	-1
8896	15579.596
8897	-1
8898	-1
8899	-1
8900	-1
8901	-1
8902	15583.699
8903	-1
8904	-1
8905	15588.212
8906	-1
8907	-1
8908	-1
8909	-1
8910	-1
8911	15592.317
8912	-1
8913	-1
8914	-1
8915	-1
8916	-1
8917	15596.42
8918	-1
8919	-1
8920	15600.933
8921	-1
8922	-1
8923	-1
8924	-1
8925	-1
8926	15605.038
8927	-1
8928	-1
8929	15609.552
8930	-1
8931	-1
8932	-1
8933	-1
8934	-1
8935	15613.64
8936	-1
8937	-1
8938	-1
8939	-1
8940	-1
8941	15618.151
8942	-1
8943	-1
8944	15622.274
8945	-1
8946	-1
8947	15626.783
8948	-1
8949	-1
8950	-1
8951	-1
8952	-1
8953	15630.886
8954	-1
8955	-1
8956	-1
8957	-1
8958	-1
8959	15635.505
8960	-1
8961	-1
8962	-1
8963	-1
8964	-1
8965	15639.497
8966	-1
8967	-1
8968	15644.007
8969	-1
8970	-1
8971	-1
8972	-1
8973	-1
8974	15648.103
8975	-1
8976	-1
8977	15652.623
8978	-1
8979	-1
8980	-1
8981	-1
8982	-1
8983	15656.718
8984	-1
8985	-1
8986	-1
8987	-1
8988	-1
8989	15660.855
8990	-1
8991	-1
8992	15665.369
8993	-1
8994	-1
8995	-1
8996	-1
8997	-1
8998	15669.475
8999	-1
9000	-1
9001	15673.986
9002	-1
9003	-1
9004	-1
9005	-1
9006	-1
9007	15678.089
9008	-1
9009	-1
9010	-1
9011	-1
9012	-1
9013	15682.602
9014	-1
9015	-1
9016	15686.705
9017	-1
9018	-1
9019	15691.217
9020	-1
9021	-1
9022	-1
9023	-1
9024	-1
9025	15695.321
9026	-1
9027	-1
9028	-1
9029	-1
9030	-1
9031	15699.833
9032	-1
9033	-1
9034	-1
9035	-1
9036	-1
9037	15703.939
9038	-1
9039	-1
9040	15708.451
9041	-1
9042	-1
9043	-1
9044	-1
9045	-1
9046	15712.552
9047	-1
9048	-1
9049	15717.068
9050	-1
9051	-1
9052	-1
9053	-1
9054	-1
9055	15721.169
9056	-1
9057	-1
9058	-1
9059	-1
9060	-1
9061	15725.275
9062	-1
9063	-1
9064	15729.787
9065	-1
9066	-1
9067	-1
9068	-1
9069	-1
9070	15733.891
9071	-1
9072	-1
9073	15738.407
9074	-1
9075	-1
9076	-1
9077	-1
9078	-1
9079	15742.505
9080	-1
9081	-1
9082	-1
9083	-1
9084	-1
9085	15747.017
9086	-1
9087	-1
9088	15751.121
9089	-1
9090	-1
9091	-1
9092	-1
9093	-1
9094	15755.634
9095	-1
9096	-1
9097	15759.739
9098	-1
9099	-1
9100	-1
9101	-1
9102	-1
9103	15764.251
9104	-1
9105	-1
9106	-1
9107	-1
9108	-1
9109	15768.355
9110	-1
9111	-1
9112	15772.867
9113	-1
9114	-1
9115	-1
9116	-1
9117	-1
9118	15776.969
9119	-1
9120	-1
9121	15781.485
9122	-1
9123	-1
9124	-1
9125	-1
9126	-1
9127	15785.588
9128	-1
9129	-1
9130	-1
9131	-1
9132	-1
9133	15789.691
9134	-1
9135	-1
9136	-1
9137	-1
9138	-1
9139	15794.204
9140	-1
9141	-1
9142	15798.308
9143	-1
9144	-1
9145	15802.819
9146	-1
9147	-1
9148	-1
9149	-1
9150	-1
9151	15806.922
9152	-1
9153	-1
9154	-1
9155	-1
9156	-1
9157	15811.433
9158	-1
9159	-1
9160	15815.539
9161	-1
9162	-1
9163	-1
9164	-1
9165	-1
9166	15820.052
9167	-1
9168	-1
9169	15824.155
9170	-1
9171	-1
9172	-1
9173	-1
9174	-1
9175	15828.667
9176	-1
9177	-1
9178	-1
9179	-1
9180	-1
9181	15832.771
9182	-1
9183	-1
9184	15837.283
9185	-1
9186	-1
9187	-1
9188	-1
9189	-1
9190	15841.389
9191	-1
9192	-1
9193	15845.9
9194	-1
9195	-1
9196	-1
9197	-1
9198	-1
9199	15850.004
9200	-1
9201	-1
9202	-1
9203	-1
9204	-1
9205	15854.516
9206	-1
9207	-1
9208	-1
9209	-1
9210	-1
9211	15858.623
9212	-1
9213	-1
9214	15862.728
9215	-1
9216	-1
9217	15867.235
9218	-1
9219	-1
9220	-1
9221	-1
9222	-1
9223	15871.34
9224	-1
9225	-1
9226	-1
9227	-1
9228	-1
9229	15875.853
9230	-1
9231	-1
9232	-1
9233	-1
9234	-1
9235	15879.956
9236	-1
9237	-1
9238	15884.467
9239	-1
9240	-1
9241	15888.571
9242	-1
9243	-1
9244	-1
9245	-1
9246	-1
9247	15893.085
9248	-1
9249	-1
9250	-1
9251	-1
9252	-1
9253	15897.188
9254	-1
9255	-1
9256	15901.706
9257	-1
9258	-1
9259	-1
9260	-1
9261	-1
9262	15905.804
9263	-1
9264	-1
9265	15910.317
9266	-1
9267	-1
9268	-1
9269	-1
9270	-1
9271	15914.42
9272	-1
9273	-1
9274	-1
9275	-1
9276	-1
9277	15918.931
9278	-1
9279	-1
9280	-1
9281	-1
9282	-1
9283	15923.036
9284	-1
9285	-1
9286	15927.134
9287	-1
9288	-1
9289	15931.653
9290	-1
9291	-1
9292	-1
9293	-1
9294	-1
9295	15935.757
9296	-1
9297	-1
9298	15940.269
9299	-1
9300	-1
9301	-1
9302	-1
9303	-1
9304	15944.373
9305	-1
9306	-1
9307	15948.884
9308	-1
9309	-1
9310	-1
9311	-1
9312	-1
9313	15952.989
9314	-1
9315	-1
9316	-1
9317	-1
9318	-1
9319	15957.501
9320	-1
9321	-1
9322	15961.606
9323	-1
9324	-1
9325	-1
9326	-1
9327	-1
9328	15966.117
9329	-1
9330	-1
9331	15970.221
9332	-1
9333	-1
9334	-1
9335	-1
9336	-1
9337	15974.733
9338	-1
9339	-1
9340	-1
9341	-1
9342	-1
9343	15978.837
9344	-1
9345	-1
9346	15983.349
9347	-1
9348	-1
9349	-1
9350	-1
9351	-1
9352	15987.453
9353	-1
9354	-1
9355	15991.558
9356	-1
9357	-1
9358	-1
9359	-1
9360	-1
9361	15996.069
9362	-1
9363	-1
9364	-1
9365	-1
9366	-1
9367	16000.173
9368	-1
9369	-1
9370	-1
9371	-1
9372	-1
9373	16004.685
9374	-1
9375	-1
9376	16008.788
9377	-1
9378	-1
9379	16013.303
9380	-1
9381	-1
9382	-1
9383	-1
9384	-1
9385	16017.404
9386	-1
9387	-1
9388	16021.917
9389	-1
9390	-1
9391	16026.023
9392	-1
9393	-1
9394	-1
9395	-1
9396	-1
9397	16030.534
9398	-1
9399	-1
9400	-1
9401	-1
9402	-1
9403	16034.637
9404	-1
9405	-1
9406	16039.143
9407	-1
9408	-1
9409	-1
9410	-1
9411	-1
9412	16043.254
9413	-1
9414	-1
9415	16047.767
9416	-1
9417	-1
9418	-1
9419	-1
9420	-1
9421	16051.871
9422	-1
9423	-1
9424	-1
9425	-1
9426	-1
9427	16055.973
9428	-1
9429	-1
9430	-1
9431	-1
9432	-1
9433	16060.486
9434	-1
9435	-1
9436	16064.59
9437	-1
9438	-1
9439	-1
9440	-1
9441	-1
9442	16069.101
9443	-1
9444	-1
9445	16073.207
9446	-1
9447	-1
9448	-1
9449	-1
9450	-1
9451	16077.718
9452	-1
9453	-1
9454	-1
9455	-1
9456	-1
9457	16081.821
9458	-1
9459	-1
9460	16086.333
9461	-1
9462	-1
9463	16090.437
9464	-1
9465	-1
9466	-1
9467	-1
9468	-1
9469	16094.951
9470	-1
9471	-1
9472	-1
9473	-1
9474	-1
9475	16099.054
9476	-1
9477	-1
9478	16103.567
9479	-1
9480	-1
9481	-1
9482	-1
9483	-1
9484	16107.67
9485	-1
9486	-1
9487	-1
9488	-1
9489	-1
9490	16112.188
9491	-1
9492	-1
9493	16116.286
9494	-1
9495	-1
9496	-1
9497	-1
9498	-1
9499	16120.797
9500	-1
9501	-1
9502	-1
9503	-1
9504	-1
9505	16124.901
9506	-1
9507	-1
9508	16129.008
9509	-1
9510	-1
9511	-1
9512	-1
9513	-1
9514	16133.519
9515	-1
9516	-1
9517	16137.623
9518	-1
9519	-1
9520	-1
9521	-1
9522	-1
9523	16142.134
9524	-1
9525	-1
9526	-1
9527	-1
9528	-1
9529	16146.238
9530	-1
9531	-1
9532	16150.75
9533	-1
9534	-1
9535	-1
9536	-1
9537	-1
9538	16154.855
9539	-1
9540	-1
9541	16159.368
9542	-1
9543	-1
9544	-1
9545	-1
9546	-1
9547	16163.471
9548	-1
9549	-1
9550	-1
9551	-1
9552	-1
9553	16167.983
9554	-1
9555	-1
9556	16172.087
9557	-1
9558	-1
9559	16176.598
9560	-1
9561	-1
9562	-1
9563	-1
9564	-1
9565	16180.702
9566	-1
9567	-1
9568	-1
9569	-1
9570	-1
9571	16185.215
9572	-1
9573	-1
9574	-1
9575	-1
9576	-1
9577	16189.319
9578	-1
9579	-1
9580	16193.425
9581	-1
9582	-1
9583	-1
9584	-1
9585	-1
9586	16197.935
9587	-1
9588	-1
9589	16202.039
9590	-1
9591	-1
9592	-1
9593	-1
9594	-1
9595	16206.552
9596	-1
9597	-1
9598	-1
9599	-1
9600	-1
9601	16210.656
9602	-1
9603	-1
9604	16215.162
9605	-1
9606	-1
9607	-1
9608	-1
9609	-1
9610	16219.272
9611	-1
9612	-1
9613	16223.783
9614	-1
9615	-1
9616	-1
9617	-1
9618	-1
9619	16227.886
9620	-1
9621	-1
9622	-1
9623	-1
9624	-1
9625	16232.399
9626	-1
9627	-1
9628	16236.514
9629	-1
9630	-1
9631	-1
9632	-1
9633	-1
9634	16241.021
9635	-1
9636	-1
9637	16245.126
9638	-1
9639	-1
9640	-1
9641	-1
9642	-1
9643	16249.638
9644	-1
9645	-1
9646	-1
9647	-1
9648	-1
9649	16253.74
9650	-1
9651	-1
9652	16257.843
9653	-1
9654	-1
9655	-1
9656	-1
9657	-1
9658	16262.356
9659	-1
9660	-1
9661	16266.462
9662	-1
9663	-1
9664	-1
9665	-1
9666	-1
9667	16270.973
9668	-1
9669	-1
9670	-1
9671	-1
9672	-1
9673	16275.078
9674	-1
9675	-1
9676	-1
9677	-1
9678	-1
9679	16279.59
9680	-1
9681	-1
9682	16283.694
9683	-1
9684	-1
9685	16288.204
9686	-1
9687	-1
9688	-1
9689	-1
9690	-1
9691	16292.308
9692	-1
9693	-1
9694	-1
9695	-1
9696	-1
9697	16296.821
9698	-1
9699	-1
9700	-1
9701	-1
9702	-1
9703	16300.926
9704	-1
9705	-1
9706	16305.437
9707	-1
9708	-1
9709	16309.542
9710	-1
9711	-1
9712	-1
9713	-1
9714	-1
9715	16314.054
9716	-1
9717	-1
9718	-1
9719	-1
9720	-1
9721	16318.142
9722	-1
9723	-1
9724	16322.261
9725	-1
9726	-1
9727	-1
9728	-1
9729	-1
9730	16326.773
9731	-1
9732	-1
9733	16330.878
9734	-1
9735	-1
9736	-1
9737	-1
9738	-1
9739	16335.391
9740	-1
9741	-1
9742	16339.493
9743	-1
9744	-1
9745	-1
9746	-1
9747	-1
9748	16344.006
9749	-1
9750	-1
9751	16348.109
9752	-1
9753	-1
9754	-1
9755	-1
9756	-1
9757	16352.621
9758	-1
9759	-1
9760	16356.726
9761	-1
9762	-1
9763	-1
9764	-1
9765	-1
9766	16361.239
9767	-1
9768	-1
9769	16365.342
9770	-1
9771	-1
9772	-1
9773	-1
9774	-1
9775	16369.853
9776	-1
9777	-1
9778	16373.958
9779	-1
9780	-1
9781	-1
9782	-1
9783	-1
9784	16378.471
9785	-1
9786	-1
9787	-1
9788	-1
9789	-1
9790	16382.574
9791	-1
9792	-1
9793	16387.085
9794	-1
9795	-1
9796	16391.182
9797	-1
9798	-1
9799	-1
9800	-1
9801	-1
9802	16395.293
9803	-1
9804	-1
9805	-1
9806	-1
9807	-1
9808	16399.783
9809	-1
9810	-1
9811	16403.891
9812	-1
9813	-1
9814	-1
9815	-1
9816	-1
9817	16408.401
9818	-1
9819	-1
9820	16412.498
9821	-1
9822	-1
9823	16417.011
9824	-1
9825	-1
9826	16421.117
9827	-1
9828	-1
9829	-1
9830	-1
9831	-1
9832	16425.628
9833	-1
9834	-1
9835	-1
9836	-1
9837	-1
9838	16429.732
9839	-1
9840	-1
9841	16434.246
9842	-1
9843	-1
9844	-1
9845	-1
9846	-1
9847	16438.351
9848	-1
9849	-1
9850	16442.863
9851	-1
9852	-1
9853	-1
9854	-1
9855	-1
9856	16446.975
9857	-1
9858	-1
9859	-1
9860	-1
9861	-1
9862	16451.489
9863	-1
9864	-1
9865	16455.567
9866	-1
9867	-1
9868	-1
9869	-1
9870	-1
9871	16459.671
9872	-1
9873	-1
9874	16464.183
9875	-1
9876	-1
9877	-1
9878	-1
9879	-1
9880	16468.286
9881	-1
9882	-1
9883	-1
9884	-1
9885	-1
9886	16472.801
9887	-1
9888	-1
9889	16476.903
9890	-1
9891	-1
9892	-1
9893	-1
9894	-1
9895	16481.413
9896	-1
9897	-1
9898	16485.518
9899	-1
9900	-1
9901	-1
9902	-1
9903	-1
9904	16490.03
9905	-1
9906	-1
9907	-1
9908	-1
9909	-1
9910	16494.134
9911	-1
9912	-1
9913	16498.648
9914	-1
9915	-1
9916	-1
9917	-1
9918	-1
9919	16502.775
9920	-1
9921	-1
9922	16507.272
9923	-1
9924	-1
9925	-1
9926	-1
9927	-1
9928	16511.368
9929	-1
9930	-1
9931	-1
9932	-1
9933	-1
9934	16515.879
9935	-1
9936	-1
9937	-1
9938	-1
9939	-1
9940	16519.983
9941	-1
9942	-1
9943	16524.088
9944	-1
9945	-1
9946	-1
9947	-1
9948	-1
9949	16528.598
9950	-1
9951	-1
9952	16532.704
9953	-1
9954	-1
9955	-1
9956	-1
9957	-1
9958	16537.216
9959	-1
9960	-1
9961	-1
9962	-1
9963	-1
9964	16541.319
9965	-1
9966	-1
9967	16545.831
9968	-1
9969	-1
9970	16549.941
9971	-1
9972	-1
9973	-1
9974	-1
9975	-1
9976	16554.456
9977	-1
9978	-1
9979	-1
9980	-1
9981	-1
9982	16558.576
9983	-1
9984	-1
9985	-1
9986	-1
9987	-1
9988	16563.077
9989	-1
9990	-1
9991	16567.174
9992	-1
9993	-1
9994	-1
9995	-1
9996	-1
9997	16571.681
9998	-1
9999	-1
10000	16575.79
10001	16580.296
10002	16584.4
10003	16588.503
10004	16593.016
10005	16597.119
10006	16601.632
10007	16605.733
10008	16610.249
10009	16614.351
10010	16618.876
10011	16622.968
10012	16627.487
10013	16631.594
10014	16636.098
10015	16640.201
10016	16645.221
