1	4017.141
2	4021.243
3	4025.347
4	4029.858
5	4033.961
6	4038.473
7	4042.577
8	4047.089
9	4051.194
10	4055.705
11	4059.815
12	4064.321
13	4068.426
14	4072.94
15	4077.042
16	4081.554
17	4085.66
18	4089.762
19	4094.274
20	4098.377
21	4102.891
22	4106.994
23	4111.506
24	4115.61
25	4120.122
26	4124.226
27	4128.741
28	4132.844
29	4137.355
30	4141.458
31	4145.97
32	4150.074
33	4154.18
34	4158.691
35	4162.796
36	4167.301
37	4171.412
38	4175.923
39	4180.027
40	4184.538
41	4188.643
42	4193.159
43	4197.259
44	4201.772
45	4205.874
46	4210.387
47	4214.491
48	4218.595
49	4223.108
50	4227.216
51	4231.725
52	4235.826
53	4240.339
54	4244.443
55	4248.957
56	4253.059
57	4257.573
58	4261.676
59	4266.189
60	4270.292
61	4274.804
62	4278.908
63	4283.013
64	4287.524
65	4291.628
66	4296.141
67	4300.243
68	4304.755
69	4308.861
70	4313.372
71	4317.476
72	4321.988
73	4326.093
74	4330.604
75	4334.709
76	4339.221
77	4343.318
78	4347.836
79	4351.94
80	4356.044
81	4360.557
82	4364.661
83	4369.174
84	4373.277
85	4377.789
86	4381.893
87	4386.406
88	4390.509
89	4395.021
90	4399.125
91	4403.638
92	4407.742
93	4412.254
94	4416.357
95	4420.462
96	4424.974
97	4429.078
98	4433.59
99	4437.696
100	4442.205
101	4446.31
102	4450.822
103	4454.925
104	4459.437
105	4463.543
106	4468.054
107	4472.157
108	4476.669
109	4480.775
110	4484.877
111	4489.389
112	4493.494
113	4498.007
114	4502.11
115	4506.622
116	4510.726
117	4515.238
118	4519.335
119	4523.853
120	4527.962
121	4532.47
122	4536.575
123	4541.085
124	4545.191
125	4549.294
126	4553.807
127	4557.911
128	4562.423
129	4566.526
130	4571.041
131	4575.142
132	4579.654
133	4583.758
134	4588.27
135	4592.376
136	4596.887
137	4600.99
138	4605.503
139	4609.607
140	4614.122
141	4618.224
142	4622.328
143	4626.839
144	4630.943
145	4635.454
146	4639.559
147	4644.071
148	4648.176
149	4652.688
150	4656.791
151	4661.304
152	4665.407
153	4669.919
154	4674.024
155	4678.536
156	4682.64
157	4686.718
158	4691.231
159	4695.333
160	4699.845
161	4703.951
162	4708.463
163	4712.567
164	4717.079
165	4721.183
166	4725.701
167	4729.824
168	4734.31
169	4738.408
170	4742.921
171	4747.026
172	4751.128
173	4755.64
174	4759.745
175	4764.258
176	4768.362
177	4772.876
178	4776.98
179	4781.491
180	4785.622
181	4790.121
182	4794.229
183	4798.739
184	4802.841
185	4807.377
186	4811.505
187	4815.562
188	4820.075
189	4824.179
190	4828.687
191	4832.79
192	4837.303
193	4841.416
194	4845.903
195	4850.027
196	4854.543
197	4858.641
198	4863.149
199	4867.249
200	4871.761
201	4875.868
202	4880.381
203	4884.485
204	4888.59
205	4893.102
206	4897.204
207	4901.715
208	4905.839
209	4910.336
210	4914.435
211	4918.951
212	4923.051
213	4927.614
214	4931.668
215	4936.194
216	4940.283
217	4944.818
218	4948.926
219	4953.025
220	4957.538
221	4961.642
222	4966.154
223	4970.257
224	4974.77
225	4978.875
226	4983.38
227	4987.491
228	4992.009
229	4996.107
230	5000.62
231	5004.721
232	5009.234
233	5013.338
234	5017.443
235	5021.956
236	5026.061
237	5030.571
238	5034.673
239	5039.186
240	5043.291
241	5047.803
242	5051.908
243	5056.42
244	5060.523
245	5065.035
246	5069.142
247	5073.65
248	5077.755
249	5081.86
250	5086.371
251	5090.476
252	5094.988
253	5099.092
254	5103.604
255	5107.708
256	5112.22
257	5116.325
258	5120.835
259	5124.939
260	5129.45
261	5133.557
262	5138.068
263	5142.172
264	5146.685
265	5150.788
266	5154.892
267	5159.399
268	5163.508
269	5168.021
270	5172.124
271	5176.636
272	5180.74
273	5185.253
274	5189.357
275	5193.87
276	5197.973
277	5202.485
278	5206.588
279	5211.101
280	5215.204
281	5219.31
282	5223.822
283	5227.925
284	5232.437
285	5236.544
286	5241.052
287	5245.157
288	5249.67
289	5253.773
290	5258.285
291	5262.389
292	5266.901
293	5271.005
294	5275.517
295	5279.617
296	5283.726
297	5288.237
298	5292.341
299	5296.854
300	5300.959
301	5305.472
302	5309.573
303	5314.086
304	5318.189
305	5322.703
306	5326.805
307	5331.318
308	5335.416
309	5339.935
310	5344.038
311	5348.142
312	5352.653
313	5356.759
314	5361.27
315	5365.376
316	5369.891
317	5373.99
318	5378.502
319	5382.607
320	5387.117
321	5391.223
322	5395.735
323	5399.84
324	5404.352
325	5408.454
326	5412.967
327	5417.071
328	5421.176
329	5425.688
330	5429.792
331	5434.303
332	5438.407
333	5442.918
334	5447.027
335	5451.536
336	5455.64
337	5460.151
338	5464.255
339	5468.767
340	5472.874
341	5477.385
342	5481.487
343	5485.591
344	5490.107
345	5494.207
346	5498.72
347	5502.824
348	5507.336
349	5511.434
350	5515.954
351	5520.055
352	5524.568
353	5528.674
354	5533.184
355	5537.289
356	5541.8
357	5545.903
358	5550.007
359	5554.52
360	5558.624
361	5563.136
362	5567.241
363	5571.753
364	5575.856
365	5580.368
366	5584.475
367	5588.984
368	5593.088
369	5597.602
370	5601.706
371	5606.217
372	5610.32
373	5614.429
374	5618.937
375	5623.041
376	5627.553
377	5631.658
378	5636.169
379	5640.273
380	5644.785
381	5648.89
382	5653.402
383	5657.51
384	5662.016
385	5666.121
386	5670.636
387	5674.738
388	5679.25
389	5683.354
390	5687.471
391	5691.932
392	5696.036
393	5700.548
394	5704.653
395	5709.165
396	5713.268
397	5717.78
398	5721.884
399	5726.396
400	5730.501
401	5735.021
402	5739.119
403	5743.638
404	5747.733
405	5751.837
406	5756.351
407	5760.456
408	5764.967
409	5769.071
410	5773.585
411	5777.687
412	5782.203
413	5786.306
414	5790.818
415	5794.921
416	5799.432
417	5803.536
418	5808.049
419	5812.15
420	5816.257
421	5820.769
422	5824.872
423	5829.385
424	5833.493
425	5838.005
426	5842.142
427	5846.64
428	5850.725
429	5855.237
430	5859.353
431	5863.863
432	5867.965
433	5872.48
434	5876.583
435	5880.687
436	5885.2
437	5889.303
438	5893.814
439	5897.917
440	5902.418
441	5906.522
442	5911.046
443	5915.149
444	5919.66
445	5923.767
446	5928.268
447	5932.381
448	5936.892
449	5941.021
450	5945.532
451	5949.635
452	5953.74
453	5958.254
454	5962.356
455	5966.869
456	5970.975
457	5975.485
458	5979.588
459	5984.099
460	5988.206
461	5992.717
462	5996.82
463	6001.333
464	6005.437
465	6009.95
466	6014.053
467	6018.157
468	6022.669
469	6026.773
470	6031.285
471	6035.392
472	6039.901
473	6044.005
474	6048.517
475	6052.621
476	6057.133
477	6061.238
478	6065.75
479	6069.854
480	6074.366
481	6078.473
482	6082.575
483	6087.085
484	6091.19
485	6095.702
486	6099.806
487	6104.319
488	6108.421
489	6112.933
490	6117.039
491	6121.551
492	6125.659
493	6130.166
494	6134.271
495	6138.782
496	6142.885
497	6146.99
498	6151.502
499	6155.606
500	6160.119
501	6164.223
502	6168.735
503	6172.837
504	6177.35
505	6181.454
506	6185.966
507	6190.071
508	6194.584
509	6198.687
510	6203.199
511	6207.302
512	6211.818
513	6215.918
514	6220.023
515	6224.535
516	6228.638
517	6233.151
518	6237.254
519	6241.766
520	6245.875
521	6250.382
522	6254.487
523	6259.002
524	6263.102
525	6267.615
526	6271.721
527	6276.232
528	6280.335
529	6284.44
530	6288.956
531	6293.055
532	6297.567
533	6301.672
534	6306.184
535	6310.287
536	6316.394
537	6321.413
538	6325.518
539	6330.031
540	6334.135
541	6338.647
542	6342.751
543	6347.262
544	6351.367
545	6355.879
546	6359.982
547	6364.495
548	6368.598
549	6373.11
550	6377.215
551	6381.319
552	6385.83
553	6389.934
554	6394.446
555	6398.55
556	6403.063
557	6407.168
558	6411.679
559	6415.782
560	6420.296
561	6424.399
562	6428.911
563	6433.017
564	6437.528
565	6441.632
566	6446.144
567	6450.246
568	6454.355
569	6458.863
570	6462.967
571	6467.48
572	6471.584
573	6476.096
574	6480.199
575	6484.71
576	6488.817
577	6493.328
578	6497.437
579	6501.944
580	6506.048
581	6510.56
582	6514.663
583	6518.768
584	6523.28
585	6527.384
586	6531.896
587	6536.0
588	6540.512
589	6544.615
590	6549.129
591	6553.232
592	6557.737
593	6561.849
594	6566.36
595	6570.464
596	6574.976
597	6579.081
598	6583.183
599	6587.703
600	6591.801
601	6596.313
602	6600.416
603	6604.928
604	6609.032
605	6613.546
606	6617.648
607	6622.16
608	6626.266
609	6630.781
610	6634.881
611	6639.393
612	6643.497
613	6647.601
614	6652.112
615	6656.218
616	6660.729
617	6664.839
618	6669.346
619	6673.449
620	6677.962
621	6682.065
622	6686.579
623	6690.645
624	6695.157
625	6699.26
626	6703.772
627	6707.877
628	6712.388
629	6716.948
630	6721.052
631	6725.156
632	6729.67
633	6733.779
634	6738.291
635	6742.393
636	6746.903
637	6751.007
638	6755.52
639	6759.622
640	6764.135
641	6768.239
642	6772.819
643	6777.331
644	6781.434
645	6785.951
646	6790.054
647	6794.564
648	6798.668
649	6802.771
650	6807.283
651	6811.487
652	6815.908
653	6820.004
654	6824.516
655	6828.62
656	6833.132
657	6837.236
658	6841.752
659	6845.858
660	6850.368
661	6854.471
662	6859.005
663	6863.09
664	6867.608
665	6871.715
666	6875.817
667	6880.33
668	6884.434
669	6888.948
670	6893.05
671	6897.564
672	6901.67
673	6906.178
674	6910.269
675	6914.787
676	6918.885
677	6923.399
678	6927.504
679	6932.014
680	6936.122
681	6940.232
682	6944.743
683	6948.847
684	6953.383
685	6957.488
686	6962.0
687	6966.104
688	6970.617
689	6974.719
690	6979.232
691	6983.33
692	6987.849
693	6991.952
694	6996.464
695	7000.568
696	7004.675
697	7009.184
698	7013.288
699	7017.801
700	7021.904
701	7026.418
702	7030.52
703	7035.033
704	7039.137
705	7043.65
706	7047.752
707	7052.265
708	7056.369
709	7060.881
710	7064.985
711	7069.089
712	7073.602
713	7077.705
714	7082.217
715	7086.321
716	7090.834
717	7094.938
718	7099.449
719	7103.554
720	7108.067
721	7112.169
722	7116.682
723	7120.786
724	7125.296
725	7129.402
726	7133.917
727	7138.018
728	7142.121
729	7146.633
730	7150.738
731	7155.25
732	7159.347
733	7163.866
734	7167.97
735	7172.483
736	7176.585
737	7181.098
738	7185.202
739	7189.716
740	7193.819
741	7198.33
742	7202.434
743	7206.537
744	7211.049
745	7215.155
746	7219.666
747	7223.77
748	7228.282
749	7232.386
750	7236.899
751	7241.003
752	7245.514
753	7249.618
754	7254.13
755	7258.237
756	7262.747
757	7266.851
758	7270.954
759	7275.466
760	7279.571
761	7284.083
762	7288.187
763	7292.698
764	7296.803
765	7301.32
766	7305.419
767	7309.93
768	7314.036
769	7318.548
770	7322.651
771	7327.163
772	7331.267
773	7335.364
774	7339.884
775	7343.987
776	7348.499
777	7352.603
778	7357.116
779	7361.221
780	7365.732
781	7369.834
782	7374.346
783	7378.451
784	7382.964
785	7387.068
786	7391.582
787	7395.685
788	7400.195
789	7404.299
790	7408.404
791	7412.916
792	7417.02
793	7421.532
794	7425.638
795	7430.148
796	7434.251
797	7438.763
798	7442.869
799	7447.374
800	7451.485
801	7455.997
802	7460.093
803	7464.613
804	7468.724
805	7472.82
806	7477.332
807	7481.437
808	7485.949
809	7490.052
810	7494.564
811	7498.669
812	7503.182
813	7507.285
814	7511.801
815	7515.901
816	7520.412
817	7524.518
818	7529.031
819	7533.134
820	7537.237
821	7541.748
822	7545.859
823	7550.364
824	7554.47
825	7558.981
826	7563.085
827	7567.598
828	7571.701
829	7576.214
830	7580.318
831	7584.831
832	7588.936
833	7593.447
834	7597.542
835	7601.653
836	7606.164
837	7610.27
838	7614.782
839	7618.887
840	7623.391
841	7627.501
842	7632.014
843	7636.121
844	7640.631
845	7644.735
846	7649.247
847	7653.351
848	7657.862
849	7661.966
850	7666.477
851	7670.584
852	7675.127
853	7679.237
854	7683.744
855	7687.847
856	7692.334
857	7696.439
858	7700.951
859	7705.055
860	7709.567
861	7713.671
862	7717.777
863	7722.289
864	7726.393
865	7730.904
866	7735.02
867	7739.653
868	7743.633
869	7748.145
870	7752.25
871	7756.763
872	7760.864
873	7765.378
874	7769.483
875	7773.998
876	7778.103
877	7782.206
878	7786.718
879	7790.814
880	7795.317
881	7799.51
882	7803.946
883	7808.051
884	7812.563
885	7816.668
886	7821.18
887	7825.283
888	7829.798
889	7833.904
890	7838.417
891	7842.498
892	7846.629
893	7851.115
894	7855.217
895	7859.745
896	7863.847
897	7868.368
898	7872.463
899	7876.973
900	7881.078
901	7885.589
902	7889.696
903	7894.209
904	7898.311
905	7902.811
906	7906.912
907	7911.482
908	7915.539
909	7919.645
910	7924.158
911	7928.259
912	7932.761
913	7936.865
914	7941.385
915	7945.505
916	7950.016
917	7954.117
918	7958.644
919	7962.747
920	7967.259
921	7971.365
922	7975.878
923	7979.98
924	7984.084
925	7988.597
926	7992.7
927	7997.211
928	8001.315
929	8005.828
930	8009.936
931	8014.444
932	8018.547
933	8023.059
934	8027.164
935	8031.675
936	8035.78
937	8040.292
938	8044.396
939	8048.501
940	8053.012
941	8057.119
942	8061.627
943	8065.733
944	8070.246
945	8074.348
946	8078.86
947	8082.964
948	8087.476
949	8091.581
950	8096.095
951	8100.197
952	8104.709
953	8108.812
954	8112.917
955	8117.428
956	8121.534
957	8126.047
958	8130.149
959	8134.661
960	8138.764
961	8143.278
962	8147.381
963	8151.893
964	8155.998
965	8160.509
966	8164.613
967	8169.125
968	8173.228
969	8177.741
970	8181.846
971	8185.95
972	8190.464
973	8194.565
974	8199.077
975	8203.182
976	8207.694
977	8211.797
978	8216.31
979	8220.417
980	8224.926
981	8229.029
982	8233.543
983	8237.646
984	8242.158
985	8246.262
986	8250.367
987	8254.877
988	8258.985
989	8263.495
990	8267.598
991	8272.11
992	8276.214
993	8280.726
994	8284.83
995	8289.344
996	8293.447
997	8297.96
998	8302.063
999	8306.575
1000	8310.679
1001	8314.783
1002	-1
1003	8319.295
1004	8323.399
1005	-1
1006	8327.911
1007	8332.014
1008	-1
1009	8336.527
1010	8340.63
1011	-1
1012	8345.142
1013	-1
1014	-1
1015	8349.247
1016	-1
1017	-1
1018	8353.763
1019	8357.864
1020	-1
1021	8362.376
1022	8366.479
1023	-1
1024	8370.99
1025	8375.095
1026	-1
1027	8379.199
1028	8383.711
1029	-1
1030	8387.818
1031	8392.328
1032	-1
1033	8396.43
1034	-1
1035	-1
1036	8400.943
1037	-1
1038	-1
1039	8405.048
1040	8409.56
1041	-1
1042	8413.664
1043	-1
1044	-1
1045	8418.175
1046	-1
1047	-1
1048	8422.28
1049	-1
1050	-1
1051	8426.791
1052	8430.902
1053	-1
1054	8435.407
1055	-1
1056	-1
1057	8439.512
1058	8444.024
1059	-1
1060	8448.127
1061	-1
1062	-1
1063	8452.232
1064	8456.744
1065	-1
1066	8460.847
1067	8465.359
1068	-1
1069	8469.464
1070	8473.982
1071	-1
1072	8478.084
1073	-1
1074	-1
1075	8482.592
1076	-1
1077	-1
1078	8486.697
1079	8491.21
1080	-1
1081	8495.313
1082	-1
1083	-1
1084	8499.824
1085	-1
1086	-1
1087	8503.929
1088	-1
1089	-1
1090	8508.44
1091	8512.544
1092	-1
1093	8516.65
1094	8521.165
1095	-1
1096	8525.265
1097	-1
1098	-1
1099	8529.776
1100	8533.88
1101	8538.393
1102	8542.496
1103	8547.008
1104	-1
1105	8551.114
1106	8555.625
1107	-1
1108	8559.728
1109	8564.246
1110	8568.345
1111	8572.857
1112	-1
1113	-1
1114	8576.962
1115	-1
1116	-1
1117	8581.065
1118	-1
1119	-1
1120	8585.578
1121	-1
1122	-1
1123	8589.68
1124	8594.192
1125	-1
1126	8598.3
1127	-1
1128	-1
1129	8602.809
1130	8606.914
1131	-1
1132	8611.425
1133	8615.528
1134	-1
1135	8620.041
1136	-1
1137	-1
1138	8624.144
1139	-1
1140	-1
1141	8628.656
1142	-1
1143	-1
1144	8632.761
1145	8637.274
1146	8641.378
1147	8645.485
1148	-1
1149	-1
1150	8649.995
1151	-1
1152	-1
1153	8654.096
1154	-1
1155	-1
1156	8658.608
1157	-1
1158	-1
1159	8662.714
1160	8667.227
1161	-1
1162	8671.33
1163	-1
1164	-1
1165	8675.842
1166	8679.947
1167	8684.459
1168	8688.98
1169	8693.087
1170	-1
1171	8697.19
1172	8701.704
1173	-1
1174	8705.805
1175	-1
1176	-1
1177	8710.319
1178	-1
1179	-1
1180	8714.424
1181	-1
1182	-1
1183	8718.936
1184	-1
1185	-1
1186	8723.041
1187	8727.555
1188	-1
1189	8731.657
1190	-1
1191	-1
1192	8736.171
1193	8740.278
1194	8744.79
1195	8748.893
1196	8753.406
1197	-1
1198	8757.509
1199	-1
1200	-1
1201	8761.612
1202	8766.126
1203	-1
1204	8770.233
1205	8774.746
1206	-1
1207	8778.849
1208	8783.361
1209	-1
1210	8787.464
1211	-1
1212	-1
1213	8791.959
1214	8796.078
1215	-1
1216	8800.591
1217	-1
1218	-1
1219	8804.695
1220	8809.207
1221	-1
1222	8813.311
1223	8817.823
1224	-1
1225	8821.929
1226	8826.035
1227	-1
1228	8830.547
1229	8834.651
1230	-1
1231	8839.146
1232	-1
1233	-1
1234	8843.267
1235	8847.774
1236	-1
1237	8851.862
1238	8856.382
1239	8860.479
1240	8865.002
1241	-1
1242	-1
1243	8869.105
1244	8873.617
1245	-1
1246	8877.721
1247	-1
1248	-1
1249	8882.232
1250	-1
1251	-1
1252	8886.339
1253	8890.444
1254	-1
1255	8894.959
1256	8899.048
1257	8903.567
1258	8907.669
1259	-1
1260	-1
1261	8912.182
1262	8916.286
1263	-1
1264	8920.801
1265	-1
1266	-1
1267	8924.905
1268	8929.415
1269	8933.518
1270	8938.02
1271	8942.133
1272	8946.661
1273	8950.761
1274	8955.285
1275	8959.379
1276	8963.505
1277	8968.006
1278	8972.111
1279	8976.624
1280	8980.726
1281	8985.242
1282	8989.342
1283	-1
1284	-1
1285	8993.854
1286	8997.959
1287	-1
1288	9002.473
1289	9006.576
1290	-1
1291	9011.088
1292	-1
1293	-1
1294	9015.191
1295	9019.702
1296	-1
1297	9023.808
1298	-1
1299	-1
1300	9027.912
1301	9032.424
1302	-1
1303	9036.528
1304	9041.04
1305	9045.144
1306	9049.655
1307	9053.761
1308	9058.271
1309	9062.376
1310	9066.888
1311	-1
1312	9070.992
1313	-1
1314	-1
1315	9075.504
1316	-1
1317	-1
1318	9079.607
1319	-1
1320	-1
1321	9084.118
1322	-1
1323	-1
1324	9088.225
1325	9092.327
1326	-1
1327	9096.84
1328	-1
1329	-1
1330	9100.944
1331	-1
1332	-1
1333	9105.458
1334	9109.561
1335	9114.073
1336	9118.177
1337	9122.688
1338	9126.792
1339	9131.305
1340	9135.408
1341	-1
1342	9139.921
1343	-1
1344	-1
1345	9144.026
1346	9148.536
1347	-1
1348	9152.641
1349	-1
1350	-1
1351	9156.744
1352	9161.256
1353	-1
1354	9165.363
1355	-1
1356	-1
1357	9169.875
1358	-1
1359	-1
1360	9173.977
1361	-1
1362	-1
1363	9178.489
1364	9182.592
1365	-1
1366	9187.105
1367	-1
1368	-1
1369	9191.208
1370	9195.724
1371	9199.825
1372	9204.337
1373	-1
1374	-1
1375	9208.442
1376	-1
1377	-1
1378	9212.953
1379	-1
1380	-1
1381	9217.057
1382	9221.568
1383	-1
1384	9225.673
1385	-1
1386	-1
1387	9229.781
1388	-1
1389	-1
1390	9234.29
1391	9238.396
1392	-1
1393	9242.907
1394	-1
1395	-1
1396	9247.01
1397	-1
1398	-1
1399	9251.523
1400	-1
1401	-1
1402	9255.629
1403	9260.14
1404	-1
1405	9264.243
1406	9268.755
1407	-1
1408	9272.865
1409	-1
1410	-1
1411	9277.372
1412	-1
1413	-1
1414	9281.476
1415	-1
1416	-1
1417	9285.989
1418	9290.092
1419	-1
1420	9294.195
1421	-1
1422	-1
1423	9298.709
1424	-1
1425	-1
1426	9302.811
1427	-1
1428	-1
1429	9307.325
1430	-1
1431	-1
1432	9311.429
1433	9315.946
1434	-1
1435	9320.043
1436	-1
1437	-1
1438	9324.556
1439	-1
1440	-1
1441	9328.659
1442	-1
1443	-1
1444	9333.172
1445	9337.275
1446	-1
1447	9341.79
1448	9345.894
1449	-1
1450	9350.406
1451	9354.508
1452	-1
1453	9358.612
1454	9363.125
1455	-1
1456	9367.229
1457	-1
1458	-1
1459	9371.741
1460	-1
1461	-1
1462	9375.846
1463	-1
1464	-1
1465	9380.357
1466	-1
1467	-1
1468	9384.46
1469	-1
1470	-1
1471	9388.972
1472	-1
1473	-1
1474	9393.076
1475	-1
1476	-1
1477	9397.589
1478	-1
1479	-1
1480	9401.693
1481	9406.207
1482	-1
1483	9410.309
1484	-1
1485	-1
1486	9414.821
1487	9418.924
1488	-1
1489	9423.029
1490	-1
1491	-1
1492	9427.541
1493	-1
1494	-1
1495	9431.646
1496	9436.157
1497	-1
1498	9440.265
1499	-1
1500	-1
1501	9444.774
1502	-1
1503	-1
1504	9448.876
1505	-1
1506	-1
1507	9453.39
1508	-1
1509	-1
1510	9457.494
1511	-1
1512	-1
1513	9462.004
1514	-1
1515	-1
1516	9466.11
1517	-1
1518	-1
1519	9470.622
1520	9474.725
1521	9479.237
1522	9483.345
1523	9487.856
1524	-1
1525	9491.957
1526	-1
1527	-1
1528	9496.061
1529	-1
1530	-1
1531	9500.573
1532	-1
1533	-1
1534	9504.678
1535	-1
1536	-1
1537	9509.192
1538	-1
1539	-1
1540	9513.296
1541	9517.807
1542	-1
1543	9521.909
1544	-1
1545	-1
1546	9526.422
1547	-1
1548	-1
1549	9530.526
1550	9535.038
1551	-1
1552	9539.143
1553	9543.655
1554	-1
1555	9547.759
1556	-1
1557	-1
1558	9552.272
1559	9556.375
1560	-1
1561	9560.477
1562	9564.99
1563	-1
1564	9569.094
1565	9573.606
1566	-1
1567	9577.711
1568	-1
1569	-1
1570	9582.224
1571	9586.327
1572	-1
1573	9590.838
1574	-1
1575	-1
1576	9594.943
1577	9599.455
1578	-1
1579	9603.56
1580	-1
1581	-1
1582	9608.071
1583	-1
1584	-1
1585	9612.175
1586	9616.688
1587	-1
1588	9620.79
1589	-1
1590	-1
1591	9624.895
1592	9629.408
1593	9633.511
1594	9638.023
1595	9642.127
1596	-1
1597	9646.641
1598	9650.739
1599	-1
1600	9655.255
1601	-1
1602	-1
1603	9659.36
1604	-1
1605	-1
1606	9663.871
1607	-1
1608	-1
1609	9667.976
1610	9672.488
1611	-1
1612	9676.591
1613	-1
1614	-1
1615	9681.103
1616	9685.208
1617	-1
1618	9689.311
1619	9693.802
1620	-1
1621	9697.906
1622	-1
1623	-1
1624	9702.42
1625	9706.52
1626	9711.034
1627	9715.138
1628	-1
1629	-1
1630	9719.651
1631	9723.754
1632	-1
1633	9728.268
1634	-1
1635	-1
1636	9732.37
1637	-1
1638	-1
1639	9736.884
1640	9740.992
1641	-1
1642	9745.504
1643	-1
1644	-1
1645	9749.606
1646	-1
1647	-1
1648	9754.118
1649	-1
1650	-1
1651	9758.223
1652	9762.768
1653	-1
1654	9766.874
1655	-1
1656	-1
1657	9771.385
1658	9775.491
1659	9780.003
1660	9784.108
1661	-1
1662	-1
1663	9788.621
1664	9792.724
1665	-1
1666	9797.222
1667	-1
1668	-1
1669	9801.323
1670	9805.44
1671	-1
1672	9809.953
1673	-1
1674	-1
1675	9814.056
1676	9818.568
1677	-1
1678	9822.675
1679	-1
1680	-1
1681	9827.187
1682	-1
1683	-1
1684	9831.291
1685	-1
1686	-1
1687	9835.802
1688	-1
1689	-1
1690	9839.906
1691	9844.42
1692	9848.528
1693	9853.035
1694	9857.135
1695	-1
1696	9861.642
1697	9865.738
1698	-1
1699	9869.846
1700	-1
1701	-1
1702	9874.365
1703	9878.468
1704	-1
1705	9882.981
1706	-1
1707	-1
1708	9887.086
1709	-1
1710	-1
1711	9891.597
1712	9895.702
1713	-1
1714	9900.212
1715	-1
1716	-1
1717	9904.318
1718	9908.819
1719	9912.921
1720	9917.434
1721	9921.548
1722	9926.061
1723	9930.162
1724	-1
1725	-1
1726	9934.267
1727	-1
1728	-1
1729	9938.778
1730	9942.883
1731	-1
1732	9947.47
1733	9951.496
1734	-1
1735	9956.022
1736	-1
1737	-1
1738	9960.139
1739	-1
1740	-1
1741	9964.651
1742	-1
1743	-1
1744	9968.753
1745	9973.265
1746	9977.369
1747	9981.882
1748	-1
1749	-1
1750	9985.985
1751	-1
1752	-1
1753	9990.5
1754	9994.602
1755	-1
1756	9999.115
1757	10003.219
1758	-1
1759	10007.316
1760	-1
1761	-1
1762	10011.834
1763	10015.939
1764	-1
1765	10020.45
1766	-1
1767	-1
1768	10024.555
1769	-1
1770	-1
1771	10029.067
1772	-1
1773	-1
1774	10033.17
1775	-1
1776	-1
1777	10037.682
1778	-1
1779	-1
1780	10041.786
1781	-1
1782	-1
1783	10046.298
1784	-1
1785	-1
1786	10050.404
1787	10054.916
1788	-1
1789	10059.018
1790	-1
1791	-1
1792	10063.531
1793	10067.634
1794	-1
1795	10071.739
1796	10076.252
1797	10080.356
1798	10084.867
1799	-1
1800	-1
1801	10088.972
1802	10093.483
1803	-1
1804	10097.586
1805	-1
1806	-1
1807	10102.098
1808	-1
1809	-1
1810	10106.203
1811	-1
1812	-1
1813	10110.716
1814	-1
1815	-1
1816	10114.819
1817	-1
1818	-1
1819	10119.325
1820	-1
1821	-1
1822	10123.436
1823	10127.948
1824	-1
1825	10132.055
1826	10136.156
1827	-1
1828	10140.668
1829	-1
1830	-1
1831	10144.772
1832	10149.284
1833	-1
1834	10153.387
1835	-1
1836	-1
1837	10157.902
1838	-1
1839	-1
1840	10162.005
1841	-1
1842	-1
1843	10166.517
1844	-1
1845	-1
1846	10170.62
1847	10175.131
1848	-1
1849	10179.236
1850	-1
1851	-1
1852	10183.748
1853	10187.853
1854	-1
1855	10192.366
1856	-1
1857	-1
1858	10196.469
1859	-1
1860	-1
1861	10200.572
1862	-1
1863	-1
1864	10205.083
1865	10209.187
1866	-1
1867	10213.7
1868	10217.805
1869	-1
1870	10222.317
1871	10226.421
1872	-1
1873	10230.933
1874	10235.036
1875	-1
1876	10239.548
1877	-1
1878	-1
1879	10243.652
1880	-1
1881	-1
1882	10248.166
1883	10252.268
1884	10256.781
1885	10260.886
1886	-1
1887	-1
1888	10265.397
1889	-1
1890	-1
1891	10269.5
1892	-1
1893	-1
1894	10273.605
1895	10278.117
1896	-1
1897	10282.221
1898	10286.733
1899	-1
1900	10290.837
1901	10295.343
1902	-1
1903	10299.452
1904	10303.964
1905	-1
1906	10308.07
1907	10312.582
1908	-1
1909	10316.686
1910	-1
1911	-1
1912	10321.198
1913	-1
1914	-1
1915	10325.305
1916	-1
1917	-1
1918	10329.814
1919	10333.919
1920	-1
1921	10338.022
1922	-1
1923	-1
1924	10342.534
1925	-1
1926	-1
1927	10346.638
1928	-1
1929	-1
1930	10351.15
1931	10355.253
1932	10359.765
1933	10363.871
1934	10368.385
1935	-1
1936	10372.487
1937	-1
1938	-1
1939	10376.998
1940	10381.102
1941	-1
1942	10385.614
1943	-1
1944	-1
1945	10389.719
1946	10394.231
1947	-1
1948	10398.335
1949	-1
1950	-1
1951	10402.444
1952	-1
1953	-1
1954	10406.951
1955	-1
1956	-1
1957	10411.054
1958	10415.565
1959	10419.671
1960	10424.183
1961	10428.289
1962	-1
1963	10432.799
1964	10436.903
1965	-1
1966	10441.414
1967	-1
1968	-1
1969	10445.522
1970	10450.032
1971	-1
1972	10454.135
1973	10458.65
1974	-1
1975	10462.751
1976	-1
1977	-1
1978	10466.855
1979	-1
1980	-1
1981	10471.36
1982	10475.471
1983	-1
1984	10479.984
1985	-1
1986	-1
1987	10484.087
1988	10488.6
1989	-1
1990	10492.705
1991	-1
1992	-1
1993	10497.216
1994	-1
1995	-1
1996	10501.321
1997	-1
1998	-1
1999	10505.833
2000	10509.935
2001	-1
2002	10514.447
2003	10518.551
2004	10523.063
2005	10527.168
2006	10531.679
2007	-1
2008	10535.79
2009	-1
2010	-1
2011	10539.887
2012	-1
2013	-1
2014	10544.4
2015	-1
2016	-1
2017	10548.503
2018	10553.015
2019	-1
2020	10557.121
2021	-1
2022	-1
2023	10561.633
2024	-1
2025	-1
2026	10565.737
2027	10570.249
2028	10574.352
2029	10578.868
2030	-1
2031	-1
2032	10582.968
2033	10587.48
2034	10591.585
2035	10596.096
2036	-1
2037	-1
2038	10600.201
2039	10604.304
2040	-1
2041	10608.816
2042	10612.922
2043	-1
2044	10617.433
2045	-1
2046	-1
2047	10621.537
2048	-1
2049	-1
2050	10626.049
2051	10630.154
2052	-1
2053	10634.665
2054	-1
2055	-1
2056	10638.77
2057	10643.28
2058	10647.379
2059	10651.898
2060	10656.002
2061	10660.513
2062	10664.618
2063	10668.721
2064	-1
2065	10673.3
2066	10677.812
2067	-1
2068	10682.325
2069	-1
2070	-1
2071	10686.429
2072	-1
2073	-1
2074	10690.533
2075	-1
2076	-1
2077	10695.02
2078	10699.123
2079	-1
2080	10703.635
2081	10707.739
2082	-1
2083	10712.251
2084	-1
2085	-1
2086	10716.355
2087	-1
2088	-1
2089	10720.867
2090	10724.972
2091	10729.484
2092	10733.591
2093	-1
2094	-1
2095	10738.107
2096	10742.21
2097	-1
2098	10746.723
2099	-1
2100	-1
2101	10750.832
2102	-1
2103	-1
2104	10755.346
2105	-1
2106	-1
2107	10759.501
2108	-1
2109	-1
2110	10763.549
2111	-1
2112	-1
2113	10768.063
2114	-1
2115	-1
2116	10772.168
2117	-1
2118	-1
2119	10776.68
2120	-1
2121	-1
2122	10780.786
2123	10785.298
2124	-1
2125	10789.401
2126	10793.909
2127	-1
2128	10798.014
2129	-1
2130	-1
2131	10802.527
2132	-1
2133	-1
2134	10806.631
2135	10811.145
2136	-1
2137	10815.246
2138	10819.758
2139	-1
2140	10823.862
2141	10827.966
2142	-1
2143	10832.478
2144	-1
2145	-1
2146	10836.584
2147	10841.098
2148	10845.202
2149	10849.71
2150	10853.837
2151	-1
2152	10858.326
2153	-1
2154	-1
2155	10862.416
2156	-1
2157	-1
2158	10866.952
2159	-1
2160	-1
2161	10871.041
2162	10875.557
2163	-1
2164	10879.656
2165	10884.169
2166	-1
2167	10888.274
2168	10892.377
2169	-1
2170	10896.891
2171	-1
2172	-1
2173	10900.996
2174	-1
2175	-1
2176	10905.509
2177	-1
2178	-1
2179	10909.609
2180	-1
2181	-1
2182	10914.107
2183	-1
2184	-1
2185	10918.219
2186	-1
2187	-1
2188	10922.726
2189	10926.842
2190	-1
2191	10931.353
2192	-1
2193	-1
2194	10935.503
2195	10939.967
2196	-1
2197	10944.07
2198	10948.582
2199	-1
2200	10952.676
2201	10956.816
2202	-1
2203	10961.328
2204	10965.43
2205	-1
2206	10969.943
2207	-1
2208	-1
2209	10974.046
2210	-1
2211	-1
2212	10978.559
2213	10982.664
2214	-1
2215	10987.176
2216	-1
2217	-1
2218	10991.279
2219	-1
2220	-1
2221	10995.791
2222	-1
2223	-1
2224	10999.899
2225	-1
2226	-1
2227	11004.406
2228	11008.511
2229	-1
2230	11013.024
2231	-1
2232	-1
2233	11017.128
2234	-1
2235	-1
2236	11021.64
2237	11025.744
2238	11029.846
2239	11034.358
2240	11038.464
2241	11042.979
2242	11047.08
2243	11051.592
2244	11055.696
2245	11060.208
2246	11064.314
2247	11068.827
2248	11072.928
2249	11077.44
2250	-1
2251	11081.544
2252	11086.059
2253	-1
2254	11090.16
2255	-1
2256	-1
2257	11094.265
2258	-1
2259	-1
2260	11098.777
2261	11102.88
2262	11107.393
2263	11111.497
2264	11116.008
2265	-1
2266	11120.115
2267	-1
2268	-1
2269	11124.626
2270	11128.729
2271	-1
2272	11133.241
2273	11137.344
2274	-1
2275	11141.855
2276	-1
2277	-1
2278	11145.961
2279	-1
2280	-1
2281	11150.472
2282	-1
2283	-1
2284	11154.577
2285	-1
2286	-1
2287	11158.681
2288	11163.194
2289	-1
2290	11167.295
2291	11171.808
2292	-1
2293	11175.913
2294	11180.426
2295	-1
2296	11184.53
2297	11189.041
2298	-1
2299	11193.145
2300	-1
2301	-1
2302	11197.657
2303	-1
2304	-1
2305	11201.76
2306	-1
2307	-1
2308	11206.274
2309	11210.38
2310	11214.89
2311	11218.993
2312	11223.099
2313	11227.61
2314	11231.715
2315	11236.227
2316	-1
2317	11240.33
2318	11244.843
2319	-1
2320	11248.946
2321	11253.46
2322	11257.562
2323	11262.075
2324	-1
2325	-1
2326	11266.179
2327	-1
2328	-1
2329	11270.692
2330	-1
2331	-1
2332	11274.794
2333	11279.307
2334	-1
2335	11283.41
2336	-1
2337	-1
2338	11287.922
2339	-1
2340	-1
2341	11292.027
2342	-1
2343	-1
2344	11296.131
2345	11300.644
2346	-1
2347	11304.745
2348	11309.259
2349	-1
2350	11313.362
2351	11317.874
2352	-1
2353	11321.979
2354	-1
2355	-1
2356	11326.492
2357	11330.597
2358	-1
2359	11335.107
2360	-1
2361	-1
2362	11339.21
2363	11343.724
2364	-1
2365	11347.829
2366	11352.34
2367	-1
2368	11356.444
2369	-1
2370	-1
2371	11360.548
2372	-1
2373	-1
2374	11365.06
2375	11369.163
2376	-1
2377	11373.675
2378	11377.783
2379	-1
2380	11382.291
2381	-1
2382	-1
2383	11386.395
2384	-1
2385	-1
2386	11390.908
2387	11395.012
2388	11399.523
2389	11403.628
2390	-1
2391	-1
2392	11408.14
2393	11412.245
2394	-1
2395	11416.756
2396	11420.861
2397	-1
2398	11424.964
2399	-1
2400	-1
2401	11429.476
2402	11433.581
2403	-1
2404	11438.094
2405	11442.196
2406	-1
2407	11446.708
2408	-1
2409	-1
2410	11450.811
2411	11455.324
2412	-1
2413	11459.428
2414	-1
2415	-1
2416	11463.944
2417	-1
2418	-1
2419	11468.045
2420	11472.556
2421	11476.66
2422	11481.172
2423	-1
2424	-1
2425	11485.275
2426	11489.381
2427	-1
2428	11493.893
2429	-1
2430	-1
2431	11498.0
2432	-1
2433	-1
2434	11502.509
2435	11506.613
2436	-1
2437	11511.125
2438	-1
2439	-1
2440	11515.227
2441	-1
2442	-1
2443	11519.74
2444	-1
2445	-1
2446	11523.845
2447	-1
2448	-1
2449	11528.358
2450	11532.462
2451	-1
2452	11536.973
2453	11541.08
2454	-1
2455	11545.588
2456	11549.694
2457	-1
2458	11554.208
2459	-1
2460	-1
2461	11558.309
2462	-1
2463	-1
2464	11562.414
2465	11566.927
2466	-1
2467	11571.028
2468	-1
2469	-1
2470	11575.541
2471	11579.646
2472	-1
2473	11584.159
2474	-1
2475	-1
2476	11588.261
2477	-1
2478	-1
2479	11592.773
2480	11596.878
2481	-1
2482	11601.39
2483	-1
2484	-1
2485	11605.494
2486	11610.006
2487	-1
2488	11614.11
2489	-1
2490	-1
2491	11618.621
2492	-1
2493	-1
2494	11622.725
2495	11626.83
2496	-1
2497	11631.344
2498	11635.447
2499	-1
2500	11639.959
2501	11644.062
2502	11648.573
2503	11652.678
2504	-1
2505	-1
2506	11657.189
2507	-1
2508	-1
2509	11661.295
2510	11665.806
2511	-1
2512	11669.911
2513	-1
2514	-1
2515	11674.427
2516	-1
2517	-1
2518	11678.526
2519	-1
2520	-1
2521	11683.037
2522	-1
2523	-1
2524	11687.141
2525	11691.247
2526	11695.722
2527	11699.826
2528	11704.337
2529	11708.441
2530	11712.953
2531	11717.057
2532	11721.569
2533	11725.673
2534	11730.185
2535	-1
2536	11734.29
2537	11738.804
2538	-1
2539	11742.911
2540	11747.418
2541	-1
2542	11751.524
2543	-1
2544	-1
2545	11755.629
2546	-1
2547	-1
2548	11760.141
2549	11764.243
2550	11768.756
2551	11772.86
2552	11777.372
2553	-1
2554	11781.478
2555	-1
2556	-1
2557	11785.989
2558	-1
2559	-1
2560	11790.093
2561	11794.606
2562	-1
2563	11798.709
2564	-1
2565	-1
2566	11803.221
2567	-1
2568	-1
2569	11807.325
2570	11811.837
2571	11815.942
2572	11820.453
2573	11824.556
2574	-1
2575	11828.662
2576	11833.174
2577	11837.277
2578	11841.79
2579	11845.897
2580	11850.409
2581	11854.515
2582	11859.024
2583	-1
2584	11863.132
2585	11867.643
2586	-1
2587	11871.756
2588	-1
2589	-1
2590	11876.267
2591	-1
2592	-1
2593	11880.371
2594	11884.884
2595	-1
2596	11888.988
2597	11893.092
2598	-1
2599	11897.603
2600	-1
2601	-1
2602	11901.71
2603	11906.217
2604	-1
2605	11910.322
2606	11914.833
2607	-1
2608	11918.938
2609	11923.525
2610	-1
2611	11927.553
2612	11932.065
2613	11936.168
2614	11940.68
2615	-1
2616	-1
2617	11944.785
2618	-1
2619	-1
2620	11949.287
2621	11953.427
2622	-1
2623	11957.528
2624	11962.041
2625	-1
2626	11966.146
2627	11970.656
2628	-1
2629	11974.762
2630	-1
2631	-1
2632	11979.272
2633	11983.378
2634	11987.889
2635	11991.992
2636	11996.506
2637	-1
2638	12000.607
2639	12005.12
2640	-1
2641	12009.229
2642	12013.737
2643	-1
2644	12017.84
2645	12021.945
2646	-1
2647	12026.456
2648	-1
2649	-1
2650	12030.562
2651	-1
2652	-1
2653	12035.074
2654	12039.177
2655	-1
2656	12043.689
2657	12047.793
2658	12052.31
2659	12056.41
2660	-1
2661	-1
2662	12060.921
2663	12065.027
2664	-1
2665	12069.538
2666	12073.642
2667	-1
2668	12078.153
2669	12082.257
2670	-1
2671	12086.77
2672	12090.874
2673	12094.978
2674	12099.489
2675	-1
2676	-1
2677	12103.596
2678	12108.106
2679	-1
2680	12112.21
2681	-1
2682	-1
2683	12116.721
2684	12120.826
2685	12125.339
2686	12129.444
2687	-1
2688	-1
2689	12133.955
2690	12138.057
2691	12142.575
2692	12146.675
2693	12151.187
2694	-1
2695	12155.291
2696	-1
2697	-1
2698	12159.395
2699	-1
2700	-1
2701	12163.907
2702	12168.009
2703	-1
2704	12172.521
2705	12176.627
2706	12181.14
2707	12185.243
2708	-1
2709	-1
2710	12189.755
2711	12193.859
2712	-1
2713	12198.372
2714	12202.475
2715	-1
2716	12206.988
2717	-1
2718	-1
2719	12211.091
2720	12215.602
2721	-1
2722	12219.71
2723	-1
2724	-1
2725	12223.811
2726	12228.323
2727	-1
2728	12232.428
2729	-1
2730	-1
2731	12236.94
2732	-1
2733	-1
2734	12241.042
2735	-1
2736	-1
2737	12245.556
2738	12249.659
2739	-1
2740	12254.171
2741	-1
2742	-1
2743	12258.276
2744	-1
2745	-1
2746	12262.793
2747	-1
2748	-1
2749	12266.892
2750	-1
2751	-1
2752	12271.405
2753	12275.507
2754	-1
2755	12280.02
2756	-1
2757	-1
2758	12284.124
2759	12288.228
2760	12292.74
2761	12296.845
2762	12301.357
2763	-1
2764	12305.459
2765	-1
2766	-1
2767	12309.971
2768	-1
2769	-1
2770	12314.076
2771	-1
2772	-1
2773	12318.588
2774	12322.693
2775	-1
2776	12327.205
2777	-1
2778	-1
2779	12331.309
2780	-1
2781	-1
2782	12335.821
2783	-1
2784	-1
2785	12339.931
2786	12344.436
2787	-1
2788	12348.541
2789	12353.056
2790	-1
2791	12357.158
2792	12361.261
2793	-1
2794	12365.773
2795	-1
2796	-1
2797	12369.877
2798	12374.389
2799	-1
2800	12378.492
2801	12383.006
2802	-1
2803	12387.113
2804	-1
2805	-1
2806	12391.621
2807	-1
2808	-1
2809	12395.725
2810	-1
2811	-1
2812	12400.238
2813	-1
2814	-1
2815	12404.341
2816	-1
2817	-1
2818	12408.853
2819	-1
2820	-1
2821	12412.956
2822	-1
2823	-1
2824	12417.469
2825	12421.573
2826	12425.677
2827	12430.191
2828	12434.293
2829	12438.807
2830	12442.908
2831	12447.421
2832	12451.525
2833	12456.037
2834	12460.142
2835	-1
2836	12464.654
2837	-1
2838	-1
2839	12468.759
2840	12473.272
2841	-1
2842	12477.374
2843	-1
2844	-1
2845	12481.885
2846	-1
2847	-1
2848	12485.99
2849	-1
2850	-1
2851	12490.095
2852	12494.606
2853	-1
2854	12498.71
2855	-1
2856	-1
2857	12503.222
2858	12507.327
2859	-1
2860	12511.837
2861	-1
2862	-1
2863	12515.942
2864	12520.423
2865	-1
2866	12524.559
2867	-1
2868	-1
2869	12529.071
2870	-1
2871	-1
2872	12533.175
2873	-1
2874	-1
2875	12537.687
2876	-1
2877	-1
2878	12541.79
2879	-1
2880	-1
2881	12546.302
2882	-1
2883	-1
2884	12550.408
2885	12554.511
2886	12559.023
2887	12563.127
2888	12567.638
2889	-1
2890	12571.744
2891	-1
2892	-1
2893	12576.257
2894	-1
2895	-1
2896	12580.359
2897	12584.871
2898	-1
2899	12588.974
2900	12593.488
2901	-1
2902	12597.593
2903	-1
2904	-1
2905	12602.103
2906	12606.208
2907	-1
2908	12610.72
2909	-1
2910	-1
2911	12614.822
2912	-1
2913	-1
2914	12619.334
2915	12623.439
2916	-1
2917	12627.545
2918	-1
2919	-1
2920	12632.056
2921	-1
2922	-1
2923	12636.16
2924	12640.673
2925	-1
2926	12644.774
2927	-1
2928	-1
2929	12649.287
2930	-1
2931	-1
2932	12653.392
2933	12657.903
2934	-1
2935	12662.008
2936	12666.52
2937	-1
2938	12670.625
2939	-1
2940	-1
2941	12675.137
2942	-1
2943	-1
2944	12679.239
2945	12683.756
2946	-1
2947	12687.856
2948	-1
2949	-1
2950	12691.96
2951	-1
2952	-1
2953	12696.448
2954	-1
2955	-1
2956	12700.552
2957	-1
2958	-1
2959	12705.063
2960	12709.166
2961	-1
2962	12713.678
2963	-1
2964	-1
2965	12717.784
2966	12722.296
2967	-1
2968	12726.399
2969	12730.912
2970	-1
2971	12735.018
2972	12739.542
2973	-1
2974	12743.639
2975	-1
2976	-1
2977	12748.151
2978	-1
2979	-1
2980	12752.257
2981	-1
2982	-1
2983	12756.361
2984	-1
2985	-1
2986	12760.874
2987	12765.42
2988	-1
2989	12769.524
2990	-1
2991	-1
2992	12774.038
2993	-1
2994	-1
2995	12778.145
2996	-1
2997	-1
2998	12782.656
2999	12786.759
3000	12791.263
3001	12795.375
3002	12799.471
3003	-1
3004	12803.988
3005	-1
3006	-1
3007	12808.091
3008	-1
3009	-1
3010	12812.604
3011	-1
3012	-1
3013	12816.706
3014	12821.22
3015	-1
3016	12825.326
3017	-1
3018	-1
3019	12829.838
3020	-1
3021	-1
3022	12833.943
3023	-1
3024	-1
3025	12838.455
3026	-1
3027	-1
3028	12842.558
3029	12847.055
3030	-1
3031	12851.155
3032	-1
3033	-1
3034	12855.671
3035	12859.791
3036	12864.301
3037	12868.402
3038	12872.5
3039	-1
3040	12877.012
3041	-1
3042	-1
3043	12881.12
3044	12885.632
3045	-1
3046	12889.736
3047	-1
3048	-1
3049	12894.25
3050	-1
3051	-1
3052	12898.354
3053	12902.865
3054	-1
3055	12906.965
3056	12911.488
3057	-1
3058	12915.587
3059	-1
3060	-1
3061	12920.093
3062	-1
3063	-1
3064	12924.198
3065	-1
3066	-1
3067	12928.711
3068	-1
3069	-1
3070	12932.812
3071	12936.918
3072	-1
3073	12941.43
3074	-1
3075	-1
3076	12945.533
3077	12950.049
3078	-1
3079	12954.175
3080	12958.686
3081	-1
3082	12962.789
3083	12967.295
3084	-1
3085	12971.522
3086	-1
3087	-1
3088	12975.919
3089	-1
3090	-1
3091	12980.023
3092	12984.535
3093	-1
3094	12988.639
3095	-1
3096	-1
3097	12993.151
3098	-1
3099	-1
3100	12997.256
3101	-1
3102	-1
3103	13001.359
3104	-1
3105	-1
3106	13005.871
3107	-1
3108	-1
3109	13009.976
3110	13014.481
3111	-1
3112	13018.596
3113	13023.102
3114	-1
3115	13027.206
3116	-1
3117	-1
3118	13031.719
3119	-1
3120	-1
3121	13035.823
3122	-1
3123	-1
3124	13040.335
3125	-1
3126	-1
3127	13044.439
3128	13048.951
3129	-1
3130	13053.056
3131	-1
3132	-1
3133	13057.569
3134	-1
3135	-1
3136	13061.676
3137	13065.774
3138	-1
3139	13070.287
3140	-1
3141	-1
3142	13074.391
3143	-1
3144	-1
3145	13078.903
3146	-1
3147	-1
3148	13083.008
3149	13087.521
3150	-1
3151	13091.623
3152	-1
3153	-1
3154	13096.135
3155	13100.239
3156	-1
3157	13104.753
3158	13108.856
3159	13113.368
3160	13117.471
3161	-1
3162	-1
3163	13121.985
3164	-1
3165	-1
3166	13126.088
3167	-1
3168	-1
3169	13130.599
3170	13134.703
3171	-1
3172	13138.814
3173	-1
3174	-1
3175	13143.314
3176	-1
3177	-1
3178	13147.424
3179	13151.936
3180	-1
3181	13156.04
3182	-1
3183	-1
3184	13160.551
3185	-1
3186	-1
3187	13164.657
3188	13169.168
3189	-1
3190	13173.273
3191	13177.784
3192	13181.888
3193	13186.401
3194	13190.503
3195	-1
3196	13195.015
3197	-1
3198	-1
3199	13199.121
3200	13203.224
3201	-1
3202	13207.738
3203	-1
3204	-1
3205	13211.84
3206	-1
3207	-1
3208	13216.352
3209	-1
3210	-1
3211	13220.455
3212	13224.973
3213	-1
3214	13229.077
3215	-1
3216	-1
3217	13233.585
3218	13237.689
3219	13242.201
3220	13246.304
3221	-1
3222	-1
3223	13250.817
3224	13254.921
3225	-1
3226	13259.434
3227	-1
3228	-1
3229	13263.536
3230	-1
3231	-1
3232	13267.641
3233	13272.154
3234	-1
3235	13276.257
3236	13280.769
3237	13284.876
3238	13289.385
3239	13293.49
3240	-1
3241	13298.002
3242	-1
3243	-1
3244	13302.105
3245	-1
3246	-1
3247	13306.617
3248	-1
3249	-1
3250	13310.722
3251	13315.234
3252	-1
3253	13319.331
3254	13323.85
3255	-1
3256	13327.954
3257	13332.058
3258	-1
3259	13336.569
3260	-1
3261	-1
3262	13340.674
3263	-1
3264	-1
3265	13345.186
3266	13349.292
3267	-1
3268	13353.802
3269	-1
3270	-1
3271	13357.905
3272	-1
3273	-1
3274	13362.422
3275	-1
3276	-1
3277	13366.523
3278	-1
3279	-1
3280	13371.034
3281	13375.139
3282	13379.651
3283	13383.754
3284	-1
3285	-1
3286	13388.266
3287	13392.372
3288	-1
3289	13396.882
3290	-1
3291	-1
3292	13400.985
3293	13405.09
3294	-1
3295	13409.602
3296	13413.706
3297	-1
3298	13418.219
3299	-1
3300	-1
3301	13422.324
3302	13426.835
3303	-1
3304	13430.94
3305	-1
3306	-1
3307	13435.457
3308	-1
3309	-1
3310	13439.556
3311	-1
3312	-1
3313	13444.066
3314	13448.171
3315	13452.682
3316	13456.788
3317	13461.299
3318	-1
3319	13465.403
3320	13469.508
3321	-1
3322	13474.019
3323	13478.123
3324	-1
3325	13482.636
3326	13486.739
3327	-1
3328	13491.251
3329	13495.349
3330	-1
3331	13499.868
3332	-1
3333	-1
3334	13503.972
3335	-1
3336	-1
3337	13508.484
3338	-1
3339	-1
3340	13512.588
3341	-1
3342	-1
3343	13517.1
3344	-1
3345	-1
3346	13521.204
3347	-1
3348	-1
3349	13525.715
3350	-1
3351	-1
3352	13529.818
3353	13533.924
3354	13538.435
3355	13542.541
3356	13547.052
3357	-1
3358	13551.156
3359	13555.667
3360	-1
3361	13559.774
3362	13564.283
3363	-1
3364	13568.389
3365	13572.9
3366	-1
3367	13577.004
3368	-1
3369	-1
3370	13581.515
3371	-1
3372	-1
3373	13585.62
3374	13590.132
3375	-1
3376	13594.237
3377	-1
3378	-1
3379	13598.34
3380	13602.856
3381	-1
3382	13606.957
3383	13611.469
3384	-1
3385	13615.572
3386	13620.084
3387	-1
3388	13624.189
3389	-1
3390	-1
3391	13628.703
3392	-1
3393	-1
3394	13632.805
3395	13637.317
3396	13641.421
3397	13645.933
3398	13650.038
3399	-1
3400	13654.551
3401	13658.653
3402	-1
3403	13663.165
3404	-1
3405	-1
3406	13667.268
3407	-1
3408	-1
3409	13671.367
3410	-1
3411	-1
3412	13675.884
3413	13679.99
3414	13684.502
3415	13688.606
3416	-1
3417	-1
3418	13693.118
3419	13697.198
3420	-1
3421	13701.71
3422	-1
3423	-1
3424	13705.815
3425	-1
3426	-1
3427	13710.327
3428	13714.427
3429	-1
3430	13718.939
3431	-1
3432	-1
3433	13723.042
3434	-1
3435	-1
3436	13727.555
3437	-1
3438	-1
3439	13731.658
3440	-1
3441	-1
3442	13735.763
3443	13740.275
3444	-1
3445	13744.386
3446	-1
3447	-1
3448	13748.914
3449	-1
3450	-1
3451	13752.99
3452	13757.501
3453	-1
3454	13761.603
3455	-1
3456	-1
3457	13766.115
3458	-1
3459	-1
3460	13770.221
3461	13774.734
3462	-1
3463	13778.838
3464	13783.351
3465	-1
3466	13787.455
3467	-1
3468	-1
3469	13791.967
3470	13796.071
3471	-1
3472	13800.176
3473	-1
3474	-1
3475	13804.685
3476	-1
3477	-1
3478	13808.804
3479	-1
3480	-1
3481	13813.317
3482	-1
3483	-1
3484	13817.421
3485	13821.932
3486	-1
3487	13826.038
3488	13830.55
3489	-1
3490	13834.654
3491	13839.168
3492	-1
3493	13843.274
3494	-1
3495	-1
3496	13847.782
3497	13851.888
3498	13856.391
3499	13860.494
3500	-1
3501	-1
3502	13864.594
3503	-1
3504	-1
3505	13869.099
3506	-1
3507	-1
3508	13873.201
3509	13877.716
3510	-1
3511	13881.821
3512	-1
3513	-1
3514	13886.331
3515	-1
3516	-1
3517	13890.435
3518	13894.947
3519	-1
3520	13899.05
3521	13903.562
3522	-1
3523	13907.666
3524	-1
3525	-1
3526	13912.181
3527	13916.283
3528	13920.798
3529	13924.928
3530	-1
3531	-1
3532	13929.411
3533	-1
3534	-1
3535	13933.529
3536	-1
3537	-1
3538	13937.635
3539	13942.133
3540	-1
3541	13946.237
3542	-1
3543	-1
3544	13950.747
3545	13954.85
3546	-1
3547	13959.387
3548	-1
3549	-1
3550	13963.474
3551	-1
3552	-1
3553	13967.994
3554	-1
3555	-1
3556	13972.118
3557	13976.63
3558	13980.74
3559	13985.247
3560	13989.35
3561	-1
3562	13993.863
3563	13997.968
3564	14002.072
3565	14006.582
3566	-1
3567	-1
3568	14010.686
3569	14015.197
3570	-1
3571	14019.303
3572	14023.821
3573	-1
3574	14027.919
3575	-1
3576	-1
3577	14032.432
3578	-1
3579	-1
3580	14036.535
3581	-1
3582	-1
3583	14041.046
3584	14045.15
3585	-1
3586	14049.665
3587	-1
3588	-1
3589	14053.767
3590	-1
3591	-1
3592	14058.279
3593	14062.384
3594	14066.488
3595	14071.003
3596	-1
3597	-1
3598	14075.104
3599	14079.617
3600	-1
3601	14083.719
3602	14088.232
3603	-1
3604	14092.336
3605	-1
3606	-1
3607	14096.848
3608	-1
3609	-1
3610	14100.951
3611	-1
3612	-1
3613	14105.463
3614	14109.569
3615	-1
3616	14114.081
3617	-1
3618	-1
3619	14118.184
3620	-1
3621	-1
3622	14122.696
3623	-1
3624	-1
3625	14126.8
3626	-1
3627	-1
3628	14130.905
3629	14135.41
3630	-1
3631	14139.52
3632	-1
3633	-1
3634	14144.032
3635	14148.141
3636	14152.648
3637	14156.753
3638	14161.265
3639	-1
3640	14165.37
3641	-1
3642	-1
3643	14169.88
3644	-1
3645	-1
3646	14173.986
3647	14178.497
3648	14182.6
3649	14187.112
3650	14191.219
3651	-1
3652	14195.728
3653	-1
3654	-1
3655	14199.834
3656	14203.936
3657	-1
3658	14208.448
3659	14212.552
3660	14217.065
3661	14221.169
3662	-1
3663	-1
3664	14225.681
3665	-1
3666	-1
3667	14229.786
3668	14234.303
3669	14238.404
3670	14242.913
3671	-1
3672	-1
3673	14247.016
3674	-1
3675	-1
3676	14251.528
3677	-1
3678	-1
3679	14255.634
3680	-1
3681	-1
3682	14260.147
3683	14264.25
3684	-1
3685	14268.353
3686	14272.865
3687	-1
3688	14276.97
3689	14281.549
3690	-1
3691	14286.06
3692	-1
3693	-1
3694	14290.163
3695	14294.676
3696	-1
3697	14298.78
3698	-1
3699	-1
3700	14303.292
3701	-1
3702	-1
3703	14307.396
3704	-1
3705	-1
3706	14311.909
3707	14316.013
3708	-1
3709	14320.528
3710	-1
3711	-1
3712	14324.631
3713	-1
3714	-1
3715	14329.141
3716	14333.245
3717	-1
3718	14337.756
3719	-1
3720	-1
3721	14341.861
3722	-1
3723	-1
3724	14346.373
3725	-1
3726	-1
3727	14350.476
3728	-1
3729	-1
3730	14354.577
3731	14359.093
3732	14363.197
3733	14367.713
3734	14371.813
3735	-1
3736	14376.325
3737	14380.43
3738	-1
3739	14384.942
3740	-1
3741	-1
3742	14389.046
3743	-1
3744	-1
3745	14393.558
3746	-1
3747	-1
3748	14397.662
3749	-1
3750	-1
3751	14402.172
3752	-1
3753	-1
3754	14406.277
3755	-1
3756	-1
3757	14410.796
3758	14414.894
3759	-1
3760	14419.406
3761	14423.51
3762	-1
3763	14427.614
3764	-1
3765	-1
3766	14432.125
3767	-1
3768	-1
3769	14436.231
3770	14440.742
3771	14444.849
3772	14449.358
3773	-1
3774	-1
3775	14453.462
3776	-1
3777	-1
3778	14457.974
3779	14462.077
3780	-1
3781	14466.589
3782	-1
3783	-1
3784	14470.694
3785	-1
3786	-1
3787	14475.206
3788	-1
3789	-1
3790	14479.311
3791	14483.822
3792	-1
3793	14487.93
3794	14492.029
3795	-1
3796	14496.544
3797	-1
3798	-1
3799	14500.647
3800	14505.158
3801	14509.263
3802	14513.776
3803	-1
3804	-1
3805	14517.878
3806	-1
3807	-1
3808	14522.39
3809	14526.495
3810	-1
3811	14531.011
3812	-1
3813	-1
3814	14535.114
3815	-1
3816	-1
3817	14539.621
3818	14543.726
3819	-1
3820	14548.239
3821	14552.342
3822	14556.448
3823	14560.961
3824	-1
3825	-1
3826	14565.064
3827	14569.574
3828	-1
3829	14573.678
3830	14578.192
3831	-1
3832	14582.296
3833	14586.808
3834	14590.912
3835	14595.424
3836	14599.527
3837	-1
3838	14604.039
3839	14608.148
3840	-1
3841	14612.655
3842	-1
3843	-1
3844	14616.759
3845	-1
3846	-1
3847	14620.865
3848	14625.376
3849	-1
3850	14629.479
3851	14633.99
3852	-1
3853	14638.096
3854	-1
3855	-1
3856	14642.608
3857	-1
3858	-1
3859	14646.712
3860	14651.224
3861	14655.333
3862	14659.839
3863	14663.943
3864	-1
3865	14668.456
3866	14672.56
3867	-1
3868	14677.073
3869	-1
3870	-1
3871	14681.176
3872	14685.756
3873	-1
3874	14690.267
3875	14694.374
3876	-1
3877	14698.86
3878	14702.967
3879	-1
3880	14707.49
3881	14711.582
3882	-1
3883	14715.687
3884	14720.2
3885	-1
3886	14724.304
3887	14728.817
3888	-1
3889	14732.921
3890	14737.434
3891	-1
3892	14741.538
3893	14746.055
3894	-1
3895	14750.156
3896	14754.671
3897	-1
3898	14758.775
3899	14763.287
3900	-1
3901	14767.382
3902	14771.899
3903	-1
3904	14776.007
3905	-1
3906	-1
3907	14780.112
3908	14784.624
3909	-1
3910	14788.729
3911	14793.24
3912	-1
3913	14797.338
3914	14801.839
3915	-1
3916	14805.958
3917	14810.47
3918	14814.574
3919	14819.086
3920	14823.19
3921	-1
3922	14827.701
3923	-1
3924	-1
3925	14831.801
3926	14836.319
3927	14840.423
3928	14844.526
3929	-1
3930	-1
3931	14849.041
3932	14853.143
3933	-1
3934	14857.641
3935	-1
3936	-1
3937	14861.765
3938	14866.256
3939	14870.371
3940	14874.887
3941	14878.984
3942	14883.497
3943	14887.601
3944	-1
3945	-1
3946	14892.114
3947	-1
3948	-1
3949	14896.217
3950	14900.73
3951	-1
3952	14904.835
3953	-1
3954	-1
3955	14909.347
3956	14913.437
3957	-1
3958	14917.54
3959	-1
3960	-1
3961	14922.055
3962	14926.154
3963	14930.681
3964	14934.783
3965	-1
3966	-1
3967	14939.298
3968	-1
3969	-1
3970	14943.478
3971	14947.901
3972	-1
3973	14952.01
3974	14956.539
3975	14960.653
3976	14965.165
3977	14969.269
3978	-1
3979	14973.782
3980	-1
3981	-1
3982	14977.886
3983	14981.991
3984	-1
3985	14986.502
3986	14990.606
3987	14995.118
3988	14999.223
3989	-1
3990	-1
3991	15003.734
3992	15007.839
3993	-1
3994	15012.351
3995	15016.454
3996	-1
3997	15020.955
3998	15025.07
3999	15029.581
4000	15033.686
4001	15038.202
4002	15042.303
4003	15046.407
4004	15050.919
4005	-1
4006	15055.024
4007	-1
4008	-1
4009	15059.536
4010	15063.64
4011	-1
4012	15068.151
4013	-1
4014	-1
4015	15072.256
4016	15076.767
4017	-1
4018	15080.871
4019	15085.383
4020	-1
4021	15089.488
4022	-1
4023	-1
4024	15094.0
4025	15098.104
4026	-1
4027	15102.615
4028	-1
4029	-1
4030	15106.719
4031	-1
4032	-1
4033	15110.824
4034	15115.337
4035	-1
4036	15119.442
4037	15123.953
4038	-1
4039	15128.055
4040	-1
4041	-1
4042	15132.567
4043	-1
4044	-1
4045	15136.671
4046	15141.184
4047	-1
4048	15145.289
4049	-1
4050	-1
4051	15149.801
4052	-1
4053	-1
4054	15153.904
4055	-1
4056	-1
4057	15158.417
4058	15162.519
4059	15167.032
4060	15171.137
4061	-1
4062	-1
4063	15175.649
4064	-1
4065	-1
4066	15179.752
4067	15183.856
4068	-1
4069	15188.37
4070	-1
4071	-1
4072	15192.472
4073	-1
4074	-1
4075	15196.984
4076	-1
4077	-1
4078	15201.089
4079	-1
4080	-1
4081	15205.601
4082	-1
4083	-1
4084	15209.705
4085	-1
4086	-1
4087	15214.218
4088	-1
4089	-1
4090	15218.321
4091	15222.833
4092	-1
4093	15226.938
4094	-1
4095	-1
4096	15231.449
4097	15235.552
4098	-1
4099	15240.065
4100	-1
4101	-1
4102	15244.169
4103	15248.273
4104	-1
4105	15252.784
4106	15256.89
4107	-1
4108	15261.401
4109	-1
4110	-1
4111	15265.505
4112	-1
4113	-1
4114	15270.017
4115	15274.121
4116	-1
4117	15278.633
4118	-1
4119	-1
4120	15282.738
4121	-1
4122	-1
4123	15287.251
4124	-1
4125	-1
4126	15291.354
4127	15295.867
4128	-1
4129	15299.969
4130	-1
4131	-1
4132	15304.48
4133	-1
4134	-1
4135	15308.587
4136	-1
4137	-1
4138	15312.692
4139	15317.202
4140	-1
4141	15321.306
4142	15325.821
4143	15329.921
4144	15334.432
4145	-1
4146	-1
4147	15338.538
4148	-1
4149	-1
4150	15343.05
4151	15347.154
4152	-1
4153	15351.668
4154	-1
4155	-1
4156	15355.772
4157	15360.282
4158	-1
4159	15364.384
4160	-1
4161	-1
4162	15368.897
4163	-1
4164	-1
4165	15373.001
4166	-1
4167	-1
4168	15377.107
4169	-1
4170	-1
4171	15381.619
4172	15385.723
4173	-1
4174	15390.233
4175	15394.337
4176	-1
4177	15398.85
4178	15402.954
4179	-1
4180	15407.468
4181	-1
4182	-1
4183	15411.57
4184	-1
4185	-1
4186	15416.085
4187	-1
4188	-1
4189	15420.186
4190	15424.699
4191	-1
4192	15428.803
4193	-1
4194	-1
4195	15433.315
4196	-1
4197	-1
4198	15437.42
4199	-1
4200	-1
4201	15441.93
4202	-1
4203	-1
4204	15446.035
4205	15450.138
4206	-1
4207	15454.65
4208	-1
4209	-1
4210	15458.756
4211	15463.266
4212	-1
4213	15467.371
4214	-1
4215	-1
4216	15471.883
4217	15475.989
4218	-1
4219	15480.499
4220	15484.603
4221	-1
4222	15489.116
4223	-1
4224	-1
4225	15493.224
4226	-1
4227	-1
4228	15497.732
4229	15501.835
4230	-1
4231	15506.346
4232	-1
4233	-1
4234	15510.452
4235	-1
4236	-1
4237	15514.556
4238	-1
4239	-1
4240	15519.069
4241	-1
4242	-1
4243	15523.171
4244	-1
4245	-1
4246	15527.684
4247	15531.787
4248	-1
4249	15536.301
4250	15540.404
4251	15544.916
4252	15549.02
4253	15553.533
4254	-1
4255	15557.635
4256	15562.152
4257	15566.251
4258	15570.764
4259	-1
4260	-1
4261	15574.868
4262	-1
4263	-1
4264	15578.973
4265	15583.485
4266	-1
4267	15587.588
4268	-1
4269	-1
4270	15592.1
4271	-1
4272	-1
4273	15596.205
4274	-1
4275	-1
4276	15600.718
4277	-1
4278	-1
4279	15604.82
4280	15609.333
4281	-1
4282	15613.437
4283	15617.949
4284	15622.052
4285	15626.568
4286	-1
4287	-1
4288	15630.671
4289	15635.183
4290	-1
4291	15639.285
4292	-1
4293	-1
4294	15643.388
4295	-1
4296	-1
4297	15647.901
4298	-1
4299	-1
4300	15652.005
4301	-1
4302	-1
4303	15656.518
4304	-1
4305	-1
4306	15660.627
4307	15665.134
4308	-1
4309	15669.237
4310	-1
4311	-1
4312	15673.748
4313	-1
4314	-1
4315	15677.853
4316	15682.366
4317	15686.472
4318	15690.982
4319	15695.086
4320	-1
4321	15699.574
4322	-1
4323	-1
4324	15703.676
4325	15708.187
4326	-1
4327	15712.293
4328	-1
4329	-1
4330	15716.397
4331	-1
4332	-1
4333	15720.909
4334	-1
4335	-1
4336	15725.013
4337	-1
4338	-1
4339	15729.526
4340	15733.629
4341	-1
4342	15738.14
4343	15742.245
4344	-1
4345	15746.757
4346	-1
4347	-1
4348	15750.869
4349	15755.385
4350	-1
4351	15759.487
4352	15763.999
4353	15768.105
4354	15772.617
4355	-1
4356	-1
4357	15776.722
4358	-1
4359	-1
4360	15780.825
4361	15785.407
4362	-1
4363	15789.92
4364	-1
4365	-1
4366	15794.431
4367	15798.523
4368	-1
4369	15802.618
4370	-1
4371	-1
4372	15807.148
4373	-1
4374	-1
4375	15811.251
4376	-1
4377	-1
4378	15815.761
4379	-1
4380	-1
4381	15819.867
4382	-1
4383	-1
4384	15824.379
4385	-1
4386	-1
4387	15828.482
4388	15832.996
4389	-1
4390	15837.101
4391	15841.613
4392	-1
4393	15845.719
4394	15850.22
4395	-1
4396	15854.321
4397	-1
4398	-1
4399	15858.826
4400	15862.932
4401	-1
4402	15867.036
4403	15871.6
4404	-1
4405	15875.652
4406	-1
4407	-1
4408	15880.173
4409	-1
4410	-1
4411	15884.278
4412	-1
4413	-1
4414	15888.79
4415	-1
4416	-1
4417	15892.894
4418	-1
4419	-1
4420	15897.406
4421	-1
4422	-1
4423	15901.511
4424	-1
4425	-1
4426	15906.026
4427	-1
4428	-1
4429	15910.128
4430	-1
4431	-1
4432	15914.637
4433	15918.729
4434	-1
4435	15923.252
4436	15927.491
4437	-1
4438	15931.868
4439	-1
4440	-1
4441	15935.974
4442	-1
4443	-1
4444	15940.077
4445	-1
4446	-1
4447	15944.578
4448	-1
4449	-1
4450	15948.682
4451	-1
4452	-1
4453	15953.201
4454	-1
4455	-1
4456	15957.307
4457	-1
4458	-1
4459	15961.832
4460	15965.946
4461	-1
4462	15970.459
4463	15974.564
4464	15979.075
4465	15983.179
4466	15987.691
4467	15991.795
4468	15996.307
4469	16000.417
4470	-1
4471	16004.515
4472	-1
4473	-1
4474	16009.028
4475	-1
4476	-1
4477	16013.133
4478	-1
4479	-1
4480	16017.645
4481	16021.748
4482	-1
4483	16026.261
4484	-1
4485	-1
4486	16030.363
4487	-1
4488	-1
4489	16034.876
4490	-1
4491	-1
4492	16038.981
4493	16043.493
4494	16047.599
4495	16052.109
4496	16056.212
4497	-1
4498	16060.724
4499	-1
4500	-1
4501	16064.828
4502	16068.932
4503	-1
4504	16073.445
4505	-1
4506	-1
4507	16077.55
4508	-1
4509	-1
4510	16082.061
4511	16086.165
4512	-1
4513	16090.681
4514	16094.779
4515	-1
4516	16099.292
4517	-1
4518	-1
4519	16103.391
4520	-1
4521	-1
4522	16107.909
4523	16112.014
4524	-1
4525	16116.526
4526	16120.629
4527	-1
4528	16125.14
4529	16129.244
4530	-1
4531	16133.349
4532	16137.861
4533	-1
4534	16141.965
4535	16146.478
4536	-1
4537	16150.582
4538	16155.093
4539	-1
4540	16159.198
4541	-1
4542	-1
4543	16163.71
4544	-1
4545	-1
4546	16167.815
4547	-1
4548	-1
4549	16172.325
4550	16176.429
4551	-1
4552	16180.941
4553	16185.045
4554	16189.556
4555	16193.662
4556	16198.175
4557	16202.277
4558	16206.381
4559	16210.888
4560	-1
4561	16214.998
4562	16219.511
4563	-1
4564	16223.614
4565	-1
4566	-1
4567	16228.126
4568	16232.229
4569	-1
4570	16236.744
4571	-1
4572	-1
4573	16240.846
4574	-1
4575	-1
4576	16245.358
4577	16249.463
4578	16253.98
4579	16258.079
4580	16262.591
4581	-1
4582	16266.693
4583	16270.8
4584	-1
4585	16275.31
4586	16279.409
4587	16283.927
4588	16288.031
4589	-1
4590	-1
4591	16292.542
4592	-1
4593	-1
4594	16296.644
4595	16301.16
4596	16305.263
4597	16309.774
4598	-1
4599	-1
4600	16313.881
4601	-1
4602	-1
4603	16318.392
4604	16322.495
4605	-1
4606	16327.007
4607	16331.111
4608	16335.217
4609	16339.727
4610	16343.832
4611	-1
4612	16348.343
4613	16352.446
4614	-1
4615	16356.96
4616	16361.064
4617	-1
4618	16365.576
4619	16369.678
4620	-1
4621	16374.191
4622	-1
4623	-1
4624	16378.298
4625	16382.808
4626	-1
4627	16386.913
4628	-1
4629	-1
4630	16391.418
4631	16395.528
4632	16399.631
4633	16404.142
4634	-1
4635	-1
4636	16408.248
4637	16412.759
4638	-1
4639	16416.865
4640	16421.378
4641	16425.48
4642	16429.991
4643	16434.096
4644	-1
4645	16438.607
4646	-1
4647	-1
4648	16442.712
4649	16447.227
4650	16451.329
4651	16455.841
4652	16459.944
4653	-1
4654	16464.462
4655	-1
4656	-1
4657	16468.563
4658	-1
4659	-1
4660	16472.665
4661	-1
4662	-1
4663	16477.176
4664	16481.28
4665	-1
4666	16485.792
4667	-1
4668	-1
4669	16489.896
4670	16494.409
4671	-1
4672	16498.515
4673	16503.026
4674	-1
4675	16507.127
4676	16511.641
4677	-1
4678	16515.744
4679	16520.257
4680	-1
4681	16524.362
4682	-1
4683	-1
4684	16528.873
4685	16532.979
4686	-1
4687	16537.082
4688	-1
4689	-1
4690	16541.592
4691	-1
4692	-1
4693	16545.702
4694	-1
4695	-1
4696	16550.209
4697	-1
4698	-1
4699	16554.314
4700	16558.826
4701	-1
4702	16562.931
4703	16567.436
4704	-1
4705	16571.547
4706	16576.058
4707	-1
4708	16580.162
4709	16584.673
4710	-1
4711	16588.778
4712	-1
4713	-1
4714	16593.29
4715	-1
4716	-1
4717	16597.394
4718	16601.496
4719	-1
4720	16606.009
4721	16610.113
4722	-1
4723	16614.628
4724	-1
4725	-1
4726	16618.73
4727	16623.242
4728	-1
4729	16627.347
4730	-1
4731	-1
4732	16631.861
4733	16635.961
4734	-1
4735	16640.473
4736	-1
4737	-1
4738	16644.578
4739	-1
4740	-1
4741	16649.091
4742	-1
4743	-1
4744	16653.195
4745	16657.706
4746	-1
4747	16661.811
4748	16665.914
4749	-1
4750	16670.425
4751	-1
4752	-1
4753	16674.53
4754	-1
4755	-1
4756	16679.043
4757	-1
4758	-1
4759	16683.146
4760	16687.659
4761	-1
4762	16691.765
4763	-1
4764	-1
4765	16696.276
4766	-1
4767	-1
4768	16700.38
4769	-1
4770	-1
4771	16704.856
4772	-1
4773	-1
4774	16708.957
4775	16713.47
4776	-1
4777	16717.573
4778	16722.085
4779	-1
4780	16726.189
4781	16730.702
4782	-1
4783	16734.807
4784	-1
4785	-1
4786	16738.91
4787	16743.422
4788	-1
4789	16747.529
4790	-1
4791	-1
4792	16752.044
4793	-1
4794	-1
4795	16756.144
4796	-1
4797	-1
4798	16760.657
4799	-1
4800	-1
4801	16764.761
4802	-1
4803	-1
4804	16769.273
4805	-1
4806	-1
4807	16773.375
4808	16777.956
4809	-1
4810	16782.469
4811	-1
4812	-1
4813	16786.572
4814	16791.085
4815	-1
4816	16795.187
4817	16799.699
4818	-1
4819	16803.807
4820	-1
4821	-1
4822	16808.32
4823	-1
4824	-1
4825	16812.421
4826	-1
4827	-1
4828	16816.932
4829	-1
4830	-1
4831	16821.037
4832	-1
4833	-1
4834	16825.138
4835	-1
4836	-1
4837	16829.652
4838	-1
4839	-1
4840	16833.757
4841	-1
4842	-1
4843	16838.269
4844	-1
4845	-1
4846	16842.373
4847	-1
4848	-1
4849	16846.887
4850	16850.99
4851	-1
4852	16855.5
4853	16859.609
4854	16864.127
4855	16868.225
4856	-1
4857	-1
4858	16872.751
4859	-1
4860	-1
4861	16876.859
4862	16881.362
4863	-1
4864	16885.463
4865	-1
4866	-1
4867	16889.568
4868	-1
4869	-1
4870	16894.083
4871	-1
4872	-1
4873	16898.186
4874	-1
4875	-1
4876	16902.699
4877	-1
4878	-1
4879	16906.804
4880	-1
4881	-1
4882	16911.318
4883	16915.516
4884	-1
4885	16919.932
4886	-1
4887	-1
4888	16924.033
4889	-1
4890	-1
4891	16928.545
4892	16932.648
4893	-1
4894	16937.16
4895	16941.269
4896	-1
4897	16945.779
4898	16949.883
4899	-1
4900	16954.394
4901	-1
4902	-1
4903	16958.497
4904	-1
4905	-1
4906	16962.611
4907	-1
4908	-1
4909	16967.114
4910	-1
4911	-1
4912	16971.218
4913	-1
4914	-1
4915	16975.754
4916	-1
4917	-1
4918	16979.857
4919	-1
4920	-1
4921	16984.369
4922	16988.474
4923	-1
4924	16992.986
4925	-1
4926	-1
4927	16997.09
4928	17001.602
4929	-1
4930	17005.712
4931	17010.22
4932	-1
4933	17014.323
4934	-1
4935	-1
4936	17018.836
4937	17022.938
4938	-1
4939	17027.042
4940	-1
4941	-1
4942	17031.554
4943	-1
4944	-1
4945	17035.658
4946	-1
4947	-1
4948	17040.17
4949	-1
4950	-1
4951	17044.275
4952	17048.787
4953	-1
4954	17052.89
4955	-1
4956	-1
4957	17057.403
4958	-1
4959	-1
4960	17061.508
4961	-1
4962	-1
4963	17066.02
4964	-1
4965	-1
4966	17070.123
4967	-1
4968	-1
4969	17074.636
4970	-1
4971	-1
4972	17078.739
4973	-1
4974	-1
4975	17083.251
4976	17087.354
4977	-1
4978	17091.459
4979	-1
4980	-1
4981	17095.972
4982	17100.075
4983	-1
4984	17104.588
4985	-1
4986	-1
4987	17108.692
4988	-1
4989	-1
4990	17113.204
4991	-1
4992	-1
4993	17117.31
4994	-1
4995	-1
4996	17121.82
4997	-1
4998	-1
4999	17125.925
5000	17130.437
5001	-1
5002	17134.54
5003	-1
5004	-1
5005	17139.055
5006	-1
5007	-1
5008	17143.157
5009	-1
5010	-1
5011	17147.669
5012	17151.773
5013	-1
5014	17155.877
5015	-1
5016	-1
5017	17160.389
5018	-1
5019	-1
5020	17164.491
5021	17169.003
5022	-1
5023	17173.11
5024	-1
5025	-1
5026	17177.621
5027	-1
5028	-1
5029	17181.725
5030	-1
5031	-1
5032	17186.237
5033	-1
5034	-1
5035	17190.341
5036	-1
5037	-1
5038	17194.853
5039	-1
5040	-1
5041	17198.957
5042	-1
5043	-1
5044	17203.469
5045	-1
5046	-1
5047	17207.573
5048	-1
5049	-1
5050	17212.086
5051	-1
5052	-1
5053	17216.193
5054	17220.7
5055	-1
5056	17224.804
5057	-1
5058	-1
5059	17228.91
5060	-1
5061	-1
5062	17233.422
5063	17237.525
5064	-1
5065	17242.038
5066	17246.141
5067	-1
5068	17250.653
5069	-1
5070	-1
5071	17254.757
5072	-1
5073	-1
5074	17259.269
5075	-1
5076	-1
5077	17263.377
5078	-1
5079	-1
5080	17267.887
5081	-1
5082	-1
5083	17271.989
5084	-1
5085	-1
5086	17276.501
5087	17280.606
5088	-1
5089	17285.118
5090	-1
5091	-1
5092	17289.222
5093	-1
5094	-1
5095	17293.326
5096	-1
5097	-1
5098	17297.838
5099	17301.941
5100	17306.453
5101	17310.557
5102	-1
5103	-1
5104	17315.07
5105	-1
5106	-1
5107	17319.175
5108	17323.687
5109	-1
5110	17327.79
5111	17332.302
5112	-1
5113	17336.405
5114	-1
5115	-1
5116	17340.917
5117	17345.022
5118	-1
5119	17349.536
5120	-1
5121	-1
5122	17353.639
5123	-1
5124	-1
5125	17357.742
5126	-1
5127	-1
5128	17362.254
5129	-1
5130	-1
5131	17366.358
5132	-1
5133	-1
5134	17370.87
5135	-1
5136	-1
5137	17374.976
5138	17379.486
5139	-1
5140	17383.595
5141	-1
5142	-1
5143	17388.103
5144	-1
5145	-1
5146	17392.206
5147	17396.718
5148	-1
5149	17400.822
5150	-1
5151	-1
5152	17405.336
5153	-1
5154	-1
5155	17409.44
5156	17413.95
5157	-1
5158	17418.056
5159	-1
5160	-1
5161	17422.159
5162	-1
5163	-1
5164	17426.671
5165	-1
5166	-1
5167	17430.779
5168	-1
5169	-1
5170	17435.288
5171	-1
5172	-1
5173	17439.391
5174	-1
5175	-1
5176	17443.904
5177	-1
5178	-1
5179	17448.007
5180	17452.519
5181	17456.623
5182	17461.135
5183	17465.241
5184	-1
5185	17469.753
5186	-1
5187	-1
5188	17473.86
5189	17478.368
5190	-1
5191	17482.471
5192	17486.985
5193	-1
5194	17491.088
5195	-1
5196	-1
5197	17495.193
5198	17499.705
5199	-1
5200	17503.808
5201	-1
5202	-1
5203	17508.32
5204	-1
5205	-1
5206	17512.424
5207	-1
5208	-1
5209	17516.935
5210	17521.041
5211	17525.552
5212	17529.658
5213	17534.169
5214	-1
5215	17538.272
5216	17542.783
5217	-1
5218	17546.889
5219	17551.401
5220	17555.506
5221	17559.609
5222	17564.121
5223	-1
5224	17568.223
5225	17572.736
5226	17576.842
5227	17581.354
5228	17585.456
5229	-1
5230	17589.969
5231	-1
5232	-1
5233	17594.075
5234	17598.585
5235	-1
5236	17602.69
5237	17607.203
5238	17611.306
5239	17615.817
5240	17619.922
5241	-1
5242	17624.026
5243	-1
5244	-1
5245	17628.537
5246	-1
5247	-1
5248	17632.643
5249	-1
5250	-1
5251	17637.155
5252	-1
5253	-1
5254	17641.262
5255	17645.77
5256	17649.874
5257	17654.386
5258	17658.491
5259	17663.002
5260	17667.106
5261	17671.619
5262	-1
5263	17675.723
5264	17680.234
5265	17684.337
5266	17688.443
5267	-1
5268	-1
5269	17692.955
5270	17697.06
5271	-1
5272	17701.548
5273	17706.093
5274	-1
5275	17710.193
5276	-1
5277	-1
5278	17714.705
5279	17718.81
5280	-1
5281	17723.322
5282	-1
5283	-1
5284	17727.425
5285	-1
5286	-1
5287	17731.937
5288	17736.041
5289	-1
5290	17740.146
5291	17744.661
5292	-1
5293	17748.783
5294	17753.284
5295	-1
5296	17757.388
5297	-1
5298	-1
5299	17761.9
5300	17766.004
5301	-1
5302	17770.518
5303	-1
5304	-1
5305	17774.62
5306	-1
5307	-1
5308	17779.136
5309	17783.239
5310	-1
5311	17787.75
5312	-1
5313	-1
5314	17791.853
5315	17796.365
5316	-1
5317	17800.477
5318	17804.556
5319	17809.085
5320	17813.188
5321	17817.701
5322	17821.803
5323	17826.316
5324	17830.422
5325	-1
5326	17834.935
5327	17839.04
5328	17843.551
5329	17847.656
5330	17852.189
5331	-1
5332	17856.255
5333	17860.778
5334	-1
5335	17864.87
5336	-1
5337	-1
5338	17868.99
5339	-1
5340	-1
5341	17873.492
5342	-1
5343	-1
5344	17877.607
5345	-1
5346	-1
5347	17882.112
5348	17886.215
5349	17890.728
5350	17894.831
5351	17899.358
5352	-1
5353	17903.519
5354	17907.961
5355	-1
5356	17912.051
5357	-1
5358	-1
5359	17916.575
5360	17920.677
5361	17925.189
5362	17929.294
5363	-1
5364	-1
5365	17933.397
5366	-1
5367	-1
5368	17937.908
5369	-1
5370	-1
5371	17942.014
5372	17946.527
5373	-1
5374	17950.628
5375	-1
5376	-1
5377	17955.141
5378	-1
5379	-1
5380	17959.269
5381	17963.78
5382	17967.886
5383	17972.396
5384	-1
5385	-1
5386	17976.501
5387	17981.013
5388	-1
5389	17985.115
5390	-1
5391	-1
5392	17989.629
5393	17993.732
5394	-1
5395	17998.244
5396	18002.349
5397	-1
5398	18006.453
5399	18010.965
5400	-1
5401	18015.072
5402	18019.581
5403	-1
5404	18023.685
5405	18028.198
5406	-1
5407	18032.302
5408	18036.814
5409	-1
5410	18040.917
5411	18045.429
5412	-1
5413	18049.532
5414	18054.043
5415	-1
5416	18058.149
5417	-1
5418	-1
5419	18062.66
5420	18066.767
5421	-1
5422	18070.868
5423	-1
5424	-1
5425	18075.381
5426	-1
5427	-1
5428	18079.486
5429	18083.999
5430	18088.101
5431	18092.588
