1	22227.591
2	22231.696
3	22236.207
4	22240.31
5	22244.824
6	22248.926
7	22253.437
8	22257.544
9	22262.054
10	22266.16
11	22270.672
12	22274.776
13	22279.281
14	22283.39
15	22287.903
16	22292.007
17	22296.112
18	22300.626
19	22304.728
20	22309.239
21	22313.342
22	22317.857
23	22321.96
24	22326.471
25	22330.581
26	22335.087
27	22339.192
28	22343.703
29	22347.81
30	22352.321
31	22356.424
32	22360.528
33	22365.041
34	22369.143
35	22373.657
36	22377.765
37	22382.273
38	22386.376
39	22390.888
40	22394.992
41	22399.505
42	22403.584
43	22408.096
44	22412.2
45	22416.714
46	22420.815
47	22424.92
48	22429.431
49	22433.536
50	22438.049
51	22442.156
52	22446.672
53	22450.775
54	22455.29
55	22459.496
56	22463.903
57	22468.01
58	22472.522
59	22476.626
60	22481.142
61	22485.242
62	22489.35
63	22493.864
64	22497.966
65	22502.471
66	22506.565
67	22511.087
68	22515.189
69	22519.701
70	22523.804
71	22528.316
72	22532.42
73	22536.931
74	22541.036
75	22545.549
76	22549.653
77	22554.166
78	22558.27
79	22562.375
80	22566.887
81	22570.992
82	22575.503
83	22579.608
84	22584.113
85	22588.212
86	22592.723
87	22596.845
88	22601.353
89	22605.453
90	22609.964
91	22614.07
92	22618.583
93	22622.687
94	22626.793
95	22631.306
96	22635.421
97	22639.919
98	22644.021
99	22648.521
100	22652.624
101	22657.136
102	22661.255
103	22665.765
104	22669.856
105	22674.381
106	22678.473
107	22682.997
108	22687.101
109	22691.228
110	22695.74
111	22699.843
112	22704.355
113	22708.463
114	22712.972
115	22717.077
116	22721.589
117	22725.691
118	22730.204
119	22734.307
120	22738.82
121	22742.925
122	22747.437
123	22751.542
124	22755.645
125	22760.156
126	22764.26
127	22768.772
128	22772.878
129	22777.389
130	22781.493
131	22786.006
132	22790.109
133	22794.62
134	22798.725
135	22803.237
136	22807.341
137	22811.853
138	22815.956
139	22820.47
140	22824.573
141	22828.677
142	22833.19
143	22837.293
144	22841.805
145	22845.91
146	22850.422
147	22854.526
148	22859.038
149	22863.141
150	22867.655
151	22871.756
152	22876.269
153	22880.373
154	22884.887
155	22888.99
156	22893.094
157	22897.605
158	22901.709
159	22906.222
160	22910.326
161	22914.837
162	22918.942
163	22923.431
164	22927.558
165	22932.071
166	22936.173
167	22940.684
168	22944.791
169	22949.302
170	22953.407
171	22957.509
172	22962.024
173	22966.125
174	22970.637
175	22974.743
176	22979.254
177	22983.358
178	22987.871
179	22991.974
180	22996.486
181	23000.591
182	23005.108
183	23009.207
184	23013.719
185	23017.824
186	23021.927
187	23026.439
188	23030.544
189	23035.054
190	23039.159
191	23043.671
192	23047.775
193	23052.291
194	23056.391
195	23060.904
196	23065.008
197	23069.52
198	23073.624
199	23078.135
200	23082.239
201	23086.752
202	23090.855
203	23094.959
204	23099.472
205	23103.574
206	23108.087
207	23112.192
208	23116.704
209	23120.807
210	23125.319
211	23129.425
212	23133.935
213	23138.039
214	23142.551
215	23146.656
216	23151.169
217	23155.273
218	23159.376
219	23163.888
220	23167.993
221	23172.505
222	23176.609
223	23181.12
224	23185.223
225	23189.736
226	23193.84
227	23198.353
228	23202.458
229	23206.969
230	23211.072
231	23215.584
232	23219.687
233	23223.792
234	23228.305
235	23232.411
236	23236.92
237	23241.025
238	23245.537
239	23249.64
240	23254.152
241	23258.257
242	23262.772
243	23266.874
244	23271.385
245	23275.49
246	23280.001
247	23284.105
248	23288.208
249	23292.721
250	23296.83
251	23301.337
252	23305.442
253	23309.953
254	23314.058
255	23318.57
256	23322.674
257	23327.185
258	23331.29
259	23335.802
260	23339.91
261	23344.419
262	23348.522
263	23353.034
264	23357.137
265	23361.241
266	23365.753
267	23369.859
268	23374.371
269	23378.475
270	23382.99
271	23387.09
272	23391.601
273	23395.705
274	23400.218
275	23404.299
276	23408.81
277	23412.914
278	23417.426
279	-1
280	-1
281	23421.529
282	-1
283	-1
284	-1
285	-1
286	-1
287	23425.633
288	-1
289	-1
290	-1
291	23430.145
292	-1
293	-1
294	-1
295	-1
296	-1
297	23434.25
298	-1
299	-1
300	-1
301	-1
302	23438.762
303	-1
304	-1
305	-1
306	-1
307	-1
308	23442.867
309	-1
310	-1
311	23447.383
312	-1
313	-1
314	-1
315	-1
316	-1
317	23451.506
318	-1
319	-1
320	-1
321	23455.998
322	-1
323	-1
324	-1
325	-1
326	23460.108
327	-1
328	-1
329	-1
330	-1
331	-1
332	23464.616
333	-1
334	-1
335	-1
336	23468.723
337	-1
338	-1
339	-1
340	-1
341	23473.231
342	-1
343	-1
344	-1
345	-1
346	-1
347	23477.339
348	-1
349	-1
350	-1
351	23481.854
352	-1
353	-1
354	-1
355	-1
356	-1
357	23485.958
358	-1
359	-1
360	-1
361	-1
362	23490.063
363	-1
364	-1
365	-1
366	23494.575
367	-1
368	-1
369	-1
370	-1
371	23498.68
372	-1
373	-1
374	-1
375	23503.182
376	-1
377	-1
378	-1
379	-1
380	-1
381	23507.276
382	-1
383	-1
384	-1
385	-1
386	23511.804
387	-1
388	-1
389	-1
390	-1
391	-1
392	23515.907
393	-1
394	-1
395	23520.42
396	-1
397	-1
398	-1
399	-1
400	-1
401	23524.518
402	-1
403	-1
404	-1
405	23529.036
406	-1
407	-1
408	-1
409	-1
410	-1
411	23533.139
412	-1
413	-1
414	-1
415	-1
416	23537.653
417	-1
418	-1
419	-1
420	-1
421	-1
422	23541.758
423	-1
424	-1
425	23546.271
426	-1
427	-1
428	-1
429	23550.377
430	-1
431	-1
432	-1
433	-1
434	-1
435	23554.48
436	-1
437	-1
438	-1
439	-1
440	-1
441	23558.983
442	-1
443	-1
444	-1
445	-1
446	23563.098
447	-1
448	-1
449	-1
450	-1
451	-1
452	23567.705
453	-1
454	-1
455	23571.707
456	-1
457	-1
458	-1
459	23576.225
460	-1
461	-1
462	-1
463	-1
464	-1
465	23580.324
466	-1
467	23584.831
468	-1
469	-1
470	-1
471	23588.934
472	-1
473	-1
474	-1
475	-1
476	23593.446
477	23597.552
478	-1
479	23602.064
480	-1
481	-1
482	-1
483	23606.169
484	-1
485	-1
486	-1
487	-1
488	23610.684
489	-1
490	-1
491	-1
492	-1
493	-1
494	23614.785
495	-1
496	-1
497	23619.283
498	-1
499	-1
500	-1
501	-1
502	-1
503	23623.59
504	-1
505	-1
506	-1
507	23627.495
508	-1
509	-1
510	-1
511	-1
512	-1
513	23632.003
514	-1
515	-1
516	-1
517	-1
518	23636.12
519	-1
520	-1
521	-1
522	-1
523	-1
524	23640.63
525	-1
526	-1
527	23644.733
528	-1
529	-1
530	-1
531	-1
532	-1
533	23649.234
534	-1
535	-1
536	-1
537	23653.339
538	-1
539	-1
540	-1
541	-1
542	23657.852
543	-1
544	-1
545	-1
546	-1
547	-1
548	23661.963
549	-1
550	-1
551	23666.487
552	-1
553	-1
554	-1
555	-1
556	-1
557	23670.604
558	-1
559	-1
560	-1
561	23675.118
562	-1
563	-1
564	-1
565	-1
566	-1
567	23679.221
568	-1
569	-1
570	-1
571	-1
572	23683.738
573	-1
574	-1
575	-1
576	-1
577	-1
578	23687.838
579	-1
580	-1
581	23691.94
582	-1
583	-1
584	-1
585	-1
586	-1
587	23696.453
588	-1
589	-1
590	-1
591	23700.558
592	-1
593	-1
594	-1
595	-1
596	-1
597	23705.069
598	-1
599	-1
600	-1
601	-1
602	23709.174
603	-1
604	-1
605	-1
606	-1
607	-1
608	23713.686
609	-1
610	-1
611	23717.793
612	-1
613	-1
614	-1
615	-1
616	-1
617	23722.302
618	-1
619	-1
620	-1
621	23726.404
622	-1
623	-1
624	-1
625	-1
626	23730.917
627	-1
628	-1
629	-1
630	-1
631	-1
632	23735.022
633	-1
634	-1
635	23739.534
636	-1
637	-1
638	-1
639	-1
640	-1
641	23743.639
642	-1
643	-1
644	-1
645	23748.151
646	-1
647	-1
648	-1
649	-1
650	-1
651	23752.254
652	-1
653	-1
654	-1
655	-1
656	23756.358
657	-1
658	-1
659	-1
660	-1
661	-1
662	23760.87
663	-1
664	-1
665	23764.974
666	-1
667	-1
668	-1
669	-1
670	-1
671	23769.486
672	-1
673	-1
674	-1
675	23773.591
676	-1
677	-1
678	-1
679	-1
680	-1
681	23778.102
682	-1
683	-1
684	-1
685	-1
686	23782.206
687	-1
688	-1
689	23786.719
690	-1
691	-1
692	-1
693	-1
694	-1
695	23790.821
696	-1
697	-1
698	-1
699	23795.334
700	-1
701	-1
702	-1
703	-1
704	-1
705	23799.438
706	-1
707	-1
708	-1
709	-1
710	-1
711	23803.95
712	-1
713	-1
714	-1
715	-1
716	23808.055
717	-1
718	-1
719	23812.567
720	-1
721	-1
722	-1
723	-1
724	-1
725	23816.671
726	-1
727	-1
728	-1
729	23820.773
730	-1
731	-1
732	-1
733	-1
734	-1
735	23825.286
736	-1
737	-1
738	-1
739	-1
740	23829.391
741	-1
742	-1
743	-1
744	-1
745	-1
746	23833.902
747	-1
748	-1
749	23838.007
750	-1
751	-1
752	-1
753	-1
754	-1
755	23842.519
756	-1
757	-1
758	-1
759	23846.623
760	-1
761	-1
762	-1
763	-1
764	-1
765	23851.134
766	-1
767	-1
768	-1
769	-1
770	23855.24
771	-1
772	-1
773	23859.752
774	-1
775	-1
776	-1
777	-1
778	-1
779	23863.855
780	-1
781	-1
782	-1
783	23868.366
784	-1
785	23872.472
786	23876.983
787	-1
788	-1
789	-1
790	-1
791	23881.086
792	-1
793	-1
794	23885.599
795	-1
796	-1
797	-1
798	-1
799	-1
800	23889.705
801	-1
802	-1
803	-1
804	23893.807
805	-1
806	-1
807	-1
808	-1
809	-1
810	23898.318
811	-1
812	-1
813	-1
814	-1
815	23902.423
816	-1
817	-1
818	-1
819	-1
820	-1
821	23906.934
822	-1
823	-1
824	23911.04
825	-1
826	-1
827	-1
828	-1
829	-1
830	23915.552
831	-1
832	-1
833	-1
834	23919.657
835	-1
836	-1
837	-1
838	-1
839	23924.178
840	-1
841	-1
842	-1
843	-1
844	-1
845	23928.283
846	-1
847	-1
848	23932.793
849	-1
850	-1
851	-1
852	-1
853	-1
854	23936.897
855	-1
856	-1
857	-1
858	23941.409
859	-1
860	-1
861	-1
862	-1
863	-1
864	23945.514
865	-1
866	-1
867	-1
868	-1
869	23950.028
870	-1
871	-1
872	-1
873	-1
874	-1
875	23954.132
876	-1
877	-1
878	23958.233
879	-1
880	-1
881	-1
882	-1
883	-1
884	23962.745
885	-1
886	-1
887	-1
888	23966.849
889	-1
890	-1
891	-1
892	-1
893	-1
894	23971.368
895	-1
896	-1
897	-1
898	-1
899	23975.467
900	-1
901	-1
902	-1
903	-1
904	-1
905	23979.979
906	-1
907	-1
908	23984.081
909	-1
910	-1
911	-1
912	23988.595
913	-1
914	-1
915	-1
916	-1
917	-1
918	23992.697
919	-1
920	-1
921	-1
922	-1
923	23997.209
924	-1
925	-1
926	-1
927	-1
928	-1
929	24001.314
930	-1
931	-1
932	-1
933	-1
934	-1
935	24005.827
936	-1
937	-1
938	24009.93
939	-1
940	-1
941	-1
942	24014.442
943	-1
944	-1
945	-1
946	-1
947	-1
948	24018.546
949	-1
950	-1
951	-1
952	-1
953	-1
954	24022.653
955	-1
956	-1
957	-1
958	-1
959	24027.164
960	-1
961	-1
962	24031.267
963	24035.778
964	-1
965	24039.882
966	-1
967	-1
968	-1
969	-1
970	-1
971	24044.394
972	-1
973	-1
974	-1
975	24048.499
976	-1
977	-1
978	-1
979	-1
980	24053.011
981	-1
982	-1
983	-1
984	-1
985	-1
986	24057.117
987	-1
988	-1
989	24061.63
990	-1
991	-1
992	-1
993	-1
994	-1
995	24065.73
996	-1
997	-1
998	-1
999	24070.242
1000	-1
1001	-1
1002	-1
1003	-1
1004	-1
1005	24074.347
1006	-1
1007	-1
1008	-1
1009	-1
1010	24078.86
1011	-1
1012	-1
1013	24082.963
1014	-1
1015	-1
1016	-1
1017	-1
1018	-1
1019	24087.068
1020	-1
1021	-1
1022	-1
1023	-1
1024	-1
1025	24091.58
1026	-1
1027	-1
1028	-1
1029	24095.686
1030	-1
1031	-1
1032	-1
1033	-1
1034	24100.196
1035	-1
1036	-1
1037	-1
1038	-1
1039	-1
1040	24104.299
1041	-1
1042	-1
1043	-1
1044	24108.811
1045	-1
1046	-1
1047	-1
1048	-1
1049	24112.917
1050	-1
1051	-1
1052	-1
1053	24117.427
1054	-1
1055	-1
1056	-1
1057	-1
1058	-1
1059	24121.532
1060	-1
1061	-1
1062	-1
1063	-1
1064	24126.044
1065	-1
1066	-1
1067	-1
1068	-1
1069	-1
1070	24130.147
1071	-1
1072	-1
1073	24134.659
1074	-1
1075	-1
1076	-1
1077	-1
1078	-1
1079	24138.764
1080	-1
1081	-1
1082	-1
1083	24143.277
1084	-1
1085	-1
1086	-1
1087	-1
1088	-1
1089	24147.379
1090	-1
1091	-1
1092	-1
1093	-1
1094	24151.897
1095	-1
1096	-1
1097	-1
1098	-1
1099	-1
1100	24155.996
1101	-1
1102	-1
1103	24160.101
1104	-1
1105	-1
1106	-1
1107	-1
1108	-1
1109	24164.611
1110	-1
1111	-1
1112	-1
1113	24168.716
1114	-1
1115	-1
1116	-1
1117	-1
1118	-1
1119	24173.228
1120	-1
1121	-1
1122	-1
1123	-1
1124	24177.332
1125	-1
1126	-1
1127	-1
1128	-1
1129	-1
1130	24181.851
1131	-1
1132	-1
1133	24185.949
1134	-1
1135	-1
1136	-1
1137	24190.46
1138	-1
1139	-1
1140	-1
1141	-1
1142	-1
1143	24194.566
1144	-1
1145	-1
1146	-1
1147	-1
1148	24199.078
1149	-1
1150	-1
1151	-1
1152	-1
1153	-1
1154	24203.18
1155	-1
1156	-1
1157	24207.693
1158	-1
1159	-1
1160	-1
1161	-1
1162	-1
1163	24211.796
1164	-1
1165	-1
1166	-1
1167	24216.307
1168	-1
1169	-1
1170	-1
1171	-1
1172	-1
1173	24220.413
1174	-1
1175	-1
1176	-1
1177	-1
1178	24224.517
1179	-1
1180	-1
1181	-1
1182	-1
1183	-1
1184	24229.031
1185	-1
1186	-1
1187	24233.133
1188	-1
1189	-1
1190	-1
1191	-1
1192	-1
1193	24237.644
1194	-1
1195	-1
1196	-1
1197	24241.748
1198	-1
1199	-1
1200	-1
1201	-1
1202	-1
1203	24246.261
1204	-1
1205	-1
1206	-1
1207	-1
1208	24250.365
1209	-1
1210	-1
1211	-1
1212	24254.878
1213	-1
1214	-1
1215	24258.981
1216	-1
1217	24263.494
1218	24267.597
1219	-1
1220	-1
1221	-1
1222	-1
1223	24272.114
1224	-1
1225	-1
1226	24276.212
1227	-1
1228	-1
1229	-1
1230	-1
1231	-1
1232	24280.724
1233	-1
1234	-1
1235	-1
1236	-1
1237	-1
1238	24284.829
1239	-1
1240	-1
1241	-1
1242	24288.934
1243	-1
1244	-1
1245	-1
1246	-1
1247	24293.446
1248	-1
1249	-1
1250	-1
1251	-1
1252	-1
1253	24297.55
1254	-1
1255	-1
1256	24302.061
1257	-1
1258	-1
1259	-1
1260	-1
1261	-1
1262	24306.16
1263	-1
1264	-1
1265	-1
1266	24310.676
1267	-1
1268	-1
1269	-1
1270	-1
1271	-1
1272	24314.782
1273	-1
1274	-1
1275	-1
1276	-1
1277	24319.293
1278	-1
1279	-1
1280	-1
1281	24323.398
1282	-1
1283	-1
1284	-1
1285	-1
1286	24327.909
1287	-1
1288	-1
1289	-1
1290	24332.014
1291	-1
1292	-1
1293	-1
1294	-1
1295	-1
1296	24336.526
1297	-1
1298	-1
1299	-1
1300	-1
1301	24340.63
1302	-1
1303	-1
1304	-1
1305	-1
1306	-1
1307	24345.142
1308	-1
1309	-1
1310	24349.251
1311	-1
1312	-1
1313	-1
1314	-1
1315	-1
1316	24353.35
1317	-1
1318	-1
1319	-1
1320	24357.863
1321	-1
1322	-1
1323	-1
1324	-1
1325	-1
1326	24361.965
1327	-1
1328	-1
1329	-1
1330	-1
1331	24366.478
1332	-1
1333	-1
1334	24370.582
1335	-1
1336	-1
1337	-1
1338	-1
1339	-1
1340	24375.095
1341	-1
1342	-1
1343	-1
1344	-1
1345	-1
1346	24379.198
1347	-1
1348	-1
1349	-1
1350	24383.71
1351	-1
1352	-1
1353	-1
1354	-1
1355	24387.814
1356	-1
1357	-1
1358	-1
1359	-1
1360	-1
1361	24392.326
1362	-1
1363	-1
1364	24396.431
1365	-1
1366	-1
1367	-1
1368	-1
1369	-1
1370	24400.944
1371	-1
1372	-1
1373	-1
1374	24405.013
1375	-1
1376	-1
1377	-1
1378	-1
1379	24409.535
1380	-1
1381	-1
1382	-1
1383	-1
1384	-1
1385	24413.639
1386	-1
1387	-1
1388	-1
1389	-1
1390	-1
1391	24418.14
1392	24422.244
1393	-1
1394	24426.35
1395	-1
1396	-1
1397	-1
1398	24430.86
1399	-1
1400	-1
1401	-1
1402	-1
1403	24434.964
1404	-1
1405	-1
1406	-1
1407	-1
1408	-1
1409	24439.476
1410	-1
1411	-1
1412	24443.579
1413	-1
1414	-1
1415	-1
1416	-1
1417	-1
1418	24448.092
1419	-1
1420	-1
1421	-1
1422	24452.197
1423	-1
1424	-1
1425	-1
1426	-1
1427	24456.734
1428	-1
1429	-1
1430	-1
1431	-1
1432	-1
1433	24460.808
1434	-1
1435	-1
1436	24465.318
1437	-1
1438	-1
1439	-1
1440	-1
1441	-1
1442	24469.421
1443	-1
1444	-1
1445	-1
1446	24473.933
1447	-1
1448	-1
1449	-1
1450	-1
1451	-1
1452	24478.036
1453	-1
1454	-1
1455	-1
1456	-1
1457	24482.549
1458	-1
1459	-1
1460	-1
1461	-1
1462	-1
1463	24486.654
1464	-1
1465	-1
1466	24490.761
1467	-1
1468	-1
1469	-1
1470	-1
1471	-1
1472	24495.274
1473	-1
1474	-1
1475	-1
1476	24499.375
1477	-1
1478	-1
1479	-1
1480	-1
1481	-1
1482	24503.888
1483	-1
1484	-1
1485	-1
1486	-1
1487	24507.996
1488	-1
1489	-1
1490	-1
1491	-1
1492	-1
1493	24512.503
1494	-1
1495	-1
1496	24516.604
1497	-1
1498	-1
1499	-1
1500	24521.114
1501	-1
1502	-1
1503	-1
1504	-1
1505	-1
1506	24525.22
1507	-1
1508	-1
1509	-1
1510	-1
1511	24529.731
1512	-1
1513	-1
1514	-1
1515	-1
1516	-1
1517	24533.833
1518	-1
1519	-1
1520	24538.348
1521	-1
1522	-1
1523	-1
1524	-1
1525	-1
1526	24542.452
1527	-1
1528	-1
1529	-1
1530	24546.963
1531	-1
1532	-1
1533	-1
1534	-1
1535	-1
1536	24551.068
1537	-1
1538	-1
1539	-1
1540	-1
1541	24555.173
1542	-1
1543	-1
1544	-1
1545	-1
1546	-1
1547	24559.683
1548	-1
1549	-1
1550	24563.811
1551	-1
1552	-1
1553	-1
1554	-1
1555	-1
1556	24568.305
1557	-1
1558	-1
1559	-1
1560	24572.408
1561	-1
1562	-1
1563	-1
1564	-1
1565	-1
1566	24576.917
1567	-1
1568	-1
1569	-1
1570	-1
1571	24581.018
1572	-1
1573	-1
1574	24585.531
1575	-1
1576	-1
1577	-1
1578	-1
1579	-1
1580	24589.635
1581	-1
1582	-1
1583	-1
1584	24594.145
1585	-1
1586	-1
1587	-1
1588	-1
1589	-1
1590	24598.251
1591	-1
1592	-1
1593	-1
1594	-1
1595	24602.764
1596	-1
1597	-1
1598	-1
1599	-1
1600	-1
1601	24606.868
1602	-1
1603	-1
1604	24611.38
1605	-1
1606	-1
1607	-1
1608	-1
1609	-1
1610	24615.504
1611	-1
1612	-1
1613	-1
1614	24619.589
1615	-1
1616	-1
1617	-1
1618	-1
1619	24624.115
1620	24628.213
1621	-1
1622	24632.727
1623	-1
1624	-1
1625	-1
1626	-1
1627	-1
1628	24636.833
1629	-1
1630	-1
1631	-1
1632	24641.336
1633	-1
1634	-1
1635	-1
1636	-1
1637	-1
1638	24645.437
1639	-1
1640	-1
1641	-1
1642	-1
1643	24649.947
1644	-1
1645	-1
1646	-1
1647	24654.053
1648	-1
1649	24658.565
1650	24662.667
1651	-1
1652	24667.181
1653	-1
1654	-1
1655	-1
1656	-1
1657	-1
1658	24671.296
1659	-1
1660	-1
1661	-1
1662	24675.831
1663	-1
1664	-1
1665	-1
1666	-1
1667	-1
1668	24679.923
1669	-1
1670	-1
1671	-1
1672	-1
1673	24684.448
1674	-1
1675	-1
1676	-1
1677	-1
1678	-1
1679	24688.552
1680	-1
1681	-1
1682	24692.655
1683	-1
1684	-1
1685	-1
1686	-1
1687	-1
1688	24697.169
1689	-1
1690	-1
1691	-1
1692	24701.271
1693	-1
1694	-1
1695	-1
1696	-1
1697	-1
1698	24705.783
1699	-1
1700	-1
1701	-1
1702	-1
1703	24709.89
1704	-1
1705	-1
1706	-1
1707	-1
1708	-1
1709	24714.4
1710	-1
1711	-1
1712	24718.504
1713	-1
1714	-1
1715	-1
1716	24723.016
1717	-1
1718	-1
1719	-1
1720	-1
1721	-1
1722	24727.119
1723	-1
1724	-1
1725	-1
1726	-1
1727	24731.632
1728	-1
1729	-1
1730	-1
1731	-1
1732	-1
1733	24735.735
1734	-1
1735	-1
1736	24740.248
1737	-1
1738	-1
1739	-1
1740	-1
1741	-1
1742	24744.353
1743	-1
1744	-1
1745	-1
1746	24748.864
1747	-1
1748	-1
1749	-1
1750	-1
1751	-1
1752	24752.969
1753	-1
1754	-1
1755	-1
1756	-1
1757	24757.072
1758	-1
1759	-1
1760	-1
1761	-1
1762	-1
1763	24761.585
1764	-1
1765	-1
1766	24765.689
1767	-1
1768	-1
1769	-1
1770	-1
1771	-1
1772	24770.206
1773	-1
1774	-1
1775	-1
1776	24774.305
1777	-1
1778	-1
1779	-1
1780	-1
1781	-1
1782	24778.818
1783	-1
1784	-1
1785	-1
1786	-1
1787	24782.921
1788	-1
1789	-1
1790	-1
1791	24787.433
1792	-1
1793	-1
1794	-1
1795	-1
1796	24791.535
1797	-1
1798	-1
1799	-1
1800	24796.048
1801	-1
1802	-1
1803	-1
1804	-1
1805	-1
1806	24800.152
1807	-1
1808	-1
1809	-1
1810	-1
1811	-1
1812	24804.665
1813	-1
1814	-1
1815	-1
1816	-1
1817	24808.769
1818	-1
1819	-1
1820	24813.282
1821	-1
1822	-1
1823	-1
1824	-1
1825	-1
1826	24817.39
1827	24821.491
1828	-1
1829	-1
1830	-1
1831	-1
1832	24826.003
1833	-1
1834	-1
1835	24830.105
1836	-1
1837	-1
1838	-1
1839	-1
1840	-1
1841	24834.618
1842	-1
1843	-1
1844	-1
1845	24838.722
1846	-1
1847	-1
1848	-1
1849	-1
1850	-1
1851	24843.234
1852	-1
1853	-1
1854	-1
1855	-1
1856	24847.337
1857	-1
1858	-1
1859	24851.849
1860	-1
1861	-1
1862	-1
1863	-1
1864	-1
1865	24855.955
1866	-1
1867	-1
1868	-1
1869	24860.467
1870	-1
1871	-1
1872	-1
1873	-1
1874	-1
1875	24864.568
1876	-1
1877	-1
1878	-1
1879	-1
1880	24869.081
1881	-1
1882	-1
1883	24873.185
1884	-1
1885	-1
1886	-1
1887	-1
1888	-1
1889	24877.698
1890	-1
1891	-1
1892	-1
1893	-1
1894	-1
1895	24881.803
1896	-1
1897	-1
1898	-1
1899	24885.907
1900	-1
1901	-1
1902	-1
1903	-1
1904	24890.418
1905	-1
1906	-1
1907	-1
1908	24894.521
1909	-1
1910	-1
1911	-1
1912	-1
1913	24899.033
1914	-1
1915	-1
1916	-1
1917	24903.131
1918	-1
1919	-1
1920	-1
1921	-1
1922	-1
1923	24907.651
1924	-1
1925	-1
1926	-1
1927	-1
1928	-1
1929	24911.755
1930	-1
1931	-1
1932	-1
1933	-1
1934	24916.268
1935	-1
1936	-1
1937	-1
1938	-1
1939	-1
1940	24920.371
1941	-1
1942	-1
1943	24924.882
1944	-1
1945	-1
1946	-1
1947	-1
1948	-1
1949	24928.986
1950	-1
1951	-1
1952	-1
1953	24933.497
1954	-1
1955	-1
1956	-1
1957	-1
1958	-1
1959	24937.604
1960	-1
1961	-1
1962	-1
1963	-1
1964	24942.115
1965	-1
1966	-1
1967	-1
1968	-1
1969	-1
1970	24946.219
1971	-1
1972	-1
1973	24950.731
1974	-1
1975	-1
1976	-1
1977	-1
1978	-1
1979	24954.834
1980	-1
1981	-1
1982	-1
1983	24958.938
1984	-1
1985	-1
1986	-1
1987	-1
1988	-1
1989	24963.451
1990	-1
1991	-1
1992	-1
1993	-1
1994	24967.554
1995	-1
1996	-1
1997	24972.066
1998	-1
1999	-1
2000	-1
2001	-1
2002	-1
2003	24976.173
2004	-1
2005	-1
2006	-1
2007	24980.687
2008	-1
2009	-1
2010	-1
2011	-1
2012	-1
2013	24984.789
2014	-1
2015	-1
2016	-1
2017	-1
2018	24989.298
2019	-1
2020	-1
2021	-1
2022	-1
2023	-1
2024	24993.405
2025	-1
2026	-1
2027	24997.916
2028	-1
2029	-1
2030	-1
2031	25002.019
2032	-1
2033	-1
2034	-1
2035	-1
2036	-1
2037	25006.531
2038	-1
2039	-1
2040	-1
2041	-1
2042	-1
2043	25010.635
2044	-1
2045	-1
2046	-1
2047	-1
2048	25015.14
2049	-1
2050	-1
2051	25019.25
2052	25023.356
2053	-1
2054	25027.868
2055	25031.971
2056	-1
2057	-1
2058	-1
2059	-1
2060	25036.483
2061	-1
2062	-1
2063	-1
2064	25040.588
2065	-1
2066	-1
2067	-1
2068	-1
2069	-1
2070	25045.099
2071	-1
2072	-1
2073	-1
2074	-1
2075	25049.204
2076	25053.717
2077	-1
2078	25057.82
2079	-1
2080	-1
2081	25062.332
2082	-1
2083	-1
2084	-1
2085	-1
2086	-1
2087	25066.435
2088	-1
2089	-1
2090	25070.948
2091	-1
2092	-1
2093	-1
2094	-1
2095	-1
2096	25075.051
2097	-1
2098	-1
2099	-1
2100	25079.563
2101	-1
2102	-1
2103	-1
2104	-1
2105	25083.669
2106	-1
2107	-1
2108	-1
2109	-1
2110	-1
2111	25087.772
2112	-1
2113	-1
2114	25092.284
2115	-1
2116	-1
2117	-1
2118	-1
2119	-1
2120	25096.387
2121	-1
2122	-1
2123	-1
2124	25100.898
2125	-1
2126	-1
2127	-1
2128	-1
2129	-1
2130	25105.005
2131	-1
2132	25109.516
2133	25113.62
2134	-1
2135	-1
2136	-1
2137	-1
2138	25118.133
2139	-1
2140	-1
2141	-1
2142	-1
2143	-1
2144	25122.236
2145	-1
2146	-1
2147	25126.748
2148	-1
2149	-1
2150	-1
2151	-1
2152	-1
2153	25130.852
2154	-1
2155	-1
2156	-1
2157	25135.363
2158	-1
2159	-1
2160	-1
2161	-1
2162	-1
2163	25139.469
2164	-1
2165	-1
2166	-1
2167	-1
2168	25143.98
2169	-1
2170	-1
2171	-1
2172	-1
2173	-1
2174	25148.086
2175	-1
2176	-1
2177	25152.191
2178	-1
2179	-1
2180	25156.7
2181	-1
2182	-1
2183	-1
2184	25160.804
2185	-1
2186	-1
2187	-1
2188	-1
2189	25165.317
2190	-1
2191	-1
2192	-1
2193	-1
2194	-1
2195	25169.421
2196	-1
2197	-1
2198	-1
2199	25173.934
2200	-1
2201	-1
2202	-1
2203	-1
2204	-1
2205	25178.037
2206	-1
2207	-1
2208	-1
2209	-1
2210	25182.549
2211	-1
2212	-1
2213	25186.652
2214	-1
2215	-1
2216	-1
2217	-1
2218	-1
2219	25191.16
2220	-1
2221	-1
2222	-1
2223	25195.274
2224	-1
2225	25199.781
2226	-1
2227	-1
2228	25203.885
2229	25208.398
2230	-1
2231	-1
2232	-1
2233	-1
2234	25212.501
2235	-1
2236	-1
2237	25217.012
2238	25221.116
2239	-1
2240	25225.221
2241	-1
2242	-1
2243	25229.733
2244	-1
2245	-1
2246	-1
2247	-1
2248	-1
2249	25233.837
2250	-1
2251	-1
2252	-1
2253	-1
2254	-1
2255	25238.349
2256	-1
2257	-1
2258	-1
2259	25242.452
2260	-1
2261	-1
2262	-1
2263	-1
2264	-1
2265	25246.966
2266	-1
2267	-1
2268	-1
2269	-1
2270	25251.07
2271	-1
2272	-1
2273	25255.583
2274	-1
2275	-1
2276	-1
2277	-1
2278	-1
2279	25259.687
2280	-1
2281	-1
2282	-1
2283	25264.198
2284	-1
2285	-1
2286	-1
2287	-1
2288	-1
2289	25268.301
2290	-1
2291	-1
2292	-1
2293	-1
2294	25272.813
2295	-1
2296	-1
2297	-1
2298	-1
2299	-1
2300	25276.918
2301	-1
2302	-1
2303	25281.433
2304	-1
2305	-1
2306	-1
2307	-1
2308	-1
2309	25285.534
2310	-1
2311	-1
2312	-1
2313	25289.639
2314	-1
2315	-1
2316	-1
2317	-1
2318	-1
2319	25294.15
2320	-1
2321	-1
2322	-1
2323	-1
2324	25298.254
2325	-1
2326	-1
2327	-1
2328	-1
2329	-1
2330	25302.765
2331	-1
2332	-1
2333	25306.87
2334	-1
2335	-1
2336	-1
2337	-1
2338	-1
2339	25311.382
2340	-1
2341	-1
2342	-1
2343	25315.489
2344	-1
2345	-1
2346	-1
2347	-1
2348	25319.999
2349	-1
2350	-1
2351	-1
2352	-1
2353	-1
2354	25324.102
2355	-1
2356	-1
2357	25328.616
2358	-1
2359	-1
2360	-1
2361	-1
2362	-1
2363	25332.718
2364	-1
2365	-1
2366	25337.229
2367	-1
2368	-1
2369	-1
2370	-1
2371	-1
2372	25341.334
2373	-1
2374	-1
2375	-1
2376	25345.847
2377	-1
2378	-1
2379	-1
2380	-1
2381	-1
2382	25349.95
2383	-1
2384	-1
2385	-1
2386	-1
2387	25354.055
2388	-1
2389	-1
2390	25358.57
2391	-1
2392	-1
2393	-1
2394	-1
2395	-1
2396	25362.672
2397	-1
2398	-1
2399	-1
2400	25367.177
2401	-1
2402	-1
2403	-1
2404	-1
2405	-1
2406	25371.286
2407	-1
2408	-1
2409	-1
2410	-1
2411	25375.799
2412	-1
2413	-1
2414	-1
2415	-1
2416	-1
2417	25379.902
2418	-1
2419	-1
2420	25384.415
2421	-1
2422	-1
2423	-1
2424	-1
2425	-1
2426	25388.519
2427	-1
2428	-1
2429	-1
2430	25393.03
2431	-1
2432	-1
2433	-1
2434	-1
2435	-1
2436	25397.137
2437	-1
2438	-1
2439	-1
2440	-1
2441	25401.648
2442	-1
2443	-1
2444	25405.727
2445	-1
2446	-1
2447	-1
2448	-1
2449	-1
2450	25410.239
2451	-1
2452	-1
2453	-1
2454	25414.341
2455	-1
2456	-1
2457	-1
2458	-1
2459	-1
2460	25418.447
2461	-1
2462	25422.958
2463	-1
2464	-1
2465	25427.062
2466	-1
2467	-1
2468	-1
2469	25431.574
2470	-1
2471	-1
2472	-1
2473	-1
2474	25435.677
2475	-1
2476	-1
2477	-1
2478	-1
2479	-1
2480	25440.189
2481	-1
2482	-1
2483	-1
2484	25444.293
2485	-1
2486	25448.805
2487	25452.931
2488	-1
2489	-1
2490	-1
2491	-1
2492	25457.432
2493	-1
2494	-1
2495	-1
2496	-1
2497	-1
2498	25461.536
2499	-1
2500	-1
2501	-1
2502	25466.049
2503	-1
2504	-1
2505	-1
2506	-1
2507	-1
2508	25470.151
2509	-1
2510	-1
2511	-1
2512	-1
2513	25474.663
2514	-1
2515	-1
2516	25478.768
2517	-1
2518	-1
2519	-1
2520	-1
2521	-1
2522	25483.283
2523	-1
2524	-1
2525	-1
2526	25487.385
2527	-1
2528	-1
2529	-1
2530	-1
2531	-1
2532	25491.49
2533	-1
2534	-1
2535	-1
2536	-1
2537	25496.002
2538	-1
2539	-1
2540	-1
2541	-1
2542	-1
2543	25500.105
2544	-1
2545	-1
2546	25504.625
2547	-1
2548	-1
2549	-1
2550	-1
2551	-1
2552	25508.719
2553	-1
2554	-1
2555	-1
2556	25513.218
2557	-1
2558	-1
2559	-1
2560	-1
2561	-1
2562	25517.321
2563	-1
2564	-1
2565	-1
2566	-1
2567	25521.834
2568	-1
2569	-1
2570	-1
2571	-1
2572	-1
2573	25525.937
2574	-1
2575	-1
2576	25530.45
2577	-1
2578	-1
2579	-1
2580	-1
2581	-1
2582	25534.555
2583	-1
2584	-1
2585	-1
2586	25539.069
2587	-1
2588	-1
2589	-1
2590	-1
2591	-1
2592	25543.172
2593	-1
2594	-1
2595	-1
2596	-1
2597	25547.681
2598	-1
2599	-1
2600	25551.785
2601	-1
2602	-1
2603	-1
2604	-1
2605	-1
2606	25555.897
2607	-1
2608	-1
2609	-1
2610	-1
2611	-1
2612	25560.402
2613	-1
2614	-1
2615	-1
2616	25564.507
2617	-1
2618	-1
2619	-1
2620	-1
2621	25569.016
2622	-1
2623	-1
2624	-1
2625	-1
2626	-1
2627	25573.122
2628	-1
2629	-1
2630	25577.642
2631	-1
2632	-1
2633	-1
2634	-1
2635	-1
2636	25581.75
2637	-1
2638	-1
2639	-1
2640	25586.257
2641	-1
2642	-1
2643	-1
2644	-1
2645	-1
2646	25590.364
2647	-1
2648	-1
2649	-1
2650	-1
2651	25594.877
2652	-1
2653	-1
2654	-1
2655	-1
2656	-1
2657	25598.981
2658	-1
2659	-1
2660	25603.517
2661	-1
2662	-1
2663	-1
2664	25607.595
2665	-1
2666	25612.109
2667	25616.211
2668	-1
2669	25620.314
2670	-1
2671	-1
2672	-1
2673	25624.83
2674	-1
2675	-1
2676	-1
2677	-1
2678	25628.931
2679	-1
2680	-1
2681	-1
2682	-1
2683	-1
2684	25633.443
2685	-1
2686	-1
2687	25637.55
2688	-1
2689	-1
2690	-1
2691	-1
2692	-1
2693	25642.058
2694	-1
2695	-1
2696	-1
2697	25646.189
2698	-1
2699	-1
2700	-1
2701	-1
2702	-1
2703	25650.674
2704	-1
2705	-1
2706	-1
2707	-1
2708	25654.777
2709	-1
2710	-1
2711	-1
2712	25659.292
2713	-1
2714	-1
2715	-1
2716	-1
2717	25663.397
2718	-1
2719	-1
2720	-1
2721	25667.93
2722	-1
2723	-1
2724	-1
2725	-1
2726	-1
2727	25672.034
2728	-1
2729	-1
2730	-1
2731	-1
2732	25676.546
2733	-1
2734	-1
2735	-1
2736	-1
2737	-1
2738	25680.651
2739	-1
2740	-1
2741	25684.754
2742	-1
2743	-1
2744	-1
2745	-1
2746	-1
2747	25689.266
2748	-1
2749	-1
2750	-1
2751	25693.372
2752	-1
2753	-1
2754	-1
2755	-1
2756	-1
2757	25697.882
2758	-1
2759	-1
2760	-1
2761	-1
2762	25701.985
2763	-1
2764	-1
2765	-1
2766	-1
2767	-1
2768	25706.498
2769	-1
2770	-1
2771	25710.602
2772	-1
2773	-1
2774	-1
2775	-1
2776	-1
2777	25715.115
2778	-1
2779	-1
2780	-1
2781	25719.212
2782	-1
2783	-1
2784	-1
2785	-1
2786	-1
2787	25723.73
2788	-1
2789	-1
2790	-1
2791	-1
2792	25727.834
2793	-1
2794	-1
2795	-1
2796	-1
2797	-1
2798	25732.347
2799	-1
2800	-1
2801	25736.454
2802	-1
2803	-1
2804	-1
2805	-1
2806	-1
2807	25740.964
2808	-1
2809	-1
2810	-1
2811	25745.066
2812	-1
2813	-1
2814	-1
2815	-1
2816	25749.58
2817	-1
2818	-1
2819	-1
2820	-1
2821	-1
2822	25753.683
2823	-1
2824	-1
2825	25757.787
2826	-1
2827	-1
2828	-1
2829	-1
2830	-1
2831	25762.299
2832	-1
2833	-1
2834	-1
2835	25766.405
2836	-1
2837	-1
2838	-1
2839	-1
2840	-1
2841	25770.916
2842	-1
2843	-1
2844	-1
2845	-1
2846	25775.019
2847	-1
2848	-1
2849	-1
2850	-1
2851	-1
2852	25779.533
2853	-1
2854	-1
2855	25783.634
2856	-1
2857	-1
2858	-1
2859	-1
2860	-1
2861	25788.147
2862	-1
2863	-1
2864	-1
2865	25792.251
2866	-1
2867	-1
2868	-1
2869	-1
2870	25796.764
2871	-1
2872	-1
2873	-1
2874	-1
2875	-1
2876	25800.868
2877	-1
2878	-1
2879	25805.381
2880	-1
2881	-1
2882	-1
2883	-1
2884	-1
2885	25809.483
2886	-1
2887	-1
2888	25813.995
2889	25818.099
2890	-1
2891	25822.203
2892	-1
2893	-1
2894	25826.716
2895	-1
2896	-1
2897	-1
2898	-1
2899	-1
2900	25830.82
2901	-1
2902	-1
2903	25835.333
2904	-1
2905	-1
2906	-1
2907	25839.437
2908	-1
2909	25843.947
2910	-1
2911	-1
2912	-1
2913	25848.051
2914	-1
2915	-1
2916	-1
2917	-1
2918	25852.564
2919	-1
2920	-1
2921	25856.668
2922	-1
2923	-1
2924	-1
2925	-1
2926	-1
2927	25861.18
2928	-1
2929	-1
2930	-1
2931	-1
2932	-1
2933	25865.284
2934	-1
2935	-1
2936	-1
2937	25869.798
2938	-1
2939	-1
2940	-1
2941	-1
2942	-1
2943	25873.898
2944	-1
2945	-1
2946	-1
2947	-1
2948	25878.411
2949	-1
2950	-1
2951	25882.516
2952	-1
2953	-1
2954	-1
2955	-1
2956	-1
2957	25886.62
2958	-1
2959	-1
2960	-1
2961	-1
2962	-1
2963	25891.132
2964	-1
2965	-1
2966	-1
2967	25895.23
2968	-1
2969	-1
2970	-1
2971	-1
2972	25899.749
2973	-1
2974	-1
2975	-1
2976	-1
2977	-1
2978	25903.857
2979	-1
2980	-1
2981	25908.365
2982	-1
2983	-1
2984	-1
2985	25912.469
2986	-1
2987	-1
2988	-1
2989	-1
2990	-1
2991	25916.98
2992	-1
2993	-1
2994	-1
2995	-1
2996	25921.084
2997	-1
2998	-1
2999	-1
3000	-1
3001	-1
3002	25925.595
3003	-1
3004	-1
3005	25929.701
3006	-1
3007	-1
3008	-1
3009	-1
3010	-1
3011	25934.213
3012	-1
3013	-1
3014	-1
3015	25938.318
3016	-1
3017	-1
3018	-1
3019	-1
3020	-1
3021	25942.829
3022	-1
3023	-1
3024	-1
3025	-1
3026	25946.937
3027	-1
3028	-1
3029	25951.036
3030	-1
3031	-1
3032	-1
3033	-1
3034	-1
3035	25955.548
3036	-1
3037	-1
3038	-1
3039	25959.653
3040	-1
3041	-1
3042	-1
3043	-1
3044	-1
3045	25964.165
3046	-1
3047	-1
3048	-1
3049	-1
3050	25968.27
3051	-1
3052	-1
3053	-1
3054	-1
3055	-1
3056	25972.781
3057	-1
3058	-1
3059	25976.885
3060	-1
3061	-1
3062	-1
3063	-1
3064	-1
3065	25981.398
3066	-1
3067	-1
3068	-1
3069	25985.499
3070	-1
3071	-1
3072	-1
3073	-1
3074	25990.013
3075	-1
3076	-1
3077	-1
3078	-1
3079	-1
3080	25994.119
3081	-1
3082	-1
3083	-1
3084	25998.629
3085	-1
3086	-1
3087	-1
3088	-1
3089	26002.733
3090	-1
3091	-1
3092	-1
3093	26007.239
3094	-1
3095	26011.35
3096	-1
3097	-1
3098	26015.863
3099	26019.966
3100	-1
3101	26024.072
3102	26028.582
3103	-1
3104	-1
3105	26032.686
3106	-1
3107	-1
3108	-1
3109	-1
3110	26037.197
3111	-1
3112	-1
3113	-1
3114	-1
3115	-1
3116	26041.3
3117	-1
3118	-1
3119	26045.813
3120	-1
3121	-1
3122	-1
3123	26049.918
3124	-1
3125	-1
3126	-1
3127	-1
3128	-1
3129	26054.43
3130	-1
3131	-1
3132	-1
3133	-1
3134	26058.535
3135	-1
3136	-1
3137	-1
3138	-1
3139	-1
3140	26063.045
3141	-1
3142	-1
3143	26067.15
3144	-1
3145	-1
3146	-1
3147	-1
3148	-1
3149	26071.662
3150	-1
3151	-1
3152	-1
3153	26075.766
3154	-1
3155	-1
3156	-1
3157	-1
3158	-1
3159	26080.283
3160	-1
3161	-1
3162	-1
3163	-1
3164	26084.383
3165	-1
3166	-1
3167	-1
3168	-1
3169	-1
3170	26088.485
3171	-1
3172	-1
3173	26092.998
3174	-1
3175	-1
3176	-1
3177	26097.102
3178	-1
3179	-1
3180	-1
3181	-1
3182	-1
3183	26101.614
3184	-1
3185	-1
3186	-1
3187	-1
3188	26105.718
3189	-1
3190	-1
3191	-1
3192	-1
3193	-1
3194	26110.231
3195	-1
3196	-1
3197	26114.338
3198	-1
3199	-1
3200	-1
3201	-1
3202	-1
3203	26118.846
3204	-1
3205	-1
3206	-1
3207	26122.951
3208	-1
3209	-1
3210	-1
3211	-1
3212	26127.462
3213	-1
3214	-1
3215	-1
3216	-1
3217	-1
3218	26131.567
3219	-1
3220	-1
3221	-1
3222	-1
3223	-1
3224	26136.079
3225	-1
3226	-1
3227	26140.183
3228	-1
3229	-1
3230	-1
3231	26144.694
3232	-1
3233	-1
3234	-1
3235	-1
3236	-1
3237	26148.798
3238	-1
3239	-1
3240	-1
3241	-1
3242	-1
3243	26152.903
3244	-1
3245	-1
3246	-1
3247	-1
3248	26157.418
3249	-1
3250	-1
3251	-1
3252	26161.525
3253	-1
3254	-1
3255	-1
3256	-1
3257	26166.031
3258	-1
3259	-1
3260	-1
3261	26170.135
3262	-1
3263	-1
3264	-1
3265	-1
3266	-1
3267	26174.647
3268	-1
3269	-1
3270	-1
3271	-1
3272	26178.751
3273	-1
3274	-1
3275	-1
3276	-1
3277	-1
3278	26183.256
3279	-1
3280	-1
3281	26187.366
3282	-1
3283	-1
3284	-1
3285	-1
3286	-1
3287	26191.88
3288	-1
3289	-1
3290	-1
3291	26195.984
3292	-1
3293	-1
3294	-1
3295	-1
3296	-1
3297	26200.498
3298	-1
3299	-1
3300	-1
3301	-1
3302	26204.599
3303	-1
3304	-1
3305	-1
3306	-1
3307	-1
3308	26209.11
3309	-1
3310	-1
3311	26213.215
3312	-1
3313	-1
3314	-1
3315	26217.319
3316	-1
3317	26221.832
3318	26225.936
3319	-1
3320	26230.448
3321	-1
3322	-1
3323	-1
3324	26234.551
3325	-1
3326	-1
3327	-1
3328	-1
3329	26239.062
3330	-1
3331	-1
3332	26243.167
3333	-1
3334	-1
3335	-1
3336	-1
3337	-1
3338	26247.681
3339	-1
3340	-1
3341	26251.784
3342	-1
3343	-1
3344	-1
3345	-1
3346	-1
3347	26256.296
3348	-1
3349	-1
3350	-1
3351	26260.399
3352	-1
3353	-1
3354	-1
3355	-1
3356	26264.912
3357	-1
3358	-1
3359	-1
3360	-1
3361	-1
3362	26269.014
3363	-1
3364	-1
3365	26273.527
3366	-1
3367	-1
3368	-1
3369	-1
3370	-1
3371	26277.631
3372	-1
3373	-1
3374	-1
3375	26282.144
3376	-1
3377	-1
3378	-1
3379	-1
3380	-1
3381	26286.248
3382	-1
3383	-1
3384	-1
3385	-1
3386	26290.352
3387	-1
3388	-1
3389	-1
3390	-1
3391	-1
3392	26294.864
3393	-1
3394	-1
3395	26298.968
3396	-1
3397	-1
3398	-1
3399	-1
3400	-1
3401	26303.479
3402	-1
3403	-1
3404	-1
3405	26307.584
3406	-1
3407	-1
3408	-1
3409	-1
3410	-1
3411	26312.095
3412	-1
3413	-1
3414	-1
3415	-1
3416	26316.2
3417	-1
3418	-1
3419	26320.712
3420	-1
3421	-1
3422	-1
3423	-1
3424	-1
3425	26324.817
3426	-1
3427	-1
3428	-1
3429	26329.326
3430	-1
3431	-1
3432	-1
3433	-1
3434	-1
3435	26333.433
3436	-1
3437	-1
3438	-1
3439	-1
3440	26337.949
3441	-1
3442	-1
3443	-1
3444	-1
3445	-1
3446	26342.049
3447	-1
3448	-1
3449	26346.559
3450	-1
3451	-1
3452	-1
3453	-1
3454	-1
3455	26350.664
3456	-1
3457	-1
3458	-1
3459	26354.768
3460	-1
3461	-1
3462	-1
3463	-1
3464	-1
3465	26359.274
3466	-1
3467	-1
3468	-1
3469	-1
3470	26363.385
3471	-1
3472	-1
3473	-1
3474	-1
3475	-1
3476	26367.901
3477	-1
3478	-1
3479	26372.0
3480	-1
3481	-1
3482	-1
3483	-1
3484	-1
3485	26376.512
3486	-1
3487	-1
3488	-1
3489	26380.616
3490	-1
3491	-1
3492	26385.128
3493	-1
3494	-1
3495	-1
3496	-1
3497	-1
3498	26389.234
3499	-1
3500	-1
3501	-1
3502	-1
3503	26393.747
3504	-1
3505	-1
3506	-1
3507	-1
3508	-1
3509	26397.849
3510	-1
3511	-1
3512	26402.362
3513	-1
3514	-1
3515	-1
3516	-1
3517	-1
3518	26406.464
3519	-1
3520	-1
3521	-1
3522	26410.94
3523	-1
3524	-1
3525	-1
3526	-1
3527	-1
3528	26415.042
3529	-1
3530	-1
3531	26419.148
3532	-1
3533	26423.659
3534	26427.763
3535	-1
3536	26432.275
3537	26436.378
3538	-1
3539	-1
3540	26440.89
3541	-1
3542	-1
3543	-1
3544	-1
3545	26444.995
3546	-1
3547	-1
3548	-1
3549	-1
3550	-1
3551	26449.507
3552	-1
3553	-1
3554	26453.612
3555	-1
3556	-1
3557	-1
3558	26458.13
3559	-1
3560	-1
3561	-1
3562	-1
3563	-1
3564	26462.229
3565	-1
3566	-1
3567	-1
3568	-1
3569	26466.741
3570	-1
3571	-1
3572	-1
3573	-1
3574	-1
3575	26470.846
3576	-1
3577	-1
3578	26475.356
3579	-1
3580	-1
3581	-1
3582	-1
3583	-1
3584	26479.461
3585	-1
3586	-1
3587	-1
3588	26483.565
3589	-1
3590	-1
3591	-1
3592	-1
3593	-1
3594	26488.078
3595	-1
3596	-1
3597	-1
3598	-1
3599	26492.181
3600	-1
3601	-1
3602	-1
3603	-1
3604	-1
3605	26496.695
3606	-1
3607	-1
3608	26500.799
3609	-1
3610	-1
3611	-1
3612	-1
3613	-1
3614	26505.311
3615	-1
3616	-1
3617	-1
3618	26509.418
3619	-1
3620	-1
3621	-1
3622	-1
3623	26513.926
3624	-1
3625	-1
3626	-1
3627	-1
3628	-1
3629	26518.031
3630	-1
3631	-1
3632	26522.543
3633	-1
3634	-1
3635	-1
3636	-1
3637	-1
3638	26526.645
3639	-1
3640	-1
3641	-1
3642	26531.159
3643	-1
3644	-1
3645	-1
3646	-1
3647	-1
3648	26535.264
3649	-1
3650	-1
3651	-1
3652	-1
3653	26539.775
3654	-1
3655	-1
3656	26543.879
3657	-1
3658	-1
3659	-1
3660	-1
3661	-1
3662	26548.389
3663	-1
3664	-1
3665	-1
3666	-1
3667	-1
3668	26552.495
3669	-1
3670	-1
3671	-1
3672	26556.6
3673	-1
3674	-1
3675	-1
3676	-1
3677	26561.115
3678	-1
3679	-1
3680	-1
3681	-1
3682	-1
3683	26565.22
3684	-1
3685	-1
3686	26569.736
3687	-1
3688	-1
3689	-1
3690	-1
3691	-1
3692	26573.835
3693	-1
3694	-1
3695	-1
3696	26578.346
3697	-1
3698	-1
3699	-1
3700	-1
3701	-1
3702	26582.466
3703	-1
3704	-1
3705	-1
3706	-1
3707	26586.97
3708	-1
3709	-1
3710	26591.074
3711	-1
3712	-1
3713	-1
3714	-1
3715	-1
3716	26595.587
3717	-1
3718	-1
3719	-1
3720	26599.692
3721	-1
3722	-1
3723	-1
3724	-1
3725	-1
3726	26604.205
3727	-1
3728	-1
3729	-1
3730	-1
3731	26608.309
3732	-1
3733	-1
3734	-1
3735	-1
3736	-1
3737	26612.821
3738	-1
3739	-1
3740	26616.927
3741	-1
3742	-1
3743	-1
3744	-1
3745	-1
3746	26621.032
3747	-1
3748	-1
3749	26625.541
3750	26629.655
3751	-1
3752	26634.16
3753	26638.258
3754	-1
3755	-1
3756	26642.774
3757	-1
3758	-1
3759	-1
3760	-1
3761	26646.877
3762	-1
3763	-1
3764	26651.49
3765	-1
3766	-1
3767	-1
3768	-1
3769	-1
3770	26655.593
3771	-1
3772	-1
3773	-1
3774	26660.027
3775	-1
3776	-1
3777	-1
3778	-1
3779	-1
3780	26664.107
3781	-1
3782	-1
3783	-1
3784	-1
3785	26668.619
3786	-1
3787	-1
3788	-1
3789	-1
3790	-1
3791	26672.747
3792	-1
3793	-1
3794	26677.259
3795	-1
3796	-1
3797	-1
3798	-1
3799	-1
3800	26681.363
3801	-1
3802	-1
3803	-1
3804	26685.467
3805	-1
3806	-1
3807	26689.979
3808	-1
3809	-1
3810	-1
3811	-1
3812	-1
3813	26694.083
3814	-1
3815	-1
3816	-1
3817	-1
3818	-1
3819	26698.594
3820	-1
3821	-1
3822	-1
3823	-1
3824	26702.701
3825	-1
3826	-1
3827	26707.212
3828	-1
3829	-1
3830	-1
3831	-1
3832	-1
3833	26711.315
3834	-1
3835	-1
3836	-1
3837	26715.827
3838	-1
3839	-1
3840	-1
3841	-1
3842	-1
3843	26719.931
3844	-1
3845	-1
3846	-1
3847	-1
3848	26724.443
3849	-1
3850	-1
3851	-1
3852	-1
3853	-1
3854	26728.548
3855	-1
3856	-1
3857	26733.059
3858	-1
3859	-1
3860	-1
3861	-1
3862	-1
3863	26737.163
3864	-1
3865	-1
3866	-1
3867	26741.676
3868	-1
3869	-1
3870	-1
3871	-1
3872	-1
3873	26745.783
3874	-1
3875	-1
3876	-1
3877	-1
3878	26749.883
3879	-1
3880	-1
3881	-1
3882	-1
3883	-1
3884	26754.394
3885	-1
3886	-1
3887	26758.5
3888	-1
3889	-1
3890	-1
3891	-1
3892	-1
3893	26763.012
3894	-1
3895	-1
3896	-1
3897	26767.116
3898	-1
3899	-1
3900	-1
3901	-1
3902	-1
3903	26771.629
3904	-1
3905	-1
3906	-1
3907	-1
3908	26775.731
3909	-1
3910	-1
3911	26780.244
3912	-1
3913	-1
3914	-1
3915	-1
3916	-1
3917	26784.347
3918	-1
3919	-1
3920	-1
3921	26788.861
3922	-1
3923	-1
3924	-1
3925	-1
3926	-1
3927	26792.964
3928	-1
3929	-1
3930	-1
3931	-1
3932	26797.478
3933	-1
3934	-1
3935	-1
3936	-1
3937	-1
3938	26801.58
3939	-1
3940	-1
3941	26806.092
3942	-1
3943	-1
3944	-1
3945	-1
3946	-1
3947	26810.194
3948	-1
3949	-1
3950	-1
3951	26814.709
3952	-1
3953	-1
3954	-1
3955	-1
3956	26818.812
3957	26822.916
3958	-1
3959	26827.428
3960	26831.532
3961	-1
3962	26836.047
3963	26840.148
3964	-1
3965	26844.66
3966	26848.765
3967	-1
3968	26853.276
3969	-1
3970	-1
3971	-1
3972	26857.381
3973	-1
3974	-1
3975	-1
3976	-1
3977	-1
3978	26861.892
3979	-1
3980	-1
3981	-1
3982	-1
3983	26865.997
3984	-1
3985	-1
3986	-1
3987	-1
3988	-1
3989	26870.508
3990	-1
3991	-1
3992	26874.615
3993	-1
3994	-1
3995	-1
3996	-1
3997	-1
3998	26879.128
3999	-1
4000	-1
4001	-1
4002	26883.229
4003	-1
4004	-1
4005	-1
4006	-1
4007	-1
4008	26887.333
4009	-1
4010	-1
4011	-1
4012	-1
4013	26891.845
4014	-1
4015	-1
4016	26895.949
4017	-1
4018	-1
4019	-1
4020	-1
4021	-1
4022	26900.461
4023	-1
4024	-1
4025	-1
4026	-1
4027	-1
4028	26904.566
4029	-1
4030	-1
4031	-1
4032	26909.079
4033	-1
4034	-1
4035	-1
4036	-1
4037	-1
4038	26913.185
4039	-1
4040	-1
4041	-1
4042	-1
4043	26917.693
4044	-1
4045	-1
4046	-1
4047	26921.796
4048	-1
4049	-1
4050	-1
4051	-1
4052	26926.309
4053	-1
4054	-1
4055	-1
4056	-1
4057	-1
4058	26930.414
4059	-1
4060	-1
4061	-1
4062	26934.926
4063	-1
4064	-1
4065	-1
4066	-1
4067	-1
4068	26939.03
4069	-1
4070	-1
4071	-1
4072	-1
4073	26943.543
4074	-1
4075	-1
4076	-1
4077	26947.644
4078	-1
4079	-1
4080	-1
4081	-1
4082	26951.749
4083	-1
4084	-1
4085	-1
4086	-1
4087	-1
4088	26956.263
4089	-1
4090	-1
4091	-1
4092	26960.366
4093	-1
4094	-1
4095	-1
4096	-1
4097	26964.877
4098	-1
4099	-1
4100	-1
4101	-1
4102	-1
4103	26968.983
4104	-1
4105	-1
4106	26973.494
4107	-1
4108	-1
4109	-1
4110	-1
4111	-1
4112	26977.597
4113	-1
4114	-1
4115	-1
4116	26982.11
4117	-1
4118	-1
4119	-1
4120	-1
4121	-1
4122	26986.214
4123	-1
4124	-1
4125	-1
4126	-1
4127	26990.726
4128	-1
4129	-1
4130	-1
4131	-1
4132	-1
4133	26994.83
4134	-1
4135	-1
4136	26999.346
4137	-1
4138	-1
4139	-1
4140	-1
4141	-1
4142	27003.448
4143	-1
4144	-1
4145	27007.958
4146	-1
4147	-1
4148	-1
4149	-1
4150	-1
4151	27012.062
4152	-1
4153	-1
4154	-1
4155	27016.166
4156	-1
4157	-1
4158	-1
4159	-1
4160	-1
4161	27020.678
4162	-1
4163	27024.782
4164	27029.296
4165	-1
4166	-1
4167	27033.398
4168	-1
4169	-1
4170	-1
4171	-1
4172	27037.911
4173	-1
4174	-1
4175	-1
4176	-1
4177	-1
4178	27042.015
4179	-1
4180	-1
4181	27046.531
4182	-1
4183	-1
4184	-1
4185	-1
4186	-1
4187	27050.631
4188	-1
4189	-1
4190	-1
4191	27055.143
4192	-1
4193	-1
4194	-1
4195	-1
4196	-1
4197	27059.247
4198	-1
4199	-1
4200	-1
4201	-1
4202	27063.759
4203	-1
4204	-1
4205	-1
4206	-1
4207	-1
4208	27067.862
4209	-1
4210	-1
4211	27072.375
4212	-1
4213	-1
4214	-1
4215	-1
4216	-1
4217	27076.48
4218	-1
4219	-1
4220	-1
4221	27080.993
4222	-1
4223	-1
4224	-1
4225	-1
4226	-1
4227	27085.095
4228	-1
4229	-1
4230	-1
4231	-1
4232	27089.199
4233	-1
4234	-1
4235	-1
4236	-1
4237	-1
4238	27093.71
4239	-1
4240	-1
4241	27097.815
4242	-1
4243	-1
4244	-1
4245	27102.327
4246	-1
4247	-1
4248	-1
4249	-1
4250	-1
4251	27106.432
4252	-1
4253	-1
4254	-1
4255	-1
4256	-1
4257	27110.944
4258	-1
4259	-1
4260	-1
4261	-1
4262	27115.047
4263	-1
4264	-1
4265	27119.559
4266	-1
4267	-1
4268	-1
4269	-1
4270	-1
4271	27123.665
4272	-1
4273	-1
4274	-1
4275	27128.175
4276	-1
4277	-1
4278	-1
4279	-1
4280	-1
4281	27132.28
4282	-1
4283	-1
4284	-1
4285	-1
4286	27136.792
4287	-1
4288	-1
4289	-1
4290	-1
4291	-1
4292	27140.896
4293	-1
4294	-1
4295	27145.408
4296	-1
4297	-1
4298	-1
4299	-1
4300	-1
4301	27149.514
4302	-1
4303	-1
4304	-1
4305	27153.616
4306	-1
4307	-1
4308	-1
4309	-1
4310	-1
4311	27158.128
4312	-1
4313	-1
4314	-1
4315	-1
4316	27162.232
4317	-1
4318	-1
4319	-1
4320	-1
4321	-1
4322	27166.747
4323	-1
4324	-1
4325	27170.849
4326	-1
4327	-1
4328	-1
4329	-1
4330	-1
4331	27175.361
4332	-1
4333	-1
4334	-1
4335	27179.463
4336	-1
4337	-1
4338	-1
4339	-1
4340	-1
4341	27183.976
4342	-1
4343	-1
4344	-1
4345	-1
4346	27188.081
4347	-1
4348	-1
4349	-1
4350	27192.593
4351	-1
4352	-1
4353	-1
4354	-1
4355	27196.696
4356	-1
4357	-1
4358	-1
4359	27201.208
4360	-1
4361	-1
4362	-1
4363	-1
4364	-1
4365	27205.314
4366	-1
4367	-1
4368	-1
4369	-1
4370	27209.824
4371	27213.927
4372	-1
4373	27218.032
4374	27223.552
4375	27227.658
4376	27232.169
4377	27236.272
4378	-1
4379	27240.784
4380	27244.889
4381	-1
4382	27249.401
4383	27253.505
4384	-1
4385	27258.021
4386	27262.122
4387	-1
4388	27266.633
4389	27270.737
4390	-1
4391	-1
4392	-1
4393	-1
4394	27274.841
4395	-1
4396	-1
4397	-1
4398	-1
4399	-1
4400	27279.352
4401	-1
4402	-1
4403	27283.457
4404	-1
4405	-1
4406	-1
4407	27287.969
4408	-1
4409	-1
4410	-1
4411	-1
4412	-1
4413	27292.074
4414	-1
4415	-1
4416	-1
4417	-1
4418	27296.586
4419	-1
4420	-1
4421	-1
4422	-1
4423	-1
4424	27300.689
4425	-1
4426	-1
4427	27305.201
4428	-1
4429	-1
4430	-1
4431	27309.305
4432	-1
4433	-1
4434	-1
4435	-1
4436	-1
4437	27313.817
4438	-1
4439	-1
4440	-1
4441	-1
4442	27317.922
4443	-1
4444	-1
4445	-1
4446	-1
4447	-1
4448	27322.435
4449	-1
4450	-1
4451	27326.538
4452	-1
4453	-1
4454	-1
4455	-1
4456	-1
4457	27331.05
4458	-1
4459	-1
4460	-1
4461	27335.148
4462	-1
4463	-1
4464	-1
4465	-1
4466	27339.665
4467	-1
4468	-1
4469	-1
4470	-1
4471	-1
4472	27343.77
4473	-1
4474	-1
4475	27347.874
4476	-1
4477	-1
4478	-1
4479	-1
4480	-1
4481	27352.386
4482	-1
4483	-1
4484	-1
4485	27356.49
4486	-1
4487	-1
4488	-1
4489	-1
4490	-1
4491	27361.002
4492	-1
4493	-1
4494	-1
4495	-1
4496	27365.105
4497	-1
4498	-1
4499	-1
4500	-1
4501	-1
4502	27369.617
4503	-1
4504	-1
4505	27373.721
4506	-1
4507	-1
4508	-1
4509	-1
4510	-1
4511	27378.236
4512	-1
4513	-1
4514	-1
4515	27382.339
4516	-1
4517	-1
4518	-1
4519	-1
4520	-1
4521	27386.85
4522	-1
4523	-1
4524	-1
4525	-1
4526	27390.955
4527	-1
4528	-1
4529	-1
4530	27395.466
4531	-1
4532	-1
4533	-1
4534	-1
4535	27399.57
4536	-1
4537	-1
4538	-1
4539	27404.083
4540	-1
4541	-1
4542	-1
4543	-1
4544	-1
4545	27408.186
4546	-1
4547	-1
4548	-1
4549	-1
4550	27412.266
4551	-1
4552	-1
4553	-1
4554	-1
4555	-1
4556	27416.777
4557	-1
4558	-1
4559	27420.881
4560	-1
4561	-1
4562	-1
4563	-1
4564	-1
4565	27425.394
4566	-1
4567	-1
4568	-1
4569	27429.498
4570	-1
4571	-1
4572	-1
4573	-1
4574	27434.011
4575	-1
4576	-1
4577	-1
4578	-1
4579	-1
4580	27438.114
4581	-1
4582	-1
4583	27442.625
4584	-1
4585	-1
4586	-1
4587	-1
4588	-1
4589	27446.729
4590	-1
4591	-1
4592	-1
4593	27451.241
4594	-1
4595	-1
4596	-1
4597	-1
4598	-1
4599	27455.36
4600	-1
4601	-1
4602	-1
4603	-1
4604	27459.868
4605	-1
4606	-1
4607	-1
4608	-1
4609	-1
4610	27463.971
4611	-1
4612	-1
4613	27468.484
4614	-1
4615	-1
4616	-1
4617	-1
4618	-1
4619	27472.583
4620	-1
4621	-1
4622	-1
4623	27476.692
4624	-1
4625	-1
4626	-1
4627	-1
4628	-1
4629	27481.203
4630	-1
4631	-1
4632	-1
4633	-1
4634	27485.303
4635	-1
4636	-1
4637	-1
4638	-1
4639	-1
4640	27489.823
4641	-1
4642	-1
4643	27493.928
4644	-1
4645	-1
4646	-1
4647	-1
4648	-1
4649	27498.441
4650	-1
4651	-1
4652	-1
4653	27502.545
4654	-1
4655	-1
4656	-1
4657	-1
4658	27507.048
4659	-1
4660	-1
4661	-1
4662	-1
4663	-1
4664	27511.159
4665	-1
4666	-1
4667	27515.673
4668	-1
4669	-1
4670	-1
4671	-1
4672	-1
4673	27519.774
4674	-1
4675	-1
4676	-1
4677	27524.284
4678	-1
4679	-1
4680	-1
4681	-1
4682	-1
4683	27528.39
4684	-1
4685	-1
4686	-1
4687	-1
4688	27532.896
4689	-1
4690	-1
4691	-1
4692	27537.003
4693	-1
4694	-1
4695	-1
4696	-1
4697	27541.108
4698	-1
4699	-1
4700	-1
4701	27545.62
4702	-1
4703	-1
4704	-1
4705	-1
4706	-1
4707	27549.727
4708	-1
4709	-1
4710	-1
4711	-1
4712	27554.24
4713	-1
4714	-1
4715	-1
4716	-1
4717	-1
4718	27558.354
4719	-1
4720	-1
4721	27562.847
4722	-1
4723	-1
4724	-1
4725	27566.942
4726	-1
4727	-1
4728	-1
4729	-1
4730	-1
4731	27571.701
4732	-1
4733	-1
4734	-1
4735	-1
4736	-1
4737	27575.569
4738	-1
4739	-1
4740	-1
4741	-1
4742	27580.068
4743	-1
4744	-1
4745	-1
4746	-1
4747	-1
4748	27584.174
4749	-1
4750	-1
4751	27588.684
4752	-1
4753	-1
4754	-1
4755	-1
4756	-1
4757	27592.788
4758	-1
4759	-1
4760	-1
4761	27597.301
4762	-1
4763	-1
4764	-1
4765	-1
4766	27601.403
4767	-1
4768	-1
4769	-1
4770	-1
4771	-1
4772	27605.916
4773	27610.021
4774	27614.125
4775	27618.637
4776	27622.738
4777	27627.262
4778	27631.482
4779	27635.876
4780	27639.972
4781	27644.484
4782	27648.586
4783	27653.11
4784	27657.204
4785	27661.715
4786	27665.829
4787	27670.366
4788	27674.469
4789	27678.572
4790	27683.085
4791	27687.182
4792	-1
4793	27691.701
4794	-1
4795	-1
4796	27695.804
4797	-1
4798	-1
4799	-1
4800	27700.316
4801	-1
4802	-1
4803	-1
4804	-1
4805	-1
4806	27704.421
4807	-1
4808	-1
4809	-1
4810	-1
4811	27708.933
4812	-1
4813	-1
4814	-1
4815	27713.039
4816	-1
4817	-1
4818	-1
4819	-1
4820	27717.549
4821	-1
4822	-1
4823	-1
4824	-1
4825	-1
4826	27721.654
4827	-1
4828	-1
4829	-1
4830	27726.165
4831	-1
4832	-1
4833	-1
4834	-1
4835	27730.268
4836	-1
4837	-1
4838	-1
4839	-1
4840	-1
4841	27734.782
4842	-1
4843	-1
4844	27738.885
4845	-1
4846	-1
4847	-1
4848	-1
4849	-1
4850	27742.989
4851	-1
4852	-1
4853	-1
4854	27747.502
4855	-1
4856	-1
4857	-1
4858	-1
4859	-1
4860	27751.605
4861	-1
4862	-1
4863	-1
4864	-1
4865	27756.122
4866	-1
4867	-1
4868	27760.221
4869	-1
4870	-1
4871	-1
4872	-1
4873	-1
4874	27764.733
4875	-1
4876	-1
4877	-1
4878	27768.838
4879	-1
4880	-1
4881	-1
4882	-1
4883	-1
4884	27773.35
4885	-1
4886	-1
4887	-1
4888	-1
4889	27777.454
4890	-1
4891	-1
4892	27781.967
4893	-1
4894	-1
4895	-1
4896	-1
4897	-1
4898	27786.071
4899	-1
4900	-1
4901	-1
4902	27790.582
4903	-1
4904	-1
4905	-1
4906	-1
4907	-1
4908	27794.685
4909	-1
4910	-1
4911	-1
4912	-1
4913	27799.191
4914	-1
4915	-1
4916	27803.306
4917	-1
4918	-1
4919	-1
4920	-1
4921	-1
4922	27807.408
4923	-1
4924	-1
4925	-1
4926	27811.918
4927	-1
4928	-1
4929	-1
4930	-1
4931	-1
4932	27816.023
4933	-1
4934	-1
4935	-1
4936	-1
4937	27820.534
4938	-1
4939	-1
4940	-1
4941	-1
4942	-1
4943	27824.637
4944	-1
4945	-1
4946	27829.151
4947	-1
4948	-1
4949	-1
4950	-1
4951	-1
4952	27833.254
4953	-1
4954	-1
4955	-1
4956	27837.766
4957	-1
4958	-1
4959	-1
4960	-1
4961	-1
4962	27841.87
4963	-1
4964	-1
4965	-1
4966	-1
4967	27846.384
4968	-1
4969	-1
4970	27850.486
4971	-1
4972	-1
4973	-1
4974	-1
4975	-1
4976	27854.997
4977	-1
4978	-1
4979	-1
4980	27859.103
4981	-1
4982	-1
4983	-1
4984	-1
4985	-1
4986	27863.615
4987	-1
4988	-1
4989	-1
4990	-1
4991	27867.718
4992	-1
4993	-1
4994	-1
4995	-1
4996	-1
4997	27872.231
4998	-1
4999	-1
5000	-1
5001	27876.335
5002	-1
5003	-1
5004	-1
5005	-1
5006	27880.438
5007	-1
5008	-1
5009	-1
5010	27884.95
5011	-1
5012	-1
5013	-1
5014	-1
5015	27889.055
5016	-1
5017	-1
5018	-1
5019	-1
5020	-1
5021	27893.568
5022	-1
5023	-1
5024	-1
5025	27897.67
5026	-1
5027	-1
5028	-1
5029	-1
5030	27902.183
5031	-1
5032	-1
5033	-1
5034	27906.287
5035	-1
5036	-1
5037	-1
5038	-1
5039	-1
5040	27910.799
5041	-1
5042	-1
5043	-1
5044	-1
5045	27914.904
5046	-1
5047	-1
5048	-1
5049	27919.416
5050	-1
5051	-1
5052	-1
5053	-1
5054	27923.496
5055	-1
5056	-1
5057	-1
5058	27928.033
5059	-1
5060	-1
5061	-1
5062	-1
5063	27932.135
5064	-1
5065	-1
5066	-1
5067	27936.646
5068	-1
5069	-1
5070	-1
5071	-1
5072	-1
5073	27940.751
5074	-1
5075	-1
5076	27944.856
5077	-1
5078	-1
5079	-1
5080	-1
5081	-1
5082	27949.368
5083	-1
5084	-1
5085	-1
5086	-1
5087	27953.471
5088	-1
5089	-1
5090	-1
5091	-1
5092	-1
5093	27957.983
5094	-1
5095	-1
5096	27962.089
5097	-1
5098	-1
5099	-1
5100	27966.6
5101	-1
5102	-1
5103	-1
5104	-1
5105	-1
5106	27970.704
5107	-1
5108	-1
5109	-1
5110	-1
5111	27975.209
5112	-1
5113	-1
5114	-1
5115	-1
5116	-1
5117	27979.32
5118	-1
5119	-1
5120	27983.833
5121	-1
5122	-1
5123	-1
5124	27987.937
5125	-1
5126	-1
5127	-1
5128	-1
5129	-1
5130	27992.448
5131	-1
5132	-1
5133	-1
5134	-1
5135	27996.551
5136	-1
5137	-1
5138	28001.063
5139	-1
5140	-1
5141	-1
5142	-1
5143	-1
5144	28005.168
5145	-1
5146	-1
5147	-1
5148	28009.273
5149	-1
5150	-1
5151	-1
5152	-1
5153	-1
5154	28013.784
5155	-1
5156	-1
5157	-1
5158	-1
5159	28017.888
5160	-1
5161	-1
5162	-1
5163	-1
5164	-1
5165	28022.4
5166	-1
5167	-1
5168	28026.505
5169	28031.018
5170	-1
5171	28035.119
5172	28039.632
5173	28043.736
5174	28048.249
5175	28052.352
5176	-1
5177	28056.865
5178	28060.969
5179	-1
5180	28065.457
5181	28069.561
5182	-1
5183	28073.664
5184	28078.177
5185	-1
5186	28082.282
5187	28086.793
5188	-1
5189	28090.897
5190	28095.409
5191	-1
5192	28099.512
5193	28104.024
5194	-1
5195	-1
5196	28108.129
5197	-1
5198	-1
5199	-1
5200	-1
5201	28112.641
5202	-1
5203	-1
5204	-1
5205	-1
5206	-1
5207	28116.746
5208	-1
5209	-1
5210	28121.258
5211	-1
5212	-1
5213	-1
5214	-1
5215	-1
5216	28125.361
5217	-1
5218	-1
5219	-1
5220	28129.873
5221	-1
5222	-1
5223	-1
5224	-1
5225	-1
5226	28133.976
5227	-1
5228	-1
5229	-1
5230	-1
5231	28138.488
5232	-1
5233	-1
5234	-1
5235	-1
5236	-1
5237	28142.593
5238	-1
5239	-1
5240	28146.698
5241	-1
5242	-1
5243	-1
5244	-1
5245	-1
5246	28151.21
5247	-1
5248	-1
5249	-1
5250	28155.313
5251	-1
5252	-1
5253	-1
5254	-1
5255	-1
5256	28159.826
5257	-1
5258	-1
5259	-1
5260	-1
5261	28163.929
5262	-1
5263	-1
5264	-1
5265	-1
5266	-1
5267	28168.44
5268	-1
5269	-1
5270	28172.545
5271	-1
5272	-1
5273	-1
5274	-1
5275	-1
5276	28177.057
5277	-1
5278	-1
5279	-1
5280	28181.162
5281	-1
5282	-1
5283	-1
5284	-1
5285	28185.674
5286	-1
5287	-1
5288	-1
5289	-1
5290	-1
5291	28189.778
5292	-1
5293	-1
5294	28194.29
5295	-1
5296	-1
5297	-1
5298	-1
5299	-1
5300	28198.395
5301	-1
5302	-1
5303	-1
5304	28202.907
5305	-1
5306	-1
5307	-1
5308	-1
5309	-1
5310	28207.01
5311	-1
5312	-1
5313	-1
5314	-1
5315	28211.115
5316	-1
5317	-1
5318	-1
5319	-1
5320	-1
5321	28215.626
5322	-1
5323	-1
5324	28219.73
5325	-1
5326	-1
5327	-1
5328	-1
5329	-1
5330	28224.242
5331	-1
5332	-1
5333	-1
5334	28228.347
5335	-1
5336	-1
5337	-1
5338	-1
5339	-1
5340	28232.859
5341	-1
5342	-1
5343	-1
5344	-1
5345	28236.961
5346	-1
5347	-1
5348	28241.474
5349	-1
5350	-1
5351	-1
5352	-1
5353	-1
5354	28245.578
5355	-1
5356	-1
5357	-1
5358	28250.09
5359	-1
5360	-1
5361	-1
5362	-1
5363	28254.195
5364	-1
5365	-1
5366	-1
5367	28258.707
5368	-1
5369	-1
5370	-1
5371	-1
5372	-1
5373	28262.811
5374	-1
5375	-1
5376	-1
5377	-1
5378	28267.323
5379	-1
5380	-1
5381	-1
5382	-1
5383	-1
5384	28271.426
5385	-1
5386	-1
5387	28275.53
5388	-1
5389	-1
5390	-1
5391	-1
5392	-1
5393	28280.042
5394	-1
5395	-1
5396	-1
5397	28284.148
5398	-1
5399	-1
5400	-1
5401	-1
5402	-1
5403	28288.66
5404	-1
5405	-1
5406	-1
5407	-1
5408	28292.763
5409	-1
5410	-1
5411	28297.275
5412	-1
5413	-1
5414	-1
5415	-1
5416	-1
5417	28301.378
5418	-1
5419	-1
5420	-1
5421	28305.89
5422	-1
5423	-1
5424	-1
5425	-1
5426	-1
5427	28309.994
5428	-1
5429	-1
5430	-1
5431	-1
5432	-1
5433	28314.507
5434	-1
5435	-1
5436	-1
5437	-1
5438	28318.612
5439	-1
5440	-1
5441	28323.123
5442	-1
5443	-1
5444	-1
5445	-1
5446	-1
5447	28327.227
5448	-1
5449	-1
5450	-1
5451	28331.739
5452	-1
5453	-1
5454	-1
5455	-1
5456	-1
5457	28335.842
5458	-1
5459	-1
5460	-1
5461	-1
5462	28339.947
5463	-1
5464	-1
5465	-1
5466	-1
5467	-1
5468	28344.46
5469	-1
5470	-1
5471	28348.563
5472	-1
5473	-1
5474	-1
5475	-1
5476	-1
5477	28353.077
5478	-1
5479	-1
5480	-1
5481	28357.179
5482	-1
5483	-1
5484	-1
5485	-1
5486	-1
5487	28361.691
5488	-1
5489	-1
5490	-1
5491	-1
5492	28365.795
5493	-1
5494	-1
5495	-1
5496	-1
5497	-1
5498	28370.306
5499	-1
5500	-1
5501	28374.411
5502	-1
5503	-1
5504	-1
5505	-1
5506	-1
5507	28378.923
5508	-1
5509	-1
5510	-1
5511	28383.028
5512	-1
5513	-1
5514	-1
5515	-1
5516	-1
5517	28387.541
5518	-1
5519	-1
5520	-1
5521	-1
5522	28391.644
5523	-1
5524	-1
5525	28396.156
5526	-1
5527	-1
5528	-1
5529	-1
5530	-1
5531	28400.261
5532	-1
5533	-1
5534	-1
5535	28404.773
5536	-1
5537	-1
5538	-1
5539	-1
5540	-1
5541	28408.875
5542	-1
5543	-1
5544	-1
5545	-1
5546	28412.979
5547	-1
5548	-1
5549	-1
5550	-1
5551	-1
5552	28417.491
5553	-1
5554	-1
5555	28421.6
5556	-1
5557	-1
5558	-1
5559	-1
5560	-1
5561	28426.107
5562	-1
5563	-1
5564	28430.213
5565	-1
5566	-1
5567	28434.725
5568	28438.827
5569	-1
5570	-1
5571	-1
5572	-1
5573	28443.339
5574	-1
5575	-1
5576	28447.444
5577	-1
5578	-1
5579	-1
5580	-1
5581	-1
5582	28451.958
5583	-1
5584	-1
5585	-1
5586	28456.054
5587	-1
5588	-1
5589	-1
5590	-1
5591	-1
5592	28460.582
5593	-1
5594	-1
5595	-1
5596	-1
5597	28464.687
5598	-1
5599	-1
5600	-1
5601	-1
5602	-1
5603	28469.2
5604	-1
5605	-1
5606	28473.301
5607	-1
5608	-1
5609	-1
5610	-1
5611	-1
5612	28477.405
5613	-1
5614	-1
5615	-1
5616	28481.921
5617	-1
5618	-1
5619	-1
5620	-1
5621	-1
5622	28486.019
5623	-1
5624	-1
5625	-1
5626	-1
5627	28490.539
5628	-1
5629	-1
5630	-1
5631	-1
5632	-1
5633	28494.642
5634	-1
5635	-1
5636	28499.155
5637	-1
5638	-1
5639	-1
5640	-1
5641	-1
5642	28503.258
5643	-1
5644	-1
5645	-1
5646	28507.769
5647	-1
5648	-1
5649	-1
5650	-1
5651	28511.859
5652	-1
5653	-1
5654	-1
5655	28516.383
5656	-1
5657	-1
5658	-1
5659	-1
5660	28520.486
5661	-1
5662	-1
5663	28524.999
5664	-1
5665	-1
5666	-1
5667	-1
5668	-1
5669	28529.103
5670	-1
5671	-1
5672	-1
5673	28533.614
5674	-1
5675	-1
5676	-1
5677	-1
5678	-1
5679	28537.717
5680	-1
5681	-1
5682	-1
5683	-1
5684	28541.825
5685	-1
5686	-1
5687	-1
5688	-1
5689	-1
5690	28546.338
5691	-1
5692	-1
5693	28550.443
5694	-1
5695	-1
5696	-1
5697	28554.956
5698	-1
5699	-1
5700	-1
5701	-1
5702	-1
5703	28559.06
5704	-1
5705	-1
5706	-1
5707	-1
5708	28563.566
5709	-1
5710	-1
5711	28567.743
5712	-1
5713	-1
5714	-1
5715	-1
5716	-1
5717	28572.201
5718	-1
5719	-1
5720	-1
5721	-1
5722	-1
5723	28576.273
5724	-1
5725	-1
5726	28580.784
5727	-1
5728	-1
5729	-1
5730	-1
5731	-1
5732	28584.913
5733	-1
5734	-1
5735	-1
5736	28589.41
5737	-1
5738	-1
5739	-1
5740	-1
5741	28593.513
5742	-1
5743	-1
5744	-1
5745	-1
5746	-1
5747	28598.027
5748	-1
5749	-1
5750	28602.132
5751	-1
5752	-1
5753	-1
5754	-1
5755	-1
5756	28606.235
5757	-1
5758	-1
5759	-1
5760	28610.748
5761	-1
5762	-1
5763	-1
5764	-1
5765	-1
5766	28614.853
5767	-1
5768	-1
5769	-1
5770	-1
5771	28619.384
5772	-1
5773	-1
5774	-1
5775	28623.453
5776	-1
5777	-1
5778	-1
5779	-1
5780	28628.008
5781	-1
5782	-1
5783	-1
5784	28632.084
5785	-1
5786	-1
5787	-1
5788	-1
5789	-1
5790	28636.593
5791	-1
5792	-1
5793	-1
5794	-1
5795	28640.697
5796	-1
5797	-1
5798	-1
5799	-1
5800	-1
5801	28645.209
5802	-1
5803	-1
5804	28649.312
5805	-1
5806	-1
5807	-1
5808	-1
5809	-1
5810	28653.812
5811	-1
5812	-1
5813	-1
5814	28657.928
5815	-1
5816	-1
5817	-1
5818	-1
5819	-1
5820	28662.438
5821	-1
5822	-1
5823	-1
5824	-1
5825	28666.533
5826	-1
5827	-1
5828	-1
5829	-1
5830	-1
5831	28671.056
5832	-1
5833	-1
5834	28675.173
5835	-1
5836	-1
5837	-1
5838	28679.281
5839	-1
5840	-1
5841	-1
5842	-1
5843	-1
5844	28683.799
5845	-1
5846	-1
5847	-1
5848	-1
5849	28687.903
5850	-1
5851	-1
5852	-1
5853	-1
5854	-1
5855	28692.415
5856	-1
5857	-1
5858	28696.52
5859	-1
5860	-1
5861	-1
5862	-1
5863	-1
5864	28701.032
5865	-1
5866	-1
5867	-1
5868	28705.136
5869	-1
5870	-1
5871	-1
5872	-1
5873	28709.647
5874	-1
5875	-1
5876	-1
5877	-1
5878	-1
5879	28713.752
5880	-1
5881	-1
5882	28718.263
5883	-1
5884	-1
5885	-1
5886	-1
5887	-1
5888	28722.367
5889	-1
5890	-1
5891	-1
5892	28726.88
5893	-1
5894	-1
5895	-1
5896	-1
5897	-1
5898	28730.984
5899	-1
5900	-1
5901	-1
5902	-1
5903	28735.496
5904	-1
5905	-1
5906	-1
5907	-1
5908	-1
5909	28739.602
5910	-1
5911	-1
5912	28743.704
5913	-1
5914	-1
5915	-1
5916	-1
5917	-1
5918	28748.216
5919	-1
5920	-1
5921	-1
5922	28752.32
5923	-1
5924	-1
5925	-1
5926	-1
5927	28756.832
5928	-1
5929	-1
5930	-1
5931	-1
5932	-1
5933	28760.936
5934	-1
5935	-1
5936	28765.451
5937	-1
5938	-1
5939	-1
5940	-1
5941	-1
5942	28769.554
5943	-1
5944	-1
5945	-1
5946	28774.064
5947	-1
5948	-1
5949	-1
5950	-1
5951	28778.168
5952	-1
5953	-1
5954	-1
5955	-1
5956	-1
5957	28782.681
5958	-1
5959	-1
5960	28786.785
5961	-1
5962	-1
5963	-1
5964	28791.289
5965	-1
5966	-1
5967	-1
5968	-1
5969	-1
5970	28795.401
5971	-1
5972	-1
5973	-1
5974	-1
5975	28799.913
5976	-1
5977	-1
5978	-1
5979	-1
5980	-1
5981	28804.018
5982	-1
5983	-1
5984	28808.12
5985	-1
5986	-1
5987	-1
5988	-1
5989	-1
5990	28812.632
5991	-1
5992	-1
5993	-1
5994	28816.736
5995	-1
5996	-1
5997	-1
5998	-1
5999	28821.248
6000	-1
6001	-1
6002	-1
6003	-1
6004	-1
6005	28825.354
6006	-1
6007	-1
6008	-1
6009	28829.866
6010	-1
6011	-1
6012	-1
6013	-1
6014	28833.97
6015	-1
6016	-1
6017	-1
6018	28838.481
6019	-1
6020	-1
6021	-1
6022	-1
6023	28842.584
6024	-1
6025	-1
6026	28847.097
6027	-1
6028	-1
6029	-1
6030	-1
6031	-1
6032	28851.201
6033	-1
6034	-1
6035	-1
6036	28855.712
6037	-1
6038	-1
6039	-1
6040	-1
6041	-1
6042	28859.818
6043	-1
6044	-1
6045	-1
6046	-1
6047	28864.329
6048	-1
6049	-1
6050	28868.433
6051	-1
6052	-1
6053	-1
6054	-1
6055	-1
6056	28872.537
6057	-1
6058	-1
6059	-1
6060	28877.049
6061	-1
6062	-1
6063	-1
6064	-1
6065	28881.154
6066	-1
6067	-1
6068	-1
6069	-1
6070	-1
6071	28885.665
6072	-1
6073	-1
6074	28889.773
6075	-1
6076	-1
6077	-1
6078	-1
6079	-1
6080	28894.282
6081	-1
6082	-1
6083	-1
6084	28898.385
6085	-1
6086	-1
6087	-1
6088	-1
6089	28902.899
6090	-1
6091	-1
6092	-1
6093	-1
6094	-1
6095	28907.001
6096	-1
6097	-1
6098	28911.512
6099	-1
6100	-1
6101	-1
6102	-1
6103	-1
6104	28915.619
6105	-1
6106	-1
6107	28920.13
6108	-1
6109	-1
6110	-1
6111	-1
6112	-1
6113	28924.235
6114	-1
6115	-1
6116	-1
6117	28928.745
6118	-1
6119	-1
6120	-1
6121	-1
6122	-1
6123	28932.854
6124	-1
6125	-1
6126	-1
6127	-1
6128	28937.362
6129	-1
6130	-1
6131	-1
6132	28941.468
6133	-1
6134	-1
6135	-1
6136	-1
6137	28945.57
6138	-1
6139	-1
6140	-1
6141	28950.082
6142	-1
6143	-1
6144	-1
6145	-1
6146	-1
6147	28954.185
6148	-1
6149	-1
6150	-1
6151	-1
6152	28958.699
6153	-1
6154	-1
6155	28962.802
6156	-1
6157	-1
6158	-1
6159	-1
6160	-1
6161	28967.317
6162	-1
6163	-1
6164	-1
6165	28971.42
6166	-1
6167	-1
6168	-1
6169	-1
6170	-1
6171	28975.935
6172	-1
6173	-1
6174	-1
6175	-1
6176	28980.035
6177	-1
6178	-1
6179	-1
6180	-1
6181	-1
6182	28984.546
6183	-1
6184	-1
6185	28988.649
6186	-1
6187	-1
6188	-1
6189	-1
6190	-1
6191	28993.163
6192	-1
6193	-1
6194	-1
6195	28997.267
6196	-1
6197	-1
6198	-1
6199	-1
6200	29001.78
6201	-1
6202	-1
6203	-1
6204	29005.884
6205	-1
6206	-1
6207	-1
6208	-1
6209	29009.986
6210	-1
6211	-1
6212	-1
6213	-1
6214	-1
6215	29014.497
6216	-1
6217	-1
6218	29018.602
6219	-1
6220	-1
6221	-1
6222	-1
6223	-1
6224	29023.113
6225	-1
6226	-1
6227	-1
6228	29027.219
6229	-1
6230	-1
6231	-1
6232	-1
6233	29031.731
6234	-1
6235	-1
6236	-1
6237	-1
6238	-1
6239	29035.835
6240	-1
6241	-1
6242	29040.347
6243	-1
6244	-1
6245	-1
6246	-1
6247	-1
6248	29044.451
6249	-1
6250	-1
6251	-1
6252	29048.963
6253	-1
6254	-1
6255	29053.068
6256	-1
6257	-1
6258	-1
6259	-1
6260	29057.579
6261	-1
6262	-1
6263	-1
6264	-1
6265	-1
6266	29061.683
6267	-1
6268	-1
6269	29066.202
6270	-1
6271	-1
6272	-1
6273	-1
6274	-1
6275	29070.299
6276	-1
6277	-1
6278	-1
6279	29074.402
6280	-1
6281	-1
6282	-1
6283	-1
6284	-1
6285	29078.915
6286	-1
6287	-1
6288	-1
6289	-1
6290	29083.019
6291	-1
6292	-1
6293	-1
6294	-1
6295	-1
6296	29087.532
6297	-1
6298	-1
6299	29091.635
6300	-1
6301	-1
6302	-1
6303	29096.147
6304	-1
6305	-1
6306	-1
6307	-1
6308	-1
6309	29100.255
6310	-1
6311	-1
6312	-1
6313	-1
6314	29104.764
6315	-1
6316	-1
6317	-1
6318	-1
6319	-1
6320	29108.867
6321	-1
6322	-1
6323	29113.379
6324	-1
6325	-1
6326	-1
6327	-1
6328	-1
6329	29117.484
6330	-1
6331	-1
6332	-1
6333	29121.996
6334	-1
6335	-1
6336	-1
6337	-1
6338	29126.099
6339	-1
6340	-1
6341	-1
6342	-1
6343	-1
6344	29130.612
6345	-1
6346	-1
6347	29134.716
6348	-1
6349	-1
6350	-1
6351	-1
6352	-1
6353	29138.82
6354	-1
6355	-1
6356	-1
6357	29143.334
6358	-1
6359	-1
6360	-1
6361	-1
6362	29147.436
6363	-1
6364	-1
6365	-1
6366	-1
6367	-1
6368	29151.947
6369	-1
6370	-1
6371	-1
6372	29156.051
6373	-1
6374	-1
6375	-1
6376	-1
6377	29160.564
6378	-1
6379	-1
6380	-1
6381	29164.669
6382	-1
6383	-1
6384	-1
6385	-1
6386	29169.18
6387	-1
6388	-1
6389	-1
6390	-1
6391	-1
6392	29173.283
6393	-1
6394	-1
6395	29177.797
6396	-1
6397	-1
6398	-1
6399	-1
6400	-1
6401	29181.9
6402	-1
6403	-1
6404	-1
6405	29186.418
6406	-1
6407	-1
6408	-1
6409	-1
6410	-1
6411	29190.518
6412	-1
6413	-1
6414	-1
6415	-1
6416	29195.028
6417	-1
6418	-1
6419	29199.132
6420	-1
6421	-1
6422	-1
6423	-1
6424	-1
6425	29203.645
6426	-1
6427	-1
6428	-1
6429	29207.748
6430	-1
6431	-1
6432	-1
6433	-1
6434	29211.852
6435	-1
6436	-1
6437	-1
6438	-1
6439	-1
6440	29216.364
6441	-1
6442	-1
6443	29220.47
6444	-1
6445	-1
6446	-1
6447	-1
6448	-1
6449	29224.98
6450	-1
6451	-1
6452	-1
6453	29229.084
6454	-1
6455	-1
6456	-1
6457	-1
6458	-1
6459	29233.602
6460	-1
6461	-1
6462	-1
6463	-1
6464	29237.699
6465	-1
6466	-1
6467	29242.212
6468	-1
6469	-1
6470	-1
6471	29246.316
6472	-1
6473	29250.828
6474	-1
6475	-1
6476	-1
6477	29254.933
6478	-1
6479	29259.445
6480	-1
6481	-1
6482	29263.549
6483	-1
6484	-1
6485	-1
6486	-1
6487	-1
6488	29268.062
6489	-1
6490	-1
6491	-1
6492	29272.164
6493	-1
6494	-1
6495	-1
6496	-1
6497	-1
6498	29276.269
6499	-1
6500	-1
6501	-1
6502	-1
6503	29280.781
6504	-1
6505	-1
6506	-1
6507	29284.886
6508	-1
6509	-1
6510	-1
6511	-1
6512	29289.397
6513	-1
6514	-1
6515	29293.501
6516	-1
6517	-1
6518	-1
6519	-1
6520	-1
6521	29298.012
6522	-1
6523	-1
6524	-1
6525	29302.116
6526	-1
6527	-1
6528	-1
6529	-1
6530	29306.63
6531	-1
6532	-1
6533	-1
6534	-1
6535	-1
6536	29310.738
6537	-1
6538	-1
6539	29315.246
6540	-1
6541	-1
6542	-1
6543	-1
6544	-1
6545	29319.351
6546	-1
6547	-1
6548	-1
6549	29323.863
6550	-1
6551	-1
6552	-1
6553	-1
6554	29327.965
6555	-1
6556	-1
6557	-1
6558	-1
6559	-1
6560	29332.478
6561	-1
6562	-1
6563	-1
6564	-1
6565	-1
6566	29336.58
6567	-1
6568	-1
6569	29340.686
6570	-1
6571	-1
6572	-1
6573	29345.197
6574	-1
6575	-1
6576	-1
6577	-1
6578	-1
6579	29349.302
6580	-1
6581	-1
6582	-1
6583	-1
6584	29353.818
6585	-1
6586	-1
6587	29357.917
6588	-1
6589	-1
6590	-1
6591	-1
6592	-1
6593	29362.429
6594	-1
6595	-1
6596	-1
6597	29366.534
6598	-1
6599	-1
6600	-1
6601	-1
6602	-1
6603	29371.046
6604	-1
6605	-1
6606	-1
6607	-1
6608	29375.15
6609	-1
6610	-1
6611	-1
6612	-1
6613	-1
6614	29379.664
6615	-1
6616	-1
6617	29383.766
6618	-1
6619	-1
6620	-1
6621	29388.277
6622	-1
6623	-1
6624	-1
6625	-1
6626	29392.382
6627	-1
6628	-1
6629	-1
6630	-1
6631	-1
6632	29396.898
6633	-1
6634	-1
6635	29401.0
6636	-1
6637	-1
6638	-1
6639	29405.102
6640	-1
6641	-1
6642	-1
6643	-1
6644	-1
6645	29409.614
6646	-1
6647	-1
6648	-1
6649	-1
6650	29413.694
6651	-1
6652	-1
6653	-1
6654	29418.205
6655	-1
6656	-1
6657	-1
6658	-1
6659	29422.31
6660	-1
6661	-1
6662	-1
6663	29426.822
6664	-1
6665	-1
6666	-1
6667	-1
6668	29430.927
6669	-1
6670	-1
6671	-1
6672	29435.438
6673	-1
6674	-1
6675	-1
6676	-1
6677	-1
6678	29439.541
6679	-1
6680	-1
6681	-1
6682	-1
6683	29444.053
6684	-1
6685	-1
6686	-1
6687	29448.157
6688	-1
6689	-1
6690	-1
6691	-1
6692	29452.671
6693	-1
6694	-1
6695	-1
6696	29456.777
6697	-1
6698	-1
6699	-1
6700	-1
6701	-1
6702	29461.293
6703	-1
6704	-1
6705	-1
6706	-1
6707	29465.399
6708	-1
6709	-1
6710	-1
6711	-1
6712	-1
6713	29469.912
6714	-1
6715	-1
6716	29474.014
6717	-1
6718	-1
6719	-1
6720	29478.12
6721	-1
6722	-1
6723	-1
6724	-1
6725	-1
6726	29482.632
6727	-1
6728	-1
6729	-1
6730	-1
6731	29486.736
6732	-1
6733	-1
6734	-1
6735	-1
6736	-1
6737	29491.251
6738	-1
6739	-1
6740	29495.355
6741	-1
6742	-1
6743	-1
6744	-1
6745	-1
6746	29499.867
6747	-1
6748	-1
6749	-1
6750	29503.97
6751	-1
6752	-1
6753	-1
6754	-1
6755	29508.483
6756	-1
6757	-1
6758	-1
6759	-1
6760	-1
6761	29512.573
6762	-1
6763	-1
6764	29517.097
6765	-1
6766	-1
6767	-1
6768	-1
6769	-1
6770	29521.201
6771	-1
6772	-1
6773	29525.713
6774	-1
6775	-1
6776	-1
6777	29529.816
6778	-1
6779	-1
6780	-1
6781	-1
6782	-1
6783	29534.329
6784	-1
6785	-1
6786	-1
6787	-1
6788	29538.434
6789	-1
6790	-1
6791	-1
6792	-1
6793	-1
6794	29542.537
6795	-1
6796	-1
6797	29547.051
6798	-1
6799	-1
6800	-1
6801	29551.157
6802	-1
6803	-1
6804	-1
6805	-1
6806	-1
6807	29555.666
6808	-1
6809	-1
6810	-1
6811	-1
6812	29559.772
6813	-1
6814	-1
6815	-1
6816	-1
6817	-1
6818	29564.271
6819	-1
6820	-1
6821	29568.373
6822	-1
6823	-1
6824	-1
6825	29572.89
6826	-1
6827	-1
6828	-1
6829	-1
6830	29576.983
6831	-1
6832	-1
6833	-1
6834	29581.494
6835	-1
6836	-1
6837	-1
6838	-1
6839	-1
6840	29585.601
6841	-1
6842	-1
6843	-1
6844	-1
6845	29590.109
6846	-1
6847	-1
6848	-1
6849	-1
6850	-1
6851	29594.212
6852	-1
6853	-1
6854	29598.726
6855	-1
6856	-1
6857	-1
6858	-1
6859	-1
6860	29602.83
6861	-1
6862	-1
6863	-1
6864	29606.933
6865	-1
6866	-1
6867	-1
6868	-1
6869	-1
6870	29611.504
6871	-1
6872	-1
6873	-1
6874	-1
6875	29615.552
6876	-1
6877	-1
6878	-1
6879	-1
6880	-1
6881	29620.061
6882	-1
6883	-1
6884	29624.166
6885	-1
6886	-1
6887	-1
6888	29628.678
6889	-1
6890	-1
6891	-1
6892	-1
6893	29632.782
6894	-1
6895	-1
6896	-1
6897	-1
6898	-1
6899	29637.308
6900	-1
6901	-1
6902	29641.407
6903	-1
6904	-1
6905	-1
6906	-1
6907	-1
6908	29645.915
6909	-1
6910	-1
6911	-1
6912	29650.014
6913	-1
6914	29654.525
6915	-1
6916	-1
6917	29658.631
6918	-1
6919	-1
6920	-1
6921	29663.155
6922	-1
6923	-1
6924	-1
6925	-1
6926	29667.246
6927	-1
6928	-1
6929	-1
6930	29671.376
6931	-1
6932	-1
6933	-1
6934	-1
6935	-1
6936	29675.895
6937	-1
6938	-1
6939	-1
6940	-1
6941	29680.001
6942	-1
6943	-1
6944	-1
6945	-1
6946	-1
6947	29684.513
6948	-1
6949	-1
6950	29688.618
6951	-1
6952	-1
6953	-1
6954	-1
6955	-1
6956	29693.129
6957	-1
6958	-1
6959	-1
6960	29697.234
6961	-1
6962	-1
6963	-1
6964	-1
6965	29701.745
6966	-1
6967	-1
6968	-1
6969	-1
6970	-1
6971	29705.848
6972	-1
6973	-1
6974	29710.362
6975	-1
6976	-1
6977	-1
6978	-1
6979	-1
6980	29714.466
6981	-1
6982	-1
6983	-1
6984	29718.977
6985	-1
6986	-1
6987	-1
6988	-1
6989	-1
6990	29723.081
6991	-1
6992	-1
6993	-1
6994	-1
6995	29727.594
6996	-1
6997	-1
6998	-1
6999	-1
7000	-1
7001	29731.702
7002	-1
7003	-1
7004	29736.209
7005	-1
7006	-1
7007	-1
7008	-1
7009	-1
7010	29740.314
7011	-1
7012	-1
7013	-1
7014	29744.417
7015	-1
7016	-1
7017	-1
7018	-1
7019	29748.93
7020	-1
7021	-1
7022	-1
7023	-1
7024	-1
7025	29753.034
7026	-1
7027	-1
7028	29757.545
7029	-1
7030	-1
7031	-1
7032	-1
7033	-1
7034	29761.649
7035	-1
7036	-1
7037	-1
7038	29766.162
7039	-1
7040	-1
7041	-1
7042	-1
7043	-1
7044	29770.266
7045	-1
7046	-1
7047	-1
7048	-1
7049	29774.778
7050	-1
7051	-1
7052	29778.881
7053	-1
7054	-1
7055	-1
7056	-1
7057	-1
7058	29783.393
7059	-1
7060	-1
7061	-1
7062	29787.498
7063	-1
7064	-1
7065	-1
7066	-1
7067	-1
7068	29792.009
7069	-1
7070	-1
7071	-1
7072	-1
7073	29796.116
7074	-1
7075	-1
7076	-1
7077	-1
7078	-1
7079	29800.628
7080	-1
7081	-1
7082	29804.73
7083	-1
7084	-1
7085	-1
7086	29808.834
7087	-1
7088	-1
7089	-1
7090	-1
7091	-1
7092	29813.345
7093	-1
7094	-1
7095	-1
7096	-1
7097	-1
7098	29817.449
7099	-1
7100	-1
7101	-1
7102	-1
7103	29821.963
7104	-1
7105	-1
7106	29826.067
7107	-1
7108	-1
7109	-1
7110	-1
7111	-1
7112	29830.58
7113	-1
7114	-1
7115	-1
7116	29834.683
7117	-1
7118	-1
7119	-1
7120	-1
7121	29839.195
7122	-1
7123	-1
7124	-1
7125	-1
7126	-1
7127	29843.298
7128	-1
7129	-1
7130	29847.81
7131	-1
7132	-1
7133	-1
7134	-1
7135	-1
7136	29851.915
7137	-1
7138	-1
7139	-1
7140	29856.427
7141	-1
7142	-1
7143	-1
7144	-1
7145	-1
7146	29860.531
7147	-1
7148	-1
7149	-1
7150	-1
7151	29865.044
7152	-1
7153	-1
7154	-1
7155	-1
7156	-1
7157	29869.147
7158	-1
7159	-1
7160	29873.25
7161	-1
7162	-1
7163	-1
7164	-1
7165	-1
7166	29877.762
7167	-1
7168	-1
7169	-1
7170	29881.867
7171	-1
7172	-1
7173	-1
7174	-1
7175	-1
7176	29886.379
7177	-1
7178	-1
7179	-1
7180	-1
7181	29890.483
7182	-1
7183	-1
7184	29894.995
7185	-1
7186	-1
7187	-1
7188	-1
7189	-1
7190	29899.098
7191	-1
7192	-1
7193	-1
7194	29903.611
7195	-1
7196	-1
7197	-1
7198	-1
7199	-1
7200	29907.716
7201	-1
7202	-1
7203	-1
7204	-1
7205	29912.227
7206	-1
7207	-1
7208	-1
7209	-1
7210	-1
7211	29916.33
7212	-1
7213	-1
7214	29920.843
7215	-1
7216	-1
7217	-1
7218	29924.946
7219	-1
7220	-1
7221	-1
7222	-1
7223	29929.46
7224	-1
7225	-1
7226	29933.564
7227	-1
7228	-1
7229	-1
7230	-1
7231	-1
7232	29937.669
7233	-1
7234	-1
7235	29942.184
7236	-1
7237	-1
7238	-1
7239	-1
7240	-1
7241	29946.283
7242	-1
7243	-1
7244	-1
7245	29950.795
7246	-1
7247	-1
7248	-1
7249	-1
7250	29954.9
7251	-1
7252	-1
7253	-1
7254	-1
7255	-1
7256	29959.509
7257	-1
7258	-1
7259	29963.516
7260	-1
7261	-1
7262	-1
7263	-1
7264	-1
7265	29968.029
7266	-1
7267	-1
7268	-1
7269	29972.133
7270	-1
7271	-1
7272	-1
7273	-1
7274	29976.646
7275	-1
7276	-1
7277	-1
7278	-1
7279	-1
7280	29980.749
7281	-1
7282	-1
7283	29985.254
7284	-1
7285	-1
7286	-1
7287	-1
7288	-1
7289	29989.364
7290	-1
7291	-1
7292	-1
7293	29993.875
7294	-1
7295	-1
7296	-1
7297	-1
7298	-1
7299	29997.98
7300	-1
7301	-1
7302	-1
7303	-1
7304	30002.493
7305	-1
7306	-1
7307	30006.597
7308	-1
7309	-1
7310	-1
7311	-1
7312	-1
7313	30010.7
7314	-1
7315	-1
7316	-1
7317	30015.211
7318	-1
7319	-1
7320	-1
7321	-1
7322	-1
7323	30019.32
7324	-1
7325	-1
7326	-1
7327	-1
7328	30023.829
7329	-1
7330	-1
7331	30027.932
7332	-1
7333	-1
7334	-1
7335	-1
7336	-1
7337	30032.445
7338	-1
7339	-1
7340	-1
7341	30036.55
7342	-1
7343	-1
7344	-1
7345	-1
7346	-1
7347	30041.061
7348	-1
7349	-1
7350	-1
7351	-1
7352	30045.164
7353	-1
7354	-1
7355	-1
7356	30049.675
7357	-1
7358	-1
7359	-1
7360	-1
7361	30053.781
7362	-1
7363	-1
7364	-1
7365	-1
7366	-1
7367	30058.294
7368	-1
7369	-1
7370	-1
7371	30062.399
7372	-1
7373	-1
7374	-1
7375	-1
7376	30066.908
7377	-1
7378	-1
7379	-1
7380	-1
7381	-1
7382	30071.013
7383	-1
7384	-1
7385	30075.118
7386	-1
7387	-1
7388	-1
7389	-1
7390	-1
7391	30079.631
7392	-1
7393	-1
7394	-1
7395	30083.733
7396	-1
7397	-1
7398	-1
7399	-1
7400	-1
7401	30088.245
7402	-1
7403	-1
7404	-1
7405	-1
7406	30092.349
7407	-1
7408	-1
7409	30096.861
7410	-1
7411	-1
7412	-1
7413	-1
7414	-1
7415	30100.965
7416	-1
7417	-1
7418	-1
7419	30105.477
7420	-1
7421	-1
7422	-1
7423	-1
7424	30109.586
7425	-1
7426	-1
7427	-1
7428	-1
7429	-1
7430	30114.095
7431	-1
7432	-1
7433	30118.197
7434	-1
7435	-1
7436	-1
7437	-1
7438	-1
7439	30122.709
7440	-1
7441	-1
7442	-1
7443	30126.814
7444	-1
7445	-1
7446	-1
7447	-1
7448	-1
7449	30131.325
7450	-1
7451	-1
7452	-1
7453	-1
7454	30135.412
7455	-1
7456	-1
7457	30139.536
7458	-1
7459	-1
7460	-1
7461	-1
7462	-1
7463	30144.046
7464	-1
7465	-1
7466	-1
7467	30148.149
7468	-1
7469	-1
7470	-1
7471	-1
7472	-1
7473	30152.665
7474	-1
7475	-1
7476	-1
7477	-1
7478	30156.766
7479	-1
7480	-1
7481	-1
7482	30161.277
7483	-1
7484	-1
7485	-1
7486	-1
7487	30165.382
7488	-1
7489	-1
7490	-1
7491	30169.895
7492	-1
7493	-1
7494	-1
7495	-1
7496	-1
7497	30173.998
7498	-1
7499	-1
7500	-1
7501	-1
7502	30178.511
7503	-1
7504	-1
7505	30182.613
7506	-1
7507	-1
7508	-1
7509	-1
7510	-1
7511	30187.125
7512	-1
7513	-1
7514	-1
7515	30191.229
7516	-1
7517	-1
7518	-1
7519	-1
7520	-1
7521	30195.743
7522	-1
7523	-1
7524	-1
7525	-1
7526	30199.846
7527	-1
7528	-1
7529	-1
7530	-1
7531	-1
7532	30203.951
7533	-1
7534	-1
7535	30208.463
7536	-1
7537	-1
7538	-1
7539	30212.566
7540	-1
7541	-1
7542	-1
7543	-1
7544	-1
7545	30217.078
7546	-1
7547	-1
7548	-1
7549	-1
7550	30221.182
7551	-1
7552	-1
7553	-1
7554	-1
7555	-1
7556	30225.695
7557	-1
7558	-1
7559	30229.803
7560	-1
7561	-1
7562	-1
7563	30234.311
7564	-1
7565	-1
7566	-1
7567	-1
7568	-1
7569	30238.414
7570	-1
7571	-1
7572	-1
7573	-1
7574	30242.927
7575	-1
7576	-1
7577	-1
7578	-1
7579	-1
7580	30247.03
7581	-1
7582	-1
7583	30251.542
7584	-1
7585	-1
7586	-1
7587	-1
7588	-1
7589	30255.647
7590	-1
7591	-1
7592	-1
7593	30260.16
7594	-1
7595	-1
7596	-1
7597	-1
7598	30264.263
7599	-1
7600	-1
7601	-1
7602	30268.775
7603	-1
7604	-1
7605	-1
7606	-1
7607	30272.879
7608	-1
7609	-1
7610	-1
7611	30276.985
7612	-1
7613	-1
7614	-1
7615	-1
7616	-1
7617	30281.496
7618	-1
7619	-1
7620	-1
7621	-1
7622	30285.599
7623	-1
7624	-1
7625	-1
7626	-1
7627	-1
7628	30290.111
7629	-1
7630	-1
7631	30294.215
7632	-1
7633	-1
7634	-1
7635	-1
7636	-1
7637	30298.726
7638	-1
7639	-1
7640	-1
7641	30302.832
7642	-1
7643	-1
7644	-1
7645	-1
7646	30307.343
7647	-1
7648	-1
7649	-1
7650	-1
7651	-1
7652	30311.449
7653	-1
7654	-1
7655	30315.96
7656	-1
7657	-1
7658	-1
7659	30320.063
7660	-1
7661	-1
7662	-1
7663	-1
7664	-1
7665	30324.575
7666	-1
7667	-1
7668	-1
7669	-1
7670	30328.679
7671	-1
7672	-1
7673	30333.191
7674	-1
7675	-1
7676	-1
7677	-1
7678	-1
7679	30337.296
7680	-1
7681	-1
7682	-1
7683	-1
7684	-1
7685	30341.4
7686	-1
7687	-1
7688	-1
7689	30345.914
7690	-1
7691	-1
7692	-1
7693	-1
7694	30350.016
7695	-1
7696	-1
7697	-1
7698	-1
7699	-1
7700	30354.528
7701	-1
7702	-1
7703	30358.631
7704	-1
7705	-1
7706	-1
7707	-1
7708	-1
7709	30363.146
7710	-1
7711	-1
7712	-1
7713	30367.249
7714	-1
7715	-1
7716	-1
7717	-1
7718	30371.76
7719	-1
7720	-1
7721	-1
7722	-1
7723	-1
7724	30375.864
7725	-1
7726	-1
7727	30380.376
7728	-1
7729	-1
7730	-1
7731	30384.48
7732	-1
7733	-1
7734	-1
7735	-1
7736	-1
7737	30388.993
7738	-1
7739	-1
7740	-1
7741	-1
7742	30393.096
7743	-1
7744	-1
7745	-1
7746	-1
7747	-1
7748	30397.609
7749	-1
7750	-1
7751	30401.712
7752	-1
7753	-1
7754	-1
7755	-1
7756	-1
7757	30405.816
7758	-1
7759	-1
7760	-1
7761	30410.328
7762	-1
7763	-1
7764	-1
7765	-1
7766	-1
7767	30414.408
7768	-1
7769	-1
7770	-1
7771	-1
7772	30418.924
7773	-1
7774	-1
7775	30423.029
7776	-1
7777	-1
7778	-1
7779	-1
7780	-1
7781	30427.54
7782	-1
7783	-1
7784	-1
7785	30431.642
7786	-1
7787	-1
7788	-1
7789	-1
7790	-1
7791	30436.156
7792	-1
7793	-1
7794	-1
7795	-1
7796	30440.26
7797	-1
7798	-1
7799	30444.773
7800	-1
7801	-1
7802	-1
7803	-1
7804	-1
7805	30448.879
7806	-1
7807	-1
7808	-1
7809	30453.392
7810	-1
7811	-1
7812	-1
7813	-1
7814	-1
7815	30457.493
7816	-1
7817	-1
7818	-1
7819	-1
7820	30462.023
7821	-1
7822	-1
7823	-1
7824	-1
7825	-1
7826	30466.113
7827	-1
7828	-1
7829	30470.219
7830	-1
7831	-1
7832	-1
7833	-1
7834	-1
7835	30474.73
7836	-1
7837	-1
7838	-1
7839	30478.835
7840	-1
7841	-1
7842	-1
7843	-1
7844	30483.349
7845	-1
7846	-1
7847	-1
7848	-1
7849	-1
7850	30487.451
7851	-1
7852	-1
7853	30491.964
7854	-1
7855	-1
7856	-1
7857	-1
7858	-1
7859	30496.069
7860	-1
7861	-1
7862	-1
7863	30500.581
7864	-1
7865	-1
7866	-1
7867	-1
7868	30504.686
7869	-1
7870	-1
7871	-1
7872	-1
7873	-1
7874	30509.198
7875	-1
7876	-1
7877	-1
7878	30513.31
7879	-1
7880	-1
7881	-1
7882	-1
7883	30517.798
7884	-1
7885	-1
7886	-1
7887	30521.899
7888	-1
7889	-1
7890	-1
7891	-1
7892	-1
7893	30526.41
7894	-1
7895	-1
7896	-1
7897	-1
7898	30530.514
7899	-1
7900	-1
7901	30535.027
7902	-1
7903	-1
7904	-1
7905	-1
7906	-1
7907	30539.131
7908	-1
7909	-1
7910	30543.236
7911	-1
7912	-1
7913	-1
7914	-1
7915	-1
7916	30547.747
7917	-1
7918	-1
7919	-1
7920	30551.852
7921	-1
7922	-1
7923	-1
7924	-1
7925	30556.363
7926	-1
7927	-1
7928	-1
7929	30560.467
7930	-1
7931	-1
7932	-1
7933	-1
7934	30564.99
7935	-1
7936	-1
7937	-1
7938	30569.102
7939	-1
7940	-1
7941	-1
7942	-1
7943	-1
7944	30573.595
7945	-1
7946	-1
7947	-1
7948	-1
7949	30577.699
7950	-1
7951	-1
7952	-1
7953	-1
7954	-1
7955	30582.209
7956	-1
7957	-1
7958	30586.312
7959	-1
7960	-1
7961	-1
7962	-1
7963	-1
7964	30590.822
7965	-1
7966	-1
7967	-1
7968	30594.926
7969	-1
7970	-1
7971	-1
7972	-1
7973	30599.49
7974	-1
7975	-1
7976	-1
7977	30603.541
7978	-1
7979	30607.648
7980	-1
7981	-1
7982	-1
7983	-1
7984	-1
7985	30612.158
7986	30616.264
7987	-1
7988	-1
7989	30620.777
7990	-1
7991	-1
7992	-1
7993	-1
7994	30624.88
7995	-1
7996	-1
7997	-1
7998	-1
7999	-1
8000	30629.407
8001	-1
8002	-1
8003	30633.506
8004	-1
8005	-1
8006	-1
8007	-1
8008	-1
8009	30638.02
8010	-1
8011	-1
8012	-1
8013	30642.123
8014	-1
8015	-1
8016	-1
8017	-1
8018	30646.625
8019	-1
8020	-1
8021	-1
8022	-1
8023	-1
8024	30650.731
8025	-1
8026	-1
8027	30655.24
8028	-1
8029	-1
8030	-1
8031	-1
8032	-1
8033	30659.478
8034	-1
8035	-1
8036	-1
8037	30663.877
8038	-1
8039	-1
8040	-1
8041	-1
8042	-1
8043	30667.959
8044	-1
8045	-1
8046	-1
8047	-1
8048	30672.063
8049	-1
8050	-1
8051	30676.612
8052	-1
8053	-1
8054	-1
8055	-1
8056	-1
8057	30680.714
8058	-1
8059	-1
8060	-1
8061	30685.227
8062	-1
8063	-1
8064	-1
8065	-1
8066	-1
8067	30689.331
8068	-1
8069	-1
8070	-1
8071	-1
8072	30693.844
8073	30697.95
8074	-1
8075	30702.458
8076	-1
8077	-1
8078	30706.564
8079	-1
8080	-1
8081	-1
8082	30711.076
8083	-1
8084	-1
8085	-1
8086	-1
8087	30715.178
8088	-1
8089	-1
8090	-1
8091	-1
8092	-1
8093	30719.69
8094	-1
8095	-1
8096	30723.795
8097	-1
8098	-1
8099	-1
8100	-1
8101	-1
8102	30728.307
8103	-1
8104	-1
8105	-1
8106	30732.41
8107	-1
8108	-1
8109	-1
8110	-1
8111	-1
8112	30736.515
8113	-1
8114	-1
8115	-1
8116	-1
8117	30741.031
8118	-1
8119	-1
8120	-1
8121	30745.132
8122	-1
8123	-1
8124	-1
8125	-1
8126	30749.642
8127	-1
8128	-1
8129	-1
8130	30753.747
8131	-1
8132	-1
8133	-1
8134	-1
8135	-1
8136	30758.26
8137	-1
8138	-1
8139	-1
8140	-1
8141	30762.364
8142	-1
8143	-1
8144	-1
8145	-1
8146	-1
8147	30766.876
8148	-1
8149	-1
8150	30770.98
8151	-1
8152	-1
8153	-1
8154	30775.491
8155	-1
8156	-1
8157	-1
8158	-1
8159	-1
8160	30779.595
8161	-1
8162	30784.111
8163	-1
8164	-1
8165	30788.211
8166	-1
8167	-1
8168	30792.725
8169	-1
8170	-1
8171	-1
8172	30796.828
8173	-1
8174	-1
8175	-1
8176	-1
8177	30801.34
8178	-1
8179	-1
8180	-1
8181	-1
8182	-1
8183	30805.444
8184	-1
8185	-1
8186	30809.547
8187	-1
8188	-1
8189	-1
8190	-1
8191	-1
8192	30814.06
8193	-1
8194	-1
8195	-1
8196	30818.164
8197	-1
8198	-1
8199	-1
8200	-1
8201	30822.675
8202	-1
8203	-1
8204	-1
8205	-1
8206	-1
8207	30826.782
8208	-1
8209	-1
8210	-1
8211	-1
8212	-1
8213	30831.293
8214	-1
8215	-1
8216	30835.396
8217	-1
8218	-1
8219	-1
8220	30839.908
8221	-1
8222	-1
8223	-1
8224	-1
8225	-1
8226	30844.012
8227	-1
8228	-1
8229	-1
8230	-1
8231	30848.524
8232	-1
8233	-1
8234	-1
8235	-1
8236	-1
8237	30852.628
8238	-1
8239	-1
8240	30857.14
8241	-1
8242	-1
8243	-1
8244	30861.244
8245	-1
8246	-1
8247	-1
8248	-1
8249	30865.756
8250	-1
8251	-1
8252	-1
8253	-1
8254	-1
8255	30869.861
8256	-1
8257	-1
8258	-1
8259	30873.965
8260	-1
8261	-1
8262	-1
8263	-1
8264	30878.478
8265	-1
8266	-1
8267	-1
8268	30882.581
8269	-1
8270	-1
8271	-1
8272	-1
8273	-1
8274	30887.092
8275	-1
8276	-1
8277	-1
8278	-1
8279	30891.196
8280	-1
8281	-1
8282	-1
8283	-1
8284	-1
8285	30895.709
8286	-1
8287	-1
8288	30899.813
8289	-1
8290	-1
8291	-1
8292	30904.325
8293	-1
8294	-1
8295	-1
8296	-1
8297	-1
8298	30908.429
8299	-1
8300	-1
8301	-1
8302	-1
8303	30912.941
8304	-1
8305	-1
8306	-1
8307	-1
8308	-1
8309	30917.045
8310	-1
8311	-1
8312	30921.557
8313	-1
8314	-1
8315	-1
8316	-1
8317	-1
8318	30925.661
8319	-1
8320	-1
8321	30930.173
8322	-1
8323	-1
8324	30934.277
8325	-1
8326	-1
8327	-1
8328	30938.381
8329	-1
8330	-1
8331	-1
8332	-1
8333	-1
8334	30942.893
8335	-1
8336	-1
8337	-1
8338	-1
8339	30946.998
8340	-1
8341	-1
8342	-1
8343	-1
8344	-1
8345	30951.511
8346	-1
8347	-1
8348	30955.613
8349	-1
8350	-1
8351	-1
8352	30960.125
8353	-1
8354	-1
8355	-1
8356	-1
8357	-1
8358	30964.232
8359	-1
8360	-1
8361	-1
8362	-1
8363	30968.742
8364	-1
8365	-1
8366	-1
8367	-1
8368	-1
8369	30972.846
8370	-1
8371	-1
8372	30977.357
8373	-1
8374	-1
8375	-1
8376	-1
8377	-1
8378	30981.461
8379	-1
8380	-1
8381	-1
8382	30985.972
8383	-1
8384	-1
8385	-1
8386	-1
8387	30990.077
8388	-1
8389	-1
8390	-1
8391	-1
8392	-1
8393	30994.596
8394	-1
8395	-1
8396	30998.694
8397	-1
8398	-1
8399	-1
8400	-1
8401	-1
8402	31002.798
8403	-1
8404	-1
8405	-1
8406	31007.31
8407	-1
8408	-1
8409	-1
8410	-1
8411	31011.413
8412	-1
8413	-1
8414	-1
8415	-1
8416	-1
8417	31015.924
8418	-1
8419	-1
8420	31020.03
8421	-1
8422	-1
8423	-1
8424	-1
8425	-1
8426	31024.542
8427	-1
8428	-1
8429	-1
8430	31028.646
8431	-1
8432	-1
8433	-1
8434	-1
8435	-1
8436	31033.16
8437	-1
8438	-1
8439	-1
8440	-1
8441	31037.263
8442	-1
8443	-1
8444	31041.776
8445	-1
8446	-1
8447	-1
8448	-1
8449	-1
8450	31045.879
8451	-1
8452	-1
8453	-1
8454	31050.391
8455	-1
8456	-1
8457	-1
8458	-1
8459	-1
8460	31054.494
8461	-1
8462	-1
8463	-1
8464	-1
8465	31059.005
8466	-1
8467	-1
8468	-1
8469	-1
8470	-1
8471	31063.11
8472	-1
8473	-1
8474	31067.623
8475	-1
8476	-1
8477	-1
8478	31071.727
8479	-1
8480	-1
8481	-1
8482	-1
8483	-1
8484	31075.834
8485	-1
8486	-1
8487	-1
8488	-1
8489	-1
8490	31080.343
8491	-1
8492	-1
8493	-1
8494	-1
8495	31084.446
8496	-1
8497	-1
8498	31088.959
8499	-1
8500	-1
8501	-1
8502	-1
8503	-1
8504	31093.063
8505	-1
8506	-1
8507	-1
8508	31097.574
8509	-1
8510	-1
8511	-1
8512	-1
8513	31101.68
8514	-1
8515	-1
8516	-1
8517	31106.192
8518	-1
8519	-1
8520	-1
8521	-1
8522	-1
8523	31110.296
8524	-1
8525	-1
8526	-1
8527	-1
8528	31114.807
8529	-1
8530	-1
8531	31118.911
8532	-1
8533	-1
8534	-1
8535	-1
8536	-1
8537	31123.423
8538	-1
8539	-1
8540	-1
8541	31127.526
8542	-1
8543	-1
8544	-1
8545	-1
8546	-1
8547	31132.039
8548	-1
8549	-1
8550	-1
8551	-1
8552	31136.144
8553	-1
8554	-1
8555	-1
8556	-1
8557	-1
8558	31140.248
8559	-1
8560	-1
8561	31144.759
8562	-1
8563	-1
8564	-1
8565	-1
8566	-1
8567	31148.863
8568	-1
8569	-1
8570	-1
8571	31153.374
8572	-1
8573	-1
8574	-1
8575	-1
8576	-1
8577	31157.479
8578	-1
8579	-1
8580	-1
8581	-1
8582	31161.992
8583	-1
8584	-1
8585	31166.096
8586	-1
8587	-1
8588	-1
8589	-1
8590	-1
8591	31170.608
8592	-1
8593	-1
8594	-1
8595	31174.712
8596	-1
8597	-1
8598	-1
8599	-1
8600	31179.224
8601	-1
8602	-1
8603	-1
8604	-1
8605	-1
8606	31183.327
8607	-1
8608	-1
8609	31187.839
8610	-1
8611	-1
8612	-1
8613	-1
8614	-1
8615	31191.945
8616	-1
8617	-1
8618	-1
8619	31196.456
8620	-1
8621	-1
8622	-1
8623	-1
8624	-1
8625	31200.56
8626	-1
8627	-1
8628	-1
8629	-1
8630	31204.664
8631	-1
8632	-1
8633	-1
8634	-1
8635	-1
8636	31209.178
8637	-1
8638	-1
8639	31213.279
8640	-1
8641	-1
8642	-1
8643	31217.791
8644	-1
8645	-1
8646	-1
8647	-1
8648	-1
8649	31221.897
8650	-1
8651	-1
8652	-1
8653	-1
8654	31226.408
8655	-1
8656	-1
8657	-1
8658	-1
8659	-1
8660	31230.512
8661	-1
8662	-1
8663	31235.024
8664	-1
8665	-1
8666	-1
8667	31239.128
8668	-1
8669	-1
8670	-1
8671	-1
8672	-1
8673	31243.641
8674	-1
8675	-1
8676	-1
8677	-1
8678	31247.745
8679	-1
8680	-1
8681	-1
8682	-1
8683	-1
8684	31252.261
8685	31256.36
8686	-1
8687	-1
8688	-1
8689	-1
8690	31260.872
8691	-1
8692	-1
8693	-1
8694	-1
8695	-1
8696	31264.976
8697	31269.081
8698	-1
8699	-1
8700	-1
8701	-1
8702	31273.592
8703	-1
8704	-1
8705	-1
8706	-1
8707	-1
8708	31277.697
8709	-1
8710	-1
8711	31282.208
8712	-1
8713	-1
8714	-1
8715	-1
8716	-1
8717	31286.317
8718	-1
8719	-1
8720	-1
8721	31290.824
8722	-1
8723	-1
8724	-1
8725	-1
8726	-1
8727	31294.928
8728	-1
8729	-1
8730	-1
8731	-1
8732	31299.44
8733	-1
8734	-1
8735	31303.546
8736	-1
8737	-1
8738	-1
8739	-1
8740	-1
8741	31308.058
8742	-1
8743	-1
8744	-1
8745	31312.162
8746	-1
8747	-1
8748	-1
8749	-1
8750	-1
8751	31316.673
8752	-1
8753	-1
8754	31320.776
8755	-1
8756	-1
8757	31325.288
8758	-1
8759	-1
8760	-1
8761	-1
8762	31329.394
8763	-1
8764	-1
8765	31333.906
8766	-1
8767	-1
8768	-1
8769	-1
8770	-1
8771	31338.01
8772	-1
8773	-1
8774	31342.114
8775	-1
8776	-1
8777	-1
8778	31346.626
8779	-1
8780	-1
8781	-1
8782	-1
8783	-1
8784	31350.729
8785	-1
8786	-1
8787	-1
8788	-1
8789	31355.241
8790	-1
8791	-1
8792	31359.345
8793	-1
8794	-1
8795	-1
8796	-1
8797	-1
8798	31363.859
8799	-1
8800	-1
8801	-1
8802	31367.962
8803	-1
8804	-1
8805	-1
8806	-1
8807	-1
8808	31372.479
8809	-1
8810	-1
8811	-1
8812	-1
8813	31376.579
8814	-1
8815	-1
8816	-1
8817	-1
8818	-1
8819	31381.09
8820	-1
8821	-1
8822	31385.193
8823	-1
8824	-1
8825	-1
8826	31389.704
8827	-1
8828	-1
8829	-1
8830	-1
8831	-1
8832	31393.809
8833	-1
8834	-1
8835	31398.322
8836	-1
8837	-1
8838	31402.426
8839	-1
8840	-1
8841	31406.53
8842	-1
8843	31411.042
8844	-1
8845	-1
8846	31415.123
8847	-1
8848	-1
8849	-1
8850	-1
8851	-1
8852	31419.634
8853	-1
8854	-1
8855	31423.737
8856	-1
8857	-1
8858	-1
8859	-1
8860	-1
8861	31428.249
8862	-1
8863	-1
8864	31432.353
8865	-1
8866	-1
8867	31436.865
8868	-1
8869	-1
8870	31440.969
8871	-1
8872	-1
8873	-1
8874	-1
8875	-1
8876	31445.481
8877	-1
8878	-1
8879	-1
8880	31449.587
8881	-1
8882	-1
8883	-1
8884	-1
8885	31454.099
8886	-1
8887	-1
8888	-1
8889	-1
8890	-1
8891	31458.201
8892	-1
8893	-1
8894	31462.734
8895	-1
8896	-1
8897	-1
8898	-1
8899	-1
8900	31466.814
8901	-1
8902	-1
8903	-1
8904	31470.919
8905	-1
8906	-1
8907	-1
8908	-1
8909	-1
8910	31475.436
8911	-1
8912	-1
8913	-1
8914	-1
8915	31479.532
8916	-1
8917	-1
8918	-1
8919	31484.044
8920	-1
8921	-1
8922	-1
8923	-1
8924	31488.146
8925	-1
8926	-1
8927	-1
8928	31492.66
8929	-1
8930	-1
8931	-1
8932	-1
8933	31496.765
8934	-1
8935	-1
8936	-1
8937	-1
8938	-1
8939	31501.278
8940	-1
8941	-1
8942	31505.382
8943	-1
8944	-1
8945	-1
8946	31509.895
8947	-1
8948	-1
8949	-1
8950	-1
8951	-1
8952	31514.027
8953	-1
8954	-1
8955	-1
8956	-1
8957	31518.509
8958	-1
8959	-1
8960	-1
8961	-1
8962	-1
8963	31522.629
8964	-1
8965	-1
8966	31527.142
8967	-1
8968	-1
8969	-1
8970	-1
8971	-1
8972	31531.247
8973	-1
8974	-1
8975	-1
8976	31535.359
8977	-1
8978	-1
8979	-1
8980	-1
8981	31539.861
8982	-1
8983	-1
8984	-1
8985	31543.965
8986	-1
8987	-1
8988	-1
8989	-1
8990	31548.478
8991	-1
8992	-1
8993	31552.576
8994	-1
8995	-1
8996	-1
8997	-1
8998	-1
8999	31557.092
9000	-1
9001	-1
9002	-1
9003	31561.199
9004	-1
9005	-1
9006	-1
9007	-1
9008	31565.711
9009	-1
9010	-1
9011	-1
9012	-1
9013	-1
9014	31569.823
9015	-1
9016	-1
9017	31574.33
9018	-1
9019	-1
9020	-1
9021	-1
9022	-1
9023	31578.421
9024	-1
9025	-1
9026	-1
9027	31582.935
9028	-1
9029	-1
9030	-1
9031	-1
9032	-1
9033	31587.057
9034	-1
9035	-1
9036	-1
9037	-1
9038	31591.608
9039	-1
9040	-1
9041	-1
9042	-1
9043	-1
9044	31595.655
9045	-1
9046	-1
9047	31600.167
9048	-1
9049	-1
9050	-1
9051	31604.271
9052	-1
9053	-1
9054	-1
9055	-1
9056	-1
9057	31608.375
9058	-1
9059	-1
9060	-1
9061	-1
9062	31612.888
9063	-1
9064	-1
9065	-1
9066	-1
9067	-1
9068	31616.994
9069	-1
9070	-1
9071	31621.506
9072	-1
9073	-1
9074	-1
9075	31625.61
9076	-1
9077	-1
9078	-1
9079	-1
9080	-1
9081	31630.107
9082	-1
9083	-1
9084	31634.21
9085	-1
9086	-1
9087	-1
9088	-1
9089	-1
9090	31638.737
9091	-1
9092	-1
9093	-1
9094	-1
9095	31642.839
9096	-1
9097	-1
9098	31647.37
9099	-1
9100	-1
9101	-1
9102	-1
9103	-1
9104	31651.485
9105	-1
9106	-1
9107	-1
9108	-1
9109	-1
9110	31655.966
9111	-1
9112	-1
9113	-1
9114	31660.07
9115	-1
9116	-1
9117	-1
9118	-1
9119	31664.569
9120	-1
9121	-1
9122	-1
9123	-1
9124	-1
9125	31668.689
9126	-1
9127	-1
9128	31672.79
9129	-1
9130	-1
9131	-1
9132	-1
9133	-1
9134	31677.325
9135	-1
9136	-1
9137	-1
9138	31681.43
9139	-1
9140	-1
9141	-1
9142	-1
9143	31685.942
9144	-1
9145	-1
9146	31690.045
9147	-1
9148	-1
9149	-1
9150	-1
9151	-1
9152	31694.556
9153	-1
9154	-1
9155	-1
9156	31698.66
9157	-1
9158	-1
9159	-1
9160	-1
9161	-1
9162	31703.166
9163	-1
9164	-1
9165	-1
9166	-1
9167	31707.277
9168	-1
9169	-1
9170	-1
9171	31711.789
9172	-1
9173	-1
9174	-1
9175	-1
9176	31715.895
9177	-1
9178	-1
9179	-1
9180	31720.406
9181	-1
9182	-1
9183	-1
9184	-1
9185	-1
9186	31724.509
9187	-1
9188	-1
9189	-1
9190	-1
9191	31729.021
9192	-1
9193	-1
9194	-1
9195	-1
9196	-1
9197	31733.126
9198	-1
9199	-1
9200	31737.229
9201	-1
9202	-1
9203	-1
9204	-1
9205	-1
9206	31741.742
9207	-1
9208	-1
9209	-1
9210	31745.846
9211	-1
9212	-1
9213	-1
9214	-1
9215	-1
9216	31750.363
9217	-1
9218	-1
9219	-1
9220	-1
9221	31754.462
9222	-1
9223	-1
9224	31758.974
9225	-1
9226	-1
9227	-1
9228	-1
9229	-1
9230	31763.077
9231	-1
9232	-1
9233	-1
9234	31767.59
9235	-1
9236	-1
9237	-1
9238	-1
9239	31771.694
9240	-1
9241	-1
9242	-1
9243	-1
9244	-1
9245	31776.208
9246	-1
9247	-1
9248	31780.31
9249	-1
9250	-1
9251	-1
9252	-1
9253	-1
9254	31784.822
9255	-1
9256	-1
9257	-1
9258	31788.927
9259	-1
9260	-1
9261	-1
9262	-1
9263	31793.442
9264	-1
9265	-1
9266	-1
9267	-1
9268	-1
9269	31797.541
9270	-1
9271	-1
9272	31801.646
9273	-1
9274	-1
9275	-1
9276	-1
9277	-1
9278	31806.157
9279	-1
9280	-1
9281	-1
9282	31810.264
9283	-1
9284	-1
9285	-1
9286	-1
9287	-1
9288	31814.774
9289	-1
9290	-1
9291	-1
9292	-1
9293	31818.879
9294	-1
9295	-1
9296	-1
9297	-1
9298	-1
9299	31823.39
9300	-1
9301	-1
9302	31827.495
9303	-1
9304	-1
9305	-1
9306	31832.005
9307	-1
9308	-1
9309	-1
9310	-1
9311	-1
9312	31836.109
9313	-1
9314	-1
9315	-1
9316	-1
9317	31840.625
9318	-1
9319	-1
9320	-1
9321	-1
9322	-1
9323	31844.728
9324	-1
9325	-1
9326	31849.239
9327	-1
9328	-1
9329	-1
9330	-1
9331	-1
9332	31853.344
9333	-1
9334	-1
9335	-1
9336	31857.856
9337	-1
9338	-1
9339	-1
9340	-1
9341	31861.959
9342	-1
9343	-1
9344	-1
9345	-1
9346	-1
9347	31866.47
9348	-1
9349	-1
9350	31870.574
9351	-1
9352	-1
9353	-1
9354	31874.684
9355	-1
9356	-1
9357	-1
9358	-1
9359	-1
9360	31879.185
9361	-1
9362	-1
9363	-1
9364	-1
9365	31883.295
9366	-1
9367	-1
9368	-1
9369	-1
9370	-1
9371	31887.807
9372	-1
9373	-1
9374	31891.911
9375	-1
9376	-1
9377	-1
9378	-1
9379	-1
9380	31896.422
9381	-1
9382	-1
9383	-1
9384	31900.528
9385	-1
9386	-1
9387	-1
9388	-1
9389	-1
9390	31905.039
9391	-1
9392	-1
9393	-1
9394	-1
9395	31909.142
9396	-1
9397	-1
9398	31913.654
9399	-1
9400	-1
9401	-1
9402	-1
9403	-1
9404	31917.76
9405	-1
9406	-1
9407	-1
9408	31922.271
9409	-1
9410	-1
9411	-1
9412	-1
9413	-1
9414	31926.377
9415	-1
9416	-1
9417	-1
9418	-1
9419	31930.886
9420	-1
9421	-1
9422	-1
9423	31934.991
9424	-1
9425	-1
9426	-1
9427	-1
9428	31939.095
9429	-1
9430	-1
9431	-1
9432	31943.607
9433	-1
9434	-1
9435	-1
9436	-1
9437	-1
9438	31947.712
9439	-1
9440	-1
9441	-1
9442	-1
9443	31952.223
9444	-1
9445	-1
9446	-1
9447	-1
9448	-1
9449	31956.328
9450	-1
9451	-1
9452	31960.842
9453	-1
9454	-1
9455	-1
9456	-1
9457	-1
9458	31964.945
9459	-1
9460	-1
9461	-1
9462	31969.455
9463	-1
9464	-1
9465	-1
9466	-1
9467	-1
9468	31973.535
9469	-1
9470	-1
9471	-1
9472	-1
9473	31978.073
9474	-1
9475	-1
9476	31982.176
9477	-1
9478	-1
9479	-1
9480	-1
9481	-1
9482	31986.687
9483	-1
9484	-1
9485	-1
9486	31990.793
9487	-1
9488	-1
9489	-1
9490	-1
9491	-1
9492	31995.306
9493	-1
9494	-1
9495	-1
9496	-1
9497	31999.409
9498	-1
9499	-1
9500	-1
9501	32003.512
9502	-1
9503	-1
9504	-1
9505	-1
9506	32008.023
9507	-1
9508	-1
9509	-1
9510	32012.128
9511	-1
9512	-1
9513	-1
9514	-1
9515	-1
9516	32016.64
9517	-1
9518	-1
9519	-1
9520	-1
9521	32020.745
9522	-1
9523	-1
9524	-1
9525	-1
9526	-1
9527	32025.258
9528	-1
9529	-1
9530	32029.361
9531	-1
9532	-1
9533	-1
9534	32033.872
9535	-1
9536	-1
9537	-1
9538	-1
9539	-1
9540	32037.976
9541	-1
9542	-1
9543	-1
9544	-1
9545	32042.487
9546	-1
9547	-1
9548	32046.593
9549	-1
9550	-1
9551	-1
9552	-1
9553	-1
9554	32051.109
9555	-1
9556	-1
9557	-1
9558	-1
9559	-1
9560	32055.203
9561	-1
9562	-1
9563	-1
9564	32059.721
9565	-1
9566	-1
9567	-1
9568	-1
9569	32063.826
9570	-1
9571	-1
9572	-1
9573	-1
9574	-1
9575	32067.928
9576	-1
9577	-1
9578	32072.441
9579	-1
9580	-1
9581	-1
9582	32076.545
9583	-1
9584	-1
9585	-1
9586	-1
9587	-1
9588	32081.057
9589	-1
9590	-1
9591	-1
9592	-1
9593	32085.164
9594	-1
9595	-1
9596	-1
9597	-1
9598	-1
9599	32089.673
9600	-1
9601	-1
9602	32093.776
9603	-1
9604	-1
9605	-1
9606	-1
9607	-1
9608	32098.288
9609	-1
9610	-1
9611	-1
9612	32102.394
9613	-1
9614	-1
9615	-1
9616	-1
9617	32106.906
9618	-1
9619	-1
9620	-1
9621	-1
9622	-1
9623	32111.01
9624	-1
9625	-1
9626	32115.521
9627	-1
9628	-1
9629	-1
9630	-1
9631	-1
9632	32119.626
9633	-1
9634	-1
9635	-1
9636	32124.138
9637	-1
9638	-1
9639	-1
9640	-1
9641	32128.245
9642	-1
9643	-1
9644	-1
9645	-1
9646	-1
9647	32132.753
9648	-1
9649	-1
9650	32136.858
9651	-1
9652	-1
9653	-1
9654	-1
9655	-1
9656	32140.961
9657	-1
9658	-1
9659	-1
9660	32145.473
9661	-1
9662	32149.578
9663	-1
9664	-1
9665	-1
9666	32154.09
9667	-1
9668	-1
9669	-1
9670	-1
9671	32158.193
9672	-1
9673	-1
9674	-1
9675	-1
9676	-1
9677	32162.705
9678	-1
9679	-1
9680	32166.81
9681	-1
9682	-1
9683	-1
9684	32171.327
9685	-1
9686	-1
9687	-1
9688	-1
9689	-1
9690	32175.426
9691	-1
9692	-1
9693	-1
9694	-1
9695	32179.937
9696	-1
9697	-1
9698	-1
9699	32184.041
9700	-1
9701	-1
9702	-1
9703	-1
9704	32188.554
9705	-1
9706	-1
9707	-1
9708	32192.657
9709	-1
9710	-1
9711	-1
9712	-1
9713	-1
9714	32197.17
9715	-1
9716	-1
9717	-1
9718	-1
9719	32201.275
9720	-1
9721	-1
9722	32205.381
9723	-1
9724	-1
9725	-1
9726	-1
9727	-1
9728	32209.89
9729	-1
9730	-1
9731	-1
9732	32213.994
9733	-1
9734	-1
9735	-1
9736	-1
9737	-1
9738	32218.506
9739	-1
9740	-1
9741	-1
9742	-1
9743	32222.61
9744	-1
9745	-1
9746	-1
9747	-1
9748	-1
9749	32227.122
9750	-1
9751	-1
9752	32231.22
9753	-1
9754	-1
9755	-1
9756	32235.737
9757	-1
9758	-1
9759	32239.843
9760	-1
9761	-1
9762	32244.354
9763	-1
9764	-1
9765	-1
9766	-1
9767	32248.459
9768	-1
9769	-1
9770	-1
9771	-1
9772	-1
9773	32252.971
9774	-1
9775	-1
9776	32257.074
9777	-1
9778	-1
9779	-1
9780	-1
9781	-1
9782	32261.586
9783	-1
9784	-1
9785	-1
9786	32265.689
9787	-1
9788	-1
9789	-1
9790	-1
9791	32269.796
9792	-1
9793	-1
9794	-1
9795	-1
9796	-1
9797	32274.308
9798	-1
9799	-1
9800	32278.411
9801	-1
9802	-1
9803	-1
9804	-1
9805	-1
9806	32282.923
9807	-1
9808	-1
9809	-1
9810	32287.027
9811	-1
9812	-1
9813	-1
9814	-1
9815	-1
9816	32291.538
9817	-1
9818	-1
9819	-1
9820	-1
9821	32295.647
9822	-1
9823	-1
9824	32300.154
9825	-1
9826	-1
9827	-1
9828	-1
9829	-1
9830	32304.26
9831	-1
9832	-1
9833	-1
9834	32308.771
9835	-1
9836	-1
9837	-1
9838	-1
9839	-1
9840	32312.875
9841	-1
9842	-1
9843	-1
9844	-1
9845	32317.387
9846	-1
9847	-1
9848	32321.49
9849	-1
9850	-1
9851	-1
9852	-1
9853	-1
9854	32326.002
9855	-1
9856	-1
9857	-1
9858	32330.106
9859	-1
9860	-1
9861	-1
9862	-1
9863	32334.212
9864	-1
9865	-1
9866	-1
9867	-1
9868	-1
9869	32338.727
9870	-1
9871	-1
9872	32342.827
9873	-1
9874	-1
9875	-1
9876	-1
9877	-1
9878	32347.339
9879	-1
9880	-1
9881	-1
9882	32351.442
9883	-1
9884	-1
9885	-1
9886	-1
9887	-1
9888	32355.954
9889	-1
9890	-1
9891	-1
9892	-1
9893	32360.06
9894	-1
9895	-1
9896	32364.57
9897	-1
9898	-1
9899	-1
9900	-1
9901	-1
9902	32368.676
9903	-1
9904	-1
9905	-1
9906	32373.188
9907	-1
9908	-1
9909	-1
9910	-1
9911	-1
9912	32377.292
9913	-1
9914	-1
9915	-1
9916	-1
9917	32381.804
9918	-1
9919	-1
9920	-1
9921	32385.908
9922	-1
9923	-1
9924	-1
9925	-1
9926	32390.42
9927	-1
9928	-1
9929	-1
9930	32394.524
9931	-1
9932	-1
9933	-1
9934	-1
9935	-1
9936	32399.035
9937	-1
9938	-1
9939	-1
9940	-1
9941	32403.139
9942	-1
9943	-1
9944	-1
9945	32407.237
9946	-1
9947	-1
9948	-1
9949	-1
9950	32411.755
9951	-1
9952	-1
9953	-1
9954	32415.853
9955	-1
9956	-1
9957	-1
9958	-1
9959	-1
9960	32420.336
9961	-1
9962	-1
9963	-1
9964	-1
9965	32424.438
9966	-1
9967	-1
9968	-1
9969	-1
9970	-1
9971	32428.95
9972	-1
9973	-1
9974	32433.054
9975	-1
9976	-1
9977	-1
9978	32437.566
9979	-1
9980	-1
9981	-1
9982	-1
9983	-1
9984	32441.671
9985	-1
9986	-1
9987	-1
9988	-1
9989	32446.183
9990	-1
9991	-1
9992	-1
9993	-1
9994	-1
9995	32450.287
9996	-1
9997	-1
9998	32454.799
9999	32458.903
10000	32463.42
10001	32467.523
10002	32471.625
10003	32476.138
10004	32480.242
10005	32484.753
10006	32488.855
10007	32493.944
10008	32498.456
10009	32502.562
10010	32507.075
10011	32511.178
10012	32515.69
10013	32519.797
10014	32524.376
