0	73.31
1	73.31
2	73.31
3	73.31
4	73.31
5	73.31
6	73.31
7	73.31
8	73.31
9	73.31
10	73.31
11	73.31
12	73.31
13	73.31
14	73.31
15	73.31
16	73.31
17	73.31
18	73.31
19	73.31
20	73.31
21	73.31
22	73.31
23	73.31
24	73.31
25	73.31
26	73.31
27	73.31
28	73.31
29	73.31
30	73.31
31	73.31
32	73.31
33	73.31
34	73.31
35	73.31
36	73.31
37	73.31
38	73.31
39	73.31
40	73.31
41	73.31
42	73.31
43	73.31
44	73.31
45	73.31
46	73.31
47	73.31
48	73.31
49	73.31
50	73.31
51	73.31
52	73.31
53	73.31
54	73.31
55	73.31
56	73.31
57	73.31
58	73.31
59	73.31
60	73.31
61	73.31
62	73.31
63	73.31
64	73.31
65	73.31
66	73.31
67	73.31
68	73.31
69	73.31
70	73.31
71	73.31
72	73.31
73	73.31
74	73.31
75	73.31
76	73.31
77	73.31
78	73.31
79	73.31
80	73.31
81	73.31
82	73.31
83	73.31
84	73.31
85	73.31
86	73.31
87	73.31
88	73.31
89	73.31
90	73.31
91	73.31
92	73.31
93	73.31
94	73.31
95	73.31
96	73.31
97	73.31
98	73.31
99	73.31
100	73.31
101	73.31
102	73.31
103	73.31
104	73.31
105	73.31
106	73.31
107	73.31
108	73.31
109	73.31
110	73.31
111	73.31
112	73.31
113	73.31
114	73.31
115	73.31
116	73.31
117	73.31
118	73.31
119	73.31
120	73.31
121	73.31
122	73.31
123	73.31
124	73.31
125	73.31
126	73.31
127	73.31
128	73.31
129	73.31
130	73.31
131	73.31
132	73.31
133	73.31
134	73.31
135	73.31
136	73.31
137	73.31
138	73.31
139	73.31
140	73.31
141	73.31
142	73.31
143	73.31
144	73.31
145	73.31
146	73.31
147	73.31
148	73.31
149	73.31
150	73.31
151	73.31
152	73.31
153	73.31
154	73.31
155	73.31
156	73.31
157	73.31
158	73.31
159	73.31
160	73.31
161	73.31
162	73.31
163	73.31
164	73.31
165	73.31
166	73.31
167	73.31
168	73.31
169	73.31
170	73.31
171	73.31
172	73.31
173	73.31
174	73.31
175	73.31
176	73.31
177	73.31
178	73.31
179	73.31
180	73.31
181	73.31
182	73.31
183	73.31
184	73.31
185	73.31
186	73.31
187	73.31
188	73.31
189	73.31
190	73.31
191	73.31
192	73.31
193	73.31
194	73.31
195	73.31
196	73.31
197	73.31
198	73.31
199	73.31
200	73.31
201	73.31
202	73.31
203	73.31
204	73.31
205	73.31
206	73.31
207	73.31
208	73.31
209	73.31
210	73.31
211	73.31
212	73.31
213	73.31
214	73.31
215	73.31
216	73.31
217	73.31
218	73.31
219	73.31
220	73.31
221	73.31
222	73.31
223	73.31
224	73.31
225	73.31
226	73.31
227	73.31
228	73.31
229	73.31
230	73.31
231	73.31
232	73.31
233	73.31
234	73.31
235	73.31
236	73.31
237	73.31
238	73.31
239	73.31
240	73.31
241	73.31
242	73.31
243	73.31
244	73.31
245	73.31
246	73.31
247	73.31
248	73.31
249	73.31
250	73.31
251	73.31
252	73.31
253	73.31
254	73.31
255	73.31
256	73.31
257	73.31
258	73.31
259	73.31
260	73.31
261	73.31
262	73.31
263	73.31
264	73.31
265	73.31
266	73.31
267	73.31
268	73.31
269	73.31
270	73.31
271	73.31
272	73.31
273	73.31
274	73.31
275	73.31
276	73.31
277	73.31
278	73.31
279	73.31
280	73.31
281	73.31
282	73.31
283	73.31
284	73.31
285	73.31
286	73.31
287	73.31
288	73.31
289	73.31
290	73.31
291	73.31
292	73.31
293	73.31
294	73.31
295	73.31
296	73.31
297	73.31
298	73.31
299	73.31
300	73.31
301	73.31
302	73.31
303	73.31
304	73.31
305	73.31
306	73.31
307	73.31
308	73.31
309	73.31
310	73.31
311	73.31
312	73.31
313	73.31
314	73.31
315	73.31
316	73.31
317	73.31
318	73.31
319	73.31
320	73.31
321	73.31
322	73.31
323	73.31
324	73.31
325	73.31
326	73.31
327	73.31
328	73.31
329	73.31
330	73.31
331	73.31
332	73.31
333	73.31
334	73.31
335	73.31
336	73.31
337	73.31
338	73.31
339	73.31
340	73.31
341	73.31
342	73.31
343	73.31
344	73.31
345	73.31
346	73.31
347	73.31
348	73.31
349	73.31
350	73.31
351	73.31
352	73.31
353	73.31
354	73.31
355	73.31
356	73.31
357	73.31
358	73.31
359	73.31
360	73.31
361	73.31
362	73.31
363	73.31
364	73.31
365	73.31
366	73.31
367	73.31
368	73.31
369	73.31
370	73.31
371	73.31
372	73.31
373	73.31
374	73.31
375	73.31
376	73.31
377	73.31
378	73.31
379	73.31
380	73.31
381	73.31
382	73.31
383	73.31
384	73.31
385	73.31
386	73.31
387	73.31
388	73.31
389	73.31
390	73.31
391	73.31
392	73.31
393	73.31
394	73.31
395	73.31
396	73.31
397	73.31
398	73.31
399	73.31
400	73.31
401	73.31
402	73.31
403	73.31
404	73.31
405	73.31
406	73.31
407	73.31
408	73.31
409	73.31
410	73.31
411	73.31
412	73.31
413	73.31
414	73.31
415	73.31
416	73.31
417	73.31
418	73.31
419	73.31
420	73.31
421	73.31
422	73.31
423	73.31
424	73.31
425	73.31
426	73.31
427	73.31
428	73.31
429	73.31
430	73.31
431	73.31
432	73.31
433	73.31
434	73.31
435	73.31
436	73.31
437	73.31
438	73.31
439	73.31
440	73.31
441	73.31
442	73.31
443	73.31
444	73.31
445	73.31
446	73.31
447	73.31
448	73.31
449	73.31
450	73.31
451	73.31
452	73.31
453	73.31
454	73.31
455	73.31
456	73.31
457	73.31
458	73.31
459	73.31
460	73.31
461	73.31
462	73.31
463	73.31
464	73.31
465	73.31
466	73.31
467	73.31
468	73.31
469	73.31
470	73.31
471	73.31
472	73.31
473	73.31
474	73.31
475	73.31
476	73.31
477	73.31
478	73.31
479	73.31
480	73.31
481	73.31
482	73.31
483	73.31
484	73.31
485	73.31
486	73.31
487	73.31
488	73.31
489	73.31
490	73.31
491	73.31
492	73.31
493	73.31
494	73.31
495	73.31
496	73.31
497	73.31
498	73.31
499	73.31
500	73.31
501	73.31
502	73.31
503	73.31
504	73.31
505	73.31
506	73.31
507	73.31
508	73.31
509	73.31
510	73.31
511	73.31
512	73.31
513	73.31
514	73.31
515	73.31
516	73.31
517	73.31
518	73.31
519	73.31
520	73.31
521	73.31
522	73.31
523	73.31
524	73.31
525	73.31
526	73.31
527	73.31
528	73.31
529	73.31
530	73.31
531	73.31
532	73.31
533	73.31
534	73.31
535	73.31
536	73.31
537	73.31
538	73.31
539	73.31
540	73.31
541	73.31
542	73.31
543	73.31
544	73.31
545	73.31
546	73.31
547	73.31
548	73.31
549	73.31
550	73.31
551	73.31
552	73.31
553	73.31
554	73.31
555	73.31
556	73.31
557	73.31
558	73.31
559	73.31
560	73.31
561	73.31
562	73.31
563	73.31
564	73.31
565	73.31
566	73.31
567	73.31
568	73.31
569	73.31
570	73.31
571	73.31
572	73.31
573	73.31
574	73.31
575	73.31
576	73.31
577	73.31
578	73.31
579	73.31
580	73.31
581	73.31
582	73.31
583	73.31
584	73.31
585	73.31
586	73.31
587	73.31
588	73.31
589	73.31
590	73.31
591	73.31
592	73.31
593	73.31
594	73.31
595	73.31
596	73.31
597	73.31
598	73.31
599	73.31
600	73.31
601	73.31
602	73.31
603	73.31
604	73.31
605	73.31
606	73.31
607	73.31
608	73.31
609	73.31
610	73.31
611	73.31
612	73.31
613	73.31
614	73.31
615	73.31
616	73.31
617	73.31
618	73.31
619	73.31
620	73.31
621	73.31
622	73.31
623	73.31
624	73.31
625	73.31
626	73.31
627	73.31
628	73.31
629	73.31
630	73.31
631	73.31
632	73.31
633	73.31
634	73.31
635	73.31
636	73.31
637	73.31
638	73.31
639	73.31
640	73.31
641	73.31
642	73.31
643	73.31
644	73.31
645	73.31
646	73.31
647	73.31
648	73.31
649	73.31
650	73.31
651	73.31
652	73.31
653	73.31
654	73.31
655	73.31
656	73.31
657	73.31
658	73.31
659	73.31
660	73.31
661	73.31
662	73.31
663	73.31
664	73.31
665	73.31
666	73.31
667	73.31
668	73.31
669	73.31
670	73.31
671	73.31
672	73.31
673	73.31
674	73.31
675	73.31
676	73.31
677	73.31
678	73.31
679	73.31
680	73.31
681	73.31
682	73.31
683	73.31
684	73.31
685	73.31
686	73.31
687	73.31
688	73.31
689	73.31
690	73.31
691	73.31
692	73.31
693	73.31
694	73.31
695	73.31
696	73.31
697	73.31
698	73.31
699	73.31
700	73.31
701	73.31
702	73.31
703	73.31
704	73.31
705	73.31
706	73.31
707	73.31
708	73.31
709	73.31
710	73.31
711	73.31
712	73.31
713	73.31
714	73.31
715	73.31
716	73.31
717	73.31
718	73.31
719	73.31
720	73.31
721	73.31
722	73.31
723	73.31
724	73.31
725	73.31
726	73.31
727	73.31
728	73.31
729	73.31
730	73.31
731	73.31
732	73.31
733	73.31
734	73.31
735	73.31
736	73.31
737	73.31
738	73.31
739	73.31
740	73.31
741	73.31
742	73.31
743	73.31
744	73.31
745	73.31
746	73.31
747	73.31
748	73.31
749	73.31
750	73.31
751	73.31
752	73.31
753	73.31
754	73.31
755	73.31
756	73.31
757	73.31
758	73.31
759	73.31
760	73.31
761	73.31
762	73.31
763	73.31
764	73.31
765	73.31
766	73.31
767	73.31
768	73.31
769	73.31
770	73.31
771	73.31
772	73.31
773	73.31
774	73.31
775	73.31
776	73.31
777	73.31
778	73.31
779	73.31
780	73.31
781	73.31
782	73.31
783	73.31
784	73.31
785	73.31
786	73.31
787	73.31
788	73.31
789	73.31
790	73.31
791	73.31
792	73.31
793	73.31
794	73.31
795	73.31
796	73.31
797	73.31
798	73.31
799	73.31
800	73.31
801	73.31
802	73.31
803	73.31
804	73.31
805	73.31
806	73.31
807	73.31
808	73.31
809	73.31
810	73.31
811	73.31
812	73.31
813	73.31
814	73.31
815	73.31
816	73.31
817	73.31
818	73.31
819	73.31
820	73.31
821	73.31
822	73.31
823	73.31
824	73.31
825	73.31
826	73.31
827	73.31
828	73.31
829	73.31
830	73.31
831	73.31
832	73.31
833	73.31
834	73.31
835	73.31
836	73.31
837	73.31
838	73.31
839	73.31
840	73.31
841	73.31
842	73.31
843	73.31
844	73.31
845	73.31
846	73.31
847	73.31
848	73.31
849	73.31
850	73.31
851	73.31
852	73.31
853	73.31
854	73.31
855	73.31
856	73.31
857	73.31
858	73.31
859	73.31
860	73.31
861	73.31
862	73.31
863	73.31
864	73.31
865	73.31
866	73.31
867	73.31
868	73.31
869	73.31
870	73.31
871	73.31
872	73.31
873	73.31
874	73.31
875	73.31
876	73.31
877	73.31
878	73.31
879	73.31
880	73.31
881	73.31
882	73.31
883	73.31
884	73.31
885	73.31
886	73.31
887	73.31
888	73.31
889	73.31
890	73.31
891	73.31
892	73.31
893	73.31
894	73.31
895	73.31
896	73.31
897	73.31
898	73.31
899	73.31
900	73.31
901	73.31
902	73.31
903	73.31
904	73.31
905	73.31
906	73.31
907	73.31
908	73.31
909	73.31
910	73.31
911	73.31
912	73.31
913	73.31
914	73.31
915	73.31
916	73.31
917	73.31
918	73.31
919	73.31
920	73.31
921	73.31
922	73.31
923	73.31
924	73.31
925	73.31
926	73.31
927	73.31
928	73.31
929	73.31
930	73.31
931	73.31
932	73.31
933	73.31
934	73.31
935	73.31
936	73.31
937	73.31
938	73.31
939	73.31
940	73.31
941	73.31
942	73.31
943	73.31
944	73.31
945	73.31
946	73.31
947	73.31
948	73.31
949	73.31
950	73.31
951	73.31
952	73.31
953	73.31
954	73.31
955	73.31
956	73.31
957	73.31
958	73.31
959	73.31
960	73.31
961	73.31
962	73.31
963	73.31
964	73.31
965	73.31
966	73.31
967	73.31
968	73.31
969	73.31
970	73.31
971	73.31
972	73.31
973	73.31
974	73.31
975	73.31
976	73.31
977	73.31
978	73.31
979	73.31
980	73.31
981	73.31
982	73.31
983	73.31
984	73.31
985	73.31
986	73.31
987	73.31
988	73.31
989	73.31
990	73.31
991	73.31
992	73.31
993	73.31
994	73.31
995	73.31
996	73.31
997	73.31
998	73.31
999	73.31
1000	73.31
1001	73.31
1002	73.31
1003	73.31
1004	73.31
1005	73.31
1006	73.31
1007	73.31
1008	73.31
1009	73.31
1010	73.31
1011	73.31
1012	73.31
1013	73.31
1014	73.31
1015	73.31
1016	73.31
1017	73.31
1018	73.31
1019	73.31
1020	73.31
1021	73.31
1022	73.31
1023	73.31
1024	73.31
1025	73.31
1026	73.31
1027	73.31
1028	73.31
1029	73.31
1030	73.31
1031	73.31
1032	73.31
1033	73.31
1034	73.31
1035	73.31
1036	73.31
1037	73.31
1038	73.31
1039	73.31
1040	73.31
1041	73.31
1042	73.31
1043	73.31
1044	73.31
1045	73.31
1046	73.31
1047	73.31
1048	73.31
1049	73.31
1050	73.31
1051	73.31
1052	73.31
1053	73.31
1054	73.31
1055	73.31
1056	73.31
1057	73.31
1058	73.31
1059	73.31
1060	73.31
1061	73.31
1062	73.31
1063	73.31
1064	73.31
1065	73.31
1066	73.31
1067	73.31
1068	73.31
1069	73.31
1070	73.31
1071	73.31
1072	73.31
1073	73.31
1074	73.31
1075	73.31
1076	73.31
1077	73.31
1078	73.31
1079	73.31
1080	73.31
1081	73.31
1082	73.31
1083	73.31
1084	73.31
1085	73.31
1086	73.31
1087	73.31
1088	73.31
1089	73.31
1090	73.31
1091	73.31
1092	73.31
1093	73.31
1094	73.31
1095	73.31
1096	73.31
1097	73.31
1098	73.31
1099	73.31
1100	73.31
1101	73.31
1102	73.31
1103	73.31
1104	73.31
1105	73.31
1106	73.31
1107	73.31
1108	73.31
1109	73.31
1110	73.31
1111	73.31
1112	73.31
1113	73.31
1114	73.31
1115	73.31
1116	73.31
1117	73.31
1118	73.31
1119	73.31
1120	73.31
1121	73.31
1122	73.31
1123	73.31
1124	73.31
1125	73.31
1126	73.31
1127	73.31
1128	73.31
1129	73.31
1130	73.31
1131	73.31
1132	73.31
1133	73.31
1134	73.31
1135	73.31
1136	73.31
1137	73.31
1138	73.31
1139	73.31
1140	73.31
1141	73.31
1142	73.31
1143	73.31
1144	73.31
1145	73.31
1146	73.31
1147	73.31
1148	73.31
1149	73.31
1150	73.31
1151	73.31
1152	73.31
1153	73.31
1154	73.31
1155	73.31
1156	73.31
1157	73.31
1158	73.31
1159	73.31
1160	73.31
1161	73.31
1162	73.31
1163	73.31
1164	73.31
1165	73.31
1166	73.31
1167	73.31
1168	73.31
1169	73.31
1170	73.31
1171	73.31
1172	73.31
1173	73.31
1174	73.31
1175	73.31
1176	73.31
1177	73.31
1178	73.31
1179	73.31
1180	73.31
1181	73.31
1182	73.31
1183	73.31
1184	73.31
1185	73.31
1186	73.31
1187	73.31
1188	73.31
1189	73.31
1190	73.31
1191	73.31
1192	73.31
1193	73.31
1194	73.31
1195	73.31
1196	73.31
1197	73.31
1198	73.31
1199	73.31
1200	73.31
1201	73.31
1202	73.31
1203	73.31
1204	73.31
1205	73.31
1206	73.31
1207	73.31
1208	73.31
1209	73.31
1210	73.31
1211	73.31
1212	73.31
1213	73.31
1214	73.31
1215	73.31
1216	73.31
1217	73.31
1218	73.31
1219	73.31
1220	73.31
1221	73.31
1222	73.31
1223	73.31
1224	73.31
1225	73.31
1226	73.31
1227	73.31
1228	73.31
1229	73.31
1230	73.31
1231	73.31
1232	73.31
1233	73.31
1234	73.31
1235	73.31
1236	73.31
1237	73.31
1238	73.31
1239	73.31
1240	73.31
1241	73.31
1242	73.31
1243	73.31
1244	73.31
1245	73.31
1246	73.31
1247	73.31
1248	73.31
1249	73.31
1250	73.31
1251	73.31
1252	73.31
1253	73.31
1254	73.31
1255	73.31
1256	73.31
1257	73.31
1258	73.31
1259	73.31
1260	73.31
1261	73.31
1262	73.31
1263	73.31
1264	73.31
1265	73.31
1266	73.31
1267	73.31
1268	73.31
1269	73.31
1270	73.31
1271	73.31
1272	73.31
1273	73.31
1274	73.31
1275	73.31
1276	73.31
1277	73.31
1278	73.31
1279	73.31
1280	73.31
1281	73.31
1282	73.31
1283	73.31
1284	73.31
1285	73.31
1286	73.31
1287	73.31
1288	73.31
1289	73.31
1290	73.31
1291	73.31
1292	73.31
1293	73.31
1294	73.31
1295	73.31
1296	73.31
1297	73.31
1298	73.31
1299	73.31
1300	73.31
1301	73.31
1302	73.31
1303	73.31
1304	73.31
1305	73.31
1306	73.31
1307	73.31
1308	73.31
1309	73.31
1310	73.31
1311	73.31
1312	73.31
1313	73.31
1314	73.31
1315	73.31
1316	73.31
1317	73.31
1318	73.31
1319	73.31
1320	73.31
1321	73.31
1322	73.31
1323	73.31
1324	73.31
1325	73.31
1326	73.31
1327	73.31
1328	73.31
1329	73.31
1330	73.31
1331	73.31
1332	73.31
1333	73.31
1334	73.31
1335	73.31
1336	73.31
1337	73.31
1338	73.31
1339	73.31
1340	73.31
1341	73.31
1342	73.31
1343	73.31
1344	73.31
1345	73.31
1346	73.31
1347	73.31
1348	73.31
1349	73.31
1350	73.31
1351	73.31
1352	73.31
1353	73.31
1354	73.31
1355	73.31
1356	73.31
1357	73.31
1358	73.31
1359	73.31
1360	73.31
1361	73.31
1362	73.31
1363	73.31
1364	73.31
1365	73.31
1366	73.31
1367	73.31
1368	73.31
1369	73.31
1370	73.31
1371	73.31
1372	73.31
1373	73.31
1374	73.31
1375	73.31
1376	73.31
1377	73.31
1378	73.31
1379	73.31
1380	73.31
1381	73.31
1382	73.31
1383	73.31
1384	73.31
1385	73.31
1386	73.31
1387	73.31
1388	73.31
1389	73.31
1390	73.31
1391	73.31
1392	73.31
1393	73.31
1394	73.31
1395	73.31
1396	73.31
1397	73.31
1398	73.31
1399	73.31
1400	73.31
1401	73.31
1402	73.31
1403	73.31
1404	73.31
1405	73.31
1406	73.31
1407	73.31
1408	73.31
1409	73.31
1410	73.31
1411	73.31
1412	73.31
1413	73.31
1414	73.31
1415	73.31
1416	73.31
1417	73.31
1418	73.31
1419	73.31
1420	73.31
1421	73.31
1422	73.31
1423	73.31
1424	73.31
1425	73.31
1426	73.31
1427	73.31
1428	73.31
1429	73.31
1430	73.31
1431	73.31
1432	73.31
1433	73.31
1434	73.31
1435	73.31
1436	73.31
1437	73.31
1438	73.31
1439	73.31
1440	73.31
1441	73.31
1442	73.31
1443	73.31
1444	73.31
1445	73.31
1446	73.31
1447	73.31
1448	73.31
1449	73.31
1450	73.31
1451	73.31
1452	73.31
1453	73.31
1454	73.31
1455	73.31
1456	73.31
1457	73.31
1458	73.31
1459	73.31
1460	73.31
1461	73.31
1462	73.31
1463	73.31
1464	73.31
1465	73.31
1466	73.31
1467	73.31
1468	73.31
1469	73.31
1470	73.31
1471	73.31
1472	73.31
1473	73.31
1474	73.31
1475	73.31
1476	73.31
1477	73.31
1478	73.31
1479	73.31
1480	73.31
1481	73.31
1482	73.31
1483	73.31
1484	73.31
1485	73.31
1486	73.31
1487	73.31
1488	73.31
1489	73.31
1490	73.31
1491	73.31
1492	73.31
1493	73.31
1494	73.31
1495	73.31
1496	73.31
1497	73.31
1498	73.31
1499	73.31
1500	73.31
1501	73.31
1502	73.31
1503	73.31
1504	73.31
1505	73.31
1506	73.31
1507	73.31
1508	73.31
1509	73.31
1510	73.31
1511	73.31
1512	73.31
1513	73.31
1514	73.31
1515	73.31
1516	73.31
1517	73.31
1518	73.31
1519	73.31
1520	73.31
1521	73.31
1522	73.31
1523	73.31
1524	73.31
1525	73.31
1526	73.31
1527	73.31
1528	73.31
1529	73.31
1530	73.31
1531	73.31
1532	73.31
1533	73.31
1534	73.31
1535	73.31
1536	73.31
1537	73.31
1538	73.31
1539	73.31
1540	73.31
1541	73.31
1542	73.31
1543	73.31
1544	73.31
1545	73.31
1546	73.31
1547	73.31
1548	73.31
1549	73.31
1550	73.31
1551	73.31
1552	73.31
1553	73.31
1554	73.31
1555	73.31
1556	73.31
1557	73.31
1558	73.31
1559	73.31
1560	73.31
1561	73.31
1562	73.31
1563	73.31
1564	73.31
1565	73.31
1566	73.31
1567	73.31
1568	73.31
1569	73.31
1570	73.31
1571	73.31
1572	73.31
1573	73.31
1574	73.31
1575	73.31
1576	73.31
1577	73.31
1578	73.31
1579	73.31
1580	73.31
1581	73.31
1582	73.31
1583	73.31
1584	73.31
1585	73.31
1586	73.31
1587	73.31
1588	73.31
1589	73.31
1590	73.31
1591	73.31
1592	73.31
1593	73.31
1594	73.31
1595	73.31
1596	73.31
1597	73.31
1598	73.31
1599	73.31
1600	73.31
1601	73.31
1602	73.31
1603	73.31
1604	73.31
1605	73.31
1606	73.31
1607	73.31
1608	73.31
1609	73.31
1610	73.31
1611	73.31
1612	73.31
1613	73.31
1614	73.31
1615	73.31
1616	73.31
1617	73.31
1618	73.31
1619	73.31
1620	73.31
1621	73.31
1622	73.31
1623	73.31
1624	73.31
1625	73.31
1626	73.31
1627	73.31
1628	73.31
1629	73.31
1630	73.31
1631	73.31
1632	73.31
1633	73.31
1634	73.31
1635	73.31
1636	73.31
1637	73.31
1638	73.31
1639	73.31
1640	73.31
1641	73.31
1642	73.31
1643	73.31
1644	73.31
1645	73.31
1646	73.31
1647	73.31
1648	73.31
1649	73.31
1650	73.31
1651	73.31
1652	73.31
1653	73.31
1654	73.31
1655	73.31
1656	73.31
1657	73.31
1658	73.31
1659	73.31
1660	73.31
1661	73.31
1662	73.31
1663	73.31
1664	73.31
1665	73.31
1666	73.31
1667	73.31
1668	73.31
1669	73.31
1670	73.31
1671	73.31
1672	73.31
1673	73.31
1674	73.31
1675	73.31
1676	73.31
1677	73.31
1678	73.31
1679	73.31
1680	73.31
1681	73.31
1682	73.31
1683	73.31
1684	73.31
1685	73.31
1686	73.31
1687	73.31
1688	73.31
1689	73.31
1690	73.31
1691	73.31
1692	73.31
1693	73.31
1694	73.31
1695	73.31
1696	73.31
1697	73.31
1698	73.31
1699	73.31
1700	73.31
1701	73.31
1702	73.31
1703	73.31
1704	73.31
1705	73.31
1706	73.31
1707	73.31
1708	73.31
1709	73.31
1710	73.31
1711	73.31
1712	73.31
1713	73.31
1714	73.31
1715	73.31
1716	73.31
1717	73.31
1718	73.31
1719	73.31
1720	73.31
1721	73.31
1722	73.31
1723	73.31
1724	73.31
1725	73.31
1726	73.31
1727	73.31
1728	73.31
1729	73.31
1730	73.31
1731	73.31
1732	73.31
1733	73.31
1734	73.31
1735	73.31
1736	73.31
1737	73.31
1738	73.31
1739	73.31
1740	73.31
1741	73.31
1742	73.31
1743	73.31
1744	73.31
1745	73.31
1746	73.31
1747	73.31
1748	73.31
1749	73.31
1750	73.31
1751	73.31
1752	73.31
1753	73.31
1754	73.31
1755	73.31
1756	73.31
1757	73.31
1758	73.31
1759	73.31
1760	73.31
1761	73.31
1762	73.31
1763	73.31
1764	73.31
1765	73.31
1766	73.31
1767	73.31
1768	73.31
1769	73.31
1770	73.31
1771	73.31
1772	73.31
1773	73.31
1774	73.31
1775	73.31
1776	73.31
1777	73.31
1778	73.31
1779	73.31
1780	73.31
1781	73.31
1782	73.31
1783	73.31
1784	73.31
1785	73.31
1786	73.31
1787	73.31
1788	73.31
1789	73.31
1790	73.31
1791	73.31
1792	73.31
1793	73.31
1794	73.31
1795	73.31
1796	73.31
1797	73.31
1798	73.31
1799	73.31
1800	73.31
1801	73.31
1802	73.31
1803	73.31
1804	73.31
1805	73.31
1806	73.31
1807	73.31
1808	73.31
1809	73.31
1810	73.31
1811	73.31
1812	73.31
1813	73.31
1814	73.31
1815	73.31
1816	73.31
1817	73.31
1818	73.31
1819	73.31
1820	73.31
1821	73.31
1822	73.31
1823	73.31
1824	73.31
1825	73.31
1826	73.31
1827	73.31
1828	73.31
1829	73.31
1830	73.31
1831	73.31
1832	73.31
1833	73.31
1834	73.31
1835	73.31
1836	73.31
1837	73.31
1838	73.31
1839	73.31
1840	73.31
1841	73.31
1842	73.31
1843	73.31
1844	73.31
1845	73.31
1846	73.31
1847	73.31
1848	73.31
1849	73.31
1850	73.31
1851	73.31
1852	73.31
1853	73.31
1854	73.31
1855	73.31
1856	73.31
1857	73.31
1858	73.31
1859	73.31
1860	73.31
1861	73.31
1862	73.31
1863	73.31
1864	73.31
1865	73.31
1866	73.31
1867	73.31
1868	73.31
1869	73.31
1870	73.31
1871	73.31
1872	73.31
1873	73.31
1874	73.31
1875	73.31
1876	73.31
1877	73.31
1878	73.31
1879	73.31
1880	73.31
1881	73.31
1882	73.31
1883	73.31
1884	73.31
1885	73.31
1886	73.31
1887	73.31
1888	73.31
1889	73.31
1890	73.31
1891	73.31
1892	73.31
1893	73.31
1894	73.31
1895	73.31
1896	73.31
1897	73.31
1898	73.31
1899	73.31
1900	73.31
1901	73.31
1902	73.31
1903	73.31
1904	73.31
1905	73.31
1906	73.31
1907	73.31
1908	73.31
1909	73.31
1910	73.31
1911	73.31
1912	73.31
1913	73.31
1914	73.31
1915	73.31
1916	73.31
1917	73.31
1918	73.31
1919	73.31
1920	73.31
1921	73.31
1922	73.31
1923	73.31
1924	73.31
1925	73.31
1926	73.31
1927	73.31
1928	73.31
1929	73.31
1930	73.31
1931	73.31
1932	73.31
1933	73.31
1934	73.31
1935	73.31
1936	73.31
1937	73.31
1938	73.31
1939	73.31
1940	73.31
1941	73.31
1942	73.31
1943	73.31
1944	73.31
1945	73.31
1946	73.31
1947	73.31
1948	73.31
1949	73.31
1950	73.31
1951	73.31
1952	73.31
1953	73.31
1954	73.31
1955	73.31
1956	73.31
1957	73.31
1958	73.31
1959	73.31
1960	73.31
1961	73.31
1962	73.31
1963	73.31
1964	73.31
1965	73.31
1966	73.31
1967	73.31
1968	73.31
1969	73.31
1970	73.31
1971	73.31
1972	73.31
1973	73.31
1974	73.31
1975	73.31
1976	73.31
1977	73.31
1978	73.31
1979	73.31
1980	73.31
1981	73.31
1982	73.31
1983	73.31
1984	73.31
1985	73.31
1986	73.31
1987	73.31
1988	73.31
1989	73.31
1990	73.31
1991	73.31
1992	73.31
1993	73.31
1994	73.31
1995	73.31
1996	73.31
1997	73.31
1998	73.31
1999	73.31
2000	73.31
2001	73.31
2002	73.31
2003	73.31
2004	73.31
2005	73.31
2006	73.31
2007	73.31
2008	73.31
2009	73.31
2010	73.31
2011	73.31
2012	73.31
2013	73.31
2014	73.31
2015	73.31
2016	73.31
2017	73.31
2018	73.31
2019	73.31
2020	73.31
2021	73.31
2022	73.31
2023	73.31
2024	73.31
2025	73.31
2026	73.31
2027	73.31
2028	73.31
2029	73.31
2030	73.31
2031	73.31
2032	73.31
2033	73.31
2034	73.31
2035	73.31
2036	73.31
2037	73.31
2038	73.31
2039	73.31
2040	73.31
2041	73.31
2042	73.31
2043	73.31
2044	73.31
2045	73.31
2046	73.31
2047	73.31
2048	73.31
2049	73.31
2050	73.31
2051	73.31
2052	73.31
2053	73.31
2054	73.31
2055	73.31
2056	73.31
2057	73.31
2058	73.31
2059	73.31
2060	73.31
2061	73.31
2062	73.31
2063	73.31
2064	73.31
2065	73.31
2066	73.31
2067	73.31
2068	73.31
2069	73.31
2070	73.31
2071	73.31
2072	73.31
2073	73.31
2074	73.31
2075	73.31
2076	73.31
2077	73.31
2078	73.31
2079	73.31
2080	73.31
2081	73.31
2082	73.31
2083	73.31
2084	73.31
2085	73.31
2086	73.31
2087	73.31
2088	73.31
2089	73.31
2090	73.31
2091	73.31
2092	73.31
2093	73.31
2094	73.31
2095	73.31
2096	73.31
2097	73.31
2098	73.31
2099	73.31
2100	73.31
2101	73.31
2102	73.31
2103	73.31
2104	73.31
2105	73.31
2106	73.31
2107	73.31
2108	73.31
2109	73.31
2110	73.31
2111	73.31
2112	73.31
2113	73.31
2114	73.31
2115	73.31
2116	73.31
2117	73.31
2118	73.31
2119	73.31
2120	73.31
2121	73.31
2122	73.31
2123	73.31
2124	73.31
2125	73.31
2126	73.31
2127	73.31
2128	73.31
2129	73.31
2130	73.31
2131	73.31
2132	73.31
2133	73.31
2134	73.31
2135	73.31
2136	73.31
2137	73.31
2138	73.31
2139	73.31
2140	73.31
2141	73.31
2142	73.31
2143	73.31
2144	73.31
2145	73.31
2146	73.31
2147	73.31
2148	73.31
2149	73.31
2150	73.31
2151	73.31
2152	73.31
2153	73.31
2154	73.31
2155	73.31
2156	73.31
2157	73.31
2158	73.31
2159	73.31
2160	73.31
2161	73.31
2162	73.31
2163	73.31
2164	73.31
2165	73.31
2166	73.31
2167	73.31
2168	73.31
2169	73.31
2170	73.31
2171	73.31
2172	73.31
2173	73.31
2174	73.31
2175	73.31
2176	73.31
2177	73.31
2178	73.31
2179	73.31
2180	73.31
2181	73.31
2182	73.31
2183	73.31
2184	73.31
2185	73.31
2186	73.31
2187	73.31
2188	73.31
2189	73.31
2190	73.31
2191	73.31
2192	73.31
2193	73.31
2194	73.31
2195	73.31
2196	73.31
2197	73.31
2198	73.31
2199	73.31
2200	73.31
2201	73.31
2202	73.31
2203	73.31
2204	73.31
2205	73.31
2206	73.31
2207	73.31
2208	73.31
2209	73.31
2210	73.31
2211	73.31
2212	73.31
2213	73.31
2214	73.31
2215	73.31
2216	73.31
2217	73.31
2218	73.31
2219	73.31
2220	73.31
2221	73.31
2222	73.31
2223	73.31
2224	73.31
2225	73.31
2226	73.31
2227	73.31
2228	73.31
2229	73.31
2230	73.31
2231	73.31
2232	73.31
2233	73.31
2234	73.31
2235	73.31
2236	73.31
2237	73.31
2238	73.31
2239	73.31
2240	73.31
2241	73.31
2242	73.31
2243	73.31
2244	73.31
2245	73.31
2246	73.31
2247	73.31
2248	73.31
2249	73.31
2250	73.31
2251	73.31
2252	73.31
2253	73.31
2254	73.31
2255	73.31
2256	73.31
2257	73.31
2258	73.31
2259	73.31
2260	73.31
2261	73.31
2262	73.31
2263	73.31
2264	73.31
2265	73.31
2266	73.31
2267	73.31
2268	73.31
2269	73.31
2270	73.31
2271	73.31
2272	73.31
2273	73.31
2274	73.31
2275	73.31
2276	73.31
2277	73.31
2278	73.31
2279	73.31
2280	73.31
2281	73.31
2282	73.31
2283	73.31
2284	73.31
2285	73.31
2286	73.31
2287	73.31
2288	73.31
2289	73.31
2290	73.31
2291	73.31
2292	73.31
2293	73.31
2294	73.31
2295	73.31
2296	73.31
2297	73.31
2298	73.31
2299	73.31
2300	73.31
2301	73.31
2302	73.31
2303	73.31
2304	73.31
2305	73.31
2306	73.31
2307	73.31
2308	73.31
2309	73.31
2310	73.31
2311	73.31
2312	73.31
2313	73.31
2314	73.31
2315	73.31
2316	73.31
2317	73.31
2318	73.31
2319	73.31
2320	73.31
2321	73.31
2322	73.31
2323	73.31
2324	73.31
2325	73.31
2326	73.31
2327	73.31
2328	73.31
2329	73.31
2330	73.31
2331	73.31
2332	73.31
2333	73.31
2334	73.31
2335	73.31
2336	73.31
2337	73.31
2338	73.31
2339	73.31
2340	73.31
2341	73.31
2342	73.31
2343	73.31
2344	73.31
2345	73.31
2346	73.31
2347	73.31
2348	73.31
2349	73.31
2350	73.31
2351	73.31
2352	73.31
2353	73.31
2354	73.31
2355	73.31
2356	73.31
2357	73.31
2358	73.31
2359	73.31
2360	73.31
2361	73.31
2362	73.31
2363	73.31
2364	73.31
2365	73.31
2366	73.31
2367	73.31
2368	73.31
2369	73.31
2370	73.31
2371	73.31
2372	73.31
2373	73.31
2374	73.31
2375	73.31
2376	73.31
2377	73.31
2378	73.31
2379	73.31
2380	73.31
2381	73.31
2382	73.31
2383	73.31
2384	73.31
2385	73.31
2386	73.31
2387	73.31
2388	73.31
2389	73.31
2390	73.31
2391	73.31
2392	73.31
2393	73.31
2394	73.31
2395	73.31
2396	73.31
2397	73.31
2398	73.31
2399	73.31
2400	73.31
2401	73.31
2402	73.31
2403	73.31
2404	73.31
2405	73.31
2406	73.31
2407	73.31
2408	73.31
2409	73.31
2410	73.31
2411	73.31
2412	73.31
2413	73.31
2414	73.31
2415	73.31
2416	73.31
2417	73.31
2418	73.31
2419	73.31
2420	73.31
2421	73.31
2422	73.31
2423	73.31
2424	73.31
2425	73.31
2426	73.31
2427	73.31
2428	73.31
2429	73.31
2430	73.31
2431	73.31
2432	73.31
2433	73.31
2434	73.31
2435	73.31
2436	73.31
2437	73.31
2438	73.31
2439	73.31
2440	73.31
2441	73.31
2442	73.31
2443	73.31
2444	73.31
2445	73.31
2446	73.31
2447	73.31
2448	73.31
2449	73.31
2450	73.31
2451	73.31
2452	73.31
2453	73.31
2454	73.31
2455	73.31
2456	73.31
2457	73.31
2458	73.31
2459	73.31
2460	73.31
2461	73.31
2462	73.31
2463	73.31
2464	73.31
2465	73.31
2466	73.31
2467	73.31
2468	73.31
2469	73.31
2470	73.31
2471	73.31
2472	73.31
2473	73.31
2474	73.31
2475	73.31
2476	73.31
2477	73.31
2478	73.31
2479	73.31
2480	73.31
2481	73.31
2482	73.31
2483	73.31
2484	73.31
2485	73.31
2486	73.31
2487	73.31
2488	73.31
2489	73.31
2490	73.31
2491	73.31
2492	73.31
2493	73.31
2494	73.31
2495	73.31
2496	73.31
2497	73.31
2498	73.31
2499	73.31
2500	73.31
2501	73.31
2502	73.31
2503	73.31
2504	73.31
2505	73.31
2506	73.31
2507	73.31
2508	73.31
2509	73.31
2510	73.31
2511	73.31
2512	73.31
2513	73.31
2514	73.31
2515	73.31
2516	73.31
2517	73.31
2518	73.31
2519	73.31
2520	73.31
2521	73.31
2522	73.31
2523	73.31
2524	73.31
2525	73.31
2526	73.31
2527	73.31
2528	73.31
2529	73.31
2530	73.31
2531	73.31
2532	73.31
2533	73.31
2534	73.31
2535	73.31
2536	73.31
2537	73.31
2538	73.31
2539	73.31
2540	73.31
2541	73.31
2542	73.31
2543	73.31
2544	73.31
2545	73.31
2546	73.31
2547	73.31
2548	73.31
2549	73.31
2550	73.31
2551	73.31
2552	73.31
2553	73.31
2554	73.31
2555	73.31
2556	73.31
2557	73.31
2558	73.31
2559	73.31
2560	73.31
2561	73.31
2562	73.31
2563	73.31
2564	73.31
2565	73.31
2566	73.31
2567	73.31
2568	73.31
2569	73.31
2570	73.31
2571	73.31
2572	73.31
2573	73.31
2574	73.31
2575	73.31
2576	73.31
2577	73.31
2578	73.31
2579	73.31
2580	73.31
2581	73.31
2582	73.31
2583	73.31
2584	73.31
2585	73.31
2586	73.31
2587	73.31
2588	73.31
2589	73.31
2590	73.31
2591	73.31
2592	73.31
2593	73.31
2594	73.31
2595	73.31
2596	73.31
2597	73.31
2598	73.31
2599	73.31
2600	73.31
2601	73.31
2602	73.31
2603	73.31
2604	73.31
2605	73.31
2606	73.31
2607	73.31
2608	73.31
2609	73.31
2610	73.31
2611	73.31
2612	73.31
2613	73.31
2614	73.31
2615	73.31
2616	73.31
2617	73.31
2618	73.31
2619	73.31
2620	73.31
2621	73.31
2622	73.31
2623	73.31
2624	73.31
2625	73.31
2626	73.31
2627	73.31
2628	73.31
2629	73.31
2630	73.31
2631	73.31
2632	73.31
2633	73.31
2634	73.31
2635	73.31
2636	73.31
2637	73.31
2638	73.31
2639	73.31
2640	73.31
2641	73.31
2642	73.31
2643	73.31
2644	73.31
2645	73.31
2646	73.31
2647	73.31
2648	73.31
2649	73.31
2650	73.31
2651	73.31
2652	73.31
2653	73.31
2654	73.31
2655	73.31
2656	73.31
2657	73.31
2658	73.31
2659	73.31
2660	73.31
2661	73.31
2662	73.31
2663	73.31
2664	73.31
2665	73.31
2666	73.31
2667	73.31
2668	73.31
2669	73.31
2670	73.31
2671	73.31
2672	73.31
2673	73.31
2674	73.31
2675	73.31
2676	73.31
2677	73.31
2678	73.31
2679	73.31
2680	73.31
2681	73.31
2682	73.31
2683	73.31
2684	73.31
2685	73.31
2686	73.31
2687	73.31
2688	73.31
2689	73.31
2690	73.31
2691	73.31
2692	73.31
2693	73.31
2694	73.31
2695	73.31
2696	73.31
2697	73.31
2698	73.31
2699	73.31
2700	73.31
2701	73.31
2702	73.31
2703	73.31
2704	73.31
2705	73.31
2706	73.31
2707	73.31
2708	73.31
2709	73.31
2710	73.31
2711	73.31
2712	73.31
2713	73.31
2714	73.31
2715	73.31
2716	73.31
2717	73.31
2718	73.31
2719	73.31
2720	73.31
2721	73.31
2722	73.31
2723	73.31
2724	73.31
2725	73.31
2726	73.31
2727	73.31
2728	73.31
2729	73.31
2730	73.31
2731	73.31
2732	73.31
2733	73.31
2734	73.31
2735	73.31
2736	73.31
2737	73.31
2738	73.31
2739	73.31
2740	73.31
2741	73.31
2742	73.31
2743	73.31
2744	73.31
2745	73.31
2746	73.31
2747	73.31
2748	73.31
2749	73.31
2750	73.31
2751	73.31
2752	73.31
2753	73.31
2754	73.31
2755	73.31
2756	73.31
2757	73.31
2758	73.31
2759	73.31
2760	73.31
2761	73.31
2762	73.31
2763	73.31
2764	73.31
2765	73.31
2766	73.31
2767	73.31
2768	73.31
2769	73.31
2770	73.31
2771	73.31
2772	73.31
2773	73.31
2774	73.31
2775	73.31
2776	73.31
2777	73.31
2778	73.31
2779	73.31
2780	73.31
2781	73.31
2782	73.31
2783	73.31
2784	73.31
2785	73.31
2786	73.31
2787	73.31
2788	73.31
2789	73.31
2790	73.31
2791	73.31
2792	73.31
2793	73.31
2794	73.31
2795	73.31
2796	73.31
2797	73.31
2798	73.31
2799	73.31
2800	73.31
2801	73.31
2802	73.31
2803	73.31
2804	73.31
2805	73.31
2806	73.31
2807	73.31
2808	73.31
2809	73.31
2810	73.31
2811	73.31
2812	73.31
2813	73.31
2814	73.31
2815	73.31
2816	73.31
2817	73.31
2818	73.31
2819	73.31
2820	73.31
2821	73.31
2822	73.31
2823	73.31
2824	73.31
2825	73.31
2826	73.31
2827	73.31
2828	73.31
2829	73.31
2830	73.31
2831	73.31
2832	73.31
2833	73.31
2834	73.31
2835	73.31
2836	73.31
2837	73.31
2838	73.31
2839	73.31
2840	73.31
2841	73.31
2842	73.31
2843	73.31
2844	73.31
2845	73.31
2846	73.31
2847	73.31
2848	73.31
2849	73.31
2850	73.31
2851	73.31
2852	73.31
2853	73.31
2854	73.31
2855	73.31
2856	73.31
2857	73.31
2858	73.31
2859	73.31
2860	73.31
2861	73.31
2862	73.31
2863	73.31
2864	73.31
2865	73.31
2866	73.31
2867	73.31
2868	73.31
2869	73.31
2870	73.31
2871	73.31
2872	73.31
2873	73.31
2874	73.31
2875	73.31
2876	73.31
2877	73.31
2878	73.31
2879	73.31
2880	73.31
2881	73.31
2882	73.31
2883	73.31
2884	73.31
2885	73.31
2886	73.31
2887	73.31
2888	73.31
2889	73.31
2890	73.31
2891	73.31
2892	73.31
2893	73.31
2894	73.31
2895	73.31
2896	73.31
2897	73.31
2898	73.31
2899	73.31
2900	73.31
2901	73.31
2902	73.31
2903	73.31
2904	73.31
2905	73.31
2906	73.31
2907	73.31
2908	73.31
2909	73.31
2910	73.31
2911	73.31
2912	73.31
2913	73.31
2914	73.31
2915	73.31
2916	73.31
2917	73.31
2918	73.31
2919	73.31
2920	73.31
2921	73.31
2922	73.31
2923	73.31
2924	73.31
2925	73.31
2926	73.31
2927	73.31
2928	73.31
2929	73.31
2930	73.31
2931	73.31
2932	73.31
2933	73.31
2934	73.31
2935	73.31
2936	73.31
2937	73.31
2938	73.31
2939	73.31
2940	73.31
2941	73.31
2942	73.31
2943	73.31
2944	73.31
2945	73.31
2946	73.31
2947	73.31
2948	73.31
2949	73.31
2950	73.31
2951	73.31
2952	73.31
2953	73.31
2954	73.31
2955	73.31
2956	73.31
2957	73.31
2958	73.31
2959	73.31
2960	73.31
2961	73.31
2962	73.31
2963	73.31
2964	73.31
2965	73.31
2966	73.31
2967	73.31
2968	73.31
2969	73.31
2970	73.31
2971	73.31
2972	73.31
2973	73.31
2974	73.31
2975	73.31
2976	73.31
2977	73.31
2978	73.31
2979	73.31
2980	73.31
2981	73.31
2982	73.31
2983	73.31
2984	73.31
2985	73.31
2986	73.31
2987	73.31
2988	73.31
2989	73.31
2990	73.31
2991	73.31
2992	73.31
2993	73.31
2994	73.31
2995	73.31
2996	73.31
2997	73.31
2998	73.31
2999	73.31
3000	73.31
3001	73.31
3002	73.31
3003	73.31
3004	73.31
3005	73.31
3006	73.31
3007	73.31
3008	73.31
3009	73.31
3010	73.31
3011	73.31
3012	73.31
3013	73.31
3014	73.31
3015	73.31
3016	73.31
3017	73.31
3018	73.31
3019	73.31
3020	73.31
3021	73.31
3022	73.31
3023	73.31
3024	73.31
3025	73.31
3026	73.31
3027	73.31
3028	73.31
3029	73.31
3030	73.31
3031	73.31
3032	73.31
3033	73.31
3034	73.31
3035	73.31
3036	73.31
3037	73.31
3038	73.31
3039	73.31
3040	73.31
3041	73.31
3042	73.31
3043	73.31
3044	73.31
3045	73.31
3046	73.31
3047	73.31
3048	73.31
3049	73.31
3050	73.31
3051	73.31
3052	73.31
3053	73.31
3054	73.31
3055	73.31
3056	73.31
3057	73.31
3058	73.31
3059	73.31
3060	73.31
3061	73.31
3062	73.31
3063	73.31
3064	73.31
3065	73.31
3066	73.31
3067	73.31
3068	73.31
3069	73.31
3070	73.31
3071	73.31
3072	73.31
3073	73.31
3074	73.31
3075	73.31
3076	73.31
3077	73.31
3078	73.31
3079	73.31
3080	73.31
3081	73.31
3082	73.31
3083	73.31
3084	73.31
3085	73.31
3086	73.31
3087	73.31
3088	73.31
3089	73.31
3090	73.31
3091	73.31
3092	73.31
3093	73.31
3094	73.31
3095	73.31
3096	73.31
3097	73.31
3098	73.31
3099	73.31
3100	73.31
3101	73.31
3102	73.31
3103	73.31
3104	73.31
3105	73.31
3106	73.31
3107	73.31
3108	73.31
3109	73.31
3110	73.31
3111	73.31
3112	73.31
3113	73.31
3114	73.31
3115	73.31
3116	73.31
3117	73.31
3118	73.31
3119	73.31
3120	73.31
3121	73.31
3122	73.31
3123	73.31
3124	73.31
3125	73.31
3126	73.31
3127	73.31
3128	73.31
3129	73.31
3130	73.31
3131	73.31
3132	73.31
3133	73.31
3134	73.31
3135	73.31
3136	73.31
3137	73.31
3138	73.31
3139	73.31
3140	73.31
3141	73.31
3142	73.31
3143	73.31
3144	73.31
3145	73.31
3146	73.31
3147	73.31
3148	73.31
3149	73.31
3150	73.31
3151	73.31
3152	73.31
3153	73.31
3154	73.31
3155	73.31
3156	73.31
3157	73.31
3158	73.31
3159	73.31
3160	73.31
3161	73.31
3162	73.31
3163	73.31
3164	73.31
3165	73.31
3166	73.31
3167	73.31
3168	73.31
3169	73.31
3170	73.31
3171	73.31
3172	73.31
3173	73.31
3174	73.31
3175	73.31
3176	73.31
3177	73.31
3178	73.31
3179	73.31
3180	73.31
3181	73.31
3182	73.31
3183	73.31
3184	73.31
3185	73.31
3186	73.31
3187	73.31
3188	73.31
3189	73.31
3190	73.31
3191	73.31
3192	73.31
3193	73.31
3194	73.31
3195	73.31
3196	73.31
3197	73.31
3198	73.31
3199	73.31
3200	73.31
3201	73.31
3202	73.31
3203	73.31
3204	73.31
3205	73.31
3206	73.31
3207	73.31
3208	73.31
3209	73.31
3210	73.31
3211	73.31
3212	73.31
3213	73.31
3214	73.31
3215	73.31
3216	73.31
3217	73.31
3218	73.31
3219	73.31
3220	73.31
3221	73.31
3222	73.31
3223	73.31
3224	73.31
3225	73.31
3226	73.31
3227	73.31
3228	73.31
3229	73.31
3230	73.31
3231	73.31
3232	73.31
3233	73.31
3234	73.31
3235	73.31
3236	73.31
3237	73.31
3238	73.31
3239	73.31
3240	73.31
3241	73.31
3242	73.31
3243	73.31
3244	73.31
3245	73.31
3246	73.31
3247	73.31
3248	73.31
3249	73.31
3250	73.31
3251	73.31
3252	73.31
3253	73.31
3254	73.31
3255	73.31
3256	73.31
3257	73.31
3258	73.31
3259	73.31
3260	73.31
3261	73.31
3262	73.31
3263	73.31
3264	73.31
3265	73.31
3266	73.31
3267	73.31
3268	73.31
3269	73.31
3270	73.31
3271	73.31
3272	73.31
3273	73.31
3274	73.31
3275	73.31
3276	73.31
3277	73.31
3278	73.31
3279	73.31
3280	73.31
3281	73.31
3282	73.31
3283	73.31
3284	73.31
3285	73.31
3286	73.31
3287	73.31
3288	73.31
3289	73.31
3290	73.31
3291	73.31
3292	73.31
3293	73.31
3294	73.31
3295	73.31
3296	73.31
3297	73.31
3298	73.31
3299	73.31
3300	73.31
3301	73.31
3302	73.31
3303	73.31
3304	73.31
3305	73.31
3306	73.31
3307	73.31
3308	73.31
3309	73.31
3310	73.31
3311	73.31
3312	73.31
3313	73.31
3314	73.31
3315	73.31
3316	73.31
3317	73.31
3318	73.31
3319	73.31
3320	73.31
3321	73.31
3322	73.31
3323	73.31
3324	73.31
3325	73.31
3326	73.31
3327	73.31
3328	73.31
3329	73.31
3330	73.31
3331	73.31
3332	73.31
3333	73.31
3334	73.31
3335	73.31
3336	73.31
3337	73.31
3338	73.31
3339	73.31
3340	73.31
3341	73.31
3342	73.31
3343	73.31
3344	73.31
3345	73.31
3346	73.31
3347	73.31
3348	73.31
3349	73.31
3350	73.31
3351	73.31
3352	73.31
3353	73.31
3354	73.31
3355	73.31
3356	73.31
3357	73.31
3358	73.31
3359	73.31
3360	73.31
3361	73.31
3362	73.31
3363	73.31
3364	73.31
3365	73.31
3366	73.31
3367	73.31
3368	73.31
3369	73.31
3370	73.31
3371	73.31
3372	73.31
3373	73.31
3374	73.31
3375	73.31
3376	73.31
3377	73.31
3378	73.31
3379	73.31
3380	73.31
3381	73.31
3382	73.31
3383	73.31
3384	73.31
3385	73.31
3386	73.31
3387	73.31
3388	73.31
3389	73.31
3390	73.31
3391	73.31
3392	73.31
3393	73.31
3394	73.31
3395	73.31
3396	73.31
3397	73.31
3398	73.31
3399	73.31
3400	73.31
3401	73.31
3402	73.31
3403	73.31
3404	73.31
3405	73.31
3406	73.31
3407	73.31
3408	73.31
3409	73.31
3410	73.31
3411	73.31
3412	73.31
3413	73.31
3414	73.31
3415	73.31
3416	73.31
3417	73.31
3418	73.31
3419	73.31
3420	73.31
3421	73.31
3422	73.31
3423	73.31
3424	73.31
3425	73.31
3426	73.31
3427	73.31
3428	73.31
3429	73.31
3430	73.31
3431	73.31
3432	73.31
3433	73.31
3434	73.31
3435	73.31
3436	73.31
3437	73.31
3438	73.31
3439	73.31
3440	73.31
3441	73.31
3442	73.31
3443	73.31
3444	73.31
3445	73.31
3446	73.31
3447	73.31
3448	73.31
3449	73.31
3450	73.31
3451	73.31
3452	73.31
3453	73.31
3454	73.31
3455	73.31
3456	73.31
3457	73.31
3458	73.31
3459	73.31
3460	73.31
3461	73.31
3462	73.31
3463	73.31
3464	73.31
3465	73.31
3466	73.31
3467	73.31
3468	73.31
3469	73.31
3470	73.31
3471	73.31
3472	73.31
3473	73.31
3474	73.31
3475	73.31
3476	73.31
3477	73.31
3478	73.31
3479	73.31
3480	73.31
3481	73.31
3482	73.31
3483	73.31
3484	73.31
3485	73.31
3486	73.31
3487	73.31
3488	73.31
3489	73.31
3490	73.31
3491	73.31
3492	73.31
3493	73.31
3494	73.31
3495	73.31
3496	73.31
3497	73.31
3498	73.31
3499	73.31
3500	73.31
3501	73.31
3502	73.31
3503	73.31
3504	73.31
3505	73.31
3506	73.31
3507	73.31
3508	73.31
3509	73.31
3510	73.31
3511	73.31
3512	73.31
3513	73.31
3514	73.31
3515	73.31
3516	73.31
3517	73.31
3518	73.31
3519	73.31
3520	73.31
3521	73.31
3522	73.31
3523	73.31
3524	73.31
3525	73.31
3526	73.31
3527	73.31
3528	73.31
3529	73.31
3530	73.31
3531	73.31
3532	73.31
3533	73.31
3534	73.31
3535	73.31
3536	73.31
3537	73.31
3538	73.31
3539	73.31
3540	73.31
3541	73.31
3542	73.31
3543	73.31
3544	73.31
3545	73.31
3546	73.31
3547	73.31
3548	73.31
3549	73.31
3550	73.31
3551	73.31
3552	73.31
3553	73.31
3554	73.31
3555	73.31
3556	73.31
3557	73.31
3558	73.31
3559	73.31
3560	73.31
3561	73.31
3562	73.31
3563	73.31
3564	73.31
3565	73.31
3566	73.31
3567	73.31
3568	73.31
3569	73.31
3570	73.31
3571	73.31
3572	73.31
3573	73.31
3574	73.31
3575	73.31
3576	73.31
3577	73.31
3578	73.31
3579	73.31
3580	73.31
3581	73.31
3582	73.31
3583	73.31
3584	73.31
3585	73.31
3586	73.31
3587	73.31
3588	73.31
3589	73.31
3590	73.31
3591	73.31
3592	73.31
3593	73.31
3594	73.31
3595	73.31
3596	73.31
3597	73.31
3598	73.31
3599	73.31
3600	73.31
3601	73.31
3602	73.31
3603	73.31
3604	73.31
3605	73.31
3606	73.31
3607	73.31
3608	73.31
3609	73.31
3610	73.31
3611	73.31
3612	73.31
3613	73.31
3614	73.31
3615	73.31
3616	73.31
3617	73.31
3618	73.31
3619	73.31
3620	73.31
3621	73.31
3622	73.31
3623	73.31
3624	73.31
3625	73.31
3626	73.31
3627	73.31
3628	73.31
3629	73.31
3630	73.31
3631	73.31
3632	73.31
3633	73.31
3634	73.31
3635	73.31
3636	73.31
3637	73.31
3638	73.31
3639	73.31
3640	73.31
3641	73.31
3642	73.31
3643	73.31
3644	73.31
3645	73.31
3646	73.31
3647	73.31
3648	73.31
3649	73.31
3650	73.31
3651	73.31
3652	73.31
3653	73.31
3654	73.31
3655	73.31
3656	73.31
3657	73.31
3658	73.31
3659	73.31
3660	73.31
3661	73.31
3662	73.31
3663	73.31
3664	73.31
3665	73.31
3666	73.31
3667	73.31
3668	73.31
3669	73.31
3670	73.31
3671	73.31
3672	73.31
3673	73.31
3674	73.31
3675	73.31
3676	73.31
3677	73.31
3678	73.31
3679	73.31
3680	73.31
3681	73.31
3682	73.31
3683	73.31
3684	73.31
3685	73.31
3686	73.31
3687	73.31
3688	73.31
3689	73.31
3690	73.31
3691	73.31
3692	73.31
3693	73.31
3694	73.31
3695	73.31
3696	73.31
3697	73.31
3698	73.31
3699	73.31
3700	73.31
3701	73.31
3702	73.31
3703	73.31
3704	73.31
3705	73.31
3706	73.31
3707	73.31
3708	73.31
3709	73.31
3710	73.31
3711	73.31
3712	73.31
3713	73.31
3714	73.31
3715	73.31
3716	73.31
3717	73.31
3718	73.31
3719	73.31
3720	73.31
3721	73.31
3722	73.31
3723	73.31
3724	73.31
3725	73.31
3726	73.31
3727	73.31
3728	73.31
3729	73.31
3730	73.31
3731	73.31
3732	73.31
3733	73.31
3734	73.31
3735	73.31
3736	73.31
3737	73.31
3738	73.31
3739	73.31
3740	73.31
3741	73.31
3742	73.31
3743	73.31
3744	73.31
3745	73.31
3746	73.31
3747	73.31
3748	73.31
3749	73.31
3750	73.31
3751	73.31
3752	73.31
3753	73.31
3754	73.31
3755	73.31
3756	73.31
3757	73.31
3758	73.31
3759	73.31
3760	73.31
3761	73.31
3762	73.31
3763	73.31
3764	73.31
3765	73.31
3766	73.31
3767	73.31
3768	73.31
3769	73.31
3770	73.31
3771	73.31
3772	73.31
3773	73.31
3774	73.31
3775	73.31
3776	73.31
3777	73.31
3778	73.31
3779	73.31
3780	73.31
3781	73.31
3782	73.31
3783	73.31
3784	73.31
3785	73.31
3786	73.31
3787	73.31
3788	73.31
3789	73.31
3790	73.31
3791	73.31
3792	73.31
3793	73.31
3794	73.31
3795	73.31
3796	73.31
3797	73.31
3798	73.31
3799	73.31
3800	73.31
3801	73.31
3802	73.31
3803	73.31
3804	73.31
3805	73.31
3806	73.31
3807	73.31
3808	73.31
3809	73.31
3810	73.31
3811	73.31
3812	73.31
3813	73.31
3814	73.31
3815	73.31
3816	73.31
3817	73.31
3818	73.31
3819	73.31
3820	73.31
3821	73.31
3822	73.31
3823	73.31
3824	73.31
3825	73.31
3826	73.31
3827	73.31
3828	73.31
3829	73.31
3830	73.31
3831	73.31
3832	73.31
3833	73.31
3834	73.31
3835	73.31
3836	73.31
3837	73.31
3838	73.31
3839	73.31
3840	73.31
3841	73.31
3842	73.31
3843	73.31
3844	73.31
3845	73.31
3846	73.31
3847	73.31
3848	73.31
3849	73.31
3850	73.31
3851	73.31
3852	73.31
3853	73.31
3854	73.31
3855	73.31
3856	73.31
3857	73.31
3858	73.31
3859	73.31
3860	73.31
3861	73.31
3862	73.31
3863	73.31
3864	73.31
3865	73.31
3866	73.31
3867	73.31
3868	73.31
3869	73.31
3870	73.31
3871	73.31
3872	73.31
3873	73.31
3874	73.31
3875	73.31
3876	73.31
3877	73.31
3878	73.31
3879	73.31
3880	73.31
3881	73.31
3882	73.31
3883	73.31
3884	73.31
3885	73.31
3886	73.31
3887	73.31
3888	73.31
3889	73.31
3890	73.31
3891	73.31
3892	73.31
3893	73.31
3894	73.31
3895	73.31
3896	73.31
3897	73.31
3898	73.31
3899	73.31
3900	73.31
3901	73.31
3902	73.31
3903	73.31
3904	73.31
3905	73.31
3906	73.31
3907	73.31
3908	73.31
3909	73.31
3910	73.31
3911	73.31
3912	73.31
3913	73.31
3914	73.31
3915	73.31
3916	73.31
3917	73.31
3918	73.31
3919	73.31
3920	73.31
3921	73.31
3922	73.31
3923	73.31
3924	73.31
3925	73.31
3926	73.31
3927	73.31
3928	73.31
3929	73.31
3930	73.31
3931	73.31
3932	73.31
3933	73.31
3934	73.31
3935	73.31
3936	73.31
3937	73.31
3938	73.31
3939	73.31
3940	73.31
3941	73.31
3942	73.31
3943	73.31
3944	73.31
3945	73.31
3946	73.31
3947	73.31
3948	73.31
3949	73.31
3950	73.31
3951	73.31
3952	73.31
3953	73.31
3954	73.31
3955	73.31
3956	73.31
3957	73.31
3958	73.31
3959	73.31
3960	73.31
3961	73.31
3962	73.31
3963	73.31
3964	73.31
3965	73.31
3966	73.31
3967	73.31
3968	73.31
3969	73.31
3970	73.31
3971	73.31
3972	73.31
3973	73.31
3974	73.31
3975	73.31
3976	73.31
3977	73.31
3978	73.31
3979	73.31
3980	73.31
3981	73.31
3982	73.31
3983	73.31
3984	73.31
3985	73.31
3986	73.31
3987	73.31
3988	73.31
3989	73.31
3990	73.31
3991	73.31
3992	73.31
3993	73.31
3994	73.31
3995	73.31
3996	73.31
3997	73.31
3998	73.31
3999	73.31
4000	73.31
4001	73.31
4002	73.31
4003	73.31
4004	73.31
4005	73.31
4006	73.31
4007	73.31
4008	73.31
4009	73.31
4010	73.31
4011	73.31
4012	73.31
4013	73.31
4014	73.31
4015	73.31
4016	73.31
4017	73.31
4018	73.31
4019	73.31
4020	73.31
4021	73.31
4022	73.31
4023	73.31
4024	73.31
4025	73.31
4026	73.31
4027	73.31
4028	73.31
4029	73.31
4030	73.31
4031	73.31
4032	73.31
4033	73.31
4034	73.31
4035	73.31
4036	73.31
4037	73.31
4038	73.31
4039	73.31
4040	73.31
4041	73.31
4042	73.31
4043	73.31
4044	73.31
4045	73.31
4046	73.31
4047	73.31
4048	73.31
4049	73.31
4050	73.31
4051	73.31
4052	73.31
4053	73.31
4054	73.31
4055	73.31
4056	73.31
4057	73.31
4058	73.31
4059	73.31
4060	73.31
4061	73.31
4062	73.31
4063	73.31
4064	73.31
4065	73.31
4066	73.31
4067	73.31
4068	73.31
4069	73.31
4070	73.31
4071	73.31
4072	73.31
4073	73.31
4074	73.31
4075	73.31
4076	73.31
4077	73.31
4078	73.31
4079	73.31
4080	73.31
4081	73.31
4082	73.31
4083	73.31
4084	73.31
4085	73.31
4086	73.31
4087	73.31
4088	73.31
4089	73.31
4090	73.31
4091	73.31
4092	73.31
4093	73.31
4094	73.31
4095	73.31
4096	73.31
4097	73.31
4098	73.31
4099	73.31
4100	73.31
4101	73.31
4102	73.31
4103	73.31
4104	73.31
4105	73.31
4106	73.31
4107	73.31
4108	73.31
4109	73.31
4110	73.31
4111	73.31
4112	73.31
4113	73.31
4114	73.31
4115	73.31
4116	73.31
4117	73.31
4118	73.31
4119	73.31
4120	73.31
4121	73.31
4122	73.31
4123	73.31
4124	73.31
4125	73.31
4126	73.31
4127	73.31
4128	73.31
4129	73.31
4130	73.31
4131	73.31
4132	73.31
4133	73.31
4134	73.31
4135	73.31
4136	73.31
4137	73.31
4138	73.31
4139	73.31
4140	73.31
4141	73.31
4142	73.31
4143	73.31
4144	73.31
4145	73.31
4146	73.31
4147	73.31
4148	73.31
4149	73.31
4150	73.31
4151	73.31
4152	73.31
4153	73.31
4154	73.31
4155	73.31
4156	73.31
4157	73.31
4158	73.31
4159	73.31
4160	73.31
4161	73.31
4162	73.31
4163	73.31
4164	73.31
4165	73.31
4166	73.31
4167	73.31
4168	73.31
4169	73.31
4170	73.31
4171	73.31
4172	73.31
4173	73.31
4174	73.31
4175	73.31
4176	73.31
4177	73.31
4178	73.31
4179	73.31
4180	73.31
4181	73.31
4182	73.31
4183	73.31
4184	73.31
4185	73.31
4186	73.31
4187	73.31
4188	73.31
4189	73.31
4190	73.31
4191	73.31
4192	73.31
4193	73.31
4194	73.31
4195	73.31
4196	73.31
4197	73.31
4198	73.31
4199	73.31
4200	73.31
4201	73.31
4202	73.31
4203	73.31
4204	73.31
4205	73.31
4206	73.31
4207	73.31
4208	73.31
4209	73.31
4210	73.31
4211	73.31
4212	73.31
4213	73.31
4214	73.31
4215	73.31
4216	73.31
4217	73.31
4218	73.31
4219	73.31
4220	73.31
4221	73.31
4222	73.31
4223	73.31
4224	73.31
4225	73.31
4226	73.31
4227	73.31
4228	73.31
4229	73.31
4230	73.31
4231	73.31
4232	73.31
4233	73.31
4234	73.31
4235	73.31
4236	73.31
4237	73.31
4238	73.31
4239	73.31
4240	73.31
4241	73.31
4242	73.31
4243	73.31
4244	73.31
4245	73.31
4246	73.31
4247	73.31
4248	73.31
4249	73.31
4250	73.31
4251	73.31
4252	73.31
4253	73.31
4254	73.31
4255	73.31
4256	73.31
4257	73.31
4258	73.31
4259	73.31
4260	73.31
4261	73.31
4262	73.31
4263	73.31
4264	73.31
4265	73.31
4266	73.31
4267	73.31
4268	73.31
4269	73.31
4270	73.31
4271	73.31
4272	73.31
4273	73.31
4274	73.31
4275	73.31
4276	73.31
4277	73.31
4278	73.31
4279	73.31
4280	73.31
4281	73.31
4282	73.31
4283	73.31
4284	73.31
4285	73.31
4286	73.31
4287	73.31
4288	73.31
4289	73.31
4290	73.31
4291	73.31
4292	73.31
4293	73.31
4294	73.31
4295	73.31
4296	73.31
4297	73.31
4298	73.31
4299	73.31
4300	73.31
4301	73.31
4302	73.31
4303	73.31
4304	73.31
4305	73.31
4306	73.31
4307	73.31
4308	73.31
4309	73.31
4310	73.31
4311	73.31
4312	73.31
4313	73.31
4314	73.31
4315	73.31
4316	73.31
4317	73.31
4318	73.31
4319	73.31
4320	73.31
4321	73.31
4322	73.31
4323	73.31
4324	73.31
4325	73.31
4326	73.31
4327	73.31
4328	73.31
4329	73.31
4330	73.31
4331	73.31
4332	73.31
4333	73.31
4334	73.31
4335	73.31
4336	73.31
4337	73.31
4338	73.31
4339	73.31
4340	73.31
4341	73.31
4342	73.31
4343	73.31
4344	73.31
4345	73.31
4346	73.31
4347	73.31
4348	73.31
4349	73.31
4350	73.31
4351	73.31
4352	73.31
4353	73.31
4354	73.31
4355	73.31
4356	73.31
4357	73.31
4358	73.31
4359	73.31
4360	73.31
4361	73.31
4362	73.31
4363	73.31
4364	73.31
4365	73.31
4366	73.31
4367	73.31
4368	73.31
4369	73.31
4370	73.31
4371	73.31
4372	73.31
4373	73.31
4374	73.31
4375	73.31
4376	73.31
4377	73.31
4378	73.31
4379	73.31
4380	73.31
4381	73.31
4382	73.31
4383	73.31
4384	73.31
4385	73.31
4386	73.31
4387	73.31
4388	73.31
4389	73.31
4390	73.31
4391	73.31
4392	73.31
4393	73.31
4394	73.31
4395	73.31
4396	73.31
4397	73.31
4398	73.31
4399	73.31
4400	73.31
4401	73.31
4402	73.31
4403	73.31
4404	73.31
4405	73.31
4406	73.31
4407	73.31
4408	73.31
4409	73.31
4410	73.31
4411	73.31
4412	73.31
4413	73.31
4414	73.31
4415	73.31
4416	73.31
4417	73.31
4418	73.31
4419	73.31
4420	73.31
4421	73.31
4422	73.31
4423	73.31
4424	73.31
4425	73.31
4426	73.31
4427	73.31
4428	73.31
4429	73.31
4430	73.31
4431	73.31
4432	73.31
4433	73.31
4434	73.31
4435	73.31
4436	73.31
4437	73.31
4438	73.31
4439	73.31
4440	73.31
4441	73.31
4442	73.31
4443	73.31
4444	73.31
4445	73.31
4446	73.31
4447	73.31
4448	73.31
4449	73.31
4450	73.31
4451	73.31
4452	73.31
4453	73.31
4454	73.31
4455	73.31
4456	73.31
4457	73.31
4458	73.31
4459	73.31
4460	73.31
4461	73.31
4462	73.31
4463	73.31
4464	73.31
4465	73.31
4466	73.31
4467	73.31
4468	73.31
4469	73.31
4470	73.31
4471	73.31
4472	73.31
4473	73.31
4474	73.31
4475	73.31
4476	73.31
4477	73.31
4478	73.31
4479	73.31
4480	73.31
4481	73.31
4482	73.31
4483	73.31
4484	73.31
4485	73.31
4486	73.31
4487	73.31
4488	73.31
4489	73.31
4490	73.31
4491	73.31
4492	73.31
4493	73.31
4494	73.31
4495	73.31
4496	73.31
4497	73.31
4498	73.31
4499	73.31
4500	73.31
4501	73.31
4502	73.31
4503	73.31
4504	73.31
4505	73.31
4506	73.31
4507	73.31
4508	73.31
4509	73.31
4510	73.31
4511	73.31
4512	73.31
4513	73.31
4514	73.31
4515	73.31
4516	73.31
4517	73.31
4518	73.31
4519	73.31
4520	73.31
4521	73.31
4522	73.31
4523	73.31
4524	73.31
4525	73.31
4526	73.31
4527	73.31
4528	73.31
4529	73.31
4530	73.31
4531	73.31
4532	73.31
4533	73.31
4534	73.31
4535	73.31
4536	73.31
4537	73.31
4538	73.31
4539	73.31
4540	73.31
4541	73.31
4542	73.31
4543	73.31
4544	73.31
4545	73.31
4546	73.31
4547	73.31
4548	73.31
4549	73.31
4550	73.31
4551	73.31
4552	73.31
4553	73.31
4554	73.31
4555	73.31
4556	73.31
4557	73.31
4558	73.31
4559	73.31
4560	73.31
4561	73.31
4562	73.31
4563	73.31
4564	73.31
4565	73.31
4566	73.31
4567	73.31
4568	73.31
4569	73.31
4570	73.31
4571	73.31
4572	73.31
4573	73.31
4574	73.31
4575	73.31
4576	73.31
4577	73.31
4578	73.31
4579	73.31
4580	73.31
4581	73.31
4582	73.31
4583	73.31
4584	73.31
4585	73.31
4586	73.31
4587	73.31
4588	73.31
4589	73.31
4590	73.31
4591	73.31
4592	73.31
4593	73.31
4594	73.31
4595	73.31
4596	73.31
4597	73.31
4598	73.31
4599	73.31
4600	73.31
4601	73.31
4602	73.31
4603	73.31
4604	73.31
4605	73.31
4606	73.31
4607	73.31
4608	73.31
4609	73.31
4610	73.31
4611	73.31
4612	73.31
4613	73.31
4614	73.31
4615	73.31
4616	73.31
4617	73.31
4618	73.31
4619	73.31
4620	73.31
4621	73.31
4622	73.31
4623	73.31
4624	73.31
4625	73.31
4626	73.31
4627	73.31
4628	73.31
4629	73.31
4630	73.31
4631	73.31
4632	73.31
4633	73.31
4634	73.31
4635	73.31
4636	73.31
4637	73.31
4638	73.31
4639	73.31
4640	73.31
4641	73.31
4642	73.31
4643	73.31
4644	73.31
4645	73.31
4646	73.31
4647	73.31
4648	73.31
4649	73.31
4650	73.31
4651	73.31
4652	73.31
4653	73.31
4654	73.31
4655	73.31
4656	73.31
4657	73.31
4658	73.31
4659	73.31
4660	73.31
4661	73.31
4662	73.31
4663	73.31
4664	73.31
4665	73.31
4666	73.31
4667	73.31
4668	73.31
4669	73.31
4670	73.31
4671	73.31
4672	73.31
4673	73.31
4674	73.31
4675	73.31
4676	73.31
4677	73.31
4678	73.31
4679	73.31
4680	73.31
4681	73.31
4682	73.31
4683	73.31
4684	73.31
4685	73.31
4686	73.31
4687	73.31
4688	73.31
4689	73.31
4690	73.31
4691	73.31
4692	73.31
4693	73.31
4694	73.31
4695	73.31
4696	73.31
4697	73.31
4698	73.31
4699	73.31
4700	73.31
4701	73.31
4702	73.31
4703	73.31
4704	73.31
4705	73.31
4706	73.31
4707	73.31
4708	73.31
4709	73.31
4710	73.31
4711	73.31
4712	73.31
4713	73.31
4714	73.31
4715	73.31
4716	73.31
4717	73.31
4718	73.31
4719	73.31
4720	73.31
4721	73.31
4722	73.31
4723	73.31
4724	73.31
4725	73.31
4726	73.31
4727	73.31
4728	73.31
4729	73.31
4730	73.31
4731	73.31
4732	73.31
4733	73.31
4734	73.31
4735	73.31
4736	73.31
4737	73.31
4738	73.31
4739	73.31
4740	73.31
4741	73.31
4742	73.31
4743	73.31
4744	73.31
4745	73.31
4746	73.31
4747	73.31
4748	73.31
4749	73.31
4750	73.31
4751	73.31
4752	73.31
4753	73.31
4754	73.31
4755	73.31
4756	73.31
4757	73.31
4758	73.31
4759	73.31
4760	73.31
4761	73.31
4762	73.31
4763	73.31
4764	73.31
4765	73.31
4766	73.31
4767	73.31
4768	73.31
4769	73.31
4770	73.31
4771	73.31
4772	73.31
4773	73.31
4774	73.31
4775	73.31
4776	73.31
4777	73.31
4778	73.31
4779	73.31
4780	73.31
4781	73.31
4782	73.31
4783	73.31
4784	73.31
4785	73.31
4786	73.31
4787	73.31
4788	73.31
4789	73.31
4790	73.31
4791	73.31
4792	73.31
4793	73.31
4794	73.31
4795	73.31
4796	73.31
4797	73.31
4798	73.31
4799	73.31
4800	73.31
4801	73.31
4802	73.31
4803	73.31
4804	73.31
4805	73.31
4806	73.31
4807	73.31
4808	73.31
4809	73.31
4810	73.31
4811	73.31
4812	73.31
4813	73.31
4814	73.31
4815	73.31
4816	73.31
4817	73.31
4818	73.31
4819	73.31
4820	73.31
4821	73.31
4822	73.31
4823	73.31
4824	73.31
4825	73.31
4826	73.31
4827	73.31
4828	73.31
4829	73.31
4830	73.31
4831	73.31
4832	73.31
4833	73.31
4834	73.31
4835	73.31
4836	73.31
4837	73.31
4838	73.31
4839	73.31
4840	73.31
4841	73.31
4842	73.31
4843	73.31
4844	73.31
4845	73.31
4846	73.31
4847	73.31
4848	73.31
4849	73.31
4850	73.31
4851	73.31
4852	73.31
4853	73.31
4854	73.31
4855	73.31
4856	73.31
4857	73.31
4858	73.31
4859	73.31
4860	73.31
4861	73.31
4862	73.31
4863	73.31
4864	73.31
4865	73.31
4866	73.31
4867	73.31
4868	73.31
4869	73.31
4870	73.31
4871	73.31
4872	73.31
4873	73.31
4874	73.31
4875	73.31
4876	73.31
4877	73.31
4878	73.31
4879	73.31
4880	73.31
4881	73.31
4882	73.31
4883	73.31
4884	73.31
4885	73.31
4886	73.31
4887	73.31
4888	73.31
4889	73.31
4890	73.31
4891	73.31
4892	73.31
4893	73.31
4894	73.31
4895	73.31
4896	73.31
4897	73.31
4898	73.31
4899	73.31
4900	73.31
4901	73.31
4902	73.31
4903	73.31
4904	73.31
4905	73.31
4906	73.31
4907	73.31
4908	73.31
4909	73.31
4910	73.31
4911	73.31
4912	73.31
4913	73.31
4914	73.31
4915	73.31
4916	73.31
4917	73.31
4918	73.31
4919	73.31
4920	73.31
4921	73.31
4922	73.31
4923	73.31
4924	73.31
4925	73.31
4926	73.31
4927	73.31
4928	73.31
4929	73.31
4930	73.31
4931	73.31
4932	73.31
4933	73.31
4934	73.31
4935	73.31
4936	73.31
4937	73.31
4938	73.31
4939	73.31
4940	73.31
4941	73.31
4942	73.31
4943	73.31
4944	73.31
4945	73.31
4946	73.31
4947	73.31
4948	73.31
4949	73.31
4950	73.31
4951	73.31
4952	73.31
4953	73.31
4954	73.31
4955	73.31
4956	73.31
4957	73.31
4958	73.31
4959	73.31
4960	73.31
4961	73.31
4962	73.31
4963	73.31
4964	73.31
4965	73.31
4966	73.31
4967	73.31
4968	73.31
4969	73.31
4970	73.31
4971	73.31
4972	73.31
4973	73.31
4974	73.31
4975	73.31
4976	73.31
4977	73.31
4978	73.31
4979	73.31
4980	73.31
4981	73.31
4982	73.31
4983	73.31
4984	73.31
4985	73.31
4986	73.31
4987	73.31
4988	73.31
4989	73.31
4990	73.31
4991	73.31
4992	73.31
4993	73.31
4994	73.31
4995	73.31
4996	73.31
4997	73.31
4998	73.31
4999	73.31
5000	73.31
5001	73.31
5002	73.31
5003	73.31
5004	73.31
5005	73.31
5006	73.31
5007	73.31
5008	73.31
5009	73.31
5010	73.31
5011	73.31
5012	73.31
5013	73.31
5014	73.31
5015	73.31
5016	73.31
5017	73.31
5018	73.31
5019	73.31
5020	73.31
5021	73.31
5022	73.31
5023	73.31
5024	73.31
5025	73.31
5026	73.31
5027	73.31
5028	73.31
5029	73.31
5030	73.31
5031	73.31
5032	73.31
5033	73.31
5034	73.31
5035	73.31
5036	73.31
5037	73.31
5038	73.31
5039	73.31
5040	73.31
5041	73.31
5042	73.31
5043	73.31
5044	73.31
5045	73.31
5046	73.31
5047	73.31
5048	73.31
5049	73.31
5050	73.31
5051	73.31
5052	73.31
5053	73.31
5054	73.31
5055	73.31
5056	73.31
5057	73.31
5058	73.31
5059	73.31
5060	73.31
5061	73.31
5062	73.31
5063	73.31
5064	73.31
5065	73.31
5066	73.31
5067	73.31
5068	73.31
5069	73.31
5070	73.31
5071	73.31
5072	73.31
5073	73.31
5074	73.31
5075	73.31
5076	73.31
5077	73.31
5078	73.31
5079	73.31
5080	73.31
5081	73.31
5082	73.31
5083	73.31
5084	73.31
5085	73.31
5086	73.31
5087	73.31
5088	73.31
5089	73.31
5090	73.31
5091	73.31
5092	73.31
5093	73.31
5094	73.31
5095	73.31
5096	73.31
5097	73.31
5098	73.31
5099	73.31
5100	73.31
5101	73.31
5102	73.31
5103	73.31
5104	73.31
5105	73.31
5106	73.31
5107	73.31
5108	73.31
5109	73.31
5110	73.31
5111	73.31
5112	73.31
5113	73.31
5114	73.31
5115	73.31
5116	73.31
5117	73.31
5118	73.31
5119	73.31
5120	73.31
5121	73.31
5122	73.31
5123	73.31
5124	73.31
5125	73.31
5126	73.31
5127	73.31
5128	73.31
5129	73.31
5130	73.31
5131	73.31
5132	73.31
5133	73.31
5134	73.31
5135	73.31
5136	73.31
5137	73.31
5138	73.31
5139	73.31
5140	73.31
5141	73.31
5142	73.31
5143	73.31
5144	73.31
5145	73.31
5146	73.31
5147	73.31
5148	73.31
5149	73.31
5150	73.31
5151	73.31
5152	73.31
5153	73.31
5154	73.31
5155	73.31
5156	73.31
5157	73.31
5158	73.31
5159	73.31
5160	73.31
5161	73.31
5162	73.31
5163	73.31
5164	73.31
5165	73.31
5166	73.31
5167	73.31
5168	73.31
5169	73.31
5170	73.31
5171	73.31
5172	73.31
5173	73.31
5174	73.31
5175	73.31
5176	73.31
5177	73.31
5178	73.31
5179	73.31
5180	73.31
5181	73.31
5182	73.31
5183	73.31
5184	73.31
5185	73.31
5186	73.31
5187	73.31
5188	73.31
5189	73.31
5190	73.31
5191	73.31
5192	73.31
5193	73.31
5194	73.31
5195	73.31
5196	73.31
5197	73.31
5198	73.31
5199	73.31
5200	73.31
5201	73.31
5202	73.31
5203	73.31
5204	73.31
5205	73.31
5206	73.31
5207	73.31
5208	73.31
5209	73.31
5210	73.31
5211	73.31
5212	73.31
5213	73.31
5214	73.31
5215	73.31
5216	73.31
5217	73.31
5218	73.31
5219	73.31
5220	73.31
5221	73.31
5222	73.31
5223	73.31
5224	73.31
5225	73.31
5226	73.31
5227	73.31
5228	73.31
5229	73.31
5230	73.31
5231	73.31
5232	73.31
5233	73.31
5234	73.31
5235	73.31
5236	73.31
5237	73.31
5238	73.31
5239	73.31
5240	73.31
5241	73.31
5242	73.31
5243	73.31
5244	73.31
5245	73.31
5246	73.31
5247	73.31
5248	73.31
5249	73.31
5250	73.31
5251	73.31
5252	73.31
5253	73.31
5254	73.31
5255	73.31
5256	73.31
5257	73.31
5258	73.31
5259	73.31
5260	73.31
5261	73.31
5262	73.31
5263	73.31
5264	73.31
5265	73.31
5266	73.31
5267	73.31
5268	73.31
5269	73.31
5270	73.31
5271	73.31
5272	73.31
5273	73.31
5274	73.31
5275	73.31
5276	73.31
5277	73.31
5278	73.31
5279	73.31
5280	73.31
5281	73.31
5282	73.31
5283	73.31
5284	73.31
5285	73.31
5286	73.31
5287	73.31
5288	73.31
5289	73.31
5290	73.31
5291	73.31
5292	73.31
5293	73.31
5294	73.31
5295	73.31
5296	73.31
5297	73.31
5298	73.31
5299	73.31
5300	73.31
5301	73.31
5302	73.31
5303	73.31
5304	73.31
5305	73.31
5306	73.31
5307	73.31
5308	73.31
5309	73.31
5310	73.31
5311	73.31
5312	73.31
5313	73.31
5314	73.31
5315	73.31
5316	73.31
5317	73.31
5318	73.31
5319	73.31
5320	73.31
5321	73.31
5322	73.31
5323	73.31
5324	73.31
5325	73.31
5326	73.31
5327	73.31
5328	73.31
5329	73.31
5330	73.31
5331	73.31
5332	73.31
5333	73.31
5334	73.31
5335	73.31
5336	73.31
5337	73.31
5338	73.31
5339	73.31
5340	73.31
5341	73.31
5342	73.31
5343	73.31
5344	73.31
5345	73.31
5346	73.31
5347	73.31
5348	73.31
5349	73.31
5350	73.31
5351	73.31
5352	73.31
5353	73.31
5354	73.31
5355	73.31
5356	73.31
5357	73.31
5358	73.31
5359	73.31
5360	73.31
5361	73.31
5362	73.31
5363	73.31
5364	73.31
5365	73.31
5366	73.31
5367	73.31
5368	73.31
5369	73.31
5370	73.31
5371	73.31
5372	73.31
5373	73.31
5374	73.31
5375	73.31
5376	73.31
5377	73.31
5378	73.31
5379	73.31
5380	73.31
5381	73.31
5382	73.31
5383	73.31
5384	73.31
5385	73.31
5386	73.31
5387	73.31
5388	73.31
5389	73.31
5390	73.31
5391	73.31
5392	73.31
5393	73.31
5394	73.31
5395	73.31
5396	73.31
5397	73.31
5398	73.31
5399	73.31
5400	73.31
5401	73.31
5402	73.31
5403	73.31
5404	73.31
5405	73.31
5406	73.31
5407	73.31
5408	73.31
5409	73.31
5410	73.31
5411	73.31
5412	73.31
5413	73.31
5414	73.31
5415	73.31
5416	73.31
5417	73.31
5418	73.31
5419	73.31
5420	73.31
5421	73.31
5422	73.31
5423	73.31
5424	73.31
5425	73.31
5426	73.31
5427	73.31
5428	73.31
5429	73.31
5430	73.31
5431	73.31
5432	73.31
5433	73.31
5434	73.31
5435	73.31
5436	73.31
5437	73.31
5438	73.31
5439	73.31
5440	73.31
5441	73.31
5442	73.31
5443	73.31
5444	73.31
5445	73.31
5446	73.31
5447	73.31
5448	73.31
5449	73.31
5450	73.31
5451	73.31
5452	73.31
5453	73.31
5454	73.31
5455	73.31
5456	73.31
5457	73.31
5458	73.31
5459	73.31
5460	73.31
5461	73.31
5462	73.31
5463	73.31
5464	73.31
5465	73.31
5466	73.31
5467	73.31
5468	73.31
5469	73.31
5470	73.31
5471	73.31
5472	73.31
5473	73.31
5474	73.31
5475	73.31
5476	73.31
5477	73.31
5478	73.31
5479	73.31
5480	73.31
5481	73.31
5482	73.31
5483	73.31
5484	73.31
5485	73.31
5486	73.31
5487	73.31
5488	73.31
5489	73.31
5490	73.31
5491	73.31
5492	73.31
5493	73.31
5494	73.31
5495	73.31
5496	73.31
5497	73.31
5498	73.31
5499	73.31
5500	73.31
5501	73.31
5502	73.31
5503	73.31
5504	73.31
5505	73.31
5506	73.31
5507	73.31
5508	73.31
5509	73.31
5510	73.31
5511	73.31
5512	73.31
5513	73.31
5514	73.31
5515	73.31
5516	73.31
5517	73.31
5518	73.31
5519	73.31
5520	73.31
5521	73.31
5522	73.31
5523	73.31
5524	73.31
5525	73.31
5526	73.31
5527	73.31
5528	73.31
5529	73.31
5530	73.31
5531	73.31
5532	73.31
5533	73.31
5534	73.31
5535	73.31
5536	73.31
5537	73.31
5538	73.31
5539	73.31
5540	73.31
5541	73.31
5542	73.31
5543	73.31
5544	73.31
5545	73.31
5546	73.31
5547	73.31
5548	73.31
5549	73.31
5550	73.31
5551	73.31
5552	73.31
5553	73.31
5554	73.31
5555	73.31
5556	73.31
5557	73.31
5558	73.31
5559	73.31
5560	73.31
5561	73.31
5562	73.31
5563	73.31
5564	73.31
5565	73.31
5566	73.31
5567	73.31
5568	73.31
5569	73.31
5570	73.31
5571	73.31
5572	73.31
5573	73.31
5574	73.31
5575	73.31
5576	73.31
5577	73.31
5578	73.31
5579	73.31
5580	73.31
5581	73.31
5582	73.31
5583	73.31
5584	73.31
5585	73.31
5586	73.31
5587	73.31
5588	73.31
5589	73.31
5590	73.31
5591	73.31
5592	73.31
5593	73.31
5594	73.31
5595	73.31
5596	73.31
5597	73.31
5598	73.31
5599	73.31
5600	73.31
5601	73.31
5602	73.31
5603	73.31
5604	73.31
5605	73.31
5606	73.31
5607	73.31
5608	73.31
5609	73.31
5610	73.31
5611	73.31
5612	73.31
5613	73.31
5614	73.31
5615	73.31
5616	73.31
5617	73.31
5618	73.31
5619	73.31
5620	73.31
5621	73.31
5622	73.31
5623	73.31
5624	73.31
5625	73.31
5626	73.31
5627	73.31
5628	73.31
5629	73.31
5630	73.31
5631	73.31
5632	73.31
5633	73.31
5634	73.31
5635	73.31
5636	73.31
5637	73.31
5638	73.31
5639	73.31
5640	73.31
5641	73.31
5642	73.31
5643	73.31
5644	73.31
5645	73.31
5646	73.31
5647	73.31
5648	73.31
5649	73.31
5650	73.31
5651	73.31
5652	73.31
5653	73.31
5654	73.31
5655	73.31
5656	73.31
5657	73.31
5658	73.31
5659	73.31
5660	73.31
5661	73.31
5662	73.31
5663	73.31
5664	73.31
5665	73.31
5666	73.31
5667	73.31
5668	73.31
5669	73.31
5670	73.31
5671	73.31
5672	73.31
5673	73.31
5674	73.31
5675	73.31
5676	73.31
5677	73.31
5678	73.31
5679	73.31
5680	73.31
5681	73.31
5682	73.31
5683	73.31
5684	73.31
5685	73.31
5686	73.31
5687	73.31
5688	73.31
5689	73.31
5690	73.31
5691	73.31
5692	73.31
5693	73.31
5694	73.31
5695	73.31
5696	73.31
5697	73.31
5698	73.31
5699	73.31
5700	73.31
5701	73.31
5702	73.31
5703	73.31
5704	73.31
5705	73.31
5706	73.31
5707	73.31
5708	73.31
5709	73.31
5710	73.31
5711	73.31
5712	73.31
5713	73.31
5714	73.31
5715	73.31
5716	73.31
5717	73.31
5718	73.31
5719	73.31
5720	73.31
5721	73.31
5722	73.31
5723	73.31
5724	73.31
5725	73.31
5726	73.31
5727	73.31
5728	73.31
5729	73.31
5730	73.31
5731	73.31
5732	73.31
5733	73.31
5734	73.31
5735	73.31
5736	73.31
5737	73.31
5738	73.31
5739	73.31
5740	73.31
5741	73.31
5742	73.31
5743	73.31
5744	73.31
5745	73.31
5746	73.31
5747	73.31
5748	73.31
5749	73.31
5750	73.31
5751	73.31
5752	73.31
5753	73.31
5754	73.31
5755	73.31
5756	73.31
5757	73.31
5758	73.31
5759	73.31
5760	73.31
5761	73.31
5762	73.31
5763	73.31
5764	73.31
5765	73.31
5766	73.31
5767	73.31
5768	73.31
5769	73.31
5770	73.31
5771	73.31
5772	73.31
5773	73.31
5774	73.31
5775	73.31
5776	73.31
5777	73.31
5778	73.31
5779	73.31
5780	73.31
5781	73.31
5782	73.31
5783	73.31
5784	73.31
5785	73.31
5786	73.31
5787	73.31
5788	73.31
5789	73.31
5790	73.31
5791	73.31
5792	73.31
5793	73.31
5794	73.31
5795	73.31
5796	73.31
5797	73.31
5798	73.31
5799	73.31
5800	73.31
5801	73.31
5802	73.31
5803	73.31
5804	73.31
5805	73.31
5806	73.31
5807	73.31
5808	73.31
5809	73.31
5810	73.31
5811	73.31
5812	73.31
5813	73.31
5814	73.31
5815	73.31
5816	73.31
5817	73.31
5818	73.31
5819	73.31
5820	73.31
5821	73.31
5822	73.31
5823	73.31
5824	73.31
5825	73.31
5826	73.31
5827	73.31
5828	73.31
5829	73.31
5830	73.31
5831	73.31
5832	73.31
5833	73.31
5834	73.31
5835	73.31
5836	73.31
5837	73.31
5838	73.31
5839	73.31
5840	73.31
5841	73.31
5842	73.31
5843	73.31
5844	73.31
5845	73.31
5846	73.31
5847	73.31
5848	73.31
5849	73.31
5850	73.31
5851	73.31
5852	73.31
5853	73.31
5854	73.31
5855	73.31
5856	73.31
5857	73.31
5858	73.31
5859	73.31
5860	73.31
5861	73.31
5862	73.31
5863	73.31
5864	73.31
5865	73.31
5866	73.31
5867	73.31
5868	73.31
5869	73.31
5870	73.31
5871	73.31
5872	73.31
5873	73.31
5874	73.31
5875	73.31
5876	73.31
5877	73.31
5878	73.31
5879	73.31
5880	73.31
5881	73.31
5882	73.31
5883	73.31
5884	73.31
5885	73.31
5886	73.31
5887	73.31
5888	73.31
5889	73.31
5890	73.31
5891	73.31
5892	73.31
5893	73.31
5894	73.31
5895	73.31
5896	73.31
5897	73.31
5898	73.31
5899	73.31
5900	73.31
5901	73.31
5902	73.31
5903	73.31
5904	73.31
5905	73.31
5906	73.31
5907	73.31
5908	73.31
5909	73.31
5910	73.31
5911	73.31
5912	73.31
5913	73.31
5914	73.31
5915	73.31
5916	73.31
5917	73.31
5918	73.31
5919	73.31
5920	73.31
5921	73.31
5922	73.31
5923	73.31
5924	73.31
5925	73.31
5926	73.31
5927	73.31
5928	73.31
5929	73.31
5930	73.31
5931	73.31
5932	73.31
5933	73.31
5934	73.31
5935	73.31
5936	73.31
5937	73.31
5938	73.31
5939	73.31
5940	73.31
5941	73.31
5942	73.31
5943	73.31
5944	73.31
5945	73.31
5946	73.31
5947	73.31
5948	73.31
5949	73.31
5950	73.31
5951	73.31
5952	73.31
5953	73.31
5954	73.31
5955	73.31
5956	73.31
5957	73.31
5958	73.31
5959	73.31
5960	73.31
5961	73.31
5962	73.31
5963	73.31
5964	73.31
5965	73.31
5966	73.31
5967	73.31
5968	73.31
5969	73.31
5970	73.31
5971	73.31
5972	73.31
5973	73.31
5974	73.31
5975	73.31
5976	73.31
5977	73.31
5978	73.31
5979	73.31
5980	73.31
5981	73.31
5982	73.31
5983	73.31
5984	73.31
5985	73.31
5986	73.31
5987	73.31
5988	73.31
5989	73.31
5990	73.31
5991	73.31
5992	73.31
5993	73.31
5994	73.31
