0	66.67
1	66.67
2	66.67
3	66.67
4	66.67
5	66.67
6	66.67
7	66.67
8	66.67
9	66.67
10	66.67
11	66.67
12	66.67
13	66.67
14	66.67
15	66.67
16	66.67
17	66.67
18	66.67
19	66.67
20	66.67
21	66.67
22	66.67
23	66.67
24	66.67
25	66.67
26	66.67
27	66.67
28	66.67
29	66.67
30	66.67
31	66.67
32	66.67
33	66.67
34	66.67
35	66.67
36	66.67
37	66.67
38	66.67
39	66.67
40	66.67
41	66.67
42	66.67
43	66.67
44	66.67
45	66.67
46	66.67
47	66.67
48	66.67
49	66.67
50	66.67
51	66.67
52	66.67
53	66.67
54	66.67
55	66.67
56	66.67
57	66.67
58	66.67
59	66.67
60	66.67
61	66.67
62	66.67
63	66.67
64	66.67
65	66.67
66	66.67
67	66.67
68	66.67
69	66.67
70	66.67
71	66.67
72	66.67
73	66.67
74	66.67
75	66.67
76	66.67
77	66.67
78	66.67
79	66.67
80	66.67
81	66.67
82	66.67
83	66.67
84	66.67
85	66.67
86	66.67
87	66.67
88	66.67
89	66.67
90	66.67
91	66.67
92	66.67
93	66.67
94	66.67
95	66.67
96	66.67
97	66.67
98	66.67
99	66.67
100	66.67
101	66.67
102	66.67
103	66.67
104	66.67
105	66.67
106	66.67
107	66.67
108	66.67
109	66.67
110	66.67
111	66.67
112	66.67
113	66.67
114	66.67
115	66.67
116	66.67
117	66.67
118	66.67
119	66.67
120	66.67
121	66.67
122	66.67
123	66.67
124	66.67
125	66.67
126	66.67
127	66.67
128	66.67
129	66.67
130	66.67
131	66.67
132	66.67
133	66.67
134	66.67
135	66.67
136	66.67
137	66.67
138	66.67
139	66.67
140	66.67
141	66.67
142	66.67
143	66.67
144	66.67
145	66.67
146	66.67
147	66.67
148	66.67
149	66.67
150	66.67
151	66.67
152	66.67
153	66.67
154	66.67
155	66.67
156	66.67
157	66.67
158	66.67
159	66.67
160	66.67
161	66.67
162	66.67
163	66.67
164	66.67
165	66.67
166	66.67
167	66.67
168	66.67
169	66.67
170	66.67
171	66.67
172	66.67
173	66.67
174	66.67
175	66.67
176	66.67
177	66.67
178	66.67
179	66.67
180	66.67
181	66.67
182	66.67
183	66.67
184	66.67
185	66.67
186	66.67
187	66.67
188	66.67
189	66.67
190	66.67
191	66.67
192	66.67
193	66.67
194	66.67
195	66.67
196	66.67
197	66.67
198	66.67
199	66.67
200	66.67
201	66.67
202	66.67
203	66.67
204	66.67
205	66.67
206	66.67
207	66.67
208	66.67
209	66.67
210	66.67
211	66.67
212	66.67
213	66.67
214	66.67
215	66.67
216	66.67
217	66.67
218	66.67
219	66.67
220	66.67
221	66.67
222	66.67
223	66.67
224	66.67
225	66.67
226	66.67
227	66.67
228	66.67
229	66.67
230	66.67
231	66.67
232	66.67
233	66.67
234	66.67
235	66.67
236	66.67
237	66.67
238	66.67
239	66.67
240	66.67
241	66.67
242	66.67
243	66.67
244	66.67
245	66.67
246	66.67
247	66.67
248	66.67
249	66.67
250	66.67
251	66.67
252	66.67
253	66.67
254	66.67
255	66.67
256	66.67
257	66.67
258	66.67
259	66.67
260	66.67
261	66.67
262	66.67
263	66.67
264	66.67
265	66.67
266	66.67
267	66.67
268	66.67
269	66.67
270	66.67
271	66.67
272	66.67
273	66.67
274	66.67
275	66.67
276	66.67
277	66.67
278	66.67
279	66.67
280	66.67
281	66.67
282	66.67
283	66.67
284	66.67
285	66.67
286	66.67
287	66.67
288	66.67
289	66.67
290	66.67
291	66.67
292	66.67
293	66.67
294	66.67
295	66.67
296	66.67
297	66.67
298	66.67
299	66.67
300	66.67
301	66.67
302	66.67
303	66.67
304	66.67
305	66.67
306	66.67
307	66.67
308	66.67
309	66.67
310	66.67
311	66.67
312	66.67
313	66.67
314	66.67
315	66.67
316	66.67
317	66.67
318	66.67
319	66.67
320	66.67
321	66.67
322	66.67
323	66.67
324	66.67
325	66.67
326	66.67
327	66.67
328	66.67
329	66.67
330	66.67
331	66.67
332	66.67
333	66.67
334	66.67
335	66.67
336	66.67
337	66.67
338	66.67
339	66.67
340	66.67
341	66.67
342	66.67
343	66.67
344	66.67
345	66.67
346	66.67
347	66.67
348	66.67
349	66.67
350	66.67
351	66.67
352	66.67
353	66.67
354	66.67
355	66.67
356	66.67
357	66.67
358	66.67
359	66.67
360	66.67
361	66.67
362	66.67
363	66.67
364	66.67
365	66.67
366	66.67
367	66.67
368	66.67
369	66.67
370	66.67
371	66.67
372	66.67
373	66.67
374	66.67
375	66.67
376	66.67
377	66.67
378	66.67
379	66.67
380	66.67
381	66.67
382	66.67
383	66.67
384	66.67
385	66.67
386	66.67
387	66.67
388	66.67
389	66.67
390	66.67
391	66.67
392	66.67
393	66.67
394	66.67
395	66.67
396	66.67
397	66.67
398	66.67
399	66.67
400	66.67
401	66.67
402	66.67
403	66.67
404	66.67
405	66.67
406	66.67
407	66.67
408	66.67
409	66.67
410	66.67
411	66.67
412	66.67
413	66.67
414	66.67
415	66.67
416	66.67
417	66.67
418	66.67
419	66.67
420	66.67
421	66.67
422	66.67
423	66.67
424	66.67
425	66.67
426	66.67
427	66.67
428	66.67
429	66.67
430	66.67
431	66.67
432	66.67
433	66.67
434	66.67
435	66.67
436	66.67
437	66.67
438	66.67
439	66.67
440	66.67
441	66.67
442	66.67
443	66.67
444	66.67
445	66.67
446	66.67
447	66.67
448	66.67
449	66.67
450	66.67
451	66.67
452	66.67
453	66.67
454	66.67
455	66.67
456	66.67
457	66.67
458	66.67
459	66.67
460	66.67
461	66.67
462	66.67
463	66.67
464	66.67
465	66.67
466	66.67
467	66.67
468	66.67
469	66.67
470	66.67
471	66.67
472	66.67
473	66.67
474	66.67
475	66.67
476	66.67
477	66.67
478	66.67
479	66.67
480	66.67
481	66.67
482	66.67
483	66.67
484	66.67
485	66.67
486	66.67
487	66.67
488	66.67
489	66.67
490	66.67
491	66.67
492	66.67
493	66.67
494	66.67
495	66.67
496	66.67
497	66.67
498	66.67
499	66.67
500	66.67
501	66.67
502	66.67
503	66.67
504	66.67
505	66.67
506	66.67
507	66.67
508	66.67
509	66.67
510	66.67
511	66.67
512	66.67
513	66.67
514	66.67
515	66.67
516	66.67
517	66.67
518	66.67
519	66.67
520	66.67
521	66.67
522	66.67
523	66.67
524	66.67
525	66.67
526	66.67
527	66.67
528	66.67
529	66.67
530	66.67
531	66.67
532	66.67
533	66.67
534	66.67
535	66.67
536	66.67
537	66.67
538	66.67
539	66.67
540	66.67
541	66.67
542	66.67
543	66.67
544	66.67
545	66.67
546	66.67
547	66.67
548	66.67
549	66.67
550	66.67
551	66.67
552	66.67
553	66.67
554	66.67
555	66.67
556	66.67
557	66.67
558	66.67
559	66.67
560	66.67
561	66.67
562	66.67
563	66.67
564	66.67
565	66.67
566	66.67
567	66.67
568	66.67
569	66.67
570	66.67
571	66.67
572	66.67
573	66.67
574	66.67
575	66.67
576	66.67
577	66.67
578	66.67
579	66.67
580	66.67
581	66.67
582	66.67
583	66.67
584	66.67
585	66.67
586	66.67
587	66.67
588	66.67
589	66.67
590	66.67
591	66.67
592	66.67
593	66.67
594	66.67
595	66.67
596	66.67
597	66.67
598	66.67
599	66.67
600	66.67
601	66.67
602	66.67
603	66.67
604	66.67
605	66.67
606	66.67
607	66.67
608	66.67
609	66.67
610	66.67
611	66.67
612	66.67
613	66.67
614	66.67
615	66.67
616	66.67
617	66.67
618	66.67
619	66.67
620	66.67
621	66.67
622	66.67
623	66.67
624	66.67
625	66.67
626	66.67
627	66.67
628	66.67
629	66.67
630	66.67
631	66.67
632	66.67
633	66.67
634	66.67
635	66.67
636	66.67
637	66.67
638	66.67
639	66.67
640	66.67
641	66.67
642	66.67
643	66.67
644	66.67
645	66.67
646	66.67
647	66.67
648	66.67
649	66.67
650	66.67
651	66.67
652	66.67
653	66.67
654	66.67
655	66.67
656	66.67
657	66.67
658	66.67
659	66.67
660	66.67
661	66.67
662	66.67
663	66.67
664	66.67
665	66.67
666	66.67
667	66.67
668	66.67
669	66.67
670	66.67
671	66.67
672	66.67
673	66.67
674	66.67
675	66.67
676	66.67
677	66.67
678	66.67
679	66.67
680	66.67
681	66.67
682	66.67
683	66.67
684	66.67
685	66.67
686	66.67
687	66.67
688	66.67
689	66.67
690	66.67
691	66.67
692	66.67
693	66.67
694	66.67
695	66.67
696	66.67
697	66.67
698	66.67
699	66.67
700	66.67
701	66.67
702	66.67
703	66.67
704	66.67
705	66.67
706	66.67
707	66.67
708	66.67
709	66.67
710	66.67
711	66.67
712	66.67
713	66.67
714	66.67
715	66.67
716	66.67
717	66.67
718	66.67
719	66.67
720	66.67
721	66.67
722	66.67
723	66.67
724	66.67
725	66.67
726	66.67
727	66.67
728	66.67
729	66.67
730	66.67
731	66.67
732	66.67
733	66.67
734	66.67
735	66.67
736	66.67
737	66.67
738	66.67
739	66.67
740	66.67
741	66.67
742	66.67
743	66.67
744	66.67
745	66.67
746	66.67
747	66.67
748	66.67
749	66.67
750	66.67
751	66.67
752	66.67
753	66.67
754	66.67
755	66.67
756	66.67
757	66.67
758	66.67
759	66.67
760	66.67
761	66.67
762	66.67
763	66.67
764	66.67
765	66.67
766	66.67
767	66.67
768	66.67
769	66.67
770	66.67
771	66.67
772	66.67
773	66.67
774	66.67
775	66.67
776	66.67
777	66.67
778	66.67
779	66.67
780	66.67
781	66.67
782	66.67
783	66.67
784	66.67
785	66.67
786	66.67
787	66.67
788	66.67
789	66.67
790	66.67
791	66.67
792	66.67
793	66.67
794	66.67
795	66.67
796	66.67
797	66.67
798	66.67
799	66.67
800	66.67
801	66.67
802	66.67
803	66.67
804	66.67
805	66.67
806	66.67
807	66.67
808	66.67
809	66.67
810	66.67
811	66.67
812	66.67
813	66.67
814	66.67
815	66.67
816	66.67
817	66.67
818	66.67
819	66.67
820	66.67
821	66.67
822	66.67
823	66.67
824	66.67
825	66.67
826	66.67
827	66.67
828	66.67
829	66.67
830	66.67
831	66.67
832	66.67
833	66.67
834	66.67
835	66.67
836	66.67
837	66.67
838	66.67
839	66.67
840	66.67
841	66.67
842	66.67
843	66.67
844	66.67
845	66.67
846	66.67
847	66.67
848	66.67
849	66.67
850	66.67
851	66.67
852	66.67
853	66.67
854	66.67
855	66.67
856	66.67
857	66.67
858	66.67
859	66.67
860	66.67
861	66.67
862	66.67
863	66.67
864	66.67
865	66.67
866	66.67
867	66.67
868	66.67
869	66.67
870	66.67
871	66.67
872	66.67
873	66.67
874	66.67
875	66.67
876	66.67
877	66.67
878	66.67
879	66.67
880	66.67
881	66.67
882	66.67
883	66.67
884	66.67
885	66.67
886	66.67
887	66.67
888	66.67
889	66.67
890	66.67
891	66.67
892	66.67
893	66.67
894	66.67
895	66.67
896	66.67
897	66.67
898	66.67
899	66.67
900	66.67
901	66.67
902	66.67
903	66.67
904	66.67
905	66.67
906	66.67
907	66.67
908	66.67
909	66.67
910	66.67
911	66.67
912	66.67
913	66.67
914	66.67
915	66.67
916	66.67
917	66.67
918	66.67
919	66.67
920	66.67
921	66.67
922	66.67
923	66.67
924	66.67
925	66.67
926	66.67
927	66.67
928	66.67
929	66.67
930	66.67
931	66.67
932	66.67
933	66.67
934	66.67
935	66.67
936	66.67
937	66.67
938	66.67
939	66.67
940	66.67
941	66.67
942	66.67
943	66.67
944	66.67
945	66.67
946	66.67
947	66.67
948	66.67
949	66.67
950	66.67
951	66.67
952	66.67
953	66.67
954	66.67
955	66.67
956	66.67
957	66.67
958	66.67
959	66.67
960	66.67
961	66.67
962	66.67
963	66.67
964	66.67
965	66.67
966	66.67
967	66.67
968	66.67
969	66.67
970	66.67
971	66.67
972	66.67
973	66.67
974	66.67
975	66.67
976	66.67
977	66.67
978	66.67
979	66.67
980	66.67
981	66.67
982	66.67
983	66.67
984	66.67
985	66.67
986	66.67
987	66.67
988	66.67
989	66.67
990	66.67
991	66.67
992	66.67
993	66.67
994	66.67
995	66.67
996	66.67
997	66.67
998	66.67
999	66.67
