0	87.99
1	87.99
2	87.99
3	87.99
4	87.99
5	87.99
6	87.99
7	87.99
8	87.99
9	87.99
10	87.99
11	87.99
12	87.99
13	87.99
14	87.99
15	87.99
16	87.99
17	87.99
18	87.99
19	87.99
20	87.99
21	87.99
22	87.99
23	87.99
24	87.99
25	87.99
26	87.99
27	87.99
28	87.99
29	87.99
30	87.99
31	87.99
32	87.99
33	87.99
34	87.99
35	87.99
36	87.99
37	87.99
38	87.99
39	87.99
40	87.99
41	87.99
42	87.99
43	87.99
44	87.99
45	87.99
46	87.99
47	87.99
48	87.99
49	87.99
50	87.99
51	87.99
52	87.99
53	87.99
54	87.99
55	87.99
56	87.99
57	87.99
58	87.99
59	87.99
60	87.99
61	87.99
62	87.99
63	87.99
64	87.99
65	87.99
66	87.99
67	87.99
68	87.99
69	87.99
70	87.99
71	87.99
72	87.99
73	87.99
74	87.99
75	87.99
76	87.99
77	87.99
78	87.99
79	87.99
80	87.99
81	87.99
82	87.99
83	87.99
84	87.99
85	87.99
86	87.99
87	87.99
88	87.99
89	87.99
90	87.99
91	87.99
92	87.99
93	87.99
94	87.99
95	87.99
96	87.99
97	87.99
98	87.99
99	87.99
100	87.99
101	87.99
102	87.99
103	87.99
104	87.99
105	87.99
106	87.99
107	87.99
108	87.99
109	87.99
110	87.99
111	87.99
112	87.99
113	87.99
114	87.99
115	87.99
116	87.99
117	87.99
118	87.99
119	87.99
120	87.99
121	87.99
122	87.99
123	87.99
124	87.99
125	87.99
126	87.99
127	87.99
128	87.99
129	87.99
130	87.99
131	87.99
132	87.99
133	87.99
134	87.99
135	87.99
136	87.99
137	87.99
138	87.99
139	87.99
140	87.99
141	87.99
142	87.99
143	87.99
144	87.99
145	87.99
146	87.99
147	87.99
148	87.99
149	87.99
150	87.99
151	87.99
152	87.99
153	87.99
154	87.99
155	87.99
156	87.99
157	87.99
158	87.99
159	87.99
160	87.99
161	87.99
162	87.99
163	87.99
164	87.99
165	87.99
166	87.99
167	87.99
168	87.99
169	87.99
170	87.99
171	87.99
172	87.99
173	87.99
174	87.99
175	87.99
176	87.99
177	87.99
178	87.99
179	87.99
180	87.99
181	87.99
182	87.99
183	87.99
184	87.99
185	87.99
186	87.99
187	87.99
188	87.99
189	87.99
190	87.99
191	87.99
192	87.99
193	87.99
194	87.99
195	87.99
196	87.99
197	87.99
198	87.99
199	87.99
200	87.99
201	87.99
202	87.99
203	87.99
204	87.99
205	87.99
206	87.99
207	87.99
208	87.99
209	87.99
210	87.99
211	87.99
212	87.99
213	87.99
214	87.99
215	87.99
216	87.99
217	87.99
218	87.99
219	87.99
220	87.99
221	87.99
222	87.99
223	87.99
224	87.99
225	87.99
226	87.99
227	87.99
228	87.99
229	87.99
230	87.99
231	87.99
232	87.99
233	87.99
234	87.99
235	87.99
236	87.99
237	87.99
238	87.99
239	87.99
240	87.99
241	87.99
242	87.99
243	87.99
244	87.99
245	87.99
246	87.99
247	87.99
248	87.99
249	87.99
250	87.99
251	87.99
252	87.99
253	87.99
254	87.99
255	87.99
256	87.99
257	87.99
258	87.99
259	87.99
260	87.99
261	87.99
262	87.99
263	87.99
264	87.99
265	87.99
266	87.99
267	87.99
268	87.99
269	87.99
270	87.99
271	87.99
272	87.99
273	87.99
274	87.99
275	87.99
276	87.99
277	87.99
278	87.99
279	87.99
280	87.99
281	87.99
282	87.99
283	87.99
284	87.99
285	87.99
286	87.99
287	87.99
288	87.99
289	87.99
290	87.99
291	87.99
292	87.99
293	87.99
294	87.99
295	87.99
296	87.99
297	87.99
298	87.99
299	87.99
300	87.99
301	87.99
302	87.99
303	87.99
304	87.99
305	87.99
306	87.99
307	87.99
308	87.99
309	87.99
310	87.99
311	87.99
312	87.99
313	87.99
314	87.99
315	87.99
316	87.99
317	87.99
318	87.99
319	87.99
320	87.99
321	87.99
322	87.99
323	87.99
324	87.99
325	87.99
326	87.99
327	87.99
328	87.99
329	87.99
330	87.99
331	87.99
332	87.99
333	87.99
334	87.99
335	87.99
336	87.99
337	87.99
338	87.99
339	87.99
340	87.99
341	87.99
342	87.99
343	87.99
344	87.99
345	87.99
346	87.99
347	87.99
348	87.99
349	87.99
350	87.99
351	87.99
352	87.99
353	87.99
354	87.99
355	87.99
356	87.99
357	87.99
358	87.99
359	87.99
360	87.99
361	87.99
362	87.99
363	87.99
364	87.99
365	87.99
366	87.99
367	87.99
368	87.99
369	87.99
370	87.99
371	87.99
372	87.99
373	87.99
374	87.99
375	87.99
376	87.99
377	87.99
378	87.99
379	87.99
380	87.99
381	87.99
382	87.99
383	87.99
384	87.99
385	87.99
386	87.99
387	87.99
388	87.99
389	87.99
390	87.99
391	87.99
392	87.99
393	87.99
394	87.99
395	87.99
396	87.99
397	87.99
398	87.99
399	87.99
400	87.99
401	87.99
402	87.99
403	87.99
404	87.99
405	87.99
406	87.99
407	87.99
408	87.99
409	87.99
410	87.99
411	87.99
412	87.99
413	87.99
414	87.99
415	87.99
416	87.99
417	87.99
418	87.99
419	87.99
420	87.99
421	87.99
422	87.99
423	87.99
424	87.99
425	87.99
426	87.99
427	87.99
428	87.99
429	87.99
430	87.99
431	87.99
432	87.99
433	87.99
434	87.99
435	87.99
436	87.99
437	87.99
438	87.99
439	87.99
440	87.99
441	87.99
442	87.99
443	87.99
444	87.99
445	87.99
446	87.99
447	87.99
448	87.99
449	87.99
450	87.99
451	87.99
452	87.99
453	87.99
454	87.99
455	87.99
456	87.99
457	87.99
458	87.99
459	87.99
460	87.99
461	87.99
462	87.99
463	87.99
464	87.99
465	87.99
466	87.99
467	87.99
468	87.99
469	87.99
470	87.99
471	87.99
472	87.99
473	87.99
474	87.99
475	87.99
476	87.99
477	87.99
478	87.99
479	87.99
480	87.99
481	87.99
482	87.99
483	87.99
484	87.99
485	87.99
486	87.99
487	87.99
488	87.99
489	87.99
490	87.99
491	87.99
492	87.99
493	87.99
494	87.99
495	87.99
496	87.99
497	87.99
498	87.99
499	87.99
500	87.99
501	87.99
502	87.99
503	87.99
504	87.99
505	87.99
506	87.99
507	87.99
508	87.99
509	87.99
510	87.99
511	87.99
512	87.99
513	87.99
514	87.99
515	87.99
516	87.99
517	87.99
518	87.99
519	87.99
520	87.99
521	87.99
522	87.99
523	87.99
524	87.99
525	87.99
526	87.99
527	87.99
528	87.99
529	87.99
530	87.99
531	87.99
532	87.99
533	87.99
534	87.99
535	87.99
536	87.99
537	87.99
538	87.99
539	87.99
540	87.99
541	87.99
542	87.99
543	87.99
544	87.99
545	87.99
546	87.99
547	87.99
548	87.99
549	87.99
550	87.99
551	87.99
552	87.99
553	87.99
554	87.99
555	87.99
556	87.99
557	87.99
558	87.99
559	87.99
560	87.99
561	87.99
562	87.99
563	87.99
564	87.99
565	87.99
566	87.99
567	87.99
568	87.99
569	87.99
570	87.99
571	87.99
572	87.99
573	87.99
574	87.99
575	87.99
576	87.99
577	87.99
578	87.99
579	87.99
580	87.99
581	87.99
582	87.99
583	87.99
584	87.99
585	87.99
586	87.99
587	87.99
588	87.99
589	87.99
590	87.99
591	87.99
592	87.99
593	87.99
594	87.99
595	87.99
596	87.99
597	87.99
598	87.99
599	87.99
600	87.99
601	87.99
602	87.99
603	87.99
604	87.99
605	87.99
606	87.99
607	87.99
608	87.99
609	87.99
610	87.99
611	87.99
612	87.99
613	87.99
614	87.99
615	87.99
616	87.99
617	87.99
618	87.99
619	87.99
620	87.99
621	87.99
622	87.99
623	87.99
624	87.99
625	87.99
626	87.99
627	87.99
628	87.99
629	87.99
630	87.99
631	87.99
632	87.99
633	87.99
634	87.99
635	87.99
636	87.99
637	87.99
638	87.99
639	87.99
640	87.99
641	87.99
642	87.99
643	87.99
644	87.99
645	87.99
646	87.99
647	87.99
648	87.99
649	87.99
650	87.99
651	87.99
652	87.99
653	87.99
654	87.99
655	87.99
656	87.99
657	87.99
658	87.99
659	87.99
660	87.99
661	87.99
662	87.99
663	87.99
664	87.99
665	87.99
666	87.99
667	87.99
668	87.99
669	87.99
670	87.99
671	87.99
672	87.99
673	87.99
674	87.99
675	87.99
676	87.99
677	87.99
678	87.99
679	87.99
680	87.99
681	87.99
682	87.99
683	87.99
684	87.99
685	87.99
686	87.99
687	87.99
688	87.99
689	87.99
690	87.99
691	87.99
692	87.99
693	87.99
694	87.99
695	87.99
696	87.99
697	87.99
698	87.99
699	87.99
700	87.99
701	87.99
702	87.99
703	87.99
704	87.99
705	87.99
706	87.99
707	87.99
708	87.99
709	87.99
710	87.99
711	87.99
712	87.99
713	87.99
714	87.99
715	87.99
716	87.99
717	87.99
718	87.99
719	87.99
720	87.99
721	87.99
722	87.99
723	87.99
724	87.99
725	87.99
726	87.99
727	87.99
728	87.99
729	87.99
730	87.99
731	87.99
732	87.99
733	87.99
734	87.99
735	87.99
736	87.99
737	87.99
738	87.99
739	87.99
740	87.99
741	87.99
742	87.99
743	87.99
744	87.99
745	87.99
746	87.99
747	87.99
748	87.99
749	87.99
750	87.99
751	87.99
752	87.99
753	87.99
754	87.99
755	87.99
756	87.99
757	87.99
758	87.99
759	87.99
760	87.99
761	87.99
762	87.99
763	87.99
764	87.99
765	87.99
766	87.99
767	87.99
768	87.99
769	87.99
770	87.99
771	87.99
772	87.99
773	87.99
774	87.99
775	87.99
776	87.99
777	87.99
778	87.99
779	87.99
780	87.99
781	87.99
782	87.99
783	87.99
784	87.99
785	87.99
786	87.99
787	87.99
788	87.99
789	87.99
790	87.99
791	87.99
792	87.99
793	87.99
794	87.99
795	87.99
796	87.99
797	87.99
798	87.99
799	87.99
800	87.99
801	87.99
802	87.99
803	87.99
804	87.99
805	87.99
806	87.99
807	87.99
808	87.99
809	87.99
810	87.99
811	87.99
812	87.99
813	87.99
814	87.99
815	87.99
816	87.99
817	87.99
818	87.99
819	87.99
820	87.99
821	87.99
822	87.99
823	87.99
824	87.99
825	87.99
826	87.99
827	87.99
828	87.99
829	87.99
830	87.99
831	87.99
832	87.99
833	87.99
834	87.99
835	87.99
836	87.99
837	87.99
838	87.99
839	87.99
840	87.99
841	87.99
842	87.99
843	87.99
844	87.99
845	87.99
846	87.99
847	87.99
848	87.99
849	87.99
850	87.99
851	87.99
852	87.99
853	87.99
854	87.99
855	87.99
856	87.99
857	87.99
858	87.99
859	87.99
860	87.99
861	87.99
862	87.99
863	87.99
864	87.99
865	87.99
866	87.99
867	87.99
868	87.99
869	87.99
870	87.99
871	87.99
872	87.99
873	87.99
874	87.99
875	87.99
876	87.99
877	87.99
878	87.99
879	87.99
880	87.99
881	87.99
882	87.99
883	87.99
884	87.99
885	87.99
886	87.99
887	87.99
888	87.99
889	87.99
890	87.99
891	87.99
892	87.99
893	87.99
894	87.99
895	87.99
896	87.99
897	87.99
898	87.99
899	87.99
900	87.99
901	87.99
902	87.99
903	87.99
904	87.99
905	87.99
906	87.99
907	87.99
908	87.99
909	87.99
910	87.99
911	87.99
912	87.99
913	87.99
914	87.99
915	87.99
916	87.99
917	87.99
918	87.99
919	87.99
920	87.99
921	87.99
922	87.99
923	87.99
924	87.99
925	87.99
926	87.99
927	87.99
928	87.99
929	87.99
930	87.99
931	87.99
932	87.99
933	87.99
934	87.99
935	87.99
936	87.99
937	87.99
938	87.99
939	87.99
940	87.99
941	87.99
942	87.99
943	87.99
944	87.99
945	87.99
946	87.99
947	87.99
948	87.99
949	87.99
950	87.99
951	87.99
952	87.99
953	87.99
954	87.99
955	87.99
956	87.99
957	87.99
958	87.99
959	87.99
960	87.99
961	87.99
962	87.99
963	87.99
964	87.99
965	87.99
966	87.99
967	87.99
968	87.99
969	87.99
970	87.99
971	87.99
972	87.99
973	87.99
974	87.99
975	87.99
976	87.99
977	87.99
978	87.99
979	87.99
980	87.99
981	87.99
982	87.99
983	87.99
984	87.99
985	87.99
986	87.99
987	87.99
988	87.99
989	87.99
990	87.99
991	87.99
992	87.99
993	87.99
994	87.99
995	87.99
996	87.99
997	87.99
998	87.99
999	87.99
1000	87.99
1001	87.99
1002	87.99
1003	87.99
1004	87.99
1005	87.99
1006	87.99
1007	87.99
1008	87.99
1009	87.99
1010	87.99
1011	87.99
1012	87.99
1013	87.99
1014	87.99
1015	87.99
1016	87.99
1017	87.99
1018	87.99
1019	87.99
1020	87.99
1021	87.99
1022	87.99
1023	87.99
1024	87.99
1025	87.99
1026	87.99
1027	87.99
1028	87.99
1029	87.99
1030	87.99
1031	87.99
1032	87.99
1033	87.99
1034	87.99
1035	87.99
1036	87.99
1037	87.99
1038	87.99
1039	87.99
1040	87.99
1041	87.99
1042	87.99
1043	87.99
1044	87.99
1045	87.99
1046	87.99
1047	87.99
1048	87.99
1049	87.99
1050	87.99
1051	87.99
1052	87.99
1053	87.99
1054	87.99
1055	87.99
1056	87.99
1057	87.99
1058	87.99
1059	87.99
1060	87.99
1061	87.99
1062	87.99
1063	87.99
1064	87.99
1065	87.99
1066	87.99
1067	87.99
1068	87.99
1069	87.99
1070	87.99
1071	87.99
1072	87.99
1073	87.99
1074	87.99
1075	87.99
1076	87.99
1077	87.99
1078	87.99
1079	87.99
1080	87.99
1081	87.99
1082	87.99
1083	87.99
1084	87.99
1085	87.99
1086	87.99
1087	87.99
1088	87.99
1089	87.99
1090	87.99
1091	87.99
1092	87.99
1093	87.99
1094	87.99
1095	87.99
1096	87.99
1097	87.99
1098	87.99
1099	87.99
1100	87.99
1101	87.99
1102	87.99
1103	87.99
1104	87.99
1105	87.99
1106	87.99
1107	87.99
1108	87.99
1109	87.99
1110	87.99
1111	87.99
1112	87.99
1113	87.99
1114	87.99
1115	87.99
1116	87.99
1117	87.99
1118	87.99
1119	87.99
1120	87.99
1121	87.99
1122	87.99
1123	87.99
1124	87.99
1125	87.99
1126	87.99
1127	87.99
1128	87.99
1129	87.99
1130	87.99
1131	87.99
1132	87.99
1133	87.99
1134	87.99
1135	87.99
1136	87.99
1137	87.99
1138	87.99
1139	87.99
1140	87.99
1141	87.99
1142	87.99
1143	87.99
1144	87.99
1145	87.99
1146	87.99
1147	87.99
1148	87.99
1149	87.99
1150	87.99
1151	87.99
1152	87.99
1153	87.99
1154	87.99
1155	87.99
1156	87.99
1157	87.99
1158	87.99
1159	87.99
1160	87.99
1161	87.99
1162	87.99
1163	87.99
1164	87.99
1165	87.99
1166	87.99
1167	87.99
1168	87.99
1169	87.99
1170	87.99
1171	87.99
1172	87.99
1173	87.99
1174	87.99
1175	87.99
1176	87.99
1177	87.99
1178	87.99
1179	87.99
1180	87.99
1181	87.99
1182	87.99
1183	87.99
1184	87.99
1185	87.99
1186	87.99
1187	87.99
1188	87.99
1189	87.99
1190	87.99
1191	87.99
1192	87.99
1193	87.99
1194	87.99
1195	87.99
1196	87.99
1197	87.99
1198	87.99
1199	87.99
1200	87.99
1201	87.99
1202	87.99
1203	87.99
1204	87.99
1205	87.99
1206	87.99
1207	87.99
1208	87.99
1209	87.99
1210	87.99
1211	87.99
1212	87.99
1213	87.99
1214	87.99
1215	87.99
1216	87.99
1217	87.99
1218	87.99
1219	87.99
1220	87.99
1221	87.99
1222	87.99
1223	87.99
1224	87.99
1225	87.99
1226	87.99
1227	87.99
1228	87.99
1229	87.99
1230	87.99
1231	87.99
1232	87.99
1233	87.99
1234	87.99
1235	87.99
1236	87.99
1237	87.99
1238	87.99
1239	87.99
1240	87.99
1241	87.99
1242	87.99
1243	87.99
1244	87.99
1245	87.99
1246	87.99
1247	87.99
1248	87.99
1249	87.99
1250	87.99
1251	87.99
1252	87.99
1253	87.99
1254	87.99
1255	87.99
1256	87.99
1257	87.99
1258	87.99
1259	87.99
1260	87.99
1261	87.99
1262	87.99
1263	87.99
1264	87.99
1265	87.99
1266	87.99
1267	87.99
1268	87.99
1269	87.99
1270	87.99
1271	87.99
1272	87.99
1273	87.99
1274	87.99
1275	87.99
1276	87.99
1277	87.99
1278	87.99
1279	87.99
1280	87.99
1281	87.99
1282	87.99
1283	87.99
1284	87.99
1285	87.99
1286	87.99
1287	87.99
1288	87.99
1289	87.99
1290	87.99
1291	87.99
1292	87.99
1293	87.99
1294	87.99
1295	87.99
1296	87.99
1297	87.99
1298	87.99
1299	87.99
1300	87.99
1301	87.99
1302	87.99
1303	87.99
1304	87.99
1305	87.99
1306	87.99
1307	87.99
1308	87.99
1309	87.99
1310	87.99
1311	87.99
1312	87.99
1313	87.99
1314	87.99
1315	87.99
1316	87.99
1317	87.99
1318	87.99
1319	87.99
1320	87.99
1321	87.99
1322	87.99
1323	87.99
1324	87.99
1325	87.99
1326	87.99
1327	87.99
1328	87.99
1329	87.99
1330	87.99
1331	87.99
1332	87.99
1333	87.99
1334	87.99
1335	87.99
1336	87.99
1337	87.99
1338	87.99
1339	87.99
1340	87.99
1341	87.99
1342	87.99
1343	87.99
1344	87.99
1345	87.99
1346	87.99
1347	87.99
1348	87.99
1349	87.99
1350	87.99
1351	87.99
1352	87.99
1353	87.99
1354	87.99
1355	87.99
1356	87.99
1357	87.99
1358	87.99
1359	87.99
1360	87.99
1361	87.99
1362	87.99
1363	87.99
1364	87.99
1365	87.99
1366	87.99
1367	87.99
1368	87.99
1369	87.99
1370	87.99
1371	87.99
1372	87.99
1373	87.99
1374	87.99
1375	87.99
1376	87.99
1377	87.99
1378	87.99
1379	87.99
1380	87.99
1381	87.99
1382	87.99
1383	87.99
1384	87.99
1385	87.99
1386	87.99
1387	87.99
1388	87.99
1389	87.99
1390	87.99
1391	87.99
1392	87.99
1393	87.99
1394	87.99
1395	87.99
1396	87.99
1397	87.99
1398	87.99
1399	87.99
1400	87.99
1401	87.99
1402	87.99
1403	87.99
1404	87.99
1405	87.99
1406	87.99
1407	87.99
1408	87.99
1409	87.99
1410	87.99
1411	87.99
1412	87.99
1413	87.99
1414	87.99
1415	87.99
1416	87.99
1417	87.99
1418	87.99
1419	87.99
1420	87.99
1421	87.99
1422	87.99
1423	87.99
1424	87.99
1425	87.99
1426	87.99
1427	87.99
1428	87.99
1429	87.99
1430	87.99
1431	87.99
1432	87.99
1433	87.99
1434	87.99
1435	87.99
1436	87.99
1437	87.99
1438	87.99
1439	87.99
1440	87.99
1441	87.99
1442	87.99
1443	87.99
1444	87.99
1445	87.99
1446	87.99
1447	87.99
1448	87.99
1449	87.99
1450	87.99
1451	87.99
1452	87.99
1453	87.99
1454	87.99
1455	87.99
1456	87.99
1457	87.99
1458	87.99
1459	87.99
1460	87.99
1461	87.99
1462	87.99
1463	87.99
1464	87.99
1465	87.99
1466	87.99
1467	87.99
1468	87.99
1469	87.99
1470	87.99
1471	87.99
1472	87.99
1473	87.99
1474	87.99
1475	87.99
1476	87.99
1477	87.99
1478	87.99
1479	87.99
1480	87.99
1481	87.99
1482	87.99
1483	87.99
1484	87.99
1485	87.99
1486	87.99
1487	87.99
1488	87.99
1489	87.99
1490	87.99
1491	87.99
1492	87.99
1493	87.99
1494	87.99
1495	87.99
1496	87.99
1497	87.99
1498	87.99
1499	87.99
1500	87.99
1501	87.99
1502	87.99
1503	87.99
1504	87.99
1505	87.99
1506	87.99
1507	87.99
1508	87.99
1509	87.99
1510	87.99
1511	87.99
1512	87.99
1513	87.99
1514	87.99
1515	87.99
1516	87.99
1517	87.99
1518	87.99
1519	87.99
1520	87.99
1521	87.99
1522	87.99
1523	87.99
1524	87.99
1525	87.99
1526	87.99
1527	87.99
1528	87.99
1529	87.99
1530	87.99
1531	87.99
1532	87.99
1533	87.99
1534	87.99
1535	87.99
1536	87.99
1537	87.99
1538	87.99
1539	87.99
1540	87.99
1541	87.99
1542	87.99
1543	87.99
1544	87.99
1545	87.99
1546	87.99
1547	87.99
1548	87.99
1549	87.99
1550	87.99
1551	87.99
1552	87.99
1553	87.99
1554	87.99
1555	87.99
1556	87.99
1557	87.99
1558	87.99
1559	87.99
1560	87.99
1561	87.99
1562	87.99
1563	87.99
1564	87.99
1565	87.99
1566	87.99
1567	87.99
1568	87.99
1569	87.99
1570	87.99
1571	87.99
1572	87.99
1573	87.99
1574	87.99
1575	87.99
1576	87.99
1577	87.99
1578	87.99
1579	87.99
1580	87.99
1581	87.99
1582	87.99
1583	87.99
1584	87.99
1585	87.99
1586	87.99
1587	87.99
1588	87.99
1589	87.99
1590	87.99
1591	87.99
1592	87.99
1593	87.99
1594	87.99
1595	87.99
1596	87.99
1597	87.99
1598	87.99
1599	87.99
1600	87.99
1601	87.99
1602	87.99
1603	87.99
1604	87.99
1605	87.99
1606	87.99
1607	87.99
1608	87.99
1609	87.99
1610	87.99
1611	87.99
1612	87.99
1613	87.99
1614	87.99
1615	87.99
1616	87.99
1617	87.99
1618	87.99
1619	87.99
1620	87.99
1621	87.99
1622	87.99
1623	87.99
1624	87.99
1625	87.99
1626	87.99
1627	87.99
1628	87.99
1629	87.99
1630	87.99
1631	87.99
1632	87.99
1633	87.99
1634	87.99
1635	87.99
1636	87.99
1637	87.99
1638	87.99
1639	87.99
1640	87.99
1641	87.99
1642	87.99
1643	87.99
1644	87.99
1645	87.99
1646	87.99
1647	87.99
1648	87.99
1649	87.99
1650	87.99
1651	87.99
1652	87.99
1653	87.99
1654	87.99
1655	87.99
1656	87.99
1657	87.99
1658	87.99
1659	87.99
1660	87.99
1661	87.99
1662	87.99
1663	87.99
1664	87.99
1665	87.99
1666	87.99
1667	87.99
1668	87.99
1669	87.99
1670	87.99
1671	87.99
1672	87.99
1673	87.99
1674	87.99
1675	87.99
1676	87.99
1677	87.99
1678	87.99
1679	87.99
1680	87.99
1681	87.99
1682	87.99
1683	87.99
1684	87.99
1685	87.99
1686	87.99
1687	87.99
1688	87.99
1689	87.99
1690	87.99
1691	87.99
1692	87.99
1693	87.99
1694	87.99
1695	87.99
1696	87.99
1697	87.99
1698	87.99
1699	87.99
1700	87.99
1701	87.99
1702	87.99
1703	87.99
1704	87.99
1705	87.99
1706	87.99
1707	87.99
1708	87.99
1709	87.99
1710	87.99
1711	87.99
1712	87.99
1713	87.99
1714	87.99
1715	87.99
1716	87.99
1717	87.99
1718	87.99
1719	87.99
1720	87.99
1721	87.99
1722	87.99
1723	87.99
1724	87.99
1725	87.99
1726	87.99
1727	87.99
1728	87.99
1729	87.99
1730	87.99
1731	87.99
1732	87.99
1733	87.99
1734	87.99
1735	87.99
1736	87.99
1737	87.99
1738	87.99
1739	87.99
1740	87.99
1741	87.99
1742	87.99
1743	87.99
1744	87.99
1745	87.99
1746	87.99
1747	87.99
1748	87.99
1749	87.99
1750	87.99
1751	87.99
1752	87.99
1753	87.99
1754	87.99
1755	87.99
1756	87.99
1757	87.99
1758	87.99
1759	87.99
1760	87.99
1761	87.99
1762	87.99
1763	87.99
1764	87.99
1765	87.99
1766	87.99
1767	87.99
1768	87.99
1769	87.99
1770	87.99
1771	87.99
1772	87.99
1773	87.99
1774	87.99
1775	87.99
1776	87.99
1777	87.99
1778	87.99
1779	87.99
1780	87.99
1781	87.99
1782	87.99
1783	87.99
1784	87.99
1785	87.99
1786	87.99
1787	87.99
1788	87.99
1789	87.99
1790	87.99
1791	87.99
1792	87.99
1793	87.99
1794	87.99
1795	87.99
1796	87.99
1797	87.99
1798	87.99
1799	87.99
1800	87.99
1801	87.99
1802	87.99
1803	87.99
1804	87.99
1805	87.99
1806	87.99
1807	87.99
1808	87.99
1809	87.99
1810	87.99
1811	87.99
1812	87.99
1813	87.99
1814	87.99
1815	87.99
1816	87.99
1817	87.99
1818	87.99
1819	87.99
1820	87.99
1821	87.99
1822	87.99
1823	87.99
1824	87.99
1825	87.99
1826	87.99
1827	87.99
1828	87.99
1829	87.99
1830	87.99
1831	87.99
1832	87.99
1833	87.99
1834	87.99
1835	87.99
1836	87.99
1837	87.99
1838	87.99
1839	87.99
1840	87.99
1841	87.99
1842	87.99
1843	87.99
1844	87.99
1845	87.99
1846	87.99
1847	87.99
1848	87.99
1849	87.99
1850	87.99
1851	87.99
1852	87.99
1853	87.99
1854	87.99
1855	87.99
1856	87.99
1857	87.99
1858	87.99
1859	87.99
1860	87.99
1861	87.99
1862	87.99
1863	87.99
1864	87.99
1865	87.99
1866	87.99
1867	87.99
1868	87.99
1869	87.99
1870	87.99
1871	87.99
1872	87.99
1873	87.99
1874	87.99
1875	87.99
1876	87.99
1877	87.99
1878	87.99
1879	87.99
1880	87.99
1881	87.99
1882	87.99
1883	87.99
1884	87.99
1885	87.99
1886	87.99
1887	87.99
1888	87.99
1889	87.99
1890	87.99
1891	87.99
1892	87.99
1893	87.99
1894	87.99
1895	87.99
1896	87.99
1897	87.99
1898	87.99
1899	87.99
1900	87.99
1901	87.99
1902	87.99
1903	87.99
1904	87.99
1905	87.99
1906	87.99
1907	87.99
1908	87.99
1909	87.99
1910	87.99
1911	87.99
1912	87.99
1913	87.99
1914	87.99
1915	87.99
1916	87.99
1917	87.99
1918	87.99
1919	87.99
1920	87.99
1921	87.99
1922	87.99
1923	87.99
1924	87.99
1925	87.99
1926	87.99
1927	87.99
1928	87.99
1929	87.99
1930	87.99
1931	87.99
1932	87.99
1933	87.99
1934	87.99
1935	87.99
1936	87.99
1937	87.99
1938	87.99
1939	87.99
1940	87.99
1941	87.99
1942	87.99
1943	87.99
1944	87.99
1945	87.99
1946	87.99
1947	87.99
1948	87.99
1949	87.99
1950	87.99
1951	87.99
1952	87.99
1953	87.99
1954	87.99
1955	87.99
1956	87.99
1957	87.99
1958	87.99
1959	87.99
1960	87.99
1961	87.99
1962	87.99
1963	87.99
1964	87.99
1965	87.99
1966	87.99
1967	87.99
1968	87.99
1969	87.99
1970	87.99
1971	87.99
1972	87.99
1973	87.99
1974	87.99
1975	87.99
1976	87.99
1977	87.99
1978	87.99
1979	87.99
1980	87.99
1981	87.99
1982	87.99
1983	87.99
1984	87.99
1985	87.99
1986	87.99
1987	87.99
1988	87.99
1989	87.99
1990	87.99
1991	87.99
1992	87.99
1993	87.99
1994	87.99
1995	87.99
1996	87.99
1997	87.99
1998	87.99
1999	87.99
2000	87.99
2001	87.99
2002	87.99
2003	87.99
2004	87.99
2005	87.99
2006	87.99
2007	87.99
2008	87.99
2009	87.99
2010	87.99
2011	87.99
2012	87.99
2013	87.99
2014	87.99
2015	87.99
2016	87.99
2017	87.99
2018	87.99
2019	87.99
2020	87.99
2021	87.99
2022	87.99
2023	87.99
2024	87.99
2025	87.99
2026	87.99
2027	87.99
2028	87.99
2029	87.99
2030	87.99
2031	87.99
2032	87.99
2033	87.99
2034	87.99
2035	87.99
2036	87.99
2037	87.99
2038	87.99
2039	87.99
2040	87.99
2041	87.99
2042	87.99
2043	87.99
2044	87.99
2045	87.99
2046	87.99
2047	87.99
2048	87.99
2049	87.99
2050	87.99
2051	87.99
2052	87.99
2053	87.99
2054	87.99
2055	87.99
2056	87.99
2057	87.99
2058	87.99
2059	87.99
2060	87.99
2061	87.99
2062	87.99
2063	87.99
2064	87.99
2065	87.99
2066	87.99
2067	87.99
2068	87.99
2069	87.99
2070	87.99
2071	87.99
2072	87.99
2073	87.99
2074	87.99
2075	87.99
2076	87.99
2077	87.99
2078	87.99
2079	87.99
2080	87.99
2081	87.99
2082	87.99
2083	87.99
2084	87.99
2085	87.99
2086	87.99
2087	87.99
2088	87.99
2089	87.99
2090	87.99
2091	87.99
2092	87.99
2093	87.99
2094	87.99
2095	87.99
2096	87.99
2097	87.99
2098	87.99
2099	87.99
2100	87.99
2101	87.99
2102	87.99
2103	87.99
2104	87.99
2105	87.99
2106	87.99
2107	87.99
2108	87.99
2109	87.99
2110	87.99
2111	87.99
2112	87.99
2113	87.99
2114	87.99
2115	87.99
2116	87.99
2117	87.99
2118	87.99
2119	87.99
2120	87.99
2121	87.99
2122	87.99
2123	87.99
2124	87.99
2125	87.99
2126	87.99
2127	87.99
2128	87.99
2129	87.99
2130	87.99
2131	87.99
2132	87.99
2133	87.99
2134	87.99
2135	87.99
2136	87.99
2137	87.99
2138	87.99
2139	87.99
2140	87.99
2141	87.99
2142	87.99
2143	87.99
2144	87.99
2145	87.99
2146	87.99
2147	87.99
2148	87.99
2149	87.99
2150	87.99
2151	87.99
2152	87.99
2153	87.99
2154	87.99
2155	87.99
2156	87.99
2157	87.99
2158	87.99
2159	87.99
2160	87.99
2161	87.99
2162	87.99
2163	87.99
2164	87.99
2165	87.99
2166	87.99
2167	87.99
2168	87.99
2169	87.99
2170	87.99
2171	87.99
2172	87.99
2173	87.99
2174	87.99
2175	87.99
2176	87.99
2177	87.99
2178	87.99
2179	87.99
2180	87.99
2181	87.99
2182	87.99
2183	87.99
2184	87.99
2185	87.99
2186	87.99
2187	87.99
2188	87.99
2189	87.99
2190	87.99
2191	87.99
2192	87.99
2193	87.99
2194	87.99
2195	87.99
2196	87.99
2197	87.99
2198	87.99
2199	87.99
2200	87.99
2201	87.99
2202	87.99
2203	87.99
2204	87.99
2205	87.99
2206	87.99
2207	87.99
2208	87.99
2209	87.99
2210	87.99
2211	87.99
2212	87.99
2213	87.99
2214	87.99
2215	87.99
2216	87.99
2217	87.99
2218	87.99
2219	87.99
2220	87.99
2221	87.99
2222	87.99
2223	87.99
2224	87.99
2225	87.99
2226	87.99
2227	87.99
2228	87.99
2229	87.99
2230	87.99
2231	87.99
2232	87.99
2233	87.99
2234	87.99
2235	87.99
2236	87.99
2237	87.99
2238	87.99
2239	87.99
2240	87.99
2241	87.99
2242	87.99
2243	87.99
2244	87.99
2245	87.99
2246	87.99
2247	87.99
2248	87.99
2249	87.99
2250	87.99
2251	87.99
2252	87.99
2253	87.99
2254	87.99
2255	87.99
2256	87.99
2257	87.99
2258	87.99
2259	87.99
2260	87.99
2261	87.99
2262	87.99
2263	87.99
2264	87.99
2265	87.99
2266	87.99
2267	87.99
2268	87.99
2269	87.99
2270	87.99
2271	87.99
2272	87.99
2273	87.99
2274	87.99
2275	87.99
2276	87.99
2277	87.99
2278	87.99
2279	87.99
2280	87.99
2281	87.99
2282	87.99
2283	87.99
2284	87.99
2285	87.99
2286	87.99
2287	87.99
2288	87.99
2289	87.99
2290	87.99
2291	87.99
2292	87.99
2293	87.99
2294	87.99
2295	87.99
2296	87.99
2297	87.99
2298	87.99
2299	87.99
2300	87.99
2301	87.99
2302	87.99
2303	87.99
2304	87.99
2305	87.99
2306	87.99
2307	87.99
2308	87.99
2309	87.99
2310	87.99
2311	87.99
2312	87.99
2313	87.99
2314	87.99
2315	87.99
2316	87.99
2317	87.99
2318	87.99
2319	87.99
2320	87.99
2321	87.99
2322	87.99
2323	87.99
2324	87.99
2325	87.99
2326	87.99
2327	87.99
2328	87.99
2329	87.99
2330	87.99
2331	87.99
2332	87.99
2333	87.99
2334	87.99
2335	87.99
2336	87.99
2337	87.99
2338	87.99
2339	87.99
2340	87.99
2341	87.99
2342	87.99
2343	87.99
2344	87.99
2345	87.99
2346	87.99
2347	87.99
2348	87.99
2349	87.99
2350	87.99
2351	87.99
2352	87.99
2353	87.99
2354	87.99
2355	87.99
2356	87.99
2357	87.99
2358	87.99
2359	87.99
2360	87.99
2361	87.99
2362	87.99
2363	87.99
2364	87.99
2365	87.99
2366	87.99
2367	87.99
2368	87.99
2369	87.99
2370	87.99
2371	87.99
2372	87.99
2373	87.99
2374	87.99
2375	87.99
2376	87.99
2377	87.99
2378	87.99
2379	87.99
2380	87.99
2381	87.99
2382	87.99
2383	87.99
2384	87.99
2385	87.99
2386	87.99
2387	87.99
2388	87.99
2389	87.99
2390	87.99
2391	87.99
2392	87.99
2393	87.99
2394	87.99
2395	87.99
2396	87.99
2397	87.99
2398	87.99
2399	87.99
2400	87.99
2401	87.99
2402	87.99
2403	87.99
2404	87.99
2405	87.99
2406	87.99
2407	87.99
2408	87.99
2409	87.99
2410	87.99
2411	87.99
2412	87.99
2413	87.99
2414	87.99
2415	87.99
2416	87.99
2417	87.99
2418	87.99
2419	87.99
2420	87.99
2421	87.99
2422	87.99
2423	87.99
2424	87.99
2425	87.99
2426	87.99
2427	87.99
2428	87.99
2429	87.99
2430	87.99
2431	87.99
2432	87.99
2433	87.99
2434	87.99
2435	87.99
2436	87.99
2437	87.99
2438	87.99
2439	87.99
2440	87.99
2441	87.99
2442	87.99
2443	87.99
2444	87.99
2445	87.99
2446	87.99
2447	87.99
2448	87.99
2449	87.99
2450	87.99
2451	87.99
2452	87.99
2453	87.99
2454	87.99
2455	87.99
2456	87.99
2457	87.99
2458	87.99
2459	87.99
2460	87.99
2461	87.99
2462	87.99
2463	87.99
2464	87.99
2465	87.99
2466	87.99
2467	87.99
2468	87.99
2469	87.99
2470	87.99
2471	87.99
2472	87.99
2473	87.99
2474	87.99
2475	87.99
2476	87.99
2477	87.99
2478	87.99
2479	87.99
2480	87.99
2481	87.99
2482	87.99
2483	87.99
2484	87.99
2485	87.99
2486	87.99
2487	87.99
2488	87.99
2489	87.99
2490	87.99
2491	87.99
2492	87.99
2493	87.99
2494	87.99
2495	87.99
2496	87.99
2497	87.99
2498	87.99
2499	87.99
2500	87.99
2501	87.99
2502	87.99
2503	87.99
2504	87.99
2505	87.99
2506	87.99
2507	87.99
2508	87.99
2509	87.99
2510	87.99
2511	87.99
2512	87.99
2513	87.99
2514	87.99
2515	87.99
2516	87.99
2517	87.99
2518	87.99
2519	87.99
2520	87.99
2521	87.99
2522	87.99
2523	87.99
2524	87.99
2525	87.99
2526	87.99
2527	87.99
2528	87.99
2529	87.99
2530	87.99
2531	87.99
2532	87.99
2533	87.99
2534	87.99
2535	87.99
2536	87.99
2537	87.99
2538	87.99
2539	87.99
2540	87.99
2541	87.99
2542	87.99
2543	87.99
2544	87.99
2545	87.99
2546	87.99
2547	87.99
2548	87.99
2549	87.99
2550	87.99
2551	87.99
2552	87.99
2553	87.99
2554	87.99
2555	87.99
2556	87.99
2557	87.99
2558	87.99
2559	87.99
2560	87.99
2561	87.99
2562	87.99
2563	87.99
2564	87.99
2565	87.99
2566	87.99
2567	87.99
2568	87.99
2569	87.99
2570	87.99
2571	87.99
2572	87.99
2573	87.99
2574	87.99
2575	87.99
2576	87.99
2577	87.99
2578	87.99
2579	87.99
2580	87.99
2581	87.99
2582	87.99
2583	87.99
2584	87.99
2585	87.99
2586	87.99
2587	87.99
2588	87.99
2589	87.99
2590	87.99
2591	87.99
2592	87.99
2593	87.99
2594	87.99
2595	87.99
2596	87.99
2597	87.99
2598	87.99
2599	87.99
2600	87.99
2601	87.99
2602	87.99
2603	87.99
2604	87.99
2605	87.99
2606	87.99
2607	87.99
2608	87.99
2609	87.99
2610	87.99
2611	87.99
2612	87.99
2613	87.99
2614	87.99
2615	87.99
2616	87.99
2617	87.99
2618	87.99
2619	87.99
2620	87.99
2621	87.99
2622	87.99
2623	87.99
2624	87.99
2625	87.99
2626	87.99
2627	87.99
2628	87.99
2629	87.99
2630	87.99
2631	87.99
2632	87.99
2633	87.99
2634	87.99
2635	87.99
2636	87.99
2637	87.99
2638	87.99
2639	87.99
2640	87.99
2641	87.99
2642	87.99
2643	87.99
2644	87.99
2645	87.99
2646	87.99
2647	87.99
2648	87.99
2649	87.99
2650	87.99
2651	87.99
2652	87.99
2653	87.99
2654	87.99
2655	87.99
2656	87.99
2657	87.99
2658	87.99
2659	87.99
2660	87.99
2661	87.99
2662	87.99
2663	87.99
2664	87.99
2665	87.99
2666	87.99
2667	87.99
2668	87.99
2669	87.99
2670	87.99
2671	87.99
2672	87.99
2673	87.99
2674	87.99
2675	87.99
2676	87.99
2677	87.99
2678	87.99
2679	87.99
2680	87.99
2681	87.99
2682	87.99
2683	87.99
2684	87.99
2685	87.99
2686	87.99
2687	87.99
2688	87.99
2689	87.99
2690	87.99
2691	87.99
2692	87.99
2693	87.99
2694	87.99
2695	87.99
2696	87.99
2697	87.99
2698	87.99
2699	87.99
2700	87.99
2701	87.99
2702	87.99
2703	87.99
2704	87.99
2705	87.99
2706	87.99
2707	87.99
2708	87.99
2709	87.99
2710	87.99
2711	87.99
2712	87.99
2713	87.99
2714	87.99
2715	87.99
2716	87.99
2717	87.99
2718	87.99
2719	87.99
2720	87.99
2721	87.99
2722	87.99
2723	87.99
2724	87.99
2725	87.99
2726	87.99
2727	87.99
2728	87.99
2729	87.99
2730	87.99
2731	87.99
2732	87.99
2733	87.99
2734	87.99
2735	87.99
2736	87.99
2737	87.99
2738	87.99
2739	87.99
2740	87.99
2741	87.99
2742	87.99
2743	87.99
2744	87.99
2745	87.99
2746	87.99
2747	87.99
2748	87.99
2749	87.99
2750	87.99
2751	87.99
2752	87.99
2753	87.99
2754	87.99
2755	87.99
2756	87.99
2757	87.99
2758	87.99
2759	87.99
2760	87.99
2761	87.99
2762	87.99
2763	87.99
2764	87.99
2765	87.99
2766	87.99
2767	87.99
2768	87.99
2769	87.99
2770	87.99
2771	87.99
2772	87.99
2773	87.99
2774	87.99
2775	87.99
2776	87.99
2777	87.99
2778	87.99
2779	87.99
2780	87.99
2781	87.99
2782	87.99
2783	87.99
2784	87.99
2785	87.99
2786	87.99
2787	87.99
2788	87.99
2789	87.99
2790	87.99
2791	87.99
2792	87.99
2793	87.99
2794	87.99
2795	87.99
2796	87.99
2797	87.99
2798	87.99
2799	87.99
2800	87.99
2801	87.99
2802	87.99
2803	87.99
2804	87.99
2805	87.99
2806	87.99
2807	87.99
2808	87.99
2809	87.99
2810	87.99
2811	87.99
2812	87.99
2813	87.99
2814	87.99
2815	87.99
2816	87.99
2817	87.99
2818	87.99
2819	87.99
2820	87.99
2821	87.99
2822	87.99
2823	87.99
2824	87.99
2825	87.99
2826	87.99
2827	87.99
2828	87.99
2829	87.99
2830	87.99
2831	87.99
2832	87.99
2833	87.99
2834	87.99
2835	87.99
2836	87.99
2837	87.99
2838	87.99
2839	87.99
2840	87.99
2841	87.99
2842	87.99
2843	87.99
2844	87.99
2845	87.99
2846	87.99
2847	87.99
2848	87.99
2849	87.99
2850	87.99
2851	87.99
2852	87.99
2853	87.99
2854	87.99
2855	87.99
2856	87.99
2857	87.99
2858	87.99
2859	87.99
2860	87.99
2861	87.99
2862	87.99
2863	87.99
2864	87.99
2865	87.99
2866	87.99
2867	87.99
2868	87.99
2869	87.99
2870	87.99
2871	87.99
2872	87.99
2873	87.99
2874	87.99
2875	87.99
2876	87.99
2877	87.99
2878	87.99
2879	87.99
2880	87.99
2881	87.99
2882	87.99
2883	87.99
2884	87.99
2885	87.99
2886	87.99
2887	87.99
2888	87.99
2889	87.99
2890	87.99
2891	87.99
2892	87.99
2893	87.99
2894	87.99
2895	87.99
2896	87.99
2897	87.99
2898	87.99
2899	87.99
2900	87.99
2901	87.99
2902	87.99
2903	87.99
2904	87.99
2905	87.99
2906	87.99
2907	87.99
2908	87.99
2909	87.99
2910	87.99
2911	87.99
2912	87.99
2913	87.99
2914	87.99
2915	87.99
2916	87.99
2917	87.99
2918	87.99
2919	87.99
2920	87.99
2921	87.99
2922	87.99
2923	87.99
2924	87.99
2925	87.99
2926	87.99
2927	87.99
2928	87.99
2929	87.99
2930	87.99
2931	87.99
2932	87.99
2933	87.99
2934	87.99
2935	87.99
2936	87.99
2937	87.99
2938	87.99
2939	87.99
2940	87.99
2941	87.99
2942	87.99
2943	87.99
2944	87.99
2945	87.99
2946	87.99
2947	87.99
2948	87.99
2949	87.99
2950	87.99
2951	87.99
2952	87.99
2953	87.99
2954	87.99
2955	87.99
2956	87.99
2957	87.99
2958	87.99
2959	87.99
2960	87.99
2961	87.99
2962	87.99
2963	87.99
2964	87.99
2965	87.99
2966	87.99
2967	87.99
2968	87.99
2969	87.99
2970	87.99
2971	87.99
2972	87.99
2973	87.99
2974	87.99
2975	87.99
2976	87.99
2977	87.99
2978	87.99
2979	87.99
2980	87.99
2981	87.99
2982	87.99
2983	87.99
2984	87.99
2985	87.99
2986	87.99
2987	87.99
2988	87.99
2989	87.99
2990	87.99
2991	87.99
2992	87.99
2993	87.99
2994	87.99
2995	87.99
2996	87.99
2997	87.99
2998	87.99
2999	87.99
3000	87.99
3001	87.99
3002	87.99
3003	87.99
3004	87.99
3005	87.99
3006	87.99
3007	87.99
3008	87.99
3009	87.99
3010	87.99
3011	87.99
3012	87.99
3013	87.99
3014	87.99
3015	87.99
3016	87.99
3017	87.99
3018	87.99
3019	87.99
3020	87.99
3021	87.99
3022	87.99
3023	87.99
3024	87.99
3025	87.99
3026	87.99
3027	87.99
3028	87.99
3029	87.99
3030	87.99
3031	87.99
3032	87.99
3033	87.99
3034	87.99
3035	87.99
3036	87.99
3037	87.99
3038	87.99
3039	87.99
3040	87.99
3041	87.99
3042	87.99
3043	87.99
3044	87.99
3045	87.99
3046	87.99
3047	87.99
3048	87.99
3049	87.99
3050	87.99
3051	87.99
3052	87.99
3053	87.99
3054	87.99
3055	87.99
3056	87.99
3057	87.99
3058	87.99
3059	87.99
3060	87.99
3061	87.99
3062	87.99
3063	87.99
3064	87.99
3065	87.99
3066	87.99
3067	87.99
3068	87.99
3069	87.99
3070	87.99
3071	87.99
3072	87.99
3073	87.99
3074	87.99
3075	87.99
3076	87.99
3077	87.99
3078	87.99
3079	87.99
3080	87.99
3081	87.99
3082	87.99
3083	87.99
3084	87.99
3085	87.99
3086	87.99
3087	87.99
3088	87.99
3089	87.99
3090	87.99
3091	87.99
3092	87.99
3093	87.99
3094	87.99
3095	87.99
3096	87.99
3097	87.99
3098	87.99
3099	87.99
3100	87.99
3101	87.99
3102	87.99
3103	87.99
3104	87.99
3105	87.99
3106	87.99
3107	87.99
3108	87.99
3109	87.99
3110	87.99
3111	87.99
3112	87.99
3113	87.99
3114	87.99
3115	87.99
3116	87.99
3117	87.99
3118	87.99
3119	87.99
3120	87.99
3121	87.99
3122	87.99
3123	87.99
3124	87.99
3125	87.99
3126	87.99
3127	87.99
3128	87.99
3129	87.99
3130	87.99
3131	87.99
3132	87.99
3133	87.99
3134	87.99
3135	87.99
3136	87.99
3137	87.99
3138	87.99
3139	87.99
3140	87.99
3141	87.99
3142	87.99
3143	87.99
3144	87.99
3145	87.99
3146	87.99
3147	87.99
3148	87.99
3149	87.99
3150	87.99
3151	87.99
3152	87.99
3153	87.99
3154	87.99
3155	87.99
3156	87.99
3157	87.99
3158	87.99
3159	87.99
3160	87.99
3161	87.99
3162	87.99
3163	87.99
3164	87.99
3165	87.99
3166	87.99
3167	87.99
3168	87.99
3169	87.99
3170	87.99
3171	87.99
3172	87.99
3173	87.99
3174	87.99
3175	87.99
3176	87.99
3177	87.99
3178	87.99
3179	87.99
3180	87.99
3181	87.99
3182	87.99
3183	87.99
3184	87.99
3185	87.99
3186	87.99
3187	87.99
3188	87.99
3189	87.99
3190	87.99
3191	87.99
3192	87.99
3193	87.99
3194	87.99
3195	87.99
3196	87.99
3197	87.99
3198	87.99
3199	87.99
3200	87.99
3201	87.99
3202	87.99
3203	87.99
3204	87.99
3205	87.99
3206	87.99
3207	87.99
3208	87.99
3209	87.99
3210	87.99
3211	87.99
3212	87.99
3213	87.99
3214	87.99
3215	87.99
3216	87.99
3217	87.99
3218	87.99
3219	87.99
3220	87.99
3221	87.99
3222	87.99
3223	87.99
3224	87.99
3225	87.99
3226	87.99
3227	87.99
3228	87.99
3229	87.99
3230	87.99
3231	87.99
3232	87.99
3233	87.99
3234	87.99
3235	87.99
3236	87.99
3237	87.99
3238	87.99
3239	87.99
3240	87.99
3241	87.99
3242	87.99
3243	87.99
3244	87.99
3245	87.99
3246	87.99
3247	87.99
3248	87.99
3249	87.99
3250	87.99
3251	87.99
3252	87.99
3253	87.99
3254	87.99
3255	87.99
3256	87.99
3257	87.99
3258	87.99
3259	87.99
3260	87.99
3261	87.99
3262	87.99
3263	87.99
3264	87.99
3265	87.99
3266	87.99
3267	87.99
3268	87.99
3269	87.99
3270	87.99
3271	87.99
3272	87.99
3273	87.99
3274	87.99
3275	87.99
3276	87.99
3277	87.99
3278	87.99
3279	87.99
3280	87.99
3281	87.99
3282	87.99
3283	87.99
3284	87.99
3285	87.99
3286	87.99
3287	87.99
3288	87.99
3289	87.99
3290	87.99
3291	87.99
3292	87.99
3293	87.99
3294	87.99
3295	87.99
3296	87.99
3297	87.99
3298	87.99
3299	87.99
3300	87.99
3301	87.99
3302	87.99
3303	87.99
3304	87.99
3305	87.99
3306	87.99
3307	87.99
3308	87.99
3309	87.99
3310	87.99
3311	87.99
3312	87.99
3313	87.99
3314	87.99
3315	87.99
3316	87.99
3317	87.99
3318	87.99
3319	87.99
3320	87.99
3321	87.99
3322	87.99
3323	87.99
3324	87.99
3325	87.99
3326	87.99
3327	87.99
3328	87.99
3329	87.99
3330	87.99
3331	87.99
3332	87.99
3333	87.99
3334	87.99
3335	87.99
3336	87.99
3337	87.99
3338	87.99
3339	87.99
3340	87.99
3341	87.99
3342	87.99
3343	87.99
3344	87.99
3345	87.99
3346	87.99
3347	87.99
3348	87.99
3349	87.99
3350	87.99
3351	87.99
3352	87.99
3353	87.99
3354	87.99
3355	87.99
3356	87.99
3357	87.99
3358	87.99
3359	87.99
3360	87.99
3361	87.99
3362	87.99
3363	87.99
3364	87.99
3365	87.99
3366	87.99
3367	87.99
3368	87.99
3369	87.99
3370	87.99
3371	87.99
3372	87.99
3373	87.99
3374	87.99
3375	87.99
3376	87.99
3377	87.99
3378	87.99
3379	87.99
3380	87.99
3381	87.99
3382	87.99
3383	87.99
3384	87.99
3385	87.99
3386	87.99
3387	87.99
3388	87.99
3389	87.99
3390	87.99
3391	87.99
3392	87.99
3393	87.99
3394	87.99
3395	87.99
3396	87.99
3397	87.99
3398	87.99
3399	87.99
3400	87.99
3401	87.99
3402	87.99
3403	87.99
3404	87.99
3405	87.99
3406	87.99
3407	87.99
3408	87.99
3409	87.99
3410	87.99
3411	87.99
3412	87.99
3413	87.99
3414	87.99
3415	87.99
3416	87.99
3417	87.99
3418	87.99
3419	87.99
3420	87.99
3421	87.99
3422	87.99
3423	87.99
3424	87.99
3425	87.99
3426	87.99
3427	87.99
3428	87.99
3429	87.99
3430	87.99
3431	87.99
3432	87.99
3433	87.99
3434	87.99
3435	87.99
3436	87.99
3437	87.99
3438	87.99
3439	87.99
3440	87.99
3441	87.99
3442	87.99
3443	87.99
3444	87.99
3445	87.99
3446	87.99
3447	87.99
3448	87.99
3449	87.99
3450	87.99
3451	87.99
3452	87.99
3453	87.99
3454	87.99
3455	87.99
3456	87.99
3457	87.99
3458	87.99
3459	87.99
3460	87.99
3461	87.99
3462	87.99
3463	87.99
3464	87.99
3465	87.99
3466	87.99
3467	87.99
3468	87.99
3469	87.99
3470	87.99
3471	87.99
3472	87.99
3473	87.99
3474	87.99
3475	87.99
3476	87.99
3477	87.99
3478	87.99
3479	87.99
3480	87.99
3481	87.99
3482	87.99
3483	87.99
3484	87.99
3485	87.99
3486	87.99
3487	87.99
3488	87.99
3489	87.99
3490	87.99
3491	87.99
3492	87.99
3493	87.99
3494	87.99
3495	87.99
3496	87.99
3497	87.99
3498	87.99
3499	87.99
3500	87.99
3501	87.99
3502	87.99
3503	87.99
3504	87.99
3505	87.99
3506	87.99
3507	87.99
3508	87.99
3509	87.99
3510	87.99
3511	87.99
3512	87.99
3513	87.99
3514	87.99
3515	87.99
3516	87.99
3517	87.99
3518	87.99
3519	87.99
3520	87.99
3521	87.99
3522	87.99
3523	87.99
3524	87.99
3525	87.99
3526	87.99
3527	87.99
3528	87.99
3529	87.99
3530	87.99
3531	87.99
3532	87.99
3533	87.99
3534	87.99
3535	87.99
3536	87.99
3537	87.99
3538	87.99
3539	87.99
3540	87.99
3541	87.99
3542	87.99
3543	87.99
3544	87.99
3545	87.99
3546	87.99
3547	87.99
3548	87.99
3549	87.99
3550	87.99
3551	87.99
3552	87.99
3553	87.99
3554	87.99
3555	87.99
3556	87.99
3557	87.99
3558	87.99
3559	87.99
3560	87.99
3561	87.99
3562	87.99
3563	87.99
3564	87.99
3565	87.99
3566	87.99
3567	87.99
3568	87.99
3569	87.99
3570	87.99
3571	87.99
3572	87.99
3573	87.99
3574	87.99
3575	87.99
3576	87.99
3577	87.99
3578	87.99
3579	87.99
3580	87.99
3581	87.99
3582	87.99
3583	87.99
3584	87.99
3585	87.99
3586	87.99
3587	87.99
3588	87.99
3589	87.99
3590	87.99
3591	87.99
3592	87.99
3593	87.99
3594	87.99
3595	87.99
3596	87.99
3597	87.99
3598	87.99
3599	87.99
3600	87.99
3601	87.99
3602	87.99
3603	87.99
3604	87.99
3605	87.99
3606	87.99
3607	87.99
3608	87.99
3609	87.99
3610	87.99
3611	87.99
3612	87.99
3613	87.99
3614	87.99
3615	87.99
3616	87.99
3617	87.99
3618	87.99
3619	87.99
3620	87.99
3621	87.99
3622	87.99
3623	87.99
3624	87.99
3625	87.99
3626	87.99
3627	87.99
3628	87.99
3629	87.99
3630	87.99
3631	87.99
3632	87.99
3633	87.99
3634	87.99
3635	87.99
3636	87.99
3637	87.99
3638	87.99
3639	87.99
3640	87.99
3641	87.99
3642	87.99
3643	87.99
3644	87.99
3645	87.99
3646	87.99
3647	87.99
3648	87.99
3649	87.99
3650	87.99
3651	87.99
3652	87.99
3653	87.99
3654	87.99
3655	87.99
3656	87.99
3657	87.99
3658	87.99
3659	87.99
3660	87.99
3661	87.99
3662	87.99
3663	87.99
3664	87.99
3665	87.99
3666	87.99
3667	87.99
3668	87.99
3669	87.99
3670	87.99
3671	87.99
3672	87.99
3673	87.99
3674	87.99
3675	87.99
3676	87.99
3677	87.99
3678	87.99
3679	87.99
3680	87.99
3681	87.99
3682	87.99
3683	87.99
3684	87.99
3685	87.99
3686	87.99
3687	87.99
3688	87.99
3689	87.99
3690	87.99
3691	87.99
3692	87.99
3693	87.99
3694	87.99
3695	87.99
3696	87.99
3697	87.99
3698	87.99
3699	87.99
3700	87.99
3701	87.99
3702	87.99
3703	87.99
3704	87.99
3705	87.99
3706	87.99
3707	87.99
3708	87.99
3709	87.99
3710	87.99
3711	87.99
3712	87.99
3713	87.99
3714	87.99
3715	87.99
3716	87.99
3717	87.99
3718	87.99
3719	87.99
3720	87.99
3721	87.99
3722	87.99
3723	87.99
3724	87.99
3725	87.99
3726	87.99
3727	87.99
3728	87.99
3729	87.99
3730	87.99
3731	87.99
3732	87.99
3733	87.99
3734	87.99
3735	87.99
3736	87.99
3737	87.99
3738	87.99
3739	87.99
3740	87.99
3741	87.99
3742	87.99
3743	87.99
3744	87.99
3745	87.99
3746	87.99
3747	87.99
3748	87.99
3749	87.99
3750	87.99
3751	87.99
3752	87.99
3753	87.99
3754	87.99
3755	87.99
3756	87.99
3757	87.99
3758	87.99
3759	87.99
3760	87.99
3761	87.99
3762	87.99
3763	87.99
3764	87.99
3765	87.99
3766	87.99
3767	87.99
3768	87.99
3769	87.99
3770	87.99
3771	87.99
3772	87.99
3773	87.99
3774	87.99
3775	87.99
3776	87.99
3777	87.99
3778	87.99
3779	87.99
3780	87.99
3781	87.99
3782	87.99
3783	87.99
3784	87.99
3785	87.99
3786	87.99
3787	87.99
3788	87.99
3789	87.99
3790	87.99
3791	87.99
3792	87.99
3793	87.99
3794	87.99
3795	87.99
3796	87.99
3797	87.99
3798	87.99
3799	87.99
3800	87.99
3801	87.99
3802	87.99
3803	87.99
3804	87.99
3805	87.99
3806	87.99
3807	87.99
3808	87.99
3809	87.99
3810	87.99
3811	87.99
3812	87.99
3813	87.99
3814	87.99
3815	87.99
3816	87.99
3817	87.99
3818	87.99
3819	87.99
3820	87.99
3821	87.99
3822	87.99
3823	87.99
3824	87.99
3825	87.99
3826	87.99
3827	87.99
3828	87.99
3829	87.99
3830	87.99
3831	87.99
3832	87.99
3833	87.99
3834	87.99
3835	87.99
3836	87.99
3837	87.99
3838	87.99
3839	87.99
3840	87.99
3841	87.99
3842	87.99
3843	87.99
3844	87.99
3845	87.99
3846	87.99
3847	87.99
3848	87.99
3849	87.99
3850	87.99
3851	87.99
3852	87.99
3853	87.99
3854	87.99
3855	87.99
3856	87.99
3857	87.99
3858	87.99
3859	87.99
3860	87.99
3861	87.99
3862	87.99
3863	87.99
3864	87.99
3865	87.99
3866	87.99
3867	87.99
3868	87.99
3869	87.99
3870	87.99
3871	87.99
3872	87.99
3873	87.99
3874	87.99
3875	87.99
3876	87.99
3877	87.99
3878	87.99
3879	87.99
3880	87.99
3881	87.99
3882	87.99
3883	87.99
3884	87.99
3885	87.99
3886	87.99
3887	87.99
3888	87.99
3889	87.99
3890	87.99
3891	87.99
3892	87.99
3893	87.99
3894	87.99
3895	87.99
3896	87.99
3897	87.99
3898	87.99
3899	87.99
3900	87.99
3901	87.99
3902	87.99
3903	87.99
3904	87.99
3905	87.99
3906	87.99
3907	87.99
3908	87.99
3909	87.99
3910	87.99
3911	87.99
3912	87.99
3913	87.99
3914	87.99
3915	87.99
3916	87.99
3917	87.99
3918	87.99
3919	87.99
3920	87.99
3921	87.99
3922	87.99
3923	87.99
3924	87.99
3925	87.99
3926	87.99
3927	87.99
3928	87.99
3929	87.99
3930	87.99
3931	87.99
3932	87.99
3933	87.99
3934	87.99
3935	87.99
3936	87.99
3937	87.99
3938	87.99
3939	87.99
3940	87.99
3941	87.99
3942	87.99
3943	87.99
3944	87.99
3945	87.99
3946	87.99
3947	87.99
3948	87.99
3949	87.99
3950	87.99
3951	87.99
3952	87.99
3953	87.99
3954	87.99
3955	87.99
3956	87.99
3957	87.99
3958	87.99
3959	87.99
3960	87.99
3961	87.99
3962	87.99
3963	87.99
3964	87.99
3965	87.99
3966	87.99
3967	87.99
3968	87.99
3969	87.99
3970	87.99
3971	87.99
3972	87.99
3973	87.99
3974	87.99
3975	87.99
3976	87.99
3977	87.99
3978	87.99
3979	87.99
3980	87.99
3981	87.99
3982	87.99
3983	87.99
3984	87.99
3985	87.99
3986	87.99
3987	87.99
3988	87.99
3989	87.99
3990	87.99
3991	87.99
3992	87.99
3993	87.99
3994	87.99
3995	87.99
3996	87.99
3997	87.99
3998	87.99
3999	87.99
4000	87.99
4001	87.99
4002	87.99
4003	87.99
4004	87.99
4005	87.99
4006	87.99
4007	87.99
4008	87.99
4009	87.99
4010	87.99
4011	87.99
4012	87.99
4013	87.99
4014	87.99
4015	87.99
4016	87.99
4017	87.99
4018	87.99
4019	87.99
4020	87.99
4021	87.99
4022	87.99
4023	87.99
4024	87.99
4025	87.99
4026	87.99
4027	87.99
4028	87.99
4029	87.99
4030	87.99
4031	87.99
4032	87.99
4033	87.99
4034	87.99
4035	87.99
4036	87.99
4037	87.99
4038	87.99
4039	87.99
4040	87.99
4041	87.99
4042	87.99
4043	87.99
4044	87.99
4045	87.99
4046	87.99
4047	87.99
4048	87.99
4049	87.99
4050	87.99
4051	87.99
4052	87.99
4053	87.99
4054	87.99
4055	87.99
4056	87.99
4057	87.99
4058	87.99
4059	87.99
4060	87.99
4061	87.99
4062	87.99
4063	87.99
4064	87.99
4065	87.99
4066	87.99
4067	87.99
4068	87.99
4069	87.99
4070	87.99
4071	87.99
4072	87.99
4073	87.99
4074	87.99
4075	87.99
4076	87.99
4077	87.99
4078	87.99
4079	87.99
4080	87.99
4081	87.99
4082	87.99
4083	87.99
4084	87.99
4085	87.99
4086	87.99
4087	87.99
4088	87.99
4089	87.99
4090	87.99
4091	87.99
4092	87.99
4093	87.99
4094	87.99
4095	87.99
4096	87.99
4097	87.99
4098	87.99
4099	87.99
4100	87.99
4101	87.99
4102	87.99
4103	87.99
4104	87.99
4105	87.99
4106	87.99
4107	87.99
4108	87.99
4109	87.99
4110	87.99
4111	87.99
4112	87.99
4113	87.99
4114	87.99
4115	87.99
4116	87.99
4117	87.99
4118	87.99
4119	87.99
4120	87.99
4121	87.99
4122	87.99
4123	87.99
4124	87.99
4125	87.99
4126	87.99
4127	87.99
4128	87.99
4129	87.99
4130	87.99
4131	87.99
4132	87.99
4133	87.99
4134	87.99
4135	87.99
4136	87.99
4137	87.99
4138	87.99
4139	87.99
4140	87.99
4141	87.99
4142	87.99
4143	87.99
4144	87.99
4145	87.99
4146	87.99
4147	87.99
4148	87.99
4149	87.99
4150	87.99
4151	87.99
4152	87.99
4153	87.99
4154	87.99
4155	87.99
4156	87.99
4157	87.99
4158	87.99
4159	87.99
4160	87.99
4161	87.99
4162	87.99
4163	87.99
4164	87.99
4165	87.99
4166	87.99
4167	87.99
4168	87.99
4169	87.99
4170	87.99
4171	87.99
4172	87.99
4173	87.99
4174	87.99
4175	87.99
4176	87.99
4177	87.99
4178	87.99
4179	87.99
4180	87.99
4181	87.99
4182	87.99
4183	87.99
4184	87.99
4185	87.99
4186	87.99
4187	87.99
4188	87.99
4189	87.99
4190	87.99
4191	87.99
4192	87.99
4193	87.99
4194	87.99
4195	87.99
4196	87.99
4197	87.99
4198	87.99
4199	87.99
4200	87.99
4201	87.99
4202	87.99
4203	87.99
4204	87.99
4205	87.99
4206	87.99
4207	87.99
4208	87.99
4209	87.99
4210	87.99
4211	87.99
4212	87.99
4213	87.99
4214	87.99
4215	87.99
4216	87.99
4217	87.99
4218	87.99
4219	87.99
4220	87.99
4221	87.99
4222	87.99
4223	87.99
4224	87.99
4225	87.99
4226	87.99
4227	87.99
4228	87.99
4229	87.99
4230	87.99
4231	87.99
4232	87.99
4233	87.99
4234	87.99
4235	87.99
4236	87.99
4237	87.99
4238	87.99
4239	87.99
4240	87.99
4241	87.99
4242	87.99
4243	87.99
4244	87.99
4245	87.99
4246	87.99
4247	87.99
4248	87.99
4249	87.99
4250	87.99
4251	87.99
4252	87.99
4253	87.99
4254	87.99
4255	87.99
4256	87.99
4257	87.99
4258	87.99
4259	87.99
4260	87.99
4261	87.99
4262	87.99
4263	87.99
4264	87.99
4265	87.99
4266	87.99
4267	87.99
4268	87.99
4269	87.99
4270	87.99
4271	87.99
4272	87.99
4273	87.99
4274	87.99
4275	87.99
4276	87.99
4277	87.99
4278	87.99
4279	87.99
4280	87.99
4281	87.99
4282	87.99
4283	87.99
4284	87.99
4285	87.99
4286	87.99
4287	87.99
4288	87.99
4289	87.99
4290	87.99
4291	87.99
4292	87.99
4293	87.99
4294	87.99
4295	87.99
4296	87.99
4297	87.99
4298	87.99
4299	87.99
4300	87.99
4301	87.99
4302	87.99
4303	87.99
4304	87.99
4305	87.99
4306	87.99
4307	87.99
4308	87.99
4309	87.99
4310	87.99
4311	87.99
4312	87.99
4313	87.99
4314	87.99
4315	87.99
4316	87.99
4317	87.99
4318	87.99
4319	87.99
4320	87.99
4321	87.99
4322	87.99
4323	87.99
4324	87.99
4325	87.99
4326	87.99
4327	87.99
4328	87.99
4329	87.99
4330	87.99
4331	87.99
4332	87.99
4333	87.99
4334	87.99
4335	87.99
4336	87.99
4337	87.99
4338	87.99
4339	87.99
4340	87.99
4341	87.99
4342	87.99
4343	87.99
4344	87.99
4345	87.99
4346	87.99
4347	87.99
4348	87.99
4349	87.99
4350	87.99
4351	87.99
4352	87.99
4353	87.99
4354	87.99
4355	87.99
4356	87.99
4357	87.99
4358	87.99
4359	87.99
4360	87.99
4361	87.99
4362	87.99
4363	87.99
4364	87.99
4365	87.99
4366	87.99
4367	87.99
4368	87.99
4369	87.99
4370	87.99
4371	87.99
4372	87.99
4373	87.99
4374	87.99
4375	87.99
4376	87.99
4377	87.99
4378	87.99
4379	87.99
4380	87.99
4381	87.99
4382	87.99
4383	87.99
4384	87.99
4385	87.99
4386	87.99
4387	87.99
4388	87.99
4389	87.99
4390	87.99
4391	87.99
4392	87.99
4393	87.99
4394	87.99
4395	87.99
4396	87.99
4397	87.99
4398	87.99
4399	87.99
4400	87.99
4401	87.99
4402	87.99
4403	87.99
4404	87.99
4405	87.99
4406	87.99
4407	87.99
4408	87.99
4409	87.99
4410	87.99
4411	87.99
4412	87.99
4413	87.99
4414	87.99
4415	87.99
4416	87.99
4417	87.99
4418	87.99
4419	87.99
4420	87.99
4421	87.99
4422	87.99
4423	87.99
4424	87.99
4425	87.99
4426	87.99
4427	87.99
4428	87.99
4429	87.99
4430	87.99
4431	87.99
4432	87.99
4433	87.99
4434	87.99
4435	87.99
4436	87.99
4437	87.99
4438	87.99
4439	87.99
4440	87.99
4441	87.99
4442	87.99
4443	87.99
4444	87.99
4445	87.99
4446	87.99
4447	87.99
4448	87.99
4449	87.99
4450	87.99
4451	87.99
4452	87.99
4453	87.99
4454	87.99
4455	87.99
4456	87.99
4457	87.99
4458	87.99
4459	87.99
4460	87.99
4461	87.99
4462	87.99
4463	87.99
4464	87.99
4465	87.99
4466	87.99
4467	87.99
4468	87.99
4469	87.99
4470	87.99
4471	87.99
4472	87.99
4473	87.99
4474	87.99
4475	87.99
4476	87.99
4477	87.99
4478	87.99
4479	87.99
4480	87.99
4481	87.99
4482	87.99
4483	87.99
4484	87.99
4485	87.99
4486	87.99
4487	87.99
4488	87.99
4489	87.99
4490	87.99
4491	87.99
4492	87.99
4493	87.99
4494	87.99
4495	87.99
4496	87.99
4497	87.99
4498	87.99
4499	87.99
4500	87.99
4501	87.99
4502	87.99
4503	87.99
4504	87.99
4505	87.99
4506	87.99
4507	87.99
4508	87.99
4509	87.99
4510	87.99
4511	87.99
4512	87.99
4513	87.99
4514	87.99
4515	87.99
4516	87.99
4517	87.99
4518	87.99
4519	87.99
4520	87.99
4521	87.99
4522	87.99
4523	87.99
4524	87.99
4525	87.99
4526	87.99
4527	87.99
4528	87.99
4529	87.99
4530	87.99
4531	87.99
4532	87.99
4533	87.99
4534	87.99
4535	87.99
4536	87.99
4537	87.99
4538	87.99
4539	87.99
4540	87.99
4541	87.99
4542	87.99
4543	87.99
4544	87.99
4545	87.99
4546	87.99
4547	87.99
4548	87.99
4549	87.99
4550	87.99
4551	87.99
4552	87.99
4553	87.99
4554	87.99
4555	87.99
4556	87.99
4557	87.99
4558	87.99
4559	87.99
4560	87.99
4561	87.99
4562	87.99
4563	87.99
4564	87.99
4565	87.99
4566	87.99
4567	87.99
4568	87.99
4569	87.99
4570	87.99
4571	87.99
4572	87.99
4573	87.99
4574	87.99
4575	87.99
4576	87.99
4577	87.99
4578	87.99
4579	87.99
4580	87.99
4581	87.99
4582	87.99
4583	87.99
4584	87.99
4585	87.99
4586	87.99
4587	87.99
4588	87.99
4589	87.99
4590	87.99
4591	87.99
4592	87.99
4593	87.99
4594	87.99
4595	87.99
4596	87.99
4597	87.99
4598	87.99
4599	87.99
4600	87.99
4601	87.99
4602	87.99
4603	87.99
4604	87.99
4605	87.99
4606	87.99
4607	87.99
4608	87.99
4609	87.99
4610	87.99
4611	87.99
4612	87.99
4613	87.99
4614	87.99
4615	87.99
4616	87.99
4617	87.99
4618	87.99
4619	87.99
4620	87.99
4621	87.99
4622	87.99
4623	87.99
4624	87.99
4625	87.99
4626	87.99
4627	87.99
4628	87.99
4629	87.99
4630	87.99
4631	87.99
4632	87.99
4633	87.99
4634	87.99
4635	87.99
4636	87.99
4637	87.99
4638	87.99
4639	87.99
4640	87.99
4641	87.99
4642	87.99
4643	87.99
4644	87.99
4645	87.99
4646	87.99
4647	87.99
4648	87.99
4649	87.99
4650	87.99
4651	87.99
4652	87.99
4653	87.99
4654	87.99
4655	87.99
4656	87.99
4657	87.99
4658	87.99
4659	87.99
4660	87.99
4661	87.99
4662	87.99
4663	87.99
4664	87.99
4665	87.99
4666	87.99
4667	87.99
4668	87.99
4669	87.99
4670	87.99
4671	87.99
4672	87.99
4673	87.99
4674	87.99
4675	87.99
4676	87.99
4677	87.99
4678	87.99
4679	87.99
4680	87.99
4681	87.99
4682	87.99
4683	87.99
4684	87.99
4685	87.99
4686	87.99
4687	87.99
4688	87.99
4689	87.99
4690	87.99
4691	87.99
4692	87.99
4693	87.99
4694	87.99
4695	87.99
4696	87.99
4697	87.99
4698	87.99
4699	87.99
4700	87.99
4701	87.99
4702	87.99
4703	87.99
4704	87.99
4705	87.99
4706	87.99
4707	87.99
4708	87.99
4709	87.99
4710	87.99
4711	87.99
4712	87.99
4713	87.99
4714	87.99
4715	87.99
4716	87.99
4717	87.99
4718	87.99
4719	87.99
4720	87.99
4721	87.99
4722	87.99
4723	87.99
4724	87.99
4725	87.99
4726	87.99
4727	87.99
4728	87.99
4729	87.99
4730	87.99
4731	87.99
4732	87.99
4733	87.99
4734	87.99
4735	87.99
4736	87.99
4737	87.99
4738	87.99
4739	87.99
4740	87.99
4741	87.99
4742	87.99
4743	87.99
4744	87.99
4745	87.99
4746	87.99
4747	87.99
4748	87.99
4749	87.99
4750	87.99
4751	87.99
4752	87.99
4753	87.99
4754	87.99
4755	87.99
4756	87.99
4757	87.99
4758	87.99
4759	87.99
4760	87.99
4761	87.99
4762	87.99
4763	87.99
4764	87.99
4765	87.99
4766	87.99
4767	87.99
4768	87.99
4769	87.99
4770	87.99
4771	87.99
4772	87.99
4773	87.99
4774	87.99
4775	87.99
4776	87.99
4777	87.99
4778	87.99
4779	87.99
4780	87.99
4781	87.99
4782	87.99
4783	87.99
4784	87.99
4785	87.99
4786	87.99
4787	87.99
4788	87.99
4789	87.99
4790	87.99
4791	87.99
4792	87.99
4793	87.99
4794	87.99
4795	87.99
4796	87.99
4797	87.99
4798	87.99
4799	87.99
4800	87.99
4801	87.99
4802	87.99
4803	87.99
4804	87.99
4805	87.99
4806	87.99
4807	87.99
4808	87.99
4809	87.99
4810	87.99
4811	87.99
4812	87.99
4813	87.99
4814	87.99
4815	87.99
4816	87.99
4817	87.99
4818	87.99
4819	87.99
4820	87.99
4821	87.99
4822	87.99
4823	87.99
4824	87.99
4825	87.99
4826	87.99
4827	87.99
4828	87.99
4829	87.99
4830	87.99
4831	87.99
4832	87.99
4833	87.99
4834	87.99
4835	87.99
4836	87.99
4837	87.99
4838	87.99
4839	87.99
4840	87.99
4841	87.99
4842	87.99
4843	87.99
4844	87.99
4845	87.99
4846	87.99
4847	87.99
4848	87.99
4849	87.99
4850	87.99
4851	87.99
4852	87.99
4853	87.99
4854	87.99
4855	87.99
4856	87.99
4857	87.99
4858	87.99
4859	87.99
4860	87.99
4861	87.99
4862	87.99
4863	87.99
4864	87.99
4865	87.99
4866	87.99
4867	87.99
4868	87.99
4869	87.99
4870	87.99
4871	87.99
4872	87.99
4873	87.99
4874	87.99
4875	87.99
4876	87.99
4877	87.99
4878	87.99
4879	87.99
4880	87.99
4881	87.99
4882	87.99
4883	87.99
4884	87.99
4885	87.99
4886	87.99
4887	87.99
4888	87.99
4889	87.99
4890	87.99
4891	87.99
4892	87.99
4893	87.99
4894	87.99
4895	87.99
4896	87.99
4897	87.99
4898	87.99
4899	87.99
4900	87.99
4901	87.99
4902	87.99
4903	87.99
4904	87.99
4905	87.99
4906	87.99
4907	87.99
4908	87.99
4909	87.99
4910	87.99
4911	87.99
4912	87.99
4913	87.99
4914	87.99
4915	87.99
4916	87.99
4917	87.99
4918	87.99
4919	87.99
4920	87.99
4921	87.99
4922	87.99
4923	87.99
4924	87.99
4925	87.99
4926	87.99
4927	87.99
4928	87.99
4929	87.99
4930	87.99
4931	87.99
4932	87.99
4933	87.99
4934	87.99
4935	87.99
4936	87.99
4937	87.99
4938	87.99
4939	87.99
4940	87.99
4941	87.99
4942	87.99
4943	87.99
4944	87.99
4945	87.99
4946	87.99
4947	87.99
4948	87.99
4949	87.99
4950	87.99
4951	87.99
4952	87.99
4953	87.99
4954	87.99
4955	87.99
4956	87.99
4957	87.99
4958	87.99
4959	87.99
4960	87.99
4961	87.99
4962	87.99
4963	87.99
4964	87.99
4965	87.99
4966	87.99
4967	87.99
4968	87.99
4969	87.99
4970	87.99
4971	87.99
4972	87.99
4973	87.99
4974	87.99
4975	87.99
4976	87.99
4977	87.99
4978	87.99
4979	87.99
4980	87.99
4981	87.99
4982	87.99
4983	87.99
4984	87.99
4985	87.99
4986	87.99
4987	87.99
4988	87.99
4989	87.99
4990	87.99
4991	87.99
4992	87.99
4993	87.99
4994	87.99
