0	0.88
1	0.88
2	0.88
3	0.88
4	0.88
5	0.88
6	0.88
7	0.88
8	0.88
9	0.88
10	0.88
11	0.88
12	0.88
13	0.88
14	0.88
15	0.88
16	0.88
17	0.88
18	0.88
19	0.88
20	0.88
21	0.88
22	0.88
23	0.88
24	0.88
25	0.88
26	0.88
27	0.88
28	0.88
29	0.88
30	0.88
31	0.88
32	0.88
33	0.88
34	0.88
35	0.88
36	0.88
37	0.88
38	0.88
39	0.88
40	0.88
41	0.88
42	0.88
43	0.88
44	0.88
45	0.88
46	0.88
47	0.88
48	0.88
49	0.88
50	0.88
51	0.88
52	0.88
53	0.88
54	0.88
55	0.88
56	0.88
57	0.88
58	0.88
59	0.88
60	0.88
61	0.88
62	0.88
63	0.88
64	0.88
65	0.88
66	0.88
67	0.88
68	0.88
69	0.88
70	0.88
71	0.88
72	0.88
73	0.88
74	0.88
75	0.88
76	0.88
77	0.88
78	0.88
79	0.88
80	0.88
81	0.88
82	0.88
83	0.88
84	0.88
85	0.88
86	0.88
87	0.88
88	0.88
89	0.88
90	0.88
91	0.88
92	0.88
93	0.88
94	0.88
95	0.88
96	0.88
97	0.88
98	0.88
99	0.88
100	0.88
101	0.88
102	0.88
103	0.88
104	0.88
105	0.88
106	0.88
107	0.88
108	0.88
109	0.88
110	0.88
111	0.88
112	0.88
113	0.88
114	0.88
115	0.88
116	0.88
117	0.88
118	0.88
119	0.88
120	0.88
121	0.88
122	0.88
123	0.88
124	0.88
125	0.88
126	0.88
127	0.88
128	0.88
129	0.88
130	0.88
131	0.88
132	0.88
133	0.88
134	0.88
135	0.88
136	0.88
137	0.88
138	0.88
139	0.88
140	0.88
141	0.88
142	0.88
143	0.88
144	0.88
145	0.88
146	0.88
147	0.88
148	0.88
149	0.88
150	0.88
151	0.88
152	0.88
153	0.88
154	0.88
155	0.88
156	0.88
157	0.88
158	0.88
159	0.88
160	0.88
161	0.88
162	0.88
163	0.88
164	0.88
165	0.88
166	0.88
167	0.88
168	0.88
169	0.88
170	0.88
171	0.88
172	0.88
173	0.88
174	0.88
175	0.88
176	0.88
177	0.88
178	0.88
179	0.88
180	0.88
181	0.88
182	0.88
183	0.88
184	0.88
185	0.88
186	0.88
187	0.88
188	0.88
189	0.88
190	0.88
191	0.88
192	0.88
193	0.88
194	0.88
195	0.88
196	0.88
197	0.88
198	0.88
199	0.88
200	0.88
201	0.88
202	0.88
203	0.88
204	0.88
205	0.88
206	0.88
207	0.88
208	0.88
209	0.88
210	0.88
211	0.88
212	0.88
213	0.88
214	0.88
215	0.88
216	0.88
217	0.88
218	0.88
219	0.88
220	0.88
221	0.88
222	0.88
223	0.88
224	0.88
225	0.88
226	0.88
227	0.88
228	0.88
229	0.88
230	0.88
231	0.88
232	0.88
233	0.88
234	0.88
235	0.88
236	0.88
237	0.88
238	0.88
239	0.88
240	0.88
241	0.88
242	0.88
243	0.88
244	0.88
245	0.88
246	0.88
247	0.88
248	0.88
249	0.88
250	0.88
251	0.88
252	0.88
253	0.88
254	0.88
255	0.88
256	0.88
257	0.88
258	0.88
259	0.88
260	0.88
261	0.88
262	0.88
263	0.88
264	0.88
265	0.88
266	0.88
267	0.88
268	0.88
269	0.88
270	0.88
271	0.88
272	0.88
273	0.88
274	0.88
275	0.88
276	0.88
277	0.88
278	0.88
279	0.88
280	0.88
281	0.88
282	0.88
283	0.88
284	0.88
285	0.88
286	0.88
287	0.88
288	0.88
289	0.88
290	0.88
291	0.88
292	0.88
293	0.88
294	0.88
295	0.88
296	0.88
297	0.88
298	0.88
299	0.88
300	0.88
301	0.88
302	0.88
303	0.88
304	0.88
305	0.88
306	0.88
307	0.88
308	0.88
309	0.88
310	0.88
311	0.88
312	0.88
313	0.88
314	0.88
315	0.88
316	0.88
317	0.88
318	0.88
319	0.88
320	0.88
321	0.88
322	0.88
323	0.88
324	0.88
325	0.88
326	0.88
327	0.88
328	0.88
329	0.88
330	0.88
331	0.88
332	0.88
333	0.88
334	0.88
335	0.88
336	0.88
337	0.88
338	0.88
339	0.88
340	0.88
341	0.88
342	0.88
343	0.88
344	0.88
345	0.88
346	0.88
347	0.88
348	0.88
349	0.88
350	0.88
351	0.88
352	0.88
353	0.88
354	0.88
355	0.88
356	0.88
357	0.88
358	0.88
359	0.88
360	0.88
361	0.88
362	0.88
363	0.88
364	0.88
365	0.88
366	0.88
367	0.88
368	0.88
369	0.88
370	0.88
371	0.88
372	0.88
373	0.88
374	0.88
375	0.88
376	0.88
377	0.88
378	0.88
379	0.88
380	0.88
381	0.88
382	0.88
383	0.88
384	0.88
385	0.88
386	0.88
387	0.88
388	0.88
389	0.88
390	0.88
391	0.88
392	0.88
393	0.88
394	0.88
395	0.88
396	0.88
397	0.88
398	0.88
399	0.88
400	0.88
401	0.88
402	0.88
403	0.88
404	0.88
405	0.88
406	0.88
407	0.88
408	0.88
409	0.88
410	0.88
411	0.88
412	0.88
413	0.88
414	0.88
415	0.88
416	0.88
417	0.88
418	0.88
419	0.88
420	0.88
421	0.88
422	0.88
423	0.88
424	0.88
425	0.88
426	0.88
427	0.88
428	0.88
429	0.88
430	0.88
431	0.88
432	0.88
433	0.88
434	0.88
435	0.88
436	0.88
437	0.88
438	0.88
439	0.88
440	0.88
441	0.88
442	0.88
443	0.88
444	0.88
445	0.88
446	0.88
447	0.88
448	0.88
449	0.88
450	0.88
451	0.88
452	0.88
453	0.88
454	0.88
455	0.88
456	0.88
457	0.88
458	0.88
459	0.88
460	0.88
461	0.88
462	0.88
463	0.88
464	0.88
465	0.88
466	0.88
467	0.88
468	0.88
469	0.88
470	0.88
471	0.88
472	0.88
473	0.88
474	0.88
475	0.88
476	0.88
477	0.88
478	0.88
479	0.88
480	0.88
481	0.88
482	0.88
483	0.88
484	0.88
485	0.88
486	0.88
487	0.88
488	0.88
489	0.88
490	0.88
491	0.88
492	0.88
493	0.88
494	0.88
495	0.88
496	0.88
497	0.88
498	0.88
499	0.88
500	0.88
501	0.88
502	0.88
503	0.88
504	0.88
505	0.88
506	0.88
507	0.88
508	0.88
509	0.88
510	0.88
511	0.88
512	0.88
513	0.88
514	0.88
515	0.88
516	0.88
517	0.88
518	0.88
519	0.88
520	0.88
521	0.88
522	0.88
523	0.88
524	0.88
525	0.88
526	0.88
527	0.88
528	0.88
529	0.88
530	0.88
531	0.88
532	0.88
533	0.88
534	0.88
535	0.88
536	0.88
537	0.88
538	0.88
539	0.88
540	0.88
541	0.88
542	0.88
543	0.88
544	0.88
545	0.88
546	0.88
547	0.88
548	0.88
549	0.88
550	0.88
551	0.88
552	0.88
553	0.88
554	0.88
555	0.88
556	0.88
557	0.88
558	0.88
559	0.88
560	0.88
561	0.88
562	0.88
563	0.88
564	0.88
565	0.88
566	0.88
567	0.88
568	0.88
569	0.88
570	0.88
571	0.88
572	0.88
573	0.88
574	0.88
575	0.88
576	0.88
577	0.88
578	0.88
579	0.88
580	0.88
581	0.88
582	0.88
583	0.88
584	0.88
585	0.88
586	0.88
587	0.88
588	0.88
589	0.88
590	0.88
591	0.88
592	0.88
593	0.88
594	0.88
595	0.88
596	0.88
597	0.88
598	0.88
599	0.88
600	0.88
601	0.88
602	0.88
603	0.88
604	0.88
605	0.88
606	0.88
607	0.88
608	0.88
609	0.88
610	0.88
611	0.88
612	0.88
613	0.88
614	0.88
615	0.88
616	0.88
617	0.88
618	0.88
619	0.88
620	0.88
621	0.88
622	0.88
623	0.88
624	0.88
625	0.88
626	0.88
627	0.88
628	0.88
629	0.88
630	0.88
631	0.88
632	0.88
633	0.88
634	0.88
635	0.88
636	0.88
637	0.88
638	0.88
639	0.88
640	0.88
641	0.88
642	0.88
643	0.88
644	0.88
645	0.88
646	0.88
647	0.88
648	0.88
649	0.88
650	0.88
651	0.88
652	0.88
653	0.88
654	0.88
655	0.88
656	0.88
657	0.88
658	0.88
659	0.88
660	0.88
661	0.88
662	0.88
663	0.88
664	0.88
665	0.88
666	0.88
667	0.88
668	0.88
669	0.88
670	0.88
671	0.88
672	0.88
673	0.88
674	0.88
675	0.88
676	0.88
677	0.88
678	0.88
679	0.88
680	0.88
681	0.88
682	0.88
683	0.88
684	0.88
685	0.88
686	0.88
687	0.88
688	0.88
689	0.88
690	0.88
691	0.88
692	0.88
693	0.88
694	0.88
695	0.88
696	0.88
697	0.88
698	0.88
699	0.88
700	0.88
701	0.88
702	0.88
703	0.88
704	0.88
705	0.88
706	0.88
707	0.88
708	0.88
709	0.88
710	0.88
711	0.88
712	0.88
713	0.88
714	0.88
715	0.88
716	0.88
717	0.88
718	0.88
719	0.88
720	0.88
721	0.88
722	0.88
723	0.88
724	0.88
725	0.88
726	0.88
727	0.88
728	0.88
729	0.88
730	0.88
731	0.88
732	0.88
733	0.88
734	0.88
735	0.88
736	0.88
737	0.88
738	0.88
739	0.88
740	0.88
741	0.88
742	0.88
743	0.88
744	0.88
745	0.88
746	0.88
747	0.88
748	0.88
749	0.88
750	0.88
751	0.88
752	0.88
753	0.88
754	0.88
755	0.88
756	0.88
757	0.88
758	0.88
759	0.88
760	0.88
761	0.88
762	0.88
763	0.88
764	0.88
765	0.88
766	0.88
767	0.88
768	0.88
769	0.88
770	0.88
771	0.88
772	0.88
773	0.88
774	0.88
775	0.88
776	0.88
777	0.88
778	0.88
779	0.88
780	0.88
781	0.88
782	0.88
783	0.88
784	0.88
785	0.88
786	0.88
787	0.88
788	0.88
789	0.88
790	0.88
791	0.88
792	0.88
793	0.88
794	0.88
795	0.88
796	0.88
797	0.88
798	0.88
799	0.88
800	0.88
801	0.88
802	0.88
803	0.88
804	0.88
805	0.88
806	0.88
807	0.88
808	0.88
809	0.88
810	0.88
811	0.88
812	0.88
813	0.88
814	0.88
815	0.88
816	0.88
817	0.88
818	0.88
819	0.88
820	0.88
821	0.88
822	0.88
823	0.88
824	0.88
825	0.88
826	0.88
827	0.88
828	0.88
829	0.88
830	0.88
831	0.88
832	0.88
833	0.88
834	0.88
835	0.88
836	0.88
837	0.88
838	0.88
839	0.88
840	0.88
841	0.88
842	0.88
843	0.88
844	0.88
845	0.88
846	0.88
847	0.88
848	0.88
849	0.88
850	0.88
851	0.88
852	0.88
853	0.88
854	0.88
855	0.88
856	0.88
857	0.88
858	0.88
859	0.88
860	0.88
861	0.88
862	0.88
863	0.88
864	0.88
865	0.88
866	0.88
867	0.88
868	0.88
869	0.88
870	0.88
871	0.88
872	0.88
873	0.88
874	0.88
875	0.88
876	0.88
877	0.88
878	0.88
879	0.88
880	0.88
881	0.88
882	0.88
883	0.88
884	0.88
885	0.88
886	0.88
887	0.88
888	0.88
889	0.88
890	0.88
891	0.88
892	0.88
893	0.88
894	0.88
895	0.88
896	0.88
897	0.88
898	0.88
899	0.88
900	0.88
901	0.88
902	0.88
903	0.88
904	0.88
905	0.88
906	0.88
907	0.88
908	0.88
909	0.88
910	0.88
911	0.88
912	0.88
913	0.88
914	0.88
915	0.88
916	0.88
917	0.88
918	0.88
919	0.88
920	0.88
921	0.88
922	0.88
923	0.88
924	0.88
925	0.88
926	0.88
927	0.88
928	0.88
929	0.88
930	0.88
931	0.88
932	0.88
933	0.88
934	0.88
935	0.88
936	0.88
937	0.88
938	0.88
939	0.88
940	0.88
941	0.88
942	0.88
943	0.88
944	0.88
945	0.88
946	0.88
947	0.88
948	0.88
949	0.88
950	0.88
951	0.88
952	0.88
953	0.88
954	0.88
955	0.88
956	0.88
957	0.88
958	0.88
959	0.88
960	0.88
961	0.88
962	0.88
963	0.88
964	0.88
965	0.88
966	0.88
967	0.88
968	0.88
969	0.88
970	0.88
971	0.88
972	0.88
973	0.88
974	0.88
975	0.88
976	0.88
977	0.88
978	0.88
979	0.88
980	0.88
981	0.88
982	0.88
983	0.88
984	0.88
985	0.88
986	0.88
987	0.88
988	0.88
989	0.88
990	0.88
991	0.88
992	0.88
993	0.88
994	0.88
995	0.88
996	0.88
997	0.88
998	0.88
999	0.88
