0	39.99
1	39.99
2	39.99
3	39.99
4	39.99
5	39.99
6	39.99
7	39.99
8	39.99
9	39.99
10	39.99
11	39.99
12	39.99
13	39.99
14	39.99
15	39.99
16	39.99
17	39.99
18	39.99
19	39.99
20	39.99
21	39.99
22	39.99
23	39.99
24	39.99
25	39.99
26	39.99
27	39.99
28	39.99
29	39.99
30	39.99
31	39.99
32	39.99
33	39.99
34	39.99
35	39.99
36	39.99
37	39.99
38	39.99
39	39.99
40	39.99
41	39.99
42	39.99
43	39.99
44	39.99
45	39.99
46	39.99
47	39.99
48	39.99
49	39.99
50	39.99
51	39.99
52	39.99
53	39.99
54	39.99
55	39.99
56	39.99
57	39.99
58	39.99
59	39.99
60	39.99
61	39.99
62	39.99
63	39.99
64	39.99
65	39.99
66	39.99
67	39.99
68	39.99
69	39.99
70	39.99
71	39.99
72	39.99
73	39.99
74	39.99
75	39.99
76	39.99
77	39.99
78	39.99
79	39.99
80	39.99
81	39.99
82	39.99
83	39.99
84	39.99
85	39.99
86	39.99
87	39.99
88	39.99
89	39.99
90	39.99
91	39.99
92	39.99
93	39.99
94	39.99
95	39.99
96	39.99
97	39.99
98	39.99
99	39.99
100	39.99
101	39.99
102	39.99
103	39.99
104	39.99
105	39.99
106	39.99
107	39.99
108	39.99
109	39.99
110	39.99
111	39.99
112	39.99
113	39.99
114	39.99
115	39.99
116	39.99
117	39.99
118	39.99
119	39.99
120	39.99
121	39.99
122	39.99
123	39.99
124	39.99
125	39.99
126	39.99
127	39.99
128	39.99
129	39.99
130	39.99
131	39.99
132	39.99
133	39.99
134	39.99
135	39.99
136	39.99
137	39.99
138	39.99
139	39.99
140	39.99
141	39.99
142	39.99
143	39.99
144	39.99
145	39.99
146	39.99
147	39.99
148	39.99
149	39.99
150	39.99
151	39.99
152	39.99
153	39.99
154	39.99
155	39.99
156	39.99
157	39.99
158	39.99
159	39.99
160	39.99
161	39.99
162	39.99
163	39.99
164	39.99
165	39.99
166	39.99
167	39.99
168	39.99
169	39.99
170	39.99
171	39.99
172	39.99
173	39.99
174	39.99
175	39.99
176	39.99
177	39.99
178	39.99
179	39.99
180	39.99
181	39.99
182	39.99
183	39.99
184	39.99
185	39.99
186	39.99
187	39.99
188	39.99
189	39.99
190	39.99
191	39.99
192	39.99
193	39.99
194	39.99
195	39.99
196	39.99
197	39.99
198	39.99
199	39.99
200	39.99
201	39.99
202	39.99
203	39.99
204	39.99
205	39.99
206	39.99
207	39.99
208	39.99
209	39.99
210	39.99
211	39.99
212	39.99
213	39.99
214	39.99
215	39.99
216	39.99
217	39.99
218	39.99
219	39.99
220	39.99
221	39.99
222	39.99
223	39.99
224	39.99
225	39.99
226	39.99
227	39.99
228	39.99
229	39.99
230	39.99
231	39.99
232	39.99
233	39.99
234	39.99
235	39.99
236	39.99
237	39.99
238	39.99
239	39.99
240	39.99
241	39.99
242	39.99
243	39.99
244	39.99
245	39.99
246	39.99
247	39.99
248	39.99
249	39.99
250	39.99
251	39.99
252	39.99
253	39.99
254	39.99
255	39.99
256	39.99
257	39.99
258	39.99
259	39.99
260	39.99
261	39.99
262	39.99
263	39.99
264	39.99
265	39.99
266	39.99
267	39.99
268	39.99
269	39.99
270	39.99
271	39.99
272	39.99
273	39.99
274	39.99
275	39.99
276	39.99
277	39.99
278	39.99
279	39.99
280	39.99
281	39.99
282	39.99
283	39.99
284	39.99
285	39.99
286	39.99
287	39.99
288	39.99
289	39.99
290	39.99
291	39.99
292	39.99
293	39.99
294	39.99
295	39.99
296	39.99
297	39.99
298	39.99
299	39.99
300	39.99
301	39.99
302	39.99
303	39.99
304	39.99
305	39.99
306	39.99
307	39.99
308	39.99
309	39.99
310	39.99
311	39.99
312	39.99
313	39.99
314	39.99
315	39.99
316	39.99
317	39.99
318	39.99
319	39.99
320	39.99
321	39.99
322	39.99
323	39.99
324	39.99
325	39.99
326	39.99
327	39.99
328	39.99
329	39.99
330	39.99
331	39.99
332	39.99
333	39.99
334	39.99
335	39.99
336	39.99
337	39.99
338	39.99
339	39.99
340	39.99
341	39.99
342	39.99
343	39.99
344	39.99
345	39.99
346	39.99
347	39.99
348	39.99
349	39.99
350	39.99
351	39.99
352	39.99
353	39.99
354	39.99
355	39.99
356	39.99
357	39.99
358	39.99
359	39.99
360	39.99
361	39.99
362	39.99
363	39.99
364	39.99
365	39.99
366	39.99
367	39.99
368	39.99
369	39.99
370	39.99
371	39.99
372	39.99
373	39.99
374	39.99
375	39.99
376	39.99
377	39.99
378	39.99
379	39.99
380	39.99
381	39.99
382	39.99
383	39.99
384	39.99
385	39.99
386	39.99
387	39.99
388	39.99
389	39.99
390	39.99
391	39.99
392	39.99
393	39.99
394	39.99
395	39.99
396	39.99
397	39.99
398	39.99
399	39.99
400	39.99
401	39.99
402	39.99
403	39.99
404	39.99
405	39.99
406	39.99
407	39.99
408	39.99
409	39.99
410	39.99
411	39.99
412	39.99
413	39.99
414	39.99
415	39.99
416	39.99
417	39.99
418	39.99
419	39.99
420	39.99
421	39.99
422	39.99
423	39.99
424	39.99
425	39.99
426	39.99
427	39.99
428	39.99
429	39.99
430	39.99
431	39.99
432	39.99
433	39.99
434	39.99
435	39.99
436	39.99
437	39.99
438	39.99
439	39.99
440	39.99
441	39.99
442	39.99
443	39.99
444	39.99
445	39.99
446	39.99
447	39.99
448	39.99
449	39.99
450	39.99
451	39.99
452	39.99
453	39.99
454	39.99
455	39.99
456	39.99
457	39.99
458	39.99
459	39.99
460	39.99
461	39.99
462	39.99
463	39.99
464	39.99
465	39.99
466	39.99
467	39.99
468	39.99
469	39.99
470	39.99
471	39.99
472	39.99
473	39.99
474	39.99
475	39.99
476	39.99
477	39.99
478	39.99
479	39.99
480	39.99
481	39.99
482	39.99
483	39.99
484	39.99
485	39.99
486	39.99
487	39.99
488	39.99
489	39.99
490	39.99
491	39.99
492	39.99
493	39.99
494	39.99
495	39.99
496	39.99
497	39.99
498	39.99
499	39.99
500	39.99
501	39.99
502	39.99
503	39.99
504	39.99
505	39.99
506	39.99
507	39.99
508	39.99
509	39.99
510	39.99
511	39.99
512	39.99
513	39.99
514	39.99
515	39.99
516	39.99
517	39.99
518	39.99
519	39.99
520	39.99
521	39.99
522	39.99
523	39.99
524	39.99
525	39.99
526	39.99
527	39.99
528	39.99
529	39.99
530	39.99
531	39.99
532	39.99
533	39.99
534	39.99
535	39.99
536	39.99
537	39.99
538	39.99
539	39.99
540	39.99
541	39.99
542	39.99
543	39.99
544	39.99
545	39.99
546	39.99
547	39.99
548	39.99
549	39.99
550	39.99
551	39.99
552	39.99
553	39.99
554	39.99
555	39.99
556	39.99
557	39.99
558	39.99
559	39.99
560	39.99
561	39.99
562	39.99
563	39.99
564	39.99
565	39.99
566	39.99
567	39.99
568	39.99
569	39.99
570	39.99
571	39.99
572	39.99
573	39.99
574	39.99
575	39.99
576	39.99
577	39.99
578	39.99
579	39.99
580	39.99
581	39.99
582	39.99
583	39.99
584	39.99
585	39.99
586	39.99
587	39.99
588	39.99
589	39.99
590	39.99
591	39.99
592	39.99
593	39.99
594	39.99
595	39.99
596	39.99
597	39.99
598	39.99
599	39.99
600	39.99
601	39.99
602	39.99
603	39.99
604	39.99
605	39.99
606	39.99
607	39.99
608	39.99
609	39.99
610	39.99
611	39.99
612	39.99
613	39.99
614	39.99
615	39.99
616	39.99
617	39.99
618	39.99
619	39.99
620	39.99
621	39.99
622	39.99
623	39.99
624	39.99
625	39.99
626	39.99
627	39.99
628	39.99
629	39.99
630	39.99
631	39.99
632	39.99
633	39.99
634	39.99
635	39.99
636	39.99
637	39.99
638	39.99
639	39.99
640	39.99
641	39.99
642	39.99
643	39.99
644	39.99
645	39.99
646	39.99
647	39.99
648	39.99
649	39.99
650	39.99
651	39.99
652	39.99
653	39.99
654	39.99
655	39.99
656	39.99
657	39.99
658	39.99
659	39.99
660	39.99
661	39.99
662	39.99
663	39.99
664	39.99
665	39.99
666	39.99
667	39.99
668	39.99
669	39.99
670	39.99
671	39.99
672	39.99
673	39.99
674	39.99
675	39.99
676	39.99
677	39.99
678	39.99
679	39.99
680	39.99
681	39.99
682	39.99
683	39.99
684	39.99
685	39.99
686	39.99
687	39.99
688	39.99
689	39.99
690	39.99
691	39.99
692	39.99
693	39.99
694	39.99
695	39.99
696	39.99
697	39.99
698	39.99
699	39.99
700	39.99
701	39.99
702	39.99
703	39.99
704	39.99
705	39.99
706	39.99
707	39.99
708	39.99
709	39.99
710	39.99
711	39.99
712	39.99
713	39.99
714	39.99
715	39.99
716	39.99
717	39.99
718	39.99
719	39.99
720	39.99
721	39.99
722	39.99
723	39.99
724	39.99
725	39.99
726	39.99
727	39.99
728	39.99
729	39.99
730	39.99
731	39.99
732	39.99
733	39.99
734	39.99
735	39.99
736	39.99
737	39.99
738	39.99
739	39.99
740	39.99
741	39.99
742	39.99
743	39.99
744	39.99
745	39.99
746	39.99
747	39.99
748	39.99
749	39.99
750	39.99
751	39.99
752	39.99
753	39.99
754	39.99
755	39.99
756	39.99
757	39.99
758	39.99
759	39.99
760	39.99
761	39.99
762	39.99
763	39.99
764	39.99
765	39.99
766	39.99
767	39.99
768	39.99
769	39.99
770	39.99
771	39.99
772	39.99
773	39.99
774	39.99
775	39.99
776	39.99
777	39.99
778	39.99
779	39.99
780	39.99
781	39.99
782	39.99
783	39.99
784	39.99
785	39.99
786	39.99
787	39.99
788	39.99
789	39.99
790	39.99
791	39.99
792	39.99
793	39.99
794	39.99
795	39.99
796	39.99
797	39.99
798	39.99
799	39.99
800	39.99
801	39.99
802	39.99
803	39.99
804	39.99
805	39.99
806	39.99
807	39.99
808	39.99
809	39.99
810	39.99
811	39.99
812	39.99
813	39.99
814	39.99
815	39.99
816	39.99
817	39.99
818	39.99
819	39.99
820	39.99
821	39.99
822	39.99
823	39.99
824	39.99
825	39.99
826	39.99
827	39.99
828	39.99
829	39.99
830	39.99
831	39.99
832	39.99
833	39.99
834	39.99
835	39.99
836	39.99
837	39.99
838	39.99
839	39.99
840	39.99
841	39.99
842	39.99
843	39.99
844	39.99
845	39.99
846	39.99
847	39.99
848	39.99
849	39.99
850	39.99
851	39.99
852	39.99
853	39.99
854	39.99
855	39.99
856	39.99
857	39.99
858	39.99
859	39.99
860	39.99
861	39.99
862	39.99
863	39.99
864	39.99
865	39.99
866	39.99
867	39.99
868	39.99
869	39.99
870	39.99
871	39.99
872	39.99
873	39.99
874	39.99
875	39.99
876	39.99
877	39.99
878	39.99
879	39.99
880	39.99
881	39.99
882	39.99
883	39.99
884	39.99
885	39.99
886	39.99
887	39.99
888	39.99
889	39.99
890	39.99
891	39.99
892	39.99
893	39.99
894	39.99
895	39.99
896	39.99
897	39.99
898	39.99
899	39.99
900	39.99
901	39.99
902	39.99
903	39.99
904	39.99
905	39.99
906	39.99
907	39.99
908	39.99
909	39.99
910	39.99
911	39.99
912	39.99
913	39.99
914	39.99
915	39.99
916	39.99
917	39.99
918	39.99
919	39.99
920	39.99
921	39.99
922	39.99
923	39.99
924	39.99
925	39.99
926	39.99
927	39.99
928	39.99
929	39.99
930	39.99
931	39.99
932	39.99
933	39.99
934	39.99
935	39.99
936	39.99
937	39.99
938	39.99
939	39.99
940	39.99
941	39.99
942	39.99
943	39.99
944	39.99
945	39.99
946	39.99
947	39.99
948	39.99
949	39.99
950	39.99
951	39.99
952	39.99
953	39.99
954	39.99
955	39.99
956	39.99
957	39.99
958	39.99
959	39.99
960	39.99
961	39.99
962	39.99
963	39.99
964	39.99
965	39.99
966	39.99
967	39.99
968	39.99
969	39.99
970	39.99
971	39.99
972	39.99
973	39.99
974	39.99
975	39.99
976	39.99
977	39.99
978	39.99
979	39.99
980	39.99
981	39.99
982	39.99
983	39.99
984	39.99
985	39.99
986	39.99
987	39.99
988	39.99
989	39.99
990	39.99
991	39.99
992	39.99
993	39.99
994	39.99
995	39.99
996	39.99
997	39.99
998	39.99
999	39.99
1000	39.99
1001	39.99
1002	39.99
1003	39.99
1004	39.99
1005	39.99
1006	39.99
1007	39.99
1008	39.99
1009	39.99
1010	39.99
1011	39.99
1012	39.99
1013	39.99
1014	39.99
1015	39.99
1016	39.99
1017	39.99
1018	39.99
1019	39.99
1020	39.99
1021	39.99
1022	39.99
1023	39.99
1024	39.99
1025	39.99
1026	39.99
1027	39.99
1028	39.99
1029	39.99
1030	39.99
1031	39.99
1032	39.99
1033	39.99
1034	39.99
1035	39.99
1036	39.99
1037	39.99
1038	39.99
1039	39.99
1040	39.99
1041	39.99
1042	39.99
1043	39.99
1044	39.99
1045	39.99
1046	39.99
1047	39.99
1048	39.99
1049	39.99
1050	39.99
1051	39.99
1052	39.99
1053	39.99
1054	39.99
1055	39.99
1056	39.99
1057	39.99
1058	39.99
1059	39.99
1060	39.99
1061	39.99
1062	39.99
1063	39.99
1064	39.99
1065	39.99
1066	39.99
1067	39.99
1068	39.99
1069	39.99
1070	39.99
1071	39.99
1072	39.99
1073	39.99
1074	39.99
1075	39.99
1076	39.99
1077	39.99
1078	39.99
1079	39.99
1080	39.99
1081	39.99
1082	39.99
1083	39.99
1084	39.99
1085	39.99
1086	39.99
1087	39.99
1088	39.99
1089	39.99
1090	39.99
1091	39.99
1092	39.99
1093	39.99
1094	39.99
1095	39.99
1096	39.99
1097	39.99
1098	39.99
1099	39.99
1100	39.99
1101	39.99
1102	39.99
1103	39.99
1104	39.99
1105	39.99
1106	39.99
1107	39.99
1108	39.99
1109	39.99
1110	39.99
1111	39.99
1112	39.99
1113	39.99
1114	39.99
1115	39.99
1116	39.99
1117	39.99
1118	39.99
1119	39.99
1120	39.99
1121	39.99
1122	39.99
1123	39.99
1124	39.99
1125	39.99
1126	39.99
1127	39.99
1128	39.99
1129	39.99
1130	39.99
1131	39.99
1132	39.99
1133	39.99
1134	39.99
1135	39.99
1136	39.99
1137	39.99
1138	39.99
1139	39.99
1140	39.99
1141	39.99
1142	39.99
1143	39.99
1144	39.99
1145	39.99
1146	39.99
1147	39.99
1148	39.99
1149	39.99
1150	39.99
1151	39.99
1152	39.99
1153	39.99
1154	39.99
1155	39.99
1156	39.99
1157	39.99
1158	39.99
1159	39.99
1160	39.99
1161	39.99
1162	39.99
1163	39.99
1164	39.99
1165	39.99
1166	39.99
1167	39.99
1168	39.99
1169	39.99
1170	39.99
1171	39.99
1172	39.99
1173	39.99
1174	39.99
1175	39.99
1176	39.99
1177	39.99
1178	39.99
1179	39.99
1180	39.99
1181	39.99
1182	39.99
1183	39.99
1184	39.99
1185	39.99
1186	39.99
1187	39.99
1188	39.99
1189	39.99
1190	39.99
1191	39.99
1192	39.99
1193	39.99
1194	39.99
1195	39.99
1196	39.99
1197	39.99
1198	39.99
1199	39.99
1200	39.99
1201	39.99
1202	39.99
1203	39.99
1204	39.99
1205	39.99
1206	39.99
1207	39.99
1208	39.99
1209	39.99
1210	39.99
1211	39.99
1212	39.99
1213	39.99
1214	39.99
1215	39.99
1216	39.99
1217	39.99
1218	39.99
1219	39.99
1220	39.99
1221	39.99
1222	39.99
1223	39.99
1224	39.99
1225	39.99
1226	39.99
1227	39.99
1228	39.99
1229	39.99
1230	39.99
1231	39.99
1232	39.99
1233	39.99
1234	39.99
1235	39.99
1236	39.99
1237	39.99
1238	39.99
1239	39.99
1240	39.99
1241	39.99
1242	39.99
1243	39.99
1244	39.99
1245	39.99
1246	39.99
1247	39.99
1248	39.99
1249	39.99
1250	39.99
1251	39.99
1252	39.99
1253	39.99
1254	39.99
1255	39.99
1256	39.99
1257	39.99
1258	39.99
1259	39.99
1260	39.99
1261	39.99
1262	39.99
1263	39.99
1264	39.99
1265	39.99
1266	39.99
1267	39.99
1268	39.99
1269	39.99
1270	39.99
1271	39.99
1272	39.99
1273	39.99
1274	39.99
1275	39.99
1276	39.99
1277	39.99
1278	39.99
1279	39.99
1280	39.99
1281	39.99
1282	39.99
1283	39.99
1284	39.99
1285	39.99
1286	39.99
1287	39.99
1288	39.99
1289	39.99
1290	39.99
1291	39.99
1292	39.99
1293	39.99
1294	39.99
1295	39.99
1296	39.99
1297	39.99
1298	39.99
1299	39.99
1300	39.99
1301	39.99
1302	39.99
1303	39.99
1304	39.99
1305	39.99
1306	39.99
1307	39.99
1308	39.99
1309	39.99
1310	39.99
1311	39.99
1312	39.99
1313	39.99
1314	39.99
1315	39.99
1316	39.99
1317	39.99
1318	39.99
1319	39.99
1320	39.99
1321	39.99
1322	39.99
1323	39.99
1324	39.99
1325	39.99
1326	39.99
1327	39.99
1328	39.99
1329	39.99
1330	39.99
1331	39.99
1332	39.99
1333	39.99
1334	39.99
1335	39.99
1336	39.99
1337	39.99
1338	39.99
1339	39.99
1340	39.99
1341	39.99
1342	39.99
1343	39.99
1344	39.99
1345	39.99
1346	39.99
1347	39.99
1348	39.99
1349	39.99
1350	39.99
1351	39.99
1352	39.99
1353	39.99
1354	39.99
1355	39.99
1356	39.99
1357	39.99
1358	39.99
1359	39.99
1360	39.99
1361	39.99
1362	39.99
1363	39.99
1364	39.99
1365	39.99
1366	39.99
1367	39.99
1368	39.99
1369	39.99
1370	39.99
1371	39.99
1372	39.99
1373	39.99
1374	39.99
1375	39.99
1376	39.99
1377	39.99
1378	39.99
1379	39.99
1380	39.99
1381	39.99
1382	39.99
1383	39.99
1384	39.99
1385	39.99
1386	39.99
1387	39.99
1388	39.99
1389	39.99
1390	39.99
1391	39.99
1392	39.99
1393	39.99
1394	39.99
1395	39.99
1396	39.99
1397	39.99
1398	39.99
1399	39.99
1400	39.99
1401	39.99
1402	39.99
1403	39.99
1404	39.99
1405	39.99
1406	39.99
1407	39.99
1408	39.99
1409	39.99
1410	39.99
1411	39.99
1412	39.99
1413	39.99
1414	39.99
1415	39.99
1416	39.99
1417	39.99
1418	39.99
1419	39.99
1420	39.99
1421	39.99
1422	39.99
1423	39.99
1424	39.99
1425	39.99
1426	39.99
1427	39.99
1428	39.99
1429	39.99
1430	39.99
1431	39.99
1432	39.99
1433	39.99
1434	39.99
1435	39.99
1436	39.99
1437	39.99
1438	39.99
1439	39.99
1440	39.99
1441	39.99
1442	39.99
1443	39.99
1444	39.99
1445	39.99
1446	39.99
1447	39.99
1448	39.99
1449	39.99
1450	39.99
1451	39.99
1452	39.99
1453	39.99
1454	39.99
1455	39.99
1456	39.99
1457	39.99
1458	39.99
1459	39.99
1460	39.99
1461	39.99
1462	39.99
1463	39.99
1464	39.99
1465	39.99
1466	39.99
1467	39.99
1468	39.99
1469	39.99
1470	39.99
1471	39.99
1472	39.99
1473	39.99
1474	39.99
1475	39.99
1476	39.99
1477	39.99
1478	39.99
1479	39.99
1480	39.99
1481	39.99
1482	39.99
1483	39.99
1484	39.99
1485	39.99
1486	39.99
1487	39.99
1488	39.99
1489	39.99
1490	39.99
1491	39.99
1492	39.99
1493	39.99
1494	39.99
1495	39.99
1496	39.99
1497	39.99
1498	39.99
1499	39.99
1500	39.99
1501	39.99
1502	39.99
1503	39.99
1504	39.99
1505	39.99
1506	39.99
1507	39.99
1508	39.99
1509	39.99
1510	39.99
1511	39.99
1512	39.99
1513	39.99
1514	39.99
1515	39.99
1516	39.99
1517	39.99
1518	39.99
1519	39.99
1520	39.99
1521	39.99
1522	39.99
1523	39.99
1524	39.99
1525	39.99
1526	39.99
1527	39.99
1528	39.99
1529	39.99
1530	39.99
1531	39.99
1532	39.99
1533	39.99
1534	39.99
1535	39.99
1536	39.99
1537	39.99
1538	39.99
1539	39.99
1540	39.99
1541	39.99
1542	39.99
1543	39.99
1544	39.99
1545	39.99
1546	39.99
1547	39.99
1548	39.99
1549	39.99
1550	39.99
1551	39.99
1552	39.99
1553	39.99
1554	39.99
1555	39.99
1556	39.99
1557	39.99
1558	39.99
1559	39.99
1560	39.99
1561	39.99
1562	39.99
1563	39.99
1564	39.99
1565	39.99
1566	39.99
1567	39.99
1568	39.99
1569	39.99
1570	39.99
1571	39.99
1572	39.99
1573	39.99
1574	39.99
1575	39.99
1576	39.99
1577	39.99
1578	39.99
1579	39.99
1580	39.99
1581	39.99
1582	39.99
1583	39.99
1584	39.99
1585	39.99
1586	39.99
1587	39.99
1588	39.99
1589	39.99
1590	39.99
1591	39.99
1592	39.99
1593	39.99
1594	39.99
1595	39.99
1596	39.99
1597	39.99
1598	39.99
1599	39.99
1600	39.99
1601	39.99
1602	39.99
1603	39.99
1604	39.99
1605	39.99
1606	39.99
1607	39.99
1608	39.99
1609	39.99
1610	39.99
1611	39.99
1612	39.99
1613	39.99
1614	39.99
1615	39.99
1616	39.99
1617	39.99
1618	39.99
1619	39.99
1620	39.99
1621	39.99
1622	39.99
1623	39.99
1624	39.99
1625	39.99
1626	39.99
1627	39.99
1628	39.99
1629	39.99
1630	39.99
1631	39.99
1632	39.99
1633	39.99
1634	39.99
1635	39.99
1636	39.99
1637	39.99
1638	39.99
1639	39.99
1640	39.99
1641	39.99
1642	39.99
1643	39.99
1644	39.99
1645	39.99
1646	39.99
1647	39.99
1648	39.99
1649	39.99
1650	39.99
1651	39.99
1652	39.99
1653	39.99
1654	39.99
1655	39.99
1656	39.99
1657	39.99
1658	39.99
1659	39.99
1660	39.99
1661	39.99
1662	39.99
1663	39.99
1664	39.99
1665	39.99
1666	39.99
1667	39.99
1668	39.99
1669	39.99
1670	39.99
1671	39.99
1672	39.99
1673	39.99
1674	39.99
1675	39.99
1676	39.99
1677	39.99
1678	39.99
1679	39.99
1680	39.99
1681	39.99
1682	39.99
1683	39.99
1684	39.99
1685	39.99
1686	39.99
1687	39.99
1688	39.99
1689	39.99
1690	39.99
1691	39.99
1692	39.99
1693	39.99
1694	39.99
1695	39.99
1696	39.99
1697	39.99
1698	39.99
1699	39.99
1700	39.99
1701	39.99
1702	39.99
1703	39.99
1704	39.99
1705	39.99
1706	39.99
1707	39.99
1708	39.99
1709	39.99
1710	39.99
1711	39.99
1712	39.99
1713	39.99
1714	39.99
1715	39.99
1716	39.99
1717	39.99
1718	39.99
1719	39.99
1720	39.99
1721	39.99
1722	39.99
1723	39.99
1724	39.99
1725	39.99
1726	39.99
1727	39.99
1728	39.99
1729	39.99
1730	39.99
1731	39.99
1732	39.99
1733	39.99
1734	39.99
1735	39.99
1736	39.99
1737	39.99
1738	39.99
1739	39.99
1740	39.99
1741	39.99
1742	39.99
1743	39.99
1744	39.99
1745	39.99
1746	39.99
1747	39.99
1748	39.99
1749	39.99
1750	39.99
1751	39.99
1752	39.99
1753	39.99
1754	39.99
1755	39.99
1756	39.99
1757	39.99
1758	39.99
1759	39.99
1760	39.99
1761	39.99
1762	39.99
1763	39.99
1764	39.99
1765	39.99
1766	39.99
1767	39.99
1768	39.99
1769	39.99
1770	39.99
1771	39.99
1772	39.99
1773	39.99
1774	39.99
1775	39.99
1776	39.99
1777	39.99
1778	39.99
1779	39.99
1780	39.99
1781	39.99
1782	39.99
1783	39.99
1784	39.99
1785	39.99
1786	39.99
1787	39.99
1788	39.99
1789	39.99
1790	39.99
1791	39.99
1792	39.99
1793	39.99
1794	39.99
1795	39.99
1796	39.99
1797	39.99
1798	39.99
1799	39.99
1800	39.99
1801	39.99
1802	39.99
1803	39.99
1804	39.99
1805	39.99
1806	39.99
1807	39.99
1808	39.99
1809	39.99
1810	39.99
1811	39.99
1812	39.99
1813	39.99
1814	39.99
1815	39.99
1816	39.99
1817	39.99
1818	39.99
1819	39.99
1820	39.99
1821	39.99
1822	39.99
1823	39.99
1824	39.99
1825	39.99
1826	39.99
1827	39.99
1828	39.99
1829	39.99
1830	39.99
1831	39.99
1832	39.99
1833	39.99
1834	39.99
1835	39.99
1836	39.99
1837	39.99
1838	39.99
1839	39.99
1840	39.99
1841	39.99
1842	39.99
1843	39.99
1844	39.99
1845	39.99
1846	39.99
1847	39.99
1848	39.99
1849	39.99
1850	39.99
1851	39.99
1852	39.99
1853	39.99
1854	39.99
1855	39.99
1856	39.99
1857	39.99
1858	39.99
1859	39.99
1860	39.99
1861	39.99
1862	39.99
1863	39.99
1864	39.99
1865	39.99
1866	39.99
1867	39.99
1868	39.99
1869	39.99
1870	39.99
1871	39.99
1872	39.99
1873	39.99
1874	39.99
1875	39.99
1876	39.99
1877	39.99
1878	39.99
1879	39.99
1880	39.99
1881	39.99
1882	39.99
1883	39.99
1884	39.99
1885	39.99
1886	39.99
1887	39.99
1888	39.99
1889	39.99
1890	39.99
1891	39.99
1892	39.99
1893	39.99
1894	39.99
1895	39.99
1896	39.99
1897	39.99
1898	39.99
1899	39.99
1900	39.99
1901	39.99
1902	39.99
1903	39.99
1904	39.99
1905	39.99
1906	39.99
1907	39.99
1908	39.99
1909	39.99
1910	39.99
1911	39.99
1912	39.99
1913	39.99
1914	39.99
1915	39.99
1916	39.99
1917	39.99
1918	39.99
1919	39.99
1920	39.99
1921	39.99
1922	39.99
1923	39.99
1924	39.99
1925	39.99
1926	39.99
1927	39.99
1928	39.99
1929	39.99
1930	39.99
1931	39.99
1932	39.99
1933	39.99
1934	39.99
1935	39.99
1936	39.99
1937	39.99
1938	39.99
1939	39.99
1940	39.99
1941	39.99
1942	39.99
1943	39.99
1944	39.99
1945	39.99
1946	39.99
1947	39.99
1948	39.99
1949	39.99
1950	39.99
1951	39.99
1952	39.99
1953	39.99
1954	39.99
1955	39.99
1956	39.99
1957	39.99
1958	39.99
1959	39.99
1960	39.99
1961	39.99
1962	39.99
1963	39.99
1964	39.99
1965	39.99
1966	39.99
1967	39.99
1968	39.99
1969	39.99
1970	39.99
1971	39.99
1972	39.99
1973	39.99
1974	39.99
1975	39.99
1976	39.99
1977	39.99
1978	39.99
1979	39.99
1980	39.99
1981	39.99
1982	39.99
1983	39.99
1984	39.99
1985	39.99
1986	39.99
1987	39.99
1988	39.99
1989	39.99
1990	39.99
1991	39.99
1992	39.99
1993	39.99
1994	39.99
1995	39.99
1996	39.99
1997	39.99
1998	39.99
1999	39.99
2000	39.99
2001	39.99
2002	39.99
2003	39.99
2004	39.99
2005	39.99
2006	39.99
2007	39.99
2008	39.99
2009	39.99
2010	39.99
2011	39.99
2012	39.99
2013	39.99
2014	39.99
2015	39.99
2016	39.99
2017	39.99
2018	39.99
2019	39.99
2020	39.99
2021	39.99
2022	39.99
2023	39.99
2024	39.99
2025	39.99
2026	39.99
2027	39.99
2028	39.99
2029	39.99
2030	39.99
2031	39.99
2032	39.99
2033	39.99
2034	39.99
2035	39.99
2036	39.99
2037	39.99
2038	39.99
2039	39.99
2040	39.99
2041	39.99
2042	39.99
2043	39.99
2044	39.99
2045	39.99
2046	39.99
2047	39.99
2048	39.99
2049	39.99
2050	39.99
2051	39.99
2052	39.99
2053	39.99
2054	39.99
2055	39.99
2056	39.99
2057	39.99
2058	39.99
2059	39.99
2060	39.99
2061	39.99
2062	39.99
2063	39.99
2064	39.99
2065	39.99
2066	39.99
2067	39.99
2068	39.99
2069	39.99
2070	39.99
2071	39.99
2072	39.99
2073	39.99
2074	39.99
2075	39.99
2076	39.99
2077	39.99
2078	39.99
2079	39.99
2080	39.99
2081	39.99
2082	39.99
2083	39.99
2084	39.99
2085	39.99
2086	39.99
2087	39.99
2088	39.99
2089	39.99
2090	39.99
2091	39.99
2092	39.99
2093	39.99
2094	39.99
2095	39.99
2096	39.99
2097	39.99
2098	39.99
2099	39.99
2100	39.99
2101	39.99
2102	39.99
2103	39.99
2104	39.99
2105	39.99
2106	39.99
2107	39.99
2108	39.99
2109	39.99
2110	39.99
2111	39.99
2112	39.99
2113	39.99
2114	39.99
2115	39.99
2116	39.99
2117	39.99
2118	39.99
2119	39.99
2120	39.99
2121	39.99
2122	39.99
2123	39.99
2124	39.99
2125	39.99
2126	39.99
2127	39.99
2128	39.99
2129	39.99
2130	39.99
2131	39.99
2132	39.99
2133	39.99
2134	39.99
2135	39.99
2136	39.99
2137	39.99
2138	39.99
2139	39.99
2140	39.99
2141	39.99
2142	39.99
2143	39.99
2144	39.99
2145	39.99
2146	39.99
2147	39.99
2148	39.99
2149	39.99
2150	39.99
2151	39.99
2152	39.99
2153	39.99
2154	39.99
2155	39.99
2156	39.99
2157	39.99
2158	39.99
2159	39.99
2160	39.99
2161	39.99
2162	39.99
2163	39.99
2164	39.99
2165	39.99
2166	39.99
2167	39.99
2168	39.99
2169	39.99
2170	39.99
2171	39.99
2172	39.99
2173	39.99
2174	39.99
2175	39.99
2176	39.99
2177	39.99
2178	39.99
2179	39.99
2180	39.99
2181	39.99
2182	39.99
2183	39.99
2184	39.99
2185	39.99
2186	39.99
2187	39.99
2188	39.99
2189	39.99
2190	39.99
2191	39.99
2192	39.99
2193	39.99
2194	39.99
2195	39.99
2196	39.99
2197	39.99
2198	39.99
2199	39.99
2200	39.99
2201	39.99
2202	39.99
2203	39.99
2204	39.99
2205	39.99
2206	39.99
2207	39.99
2208	39.99
2209	39.99
2210	39.99
2211	39.99
2212	39.99
2213	39.99
2214	39.99
2215	39.99
2216	39.99
2217	39.99
2218	39.99
2219	39.99
2220	39.99
2221	39.99
2222	39.99
2223	39.99
2224	39.99
2225	39.99
2226	39.99
2227	39.99
2228	39.99
2229	39.99
2230	39.99
2231	39.99
2232	39.99
2233	39.99
2234	39.99
2235	39.99
2236	39.99
2237	39.99
2238	39.99
2239	39.99
2240	39.99
2241	39.99
2242	39.99
2243	39.99
2244	39.99
2245	39.99
2246	39.99
2247	39.99
2248	39.99
2249	39.99
2250	39.99
2251	39.99
2252	39.99
2253	39.99
2254	39.99
2255	39.99
2256	39.99
2257	39.99
2258	39.99
2259	39.99
2260	39.99
2261	39.99
2262	39.99
2263	39.99
2264	39.99
2265	39.99
2266	39.99
2267	39.99
2268	39.99
2269	39.99
2270	39.99
2271	39.99
2272	39.99
2273	39.99
2274	39.99
2275	39.99
2276	39.99
2277	39.99
2278	39.99
2279	39.99
2280	39.99
2281	39.99
2282	39.99
2283	39.99
2284	39.99
2285	39.99
2286	39.99
2287	39.99
2288	39.99
2289	39.99
2290	39.99
2291	39.99
2292	39.99
2293	39.99
2294	39.99
2295	39.99
2296	39.99
2297	39.99
2298	39.99
2299	39.99
2300	39.99
2301	39.99
2302	39.99
2303	39.99
2304	39.99
2305	39.99
2306	39.99
2307	39.99
2308	39.99
2309	39.99
2310	39.99
2311	39.99
2312	39.99
2313	39.99
2314	39.99
2315	39.99
2316	39.99
2317	39.99
2318	39.99
2319	39.99
2320	39.99
2321	39.99
2322	39.99
2323	39.99
2324	39.99
2325	39.99
2326	39.99
2327	39.99
2328	39.99
2329	39.99
2330	39.99
2331	39.99
2332	39.99
2333	39.99
2334	39.99
2335	39.99
2336	39.99
2337	39.99
2338	39.99
2339	39.99
2340	39.99
2341	39.99
2342	39.99
2343	39.99
2344	39.99
2345	39.99
2346	39.99
2347	39.99
2348	39.99
2349	39.99
2350	39.99
2351	39.99
2352	39.99
2353	39.99
2354	39.99
2355	39.99
2356	39.99
2357	39.99
2358	39.99
2359	39.99
2360	39.99
2361	39.99
2362	39.99
2363	39.99
2364	39.99
2365	39.99
2366	39.99
2367	39.99
2368	39.99
2369	39.99
2370	39.99
2371	39.99
2372	39.99
2373	39.99
2374	39.99
2375	39.99
2376	39.99
2377	39.99
2378	39.99
2379	39.99
2380	39.99
2381	39.99
2382	39.99
2383	39.99
2384	39.99
2385	39.99
2386	39.99
2387	39.99
2388	39.99
2389	39.99
2390	39.99
2391	39.99
2392	39.99
2393	39.99
2394	39.99
2395	39.99
2396	39.99
2397	39.99
2398	39.99
2399	39.99
2400	39.99
2401	39.99
2402	39.99
2403	39.99
2404	39.99
2405	39.99
2406	39.99
2407	39.99
2408	39.99
2409	39.99
2410	39.99
2411	39.99
2412	39.99
2413	39.99
2414	39.99
2415	39.99
2416	39.99
2417	39.99
2418	39.99
2419	39.99
2420	39.99
2421	39.99
2422	39.99
2423	39.99
2424	39.99
2425	39.99
2426	39.99
2427	39.99
2428	39.99
2429	39.99
2430	39.99
2431	39.99
2432	39.99
2433	39.99
2434	39.99
2435	39.99
2436	39.99
2437	39.99
2438	39.99
2439	39.99
2440	39.99
2441	39.99
2442	39.99
2443	39.99
2444	39.99
2445	39.99
2446	39.99
2447	39.99
2448	39.99
2449	39.99
2450	39.99
2451	39.99
2452	39.99
2453	39.99
2454	39.99
2455	39.99
2456	39.99
2457	39.99
2458	39.99
2459	39.99
2460	39.99
2461	39.99
2462	39.99
2463	39.99
2464	39.99
2465	39.99
2466	39.99
2467	39.99
2468	39.99
2469	39.99
2470	39.99
2471	39.99
2472	39.99
2473	39.99
2474	39.99
2475	39.99
2476	39.99
2477	39.99
2478	39.99
2479	39.99
2480	39.99
2481	39.99
2482	39.99
2483	39.99
2484	39.99
2485	39.99
2486	39.99
2487	39.99
2488	39.99
2489	39.99
2490	39.99
2491	39.99
2492	39.99
2493	39.99
2494	39.99
2495	39.99
2496	39.99
2497	39.99
2498	39.99
2499	39.99
2500	39.99
2501	39.99
2502	39.99
2503	39.99
2504	39.99
2505	39.99
2506	39.99
2507	39.99
2508	39.99
2509	39.99
2510	39.99
2511	39.99
2512	39.99
2513	39.99
2514	39.99
2515	39.99
2516	39.99
2517	39.99
2518	39.99
2519	39.99
2520	39.99
2521	39.99
2522	39.99
2523	39.99
2524	39.99
2525	39.99
2526	39.99
2527	39.99
2528	39.99
2529	39.99
2530	39.99
2531	39.99
2532	39.99
2533	39.99
2534	39.99
2535	39.99
2536	39.99
2537	39.99
2538	39.99
2539	39.99
2540	39.99
2541	39.99
2542	39.99
2543	39.99
2544	39.99
2545	39.99
2546	39.99
2547	39.99
2548	39.99
2549	39.99
2550	39.99
2551	39.99
2552	39.99
2553	39.99
2554	39.99
2555	39.99
2556	39.99
2557	39.99
2558	39.99
2559	39.99
2560	39.99
2561	39.99
2562	39.99
2563	39.99
2564	39.99
2565	39.99
2566	39.99
2567	39.99
2568	39.99
2569	39.99
2570	39.99
2571	39.99
2572	39.99
2573	39.99
2574	39.99
2575	39.99
2576	39.99
2577	39.99
2578	39.99
2579	39.99
2580	39.99
2581	39.99
2582	39.99
2583	39.99
2584	39.99
2585	39.99
2586	39.99
2587	39.99
2588	39.99
2589	39.99
2590	39.99
2591	39.99
2592	39.99
2593	39.99
2594	39.99
2595	39.99
2596	39.99
2597	39.99
2598	39.99
2599	39.99
2600	39.99
2601	39.99
2602	39.99
2603	39.99
2604	39.99
2605	39.99
2606	39.99
2607	39.99
2608	39.99
2609	39.99
2610	39.99
2611	39.99
2612	39.99
2613	39.99
2614	39.99
2615	39.99
2616	39.99
2617	39.99
2618	39.99
2619	39.99
2620	39.99
2621	39.99
2622	39.99
2623	39.99
2624	39.99
2625	39.99
2626	39.99
2627	39.99
2628	39.99
2629	39.99
2630	39.99
2631	39.99
2632	39.99
2633	39.99
2634	39.99
2635	39.99
2636	39.99
2637	39.99
2638	39.99
2639	39.99
2640	39.99
2641	39.99
2642	39.99
2643	39.99
2644	39.99
2645	39.99
2646	39.99
2647	39.99
2648	39.99
2649	39.99
2650	39.99
2651	39.99
2652	39.99
2653	39.99
2654	39.99
2655	39.99
2656	39.99
2657	39.99
2658	39.99
2659	39.99
2660	39.99
2661	39.99
2662	39.99
2663	39.99
2664	39.99
2665	39.99
2666	39.99
2667	39.99
2668	39.99
2669	39.99
2670	39.99
2671	39.99
2672	39.99
2673	39.99
2674	39.99
2675	39.99
2676	39.99
2677	39.99
2678	39.99
2679	39.99
2680	39.99
2681	39.99
2682	39.99
2683	39.99
2684	39.99
2685	39.99
2686	39.99
2687	39.99
2688	39.99
2689	39.99
2690	39.99
2691	39.99
2692	39.99
2693	39.99
2694	39.99
2695	39.99
2696	39.99
2697	39.99
2698	39.99
2699	39.99
2700	39.99
2701	39.99
2702	39.99
2703	39.99
2704	39.99
2705	39.99
2706	39.99
2707	39.99
2708	39.99
2709	39.99
2710	39.99
2711	39.99
2712	39.99
2713	39.99
2714	39.99
2715	39.99
2716	39.99
2717	39.99
2718	39.99
2719	39.99
2720	39.99
2721	39.99
2722	39.99
2723	39.99
2724	39.99
2725	39.99
2726	39.99
2727	39.99
2728	39.99
2729	39.99
2730	39.99
2731	39.99
2732	39.99
2733	39.99
2734	39.99
2735	39.99
2736	39.99
2737	39.99
2738	39.99
2739	39.99
2740	39.99
2741	39.99
2742	39.99
2743	39.99
2744	39.99
2745	39.99
2746	39.99
2747	39.99
2748	39.99
2749	39.99
2750	39.99
2751	39.99
2752	39.99
2753	39.99
2754	39.99
2755	39.99
2756	39.99
2757	39.99
2758	39.99
2759	39.99
2760	39.99
2761	39.99
2762	39.99
2763	39.99
2764	39.99
2765	39.99
2766	39.99
2767	39.99
2768	39.99
2769	39.99
2770	39.99
2771	39.99
2772	39.99
2773	39.99
2774	39.99
2775	39.99
2776	39.99
2777	39.99
2778	39.99
2779	39.99
2780	39.99
2781	39.99
2782	39.99
2783	39.99
2784	39.99
2785	39.99
2786	39.99
2787	39.99
2788	39.99
2789	39.99
2790	39.99
2791	39.99
2792	39.99
2793	39.99
2794	39.99
2795	39.99
2796	39.99
2797	39.99
2798	39.99
2799	39.99
2800	39.99
2801	39.99
2802	39.99
2803	39.99
2804	39.99
2805	39.99
2806	39.99
2807	39.99
2808	39.99
2809	39.99
2810	39.99
2811	39.99
2812	39.99
2813	39.99
2814	39.99
2815	39.99
2816	39.99
2817	39.99
2818	39.99
2819	39.99
2820	39.99
2821	39.99
2822	39.99
2823	39.99
2824	39.99
2825	39.99
2826	39.99
2827	39.99
2828	39.99
2829	39.99
2830	39.99
2831	39.99
2832	39.99
2833	39.99
2834	39.99
2835	39.99
2836	39.99
2837	39.99
2838	39.99
2839	39.99
2840	39.99
2841	39.99
2842	39.99
2843	39.99
2844	39.99
2845	39.99
2846	39.99
2847	39.99
2848	39.99
2849	39.99
2850	39.99
2851	39.99
2852	39.99
2853	39.99
2854	39.99
2855	39.99
2856	39.99
2857	39.99
2858	39.99
2859	39.99
2860	39.99
2861	39.99
2862	39.99
2863	39.99
2864	39.99
2865	39.99
2866	39.99
2867	39.99
2868	39.99
2869	39.99
2870	39.99
2871	39.99
2872	39.99
2873	39.99
2874	39.99
2875	39.99
2876	39.99
2877	39.99
2878	39.99
2879	39.99
2880	39.99
2881	39.99
2882	39.99
2883	39.99
2884	39.99
2885	39.99
2886	39.99
2887	39.99
2888	39.99
2889	39.99
2890	39.99
2891	39.99
2892	39.99
2893	39.99
2894	39.99
2895	39.99
2896	39.99
2897	39.99
2898	39.99
2899	39.99
2900	39.99
2901	39.99
2902	39.99
2903	39.99
2904	39.99
2905	39.99
2906	39.99
2907	39.99
2908	39.99
2909	39.99
2910	39.99
2911	39.99
2912	39.99
2913	39.99
2914	39.99
2915	39.99
2916	39.99
2917	39.99
2918	39.99
2919	39.99
2920	39.99
2921	39.99
2922	39.99
2923	39.99
2924	39.99
2925	39.99
2926	39.99
2927	39.99
2928	39.99
2929	39.99
2930	39.99
2931	39.99
2932	39.99
2933	39.99
2934	39.99
2935	39.99
2936	39.99
2937	39.99
2938	39.99
2939	39.99
2940	39.99
2941	39.99
2942	39.99
2943	39.99
2944	39.99
2945	39.99
2946	39.99
2947	39.99
2948	39.99
2949	39.99
2950	39.99
2951	39.99
2952	39.99
2953	39.99
2954	39.99
2955	39.99
2956	39.99
2957	39.99
2958	39.99
2959	39.99
2960	39.99
2961	39.99
2962	39.99
2963	39.99
2964	39.99
2965	39.99
2966	39.99
2967	39.99
2968	39.99
2969	39.99
2970	39.99
2971	39.99
2972	39.99
2973	39.99
2974	39.99
2975	39.99
2976	39.99
2977	39.99
2978	39.99
2979	39.99
2980	39.99
2981	39.99
2982	39.99
2983	39.99
2984	39.99
2985	39.99
2986	39.99
2987	39.99
2988	39.99
2989	39.99
2990	39.99
2991	39.99
2992	39.99
2993	39.99
2994	39.99
2995	39.99
2996	39.99
2997	39.99
2998	39.99
2999	39.99
3000	39.99
3001	39.99
3002	39.99
3003	39.99
3004	39.99
3005	39.99
3006	39.99
3007	39.99
3008	39.99
3009	39.99
3010	39.99
3011	39.99
3012	39.99
3013	39.99
3014	39.99
3015	39.99
3016	39.99
3017	39.99
3018	39.99
3019	39.99
3020	39.99
3021	39.99
3022	39.99
3023	39.99
3024	39.99
3025	39.99
3026	39.99
3027	39.99
3028	39.99
3029	39.99
3030	39.99
3031	39.99
3032	39.99
3033	39.99
3034	39.99
3035	39.99
3036	39.99
3037	39.99
3038	39.99
3039	39.99
3040	39.99
3041	39.99
3042	39.99
3043	39.99
3044	39.99
3045	39.99
3046	39.99
3047	39.99
3048	39.99
3049	39.99
3050	39.99
3051	39.99
3052	39.99
3053	39.99
3054	39.99
3055	39.99
3056	39.99
3057	39.99
3058	39.99
3059	39.99
3060	39.99
3061	39.99
3062	39.99
3063	39.99
3064	39.99
3065	39.99
3066	39.99
3067	39.99
3068	39.99
3069	39.99
3070	39.99
3071	39.99
3072	39.99
3073	39.99
3074	39.99
3075	39.99
3076	39.99
3077	39.99
3078	39.99
3079	39.99
3080	39.99
3081	39.99
3082	39.99
3083	39.99
3084	39.99
3085	39.99
3086	39.99
3087	39.99
3088	39.99
3089	39.99
3090	39.99
3091	39.99
3092	39.99
3093	39.99
3094	39.99
3095	39.99
3096	39.99
3097	39.99
3098	39.99
3099	39.99
3100	39.99
3101	39.99
3102	39.99
3103	39.99
3104	39.99
3105	39.99
3106	39.99
3107	39.99
3108	39.99
3109	39.99
3110	39.99
3111	39.99
3112	39.99
3113	39.99
3114	39.99
3115	39.99
3116	39.99
3117	39.99
3118	39.99
3119	39.99
3120	39.99
3121	39.99
3122	39.99
3123	39.99
3124	39.99
3125	39.99
3126	39.99
3127	39.99
3128	39.99
3129	39.99
3130	39.99
3131	39.99
3132	39.99
3133	39.99
3134	39.99
3135	39.99
3136	39.99
3137	39.99
3138	39.99
3139	39.99
3140	39.99
3141	39.99
3142	39.99
3143	39.99
3144	39.99
3145	39.99
3146	39.99
3147	39.99
3148	39.99
3149	39.99
3150	39.99
3151	39.99
3152	39.99
3153	39.99
3154	39.99
3155	39.99
3156	39.99
3157	39.99
3158	39.99
3159	39.99
3160	39.99
3161	39.99
3162	39.99
3163	39.99
3164	39.99
3165	39.99
3166	39.99
3167	39.99
3168	39.99
3169	39.99
3170	39.99
3171	39.99
3172	39.99
3173	39.99
3174	39.99
3175	39.99
3176	39.99
3177	39.99
3178	39.99
3179	39.99
3180	39.99
3181	39.99
3182	39.99
3183	39.99
3184	39.99
3185	39.99
3186	39.99
3187	39.99
3188	39.99
3189	39.99
3190	39.99
3191	39.99
3192	39.99
3193	39.99
3194	39.99
3195	39.99
3196	39.99
3197	39.99
3198	39.99
3199	39.99
3200	39.99
3201	39.99
3202	39.99
3203	39.99
3204	39.99
3205	39.99
3206	39.99
3207	39.99
3208	39.99
3209	39.99
3210	39.99
3211	39.99
3212	39.99
3213	39.99
3214	39.99
3215	39.99
3216	39.99
3217	39.99
3218	39.99
3219	39.99
3220	39.99
3221	39.99
3222	39.99
3223	39.99
3224	39.99
3225	39.99
3226	39.99
3227	39.99
3228	39.99
3229	39.99
3230	39.99
3231	39.99
3232	39.99
3233	39.99
3234	39.99
3235	39.99
3236	39.99
3237	39.99
3238	39.99
3239	39.99
3240	39.99
3241	39.99
3242	39.99
3243	39.99
3244	39.99
3245	39.99
3246	39.99
3247	39.99
3248	39.99
3249	39.99
3250	39.99
3251	39.99
3252	39.99
3253	39.99
3254	39.99
3255	39.99
3256	39.99
3257	39.99
3258	39.99
3259	39.99
3260	39.99
3261	39.99
3262	39.99
3263	39.99
3264	39.99
3265	39.99
3266	39.99
3267	39.99
3268	39.99
3269	39.99
3270	39.99
3271	39.99
3272	39.99
3273	39.99
3274	39.99
3275	39.99
3276	39.99
3277	39.99
3278	39.99
3279	39.99
3280	39.99
3281	39.99
3282	39.99
3283	39.99
3284	39.99
3285	39.99
3286	39.99
3287	39.99
3288	39.99
3289	39.99
3290	39.99
3291	39.99
3292	39.99
3293	39.99
3294	39.99
3295	39.99
3296	39.99
3297	39.99
3298	39.99
3299	39.99
3300	39.99
3301	39.99
3302	39.99
3303	39.99
3304	39.99
3305	39.99
3306	39.99
3307	39.99
3308	39.99
3309	39.99
3310	39.99
3311	39.99
3312	39.99
3313	39.99
3314	39.99
3315	39.99
3316	39.99
3317	39.99
3318	39.99
3319	39.99
3320	39.99
3321	39.99
3322	39.99
3323	39.99
3324	39.99
3325	39.99
3326	39.99
3327	39.99
3328	39.99
3329	39.99
3330	39.99
3331	39.99
3332	39.99
3333	39.99
3334	39.99
3335	39.99
3336	39.99
3337	39.99
3338	39.99
3339	39.99
3340	39.99
3341	39.99
3342	39.99
3343	39.99
3344	39.99
3345	39.99
3346	39.99
3347	39.99
3348	39.99
3349	39.99
3350	39.99
3351	39.99
3352	39.99
3353	39.99
3354	39.99
3355	39.99
3356	39.99
3357	39.99
3358	39.99
3359	39.99
3360	39.99
3361	39.99
3362	39.99
3363	39.99
3364	39.99
3365	39.99
3366	39.99
3367	39.99
3368	39.99
3369	39.99
3370	39.99
3371	39.99
3372	39.99
3373	39.99
3374	39.99
3375	39.99
3376	39.99
3377	39.99
3378	39.99
3379	39.99
3380	39.99
3381	39.99
3382	39.99
3383	39.99
3384	39.99
3385	39.99
3386	39.99
3387	39.99
3388	39.99
3389	39.99
3390	39.99
3391	39.99
3392	39.99
3393	39.99
3394	39.99
3395	39.99
3396	39.99
3397	39.99
3398	39.99
3399	39.99
3400	39.99
3401	39.99
3402	39.99
3403	39.99
3404	39.99
3405	39.99
3406	39.99
3407	39.99
3408	39.99
3409	39.99
3410	39.99
3411	39.99
3412	39.99
3413	39.99
3414	39.99
3415	39.99
3416	39.99
3417	39.99
3418	39.99
3419	39.99
3420	39.99
3421	39.99
3422	39.99
3423	39.99
3424	39.99
3425	39.99
3426	39.99
3427	39.99
3428	39.99
3429	39.99
3430	39.99
3431	39.99
3432	39.99
3433	39.99
3434	39.99
3435	39.99
3436	39.99
3437	39.99
3438	39.99
3439	39.99
3440	39.99
3441	39.99
3442	39.99
3443	39.99
3444	39.99
3445	39.99
3446	39.99
3447	39.99
3448	39.99
3449	39.99
3450	39.99
3451	39.99
3452	39.99
3453	39.99
3454	39.99
3455	39.99
3456	39.99
3457	39.99
3458	39.99
3459	39.99
3460	39.99
3461	39.99
3462	39.99
3463	39.99
3464	39.99
3465	39.99
3466	39.99
3467	39.99
3468	39.99
3469	39.99
3470	39.99
3471	39.99
3472	39.99
3473	39.99
3474	39.99
3475	39.99
3476	39.99
3477	39.99
3478	39.99
3479	39.99
3480	39.99
3481	39.99
3482	39.99
3483	39.99
3484	39.99
3485	39.99
3486	39.99
3487	39.99
3488	39.99
3489	39.99
3490	39.99
3491	39.99
3492	39.99
3493	39.99
3494	39.99
3495	39.99
3496	39.99
3497	39.99
3498	39.99
3499	39.99
3500	39.99
3501	39.99
3502	39.99
3503	39.99
3504	39.99
3505	39.99
3506	39.99
3507	39.99
3508	39.99
3509	39.99
3510	39.99
3511	39.99
3512	39.99
3513	39.99
3514	39.99
3515	39.99
3516	39.99
3517	39.99
3518	39.99
3519	39.99
3520	39.99
3521	39.99
3522	39.99
3523	39.99
3524	39.99
3525	39.99
3526	39.99
3527	39.99
3528	39.99
3529	39.99
3530	39.99
3531	39.99
3532	39.99
3533	39.99
3534	39.99
3535	39.99
3536	39.99
3537	39.99
3538	39.99
3539	39.99
3540	39.99
3541	39.99
3542	39.99
3543	39.99
3544	39.99
3545	39.99
3546	39.99
3547	39.99
3548	39.99
3549	39.99
3550	39.99
3551	39.99
3552	39.99
3553	39.99
3554	39.99
3555	39.99
3556	39.99
3557	39.99
3558	39.99
3559	39.99
3560	39.99
3561	39.99
3562	39.99
3563	39.99
3564	39.99
3565	39.99
3566	39.99
3567	39.99
3568	39.99
3569	39.99
3570	39.99
3571	39.99
3572	39.99
3573	39.99
3574	39.99
3575	39.99
3576	39.99
3577	39.99
3578	39.99
3579	39.99
3580	39.99
3581	39.99
3582	39.99
3583	39.99
3584	39.99
3585	39.99
3586	39.99
3587	39.99
3588	39.99
3589	39.99
3590	39.99
3591	39.99
3592	39.99
3593	39.99
3594	39.99
3595	39.99
3596	39.99
3597	39.99
3598	39.99
3599	39.99
3600	39.99
3601	39.99
3602	39.99
3603	39.99
3604	39.99
3605	39.99
3606	39.99
3607	39.99
3608	39.99
3609	39.99
3610	39.99
3611	39.99
3612	39.99
3613	39.99
3614	39.99
3615	39.99
3616	39.99
3617	39.99
3618	39.99
3619	39.99
3620	39.99
3621	39.99
3622	39.99
3623	39.99
3624	39.99
3625	39.99
3626	39.99
3627	39.99
3628	39.99
3629	39.99
3630	39.99
3631	39.99
3632	39.99
3633	39.99
3634	39.99
3635	39.99
3636	39.99
3637	39.99
3638	39.99
3639	39.99
3640	39.99
3641	39.99
3642	39.99
3643	39.99
3644	39.99
3645	39.99
3646	39.99
3647	39.99
3648	39.99
3649	39.99
3650	39.99
3651	39.99
3652	39.99
3653	39.99
3654	39.99
3655	39.99
3656	39.99
3657	39.99
3658	39.99
3659	39.99
3660	39.99
3661	39.99
3662	39.99
3663	39.99
3664	39.99
3665	39.99
3666	39.99
3667	39.99
3668	39.99
3669	39.99
3670	39.99
3671	39.99
3672	39.99
3673	39.99
3674	39.99
3675	39.99
3676	39.99
3677	39.99
3678	39.99
3679	39.99
3680	39.99
3681	39.99
3682	39.99
3683	39.99
3684	39.99
3685	39.99
3686	39.99
3687	39.99
3688	39.99
3689	39.99
3690	39.99
3691	39.99
3692	39.99
3693	39.99
3694	39.99
3695	39.99
3696	39.99
3697	39.99
3698	39.99
3699	39.99
3700	39.99
3701	39.99
3702	39.99
3703	39.99
3704	39.99
3705	39.99
3706	39.99
3707	39.99
3708	39.99
3709	39.99
3710	39.99
3711	39.99
3712	39.99
3713	39.99
3714	39.99
3715	39.99
3716	39.99
3717	39.99
3718	39.99
3719	39.99
3720	39.99
3721	39.99
3722	39.99
3723	39.99
3724	39.99
3725	39.99
3726	39.99
3727	39.99
3728	39.99
3729	39.99
3730	39.99
3731	39.99
3732	39.99
3733	39.99
3734	39.99
3735	39.99
3736	39.99
3737	39.99
3738	39.99
3739	39.99
3740	39.99
3741	39.99
3742	39.99
3743	39.99
3744	39.99
3745	39.99
3746	39.99
3747	39.99
3748	39.99
3749	39.99
3750	39.99
3751	39.99
3752	39.99
3753	39.99
3754	39.99
3755	39.99
3756	39.99
3757	39.99
3758	39.99
3759	39.99
3760	39.99
3761	39.99
3762	39.99
3763	39.99
3764	39.99
3765	39.99
3766	39.99
3767	39.99
3768	39.99
3769	39.99
3770	39.99
3771	39.99
3772	39.99
3773	39.99
3774	39.99
3775	39.99
3776	39.99
3777	39.99
3778	39.99
3779	39.99
3780	39.99
3781	39.99
3782	39.99
3783	39.99
3784	39.99
3785	39.99
3786	39.99
3787	39.99
3788	39.99
3789	39.99
3790	39.99
3791	39.99
3792	39.99
3793	39.99
3794	39.99
3795	39.99
3796	39.99
3797	39.99
3798	39.99
3799	39.99
3800	39.99
3801	39.99
3802	39.99
3803	39.99
3804	39.99
3805	39.99
3806	39.99
3807	39.99
3808	39.99
3809	39.99
3810	39.99
3811	39.99
3812	39.99
3813	39.99
3814	39.99
3815	39.99
3816	39.99
3817	39.99
3818	39.99
3819	39.99
3820	39.99
3821	39.99
3822	39.99
3823	39.99
3824	39.99
3825	39.99
3826	39.99
3827	39.99
3828	39.99
3829	39.99
3830	39.99
3831	39.99
3832	39.99
3833	39.99
3834	39.99
3835	39.99
3836	39.99
3837	39.99
3838	39.99
3839	39.99
3840	39.99
3841	39.99
3842	39.99
3843	39.99
3844	39.99
3845	39.99
3846	39.99
3847	39.99
3848	39.99
3849	39.99
3850	39.99
3851	39.99
3852	39.99
3853	39.99
3854	39.99
3855	39.99
3856	39.99
3857	39.99
3858	39.99
3859	39.99
3860	39.99
3861	39.99
3862	39.99
3863	39.99
3864	39.99
3865	39.99
3866	39.99
3867	39.99
3868	39.99
3869	39.99
3870	39.99
3871	39.99
3872	39.99
3873	39.99
3874	39.99
3875	39.99
3876	39.99
3877	39.99
3878	39.99
3879	39.99
3880	39.99
3881	39.99
3882	39.99
3883	39.99
3884	39.99
3885	39.99
3886	39.99
3887	39.99
3888	39.99
3889	39.99
3890	39.99
3891	39.99
3892	39.99
3893	39.99
3894	39.99
3895	39.99
3896	39.99
3897	39.99
3898	39.99
3899	39.99
3900	39.99
3901	39.99
3902	39.99
3903	39.99
3904	39.99
3905	39.99
3906	39.99
3907	39.99
3908	39.99
3909	39.99
3910	39.99
3911	39.99
3912	39.99
3913	39.99
3914	39.99
3915	39.99
3916	39.99
3917	39.99
3918	39.99
3919	39.99
3920	39.99
3921	39.99
3922	39.99
3923	39.99
3924	39.99
3925	39.99
3926	39.99
3927	39.99
3928	39.99
3929	39.99
3930	39.99
3931	39.99
3932	39.99
3933	39.99
3934	39.99
3935	39.99
3936	39.99
3937	39.99
3938	39.99
3939	39.99
3940	39.99
3941	39.99
3942	39.99
3943	39.99
3944	39.99
3945	39.99
3946	39.99
3947	39.99
3948	39.99
3949	39.99
3950	39.99
3951	39.99
3952	39.99
3953	39.99
3954	39.99
3955	39.99
3956	39.99
3957	39.99
3958	39.99
3959	39.99
3960	39.99
3961	39.99
3962	39.99
3963	39.99
3964	39.99
3965	39.99
3966	39.99
3967	39.99
3968	39.99
3969	39.99
3970	39.99
3971	39.99
3972	39.99
3973	39.99
3974	39.99
3975	39.99
3976	39.99
3977	39.99
3978	39.99
3979	39.99
3980	39.99
3981	39.99
3982	39.99
3983	39.99
3984	39.99
3985	39.99
3986	39.99
3987	39.99
3988	39.99
3989	39.99
3990	39.99
3991	39.99
3992	39.99
3993	39.99
3994	39.99
3995	39.99
3996	39.99
3997	39.99
3998	39.99
3999	39.99
4000	39.99
4001	39.99
4002	39.99
4003	39.99
4004	39.99
4005	39.99
4006	39.99
4007	39.99
4008	39.99
4009	39.99
4010	39.99
4011	39.99
4012	39.99
4013	39.99
4014	39.99
4015	39.99
4016	39.99
4017	39.99
4018	39.99
4019	39.99
4020	39.99
4021	39.99
4022	39.99
4023	39.99
4024	39.99
4025	39.99
4026	39.99
4027	39.99
4028	39.99
4029	39.99
4030	39.99
4031	39.99
4032	39.99
4033	39.99
4034	39.99
4035	39.99
4036	39.99
4037	39.99
4038	39.99
4039	39.99
4040	39.99
4041	39.99
4042	39.99
4043	39.99
4044	39.99
4045	39.99
4046	39.99
4047	39.99
4048	39.99
4049	39.99
4050	39.99
4051	39.99
4052	39.99
4053	39.99
4054	39.99
4055	39.99
4056	39.99
4057	39.99
4058	39.99
4059	39.99
4060	39.99
4061	39.99
4062	39.99
4063	39.99
4064	39.99
4065	39.99
4066	39.99
4067	39.99
4068	39.99
4069	39.99
4070	39.99
4071	39.99
4072	39.99
4073	39.99
4074	39.99
4075	39.99
4076	39.99
4077	39.99
4078	39.99
4079	39.99
4080	39.99
4081	39.99
4082	39.99
4083	39.99
4084	39.99
4085	39.99
4086	39.99
4087	39.99
4088	39.99
4089	39.99
4090	39.99
4091	39.99
4092	39.99
4093	39.99
4094	39.99
4095	39.99
4096	39.99
4097	39.99
4098	39.99
4099	39.99
4100	39.99
4101	39.99
4102	39.99
4103	39.99
4104	39.99
4105	39.99
4106	39.99
4107	39.99
4108	39.99
4109	39.99
4110	39.99
4111	39.99
4112	39.99
4113	39.99
4114	39.99
4115	39.99
4116	39.99
4117	39.99
4118	39.99
4119	39.99
4120	39.99
4121	39.99
4122	39.99
4123	39.99
4124	39.99
4125	39.99
4126	39.99
4127	39.99
4128	39.99
4129	39.99
4130	39.99
4131	39.99
4132	39.99
4133	39.99
4134	39.99
4135	39.99
4136	39.99
4137	39.99
4138	39.99
4139	39.99
4140	39.99
4141	39.99
4142	39.99
4143	39.99
4144	39.99
4145	39.99
4146	39.99
4147	39.99
4148	39.99
4149	39.99
4150	39.99
4151	39.99
4152	39.99
4153	39.99
4154	39.99
4155	39.99
4156	39.99
4157	39.99
4158	39.99
4159	39.99
4160	39.99
4161	39.99
4162	39.99
4163	39.99
4164	39.99
4165	39.99
4166	39.99
4167	39.99
4168	39.99
4169	39.99
4170	39.99
4171	39.99
4172	39.99
4173	39.99
4174	39.99
4175	39.99
4176	39.99
4177	39.99
4178	39.99
4179	39.99
4180	39.99
4181	39.99
4182	39.99
4183	39.99
4184	39.99
4185	39.99
4186	39.99
4187	39.99
4188	39.99
4189	39.99
4190	39.99
4191	39.99
4192	39.99
4193	39.99
4194	39.99
4195	39.99
4196	39.99
4197	39.99
4198	39.99
4199	39.99
4200	39.99
4201	39.99
4202	39.99
4203	39.99
4204	39.99
4205	39.99
4206	39.99
4207	39.99
4208	39.99
4209	39.99
4210	39.99
4211	39.99
4212	39.99
4213	39.99
4214	39.99
4215	39.99
4216	39.99
4217	39.99
4218	39.99
4219	39.99
4220	39.99
4221	39.99
4222	39.99
4223	39.99
4224	39.99
4225	39.99
4226	39.99
4227	39.99
4228	39.99
4229	39.99
4230	39.99
4231	39.99
4232	39.99
4233	39.99
4234	39.99
4235	39.99
4236	39.99
4237	39.99
4238	39.99
4239	39.99
4240	39.99
4241	39.99
4242	39.99
4243	39.99
4244	39.99
4245	39.99
4246	39.99
4247	39.99
4248	39.99
4249	39.99
4250	39.99
4251	39.99
4252	39.99
4253	39.99
4254	39.99
4255	39.99
4256	39.99
4257	39.99
4258	39.99
4259	39.99
4260	39.99
4261	39.99
4262	39.99
4263	39.99
4264	39.99
4265	39.99
4266	39.99
4267	39.99
4268	39.99
4269	39.99
4270	39.99
4271	39.99
4272	39.99
4273	39.99
4274	39.99
4275	39.99
4276	39.99
4277	39.99
4278	39.99
4279	39.99
4280	39.99
4281	39.99
4282	39.99
4283	39.99
4284	39.99
4285	39.99
4286	39.99
4287	39.99
4288	39.99
4289	39.99
4290	39.99
4291	39.99
4292	39.99
4293	39.99
4294	39.99
4295	39.99
4296	39.99
4297	39.99
4298	39.99
4299	39.99
4300	39.99
4301	39.99
4302	39.99
4303	39.99
4304	39.99
4305	39.99
4306	39.99
4307	39.99
4308	39.99
4309	39.99
4310	39.99
4311	39.99
4312	39.99
4313	39.99
4314	39.99
4315	39.99
4316	39.99
4317	39.99
4318	39.99
4319	39.99
4320	39.99
4321	39.99
4322	39.99
4323	39.99
4324	39.99
4325	39.99
4326	39.99
4327	39.99
4328	39.99
4329	39.99
4330	39.99
4331	39.99
4332	39.99
4333	39.99
4334	39.99
4335	39.99
4336	39.99
4337	39.99
4338	39.99
4339	39.99
4340	39.99
4341	39.99
4342	39.99
4343	39.99
4344	39.99
4345	39.99
4346	39.99
4347	39.99
4348	39.99
4349	39.99
4350	39.99
4351	39.99
4352	39.99
4353	39.99
4354	39.99
4355	39.99
4356	39.99
4357	39.99
4358	39.99
4359	39.99
4360	39.99
4361	39.99
4362	39.99
4363	39.99
4364	39.99
4365	39.99
4366	39.99
4367	39.99
4368	39.99
4369	39.99
4370	39.99
4371	39.99
4372	39.99
4373	39.99
4374	39.99
4375	39.99
4376	39.99
4377	39.99
4378	39.99
4379	39.99
4380	39.99
4381	39.99
4382	39.99
4383	39.99
4384	39.99
4385	39.99
4386	39.99
4387	39.99
4388	39.99
4389	39.99
4390	39.99
4391	39.99
4392	39.99
4393	39.99
4394	39.99
4395	39.99
4396	39.99
4397	39.99
4398	39.99
4399	39.99
4400	39.99
4401	39.99
4402	39.99
4403	39.99
4404	39.99
4405	39.99
4406	39.99
4407	39.99
4408	39.99
4409	39.99
4410	39.99
4411	39.99
4412	39.99
4413	39.99
4414	39.99
4415	39.99
4416	39.99
4417	39.99
4418	39.99
4419	39.99
4420	39.99
4421	39.99
4422	39.99
4423	39.99
4424	39.99
4425	39.99
4426	39.99
4427	39.99
4428	39.99
4429	39.99
4430	39.99
4431	39.99
4432	39.99
4433	39.99
4434	39.99
4435	39.99
4436	39.99
4437	39.99
4438	39.99
4439	39.99
4440	39.99
4441	39.99
4442	39.99
4443	39.99
4444	39.99
4445	39.99
4446	39.99
4447	39.99
4448	39.99
4449	39.99
4450	39.99
4451	39.99
4452	39.99
4453	39.99
4454	39.99
4455	39.99
4456	39.99
4457	39.99
4458	39.99
4459	39.99
4460	39.99
4461	39.99
4462	39.99
4463	39.99
4464	39.99
4465	39.99
4466	39.99
4467	39.99
4468	39.99
4469	39.99
4470	39.99
4471	39.99
4472	39.99
4473	39.99
4474	39.99
4475	39.99
4476	39.99
4477	39.99
4478	39.99
4479	39.99
4480	39.99
4481	39.99
4482	39.99
4483	39.99
4484	39.99
4485	39.99
4486	39.99
4487	39.99
4488	39.99
4489	39.99
4490	39.99
4491	39.99
4492	39.99
4493	39.99
4494	39.99
4495	39.99
4496	39.99
4497	39.99
4498	39.99
4499	39.99
4500	39.99
4501	39.99
4502	39.99
4503	39.99
4504	39.99
4505	39.99
4506	39.99
4507	39.99
4508	39.99
4509	39.99
4510	39.99
4511	39.99
4512	39.99
4513	39.99
4514	39.99
4515	39.99
4516	39.99
4517	39.99
4518	39.99
4519	39.99
4520	39.99
4521	39.99
4522	39.99
4523	39.99
4524	39.99
4525	39.99
4526	39.99
4527	39.99
4528	39.99
4529	39.99
4530	39.99
4531	39.99
4532	39.99
4533	39.99
4534	39.99
4535	39.99
4536	39.99
4537	39.99
4538	39.99
4539	39.99
4540	39.99
4541	39.99
4542	39.99
4543	39.99
4544	39.99
4545	39.99
4546	39.99
4547	39.99
4548	39.99
4549	39.99
4550	39.99
4551	39.99
4552	39.99
4553	39.99
4554	39.99
4555	39.99
4556	39.99
4557	39.99
4558	39.99
4559	39.99
4560	39.99
4561	39.99
4562	39.99
4563	39.99
4564	39.99
4565	39.99
4566	39.99
4567	39.99
4568	39.99
4569	39.99
4570	39.99
4571	39.99
4572	39.99
4573	39.99
4574	39.99
4575	39.99
4576	39.99
4577	39.99
4578	39.99
4579	39.99
4580	39.99
4581	39.99
4582	39.99
4583	39.99
4584	39.99
4585	39.99
4586	39.99
4587	39.99
4588	39.99
4589	39.99
4590	39.99
4591	39.99
4592	39.99
4593	39.99
4594	39.99
4595	39.99
4596	39.99
4597	39.99
4598	39.99
4599	39.99
4600	39.99
4601	39.99
4602	39.99
4603	39.99
4604	39.99
4605	39.99
4606	39.99
4607	39.99
4608	39.99
4609	39.99
4610	39.99
4611	39.99
4612	39.99
4613	39.99
4614	39.99
4615	39.99
4616	39.99
4617	39.99
4618	39.99
4619	39.99
4620	39.99
4621	39.99
4622	39.99
4623	39.99
4624	39.99
4625	39.99
4626	39.99
4627	39.99
4628	39.99
4629	39.99
4630	39.99
4631	39.99
4632	39.99
4633	39.99
4634	39.99
4635	39.99
4636	39.99
4637	39.99
4638	39.99
4639	39.99
4640	39.99
4641	39.99
4642	39.99
4643	39.99
4644	39.99
4645	39.99
4646	39.99
4647	39.99
4648	39.99
4649	39.99
4650	39.99
4651	39.99
4652	39.99
4653	39.99
4654	39.99
4655	39.99
4656	39.99
4657	39.99
4658	39.99
4659	39.99
4660	39.99
4661	39.99
4662	39.99
4663	39.99
4664	39.99
4665	39.99
4666	39.99
4667	39.99
4668	39.99
4669	39.99
4670	39.99
4671	39.99
4672	39.99
4673	39.99
4674	39.99
4675	39.99
4676	39.99
4677	39.99
4678	39.99
4679	39.99
4680	39.99
4681	39.99
4682	39.99
4683	39.99
4684	39.99
4685	39.99
4686	39.99
4687	39.99
4688	39.99
4689	39.99
4690	39.99
4691	39.99
4692	39.99
4693	39.99
4694	39.99
4695	39.99
4696	39.99
4697	39.99
4698	39.99
4699	39.99
4700	39.99
4701	39.99
4702	39.99
4703	39.99
4704	39.99
4705	39.99
4706	39.99
4707	39.99
4708	39.99
4709	39.99
4710	39.99
4711	39.99
4712	39.99
4713	39.99
4714	39.99
4715	39.99
4716	39.99
4717	39.99
4718	39.99
4719	39.99
4720	39.99
4721	39.99
4722	39.99
4723	39.99
4724	39.99
4725	39.99
4726	39.99
4727	39.99
4728	39.99
4729	39.99
4730	39.99
4731	39.99
4732	39.99
4733	39.99
4734	39.99
4735	39.99
4736	39.99
4737	39.99
4738	39.99
4739	39.99
4740	39.99
4741	39.99
4742	39.99
4743	39.99
4744	39.99
4745	39.99
4746	39.99
4747	39.99
4748	39.99
4749	39.99
4750	39.99
4751	39.99
4752	39.99
4753	39.99
4754	39.99
4755	39.99
4756	39.99
4757	39.99
4758	39.99
4759	39.99
4760	39.99
4761	39.99
4762	39.99
4763	39.99
4764	39.99
4765	39.99
4766	39.99
4767	39.99
4768	39.99
4769	39.99
4770	39.99
4771	39.99
4772	39.99
4773	39.99
4774	39.99
4775	39.99
4776	39.99
4777	39.99
4778	39.99
4779	39.99
4780	39.99
4781	39.99
4782	39.99
4783	39.99
4784	39.99
4785	39.99
4786	39.99
4787	39.99
4788	39.99
4789	39.99
4790	39.99
4791	39.99
4792	39.99
4793	39.99
4794	39.99
4795	39.99
4796	39.99
4797	39.99
4798	39.99
4799	39.99
4800	39.99
4801	39.99
4802	39.99
4803	39.99
4804	39.99
4805	39.99
4806	39.99
4807	39.99
4808	39.99
4809	39.99
4810	39.99
4811	39.99
4812	39.99
4813	39.99
4814	39.99
4815	39.99
4816	39.99
4817	39.99
4818	39.99
4819	39.99
4820	39.99
4821	39.99
4822	39.99
4823	39.99
4824	39.99
4825	39.99
4826	39.99
4827	39.99
4828	39.99
4829	39.99
4830	39.99
4831	39.99
4832	39.99
4833	39.99
4834	39.99
4835	39.99
4836	39.99
4837	39.99
4838	39.99
4839	39.99
4840	39.99
4841	39.99
4842	39.99
4843	39.99
4844	39.99
4845	39.99
4846	39.99
4847	39.99
4848	39.99
4849	39.99
4850	39.99
4851	39.99
4852	39.99
4853	39.99
4854	39.99
4855	39.99
4856	39.99
4857	39.99
4858	39.99
4859	39.99
4860	39.99
4861	39.99
4862	39.99
4863	39.99
4864	39.99
4865	39.99
4866	39.99
4867	39.99
4868	39.99
4869	39.99
4870	39.99
4871	39.99
4872	39.99
4873	39.99
4874	39.99
4875	39.99
4876	39.99
4877	39.99
4878	39.99
4879	39.99
4880	39.99
4881	39.99
4882	39.99
4883	39.99
4884	39.99
4885	39.99
4886	39.99
4887	39.99
4888	39.99
4889	39.99
4890	39.99
4891	39.99
4892	39.99
4893	39.99
4894	39.99
4895	39.99
4896	39.99
4897	39.99
4898	39.99
4899	39.99
4900	39.99
4901	39.99
4902	39.99
4903	39.99
4904	39.99
4905	39.99
4906	39.99
4907	39.99
4908	39.99
4909	39.99
4910	39.99
4911	39.99
4912	39.99
4913	39.99
4914	39.99
4915	39.99
4916	39.99
4917	39.99
4918	39.99
4919	39.99
4920	39.99
4921	39.99
4922	39.99
4923	39.99
4924	39.99
4925	39.99
4926	39.99
4927	39.99
4928	39.99
4929	39.99
4930	39.99
4931	39.99
4932	39.99
4933	39.99
4934	39.99
4935	39.99
4936	39.99
4937	39.99
4938	39.99
4939	39.99
4940	39.99
4941	39.99
4942	39.99
4943	39.99
4944	39.99
4945	39.99
4946	39.99
4947	39.99
4948	39.99
4949	39.99
4950	39.99
4951	39.99
4952	39.99
4953	39.99
4954	39.99
4955	39.99
4956	39.99
4957	39.99
4958	39.99
4959	39.99
4960	39.99
4961	39.99
4962	39.99
4963	39.99
4964	39.99
4965	39.99
4966	39.99
4967	39.99
4968	39.99
4969	39.99
4970	39.99
4971	39.99
4972	39.99
4973	39.99
4974	39.99
4975	39.99
4976	39.99
4977	39.99
4978	39.99
4979	39.99
4980	39.99
4981	39.99
4982	39.99
4983	39.99
4984	39.99
4985	39.99
4986	39.99
4987	39.99
4988	39.99
4989	39.99
4990	39.99
4991	39.99
4992	39.99
4993	39.99
4994	39.99
4995	39.99
