0	36.66
1	36.66
2	36.66
3	36.66
4	36.66
5	36.66
6	36.66
7	36.66
8	36.66
9	36.66
10	36.66
11	36.66
12	36.66
13	36.66
14	36.66
15	36.66
16	36.66
17	36.66
18	36.66
19	36.66
20	36.66
21	36.66
22	36.66
23	36.66
24	36.66
25	36.66
26	36.66
27	36.66
28	36.66
29	36.66
30	36.66
31	36.66
32	36.66
33	36.66
34	36.66
35	36.66
36	36.66
37	36.66
38	36.66
39	36.66
40	36.66
41	36.66
42	36.66
43	36.66
44	36.66
45	36.66
46	36.66
47	36.66
48	36.66
49	36.66
50	36.66
51	36.66
52	36.66
53	36.66
54	36.66
55	36.66
56	36.66
57	36.66
58	36.66
59	36.66
60	36.66
61	36.66
62	36.66
63	36.66
64	36.66
65	36.66
66	36.66
67	36.66
68	36.66
69	36.66
70	36.66
71	36.66
72	36.66
73	36.66
74	36.66
75	36.66
76	36.66
77	36.66
78	36.66
79	36.66
80	36.66
81	36.66
82	36.66
83	36.66
84	36.66
85	36.66
86	36.66
87	36.66
88	36.66
89	36.66
90	36.66
91	36.66
92	36.66
93	36.66
94	36.66
95	36.66
96	36.66
97	36.66
98	36.66
99	36.66
100	36.66
101	36.66
102	36.66
103	36.66
104	36.66
105	36.66
106	36.66
107	36.66
108	36.66
109	36.66
110	36.66
111	36.66
112	36.66
113	36.66
114	36.66
115	36.66
116	36.66
117	36.66
118	36.66
119	36.66
120	36.66
121	36.66
122	36.66
123	36.66
124	36.66
125	36.66
126	36.66
127	36.66
128	36.66
129	36.66
130	36.66
131	36.66
132	36.66
133	36.66
134	36.66
135	36.66
136	36.66
137	36.66
138	36.66
139	36.66
140	36.66
141	36.66
142	36.66
143	36.66
144	36.66
145	36.66
146	36.66
147	36.66
148	36.66
149	36.66
150	36.66
151	36.66
152	36.66
153	36.66
154	36.66
155	36.66
156	36.66
157	36.66
158	36.66
159	36.66
160	36.66
161	36.66
162	36.66
163	36.66
164	36.66
165	36.66
166	36.66
167	36.66
168	36.66
169	36.66
170	36.66
171	36.66
172	36.66
173	36.66
174	36.66
175	36.66
176	36.66
177	36.66
178	36.66
179	36.66
180	36.66
181	36.66
182	36.66
183	36.66
184	36.66
185	36.66
186	36.66
187	36.66
188	36.66
189	36.66
190	36.66
191	36.66
192	36.66
193	36.66
194	36.66
195	36.66
196	36.66
197	36.66
198	36.66
199	36.66
200	36.66
201	36.66
202	36.66
203	36.66
204	36.66
205	36.66
206	36.66
207	36.66
208	36.66
209	36.66
210	36.66
211	36.66
212	36.66
213	36.66
214	36.66
215	36.66
216	36.66
217	36.66
218	36.66
219	36.66
220	36.66
221	36.66
222	36.66
223	36.66
224	36.66
225	36.66
226	36.66
227	36.66
228	36.66
229	36.66
230	36.66
231	36.66
232	36.66
233	36.66
234	36.66
235	36.66
236	36.66
237	36.66
238	36.66
239	36.66
240	36.66
241	36.66
242	36.66
243	36.66
244	36.66
245	36.66
246	36.66
247	36.66
248	36.66
249	36.66
250	36.66
251	36.66
252	36.66
253	36.66
254	36.66
255	36.66
256	36.66
257	36.66
258	36.66
259	36.66
260	36.66
261	36.66
262	36.66
263	36.66
264	36.66
265	36.66
266	36.66
267	36.66
268	36.66
269	36.66
270	36.66
271	36.66
272	36.66
273	36.66
274	36.66
275	36.66
276	36.66
277	36.66
278	36.66
279	36.66
280	36.66
281	36.66
282	36.66
283	36.66
284	36.66
285	36.66
286	36.66
287	36.66
288	36.66
289	36.66
290	36.66
291	36.66
292	36.66
293	36.66
294	36.66
295	36.66
296	36.66
297	36.66
298	36.66
299	36.66
300	36.66
301	36.66
302	36.66
303	36.66
304	36.66
305	36.66
306	36.66
307	36.66
308	36.66
309	36.66
310	36.66
311	36.66
312	36.66
313	36.66
314	36.66
315	36.66
316	36.66
317	36.66
318	36.66
319	36.66
320	36.66
321	36.66
322	36.66
323	36.66
324	36.66
325	36.66
326	36.66
327	36.66
328	36.66
329	36.66
330	36.66
331	36.66
332	36.66
333	36.66
334	36.66
335	36.66
336	36.66
337	36.66
338	36.66
339	36.66
340	36.66
341	36.66
342	36.66
343	36.66
344	36.66
345	36.66
346	36.66
347	36.66
348	36.66
349	36.66
350	36.66
351	36.66
352	36.66
353	36.66
354	36.66
355	36.66
356	36.66
357	36.66
358	36.66
359	36.66
360	36.66
361	36.66
362	36.66
363	36.66
364	36.66
365	36.66
366	36.66
367	36.66
368	36.66
369	36.66
370	36.66
371	36.66
372	36.66
373	36.66
374	36.66
375	36.66
376	36.66
377	36.66
378	36.66
379	36.66
380	36.66
381	36.66
382	36.66
383	36.66
384	36.66
385	36.66
386	36.66
387	36.66
388	36.66
389	36.66
390	36.66
391	36.66
392	36.66
393	36.66
394	36.66
395	36.66
396	36.66
397	36.66
398	36.66
399	36.66
400	36.66
401	36.66
402	36.66
403	36.66
404	36.66
405	36.66
406	36.66
407	36.66
408	36.66
409	36.66
410	36.66
411	36.66
412	36.66
413	36.66
414	36.66
415	36.66
416	36.66
417	36.66
418	36.66
419	36.66
420	36.66
421	36.66
422	36.66
423	36.66
424	36.66
425	36.66
426	36.66
427	36.66
428	36.66
429	36.66
430	36.66
431	36.66
432	36.66
433	36.66
434	36.66
435	36.66
436	36.66
437	36.66
438	36.66
439	36.66
440	36.66
441	36.66
442	36.66
443	36.66
444	36.66
445	36.66
446	36.66
447	36.66
448	36.66
449	36.66
450	36.66
451	36.66
452	36.66
453	36.66
454	36.66
455	36.66
456	36.66
457	36.66
458	36.66
459	36.66
460	36.66
461	36.66
462	36.66
463	36.66
464	36.66
465	36.66
466	36.66
467	36.66
468	36.66
469	36.66
470	36.66
471	36.66
472	36.66
473	36.66
474	36.66
475	36.66
476	36.66
477	36.66
478	36.66
479	36.66
480	36.66
481	36.66
482	36.66
483	36.66
484	36.66
485	36.66
486	36.66
487	36.66
488	36.66
489	36.66
490	36.66
491	36.66
492	36.66
493	36.66
494	36.66
495	36.66
496	36.66
497	36.66
498	36.66
499	36.66
500	36.66
501	36.66
502	36.66
503	36.66
504	36.66
505	36.66
506	36.66
507	36.66
508	36.66
509	36.66
510	36.66
511	36.66
512	36.66
513	36.66
514	36.66
515	36.66
516	36.66
517	36.66
518	36.66
519	36.66
520	36.66
521	36.66
522	36.66
523	36.66
524	36.66
525	36.66
526	36.66
527	36.66
528	36.66
529	36.66
530	36.66
531	36.66
532	36.66
533	36.66
534	36.66
535	36.66
536	36.66
537	36.66
538	36.66
539	36.66
540	36.66
541	36.66
542	36.66
543	36.66
544	36.66
545	36.66
546	36.66
547	36.66
548	36.66
549	36.66
550	36.66
551	36.66
552	36.66
553	36.66
554	36.66
555	36.66
556	36.66
557	36.66
558	36.66
559	36.66
560	36.66
561	36.66
562	36.66
563	36.66
564	36.66
565	36.66
566	36.66
567	36.66
568	36.66
569	36.66
570	36.66
571	36.66
572	36.66
573	36.66
574	36.66
575	36.66
576	36.66
577	36.66
578	36.66
579	36.66
580	36.66
581	36.66
582	36.66
583	36.66
584	36.66
585	36.66
586	36.66
587	36.66
588	36.66
589	36.66
590	36.66
591	36.66
592	36.66
593	36.66
594	36.66
595	36.66
596	36.66
597	36.66
598	36.66
599	36.66
600	36.66
601	36.66
602	36.66
603	36.66
604	36.66
605	36.66
606	36.66
607	36.66
608	36.66
609	36.66
610	36.66
611	36.66
612	36.66
613	36.66
614	36.66
615	36.66
616	36.66
617	36.66
618	36.66
619	36.66
620	36.66
621	36.66
622	36.66
623	36.66
624	36.66
625	36.66
626	36.66
627	36.66
628	36.66
629	36.66
630	36.66
631	36.66
632	36.66
633	36.66
634	36.66
635	36.66
636	36.66
637	36.66
638	36.66
639	36.66
640	36.66
641	36.66
642	36.66
643	36.66
644	36.66
645	36.66
646	36.66
647	36.66
648	36.66
649	36.66
650	36.66
651	36.66
652	36.66
653	36.66
654	36.66
655	36.66
656	36.66
657	36.66
658	36.66
659	36.66
660	36.66
661	36.66
662	36.66
663	36.66
664	36.66
665	36.66
666	36.66
667	36.66
668	36.66
669	36.66
670	36.66
671	36.66
672	36.66
673	36.66
674	36.66
675	36.66
676	36.66
677	36.66
678	36.66
679	36.66
680	36.66
681	36.66
682	36.66
683	36.66
684	36.66
685	36.66
686	36.66
687	36.66
688	36.66
689	36.66
690	36.66
691	36.66
692	36.66
693	36.66
694	36.66
695	36.66
696	36.66
697	36.66
698	36.66
699	36.66
700	36.66
701	36.66
702	36.66
703	36.66
704	36.66
705	36.66
706	36.66
707	36.66
708	36.66
709	36.66
710	36.66
711	36.66
712	36.66
713	36.66
714	36.66
715	36.66
716	36.66
717	36.66
718	36.66
719	36.66
720	36.66
721	36.66
722	36.66
723	36.66
724	36.66
725	36.66
726	36.66
727	36.66
728	36.66
729	36.66
730	36.66
731	36.66
732	36.66
733	36.66
734	36.66
735	36.66
736	36.66
737	36.66
738	36.66
739	36.66
740	36.66
741	36.66
742	36.66
743	36.66
744	36.66
745	36.66
746	36.66
747	36.66
748	36.66
749	36.66
750	36.66
751	36.66
752	36.66
753	36.66
754	36.66
755	36.66
756	36.66
757	36.66
758	36.66
759	36.66
760	36.66
761	36.66
762	36.66
763	36.66
764	36.66
765	36.66
766	36.66
767	36.66
768	36.66
769	36.66
770	36.66
771	36.66
772	36.66
773	36.66
774	36.66
775	36.66
776	36.66
777	36.66
778	36.66
779	36.66
780	36.66
781	36.66
782	36.66
783	36.66
784	36.66
785	36.66
786	36.66
787	36.66
788	36.66
789	36.66
790	36.66
791	36.66
792	36.66
793	36.66
794	36.66
795	36.66
796	36.66
797	36.66
798	36.66
799	36.66
800	36.66
801	36.66
802	36.66
803	36.66
804	36.66
805	36.66
806	36.66
807	36.66
808	36.66
809	36.66
810	36.66
811	36.66
812	36.66
813	36.66
814	36.66
815	36.66
816	36.66
817	36.66
818	36.66
819	36.66
820	36.66
821	36.66
822	36.66
823	36.66
824	36.66
825	36.66
826	36.66
827	36.66
828	36.66
829	36.66
830	36.66
831	36.66
832	36.66
833	36.66
834	36.66
835	36.66
836	36.66
837	36.66
838	36.66
839	36.66
840	36.66
841	36.66
842	36.66
843	36.66
844	36.66
845	36.66
846	36.66
847	36.66
848	36.66
849	36.66
850	36.66
851	36.66
852	36.66
853	36.66
854	36.66
855	36.66
856	36.66
857	36.66
858	36.66
859	36.66
860	36.66
861	36.66
862	36.66
863	36.66
864	36.66
865	36.66
866	36.66
867	36.66
868	36.66
869	36.66
870	36.66
871	36.66
872	36.66
873	36.66
874	36.66
875	36.66
876	36.66
877	36.66
878	36.66
879	36.66
880	36.66
881	36.66
882	36.66
883	36.66
884	36.66
885	36.66
886	36.66
887	36.66
888	36.66
889	36.66
890	36.66
891	36.66
892	36.66
893	36.66
894	36.66
895	36.66
896	36.66
897	36.66
898	36.66
899	36.66
900	36.66
901	36.66
902	36.66
903	36.66
904	36.66
905	36.66
906	36.66
907	36.66
908	36.66
909	36.66
910	36.66
911	36.66
912	36.66
913	36.66
914	36.66
915	36.66
916	36.66
917	36.66
918	36.66
919	36.66
920	36.66
921	36.66
922	36.66
923	36.66
924	36.66
925	36.66
926	36.66
927	36.66
928	36.66
929	36.66
930	36.66
931	36.66
932	36.66
933	36.66
934	36.66
935	36.66
936	36.66
937	36.66
938	36.66
939	36.66
940	36.66
941	36.66
942	36.66
943	36.66
944	36.66
945	36.66
946	36.66
947	36.66
948	36.66
949	36.66
950	36.66
951	36.66
952	36.66
953	36.66
954	36.66
955	36.66
956	36.66
957	36.66
958	36.66
959	36.66
960	36.66
961	36.66
962	36.66
963	36.66
964	36.66
965	36.66
966	36.66
967	36.66
968	36.66
969	36.66
970	36.66
971	36.66
972	36.66
973	36.66
974	36.66
975	36.66
976	36.66
977	36.66
978	36.66
979	36.66
980	36.66
981	36.66
982	36.66
983	36.66
984	36.66
985	36.66
986	36.66
987	36.66
988	36.66
989	36.66
990	36.66
991	36.66
992	36.66
993	36.66
994	36.66
995	36.66
996	36.66
997	36.66
998	36.66
999	36.66
1000	36.66
1001	36.66
1002	36.66
1003	36.66
1004	36.66
1005	36.66
1006	36.66
1007	36.66
1008	36.66
1009	36.66
1010	36.66
1011	36.66
1012	36.66
1013	36.66
1014	36.66
1015	36.66
1016	36.66
1017	36.66
1018	36.66
1019	36.66
1020	36.66
1021	36.66
1022	36.66
1023	36.66
1024	36.66
1025	36.66
1026	36.66
1027	36.66
1028	36.66
1029	36.66
1030	36.66
1031	36.66
1032	36.66
1033	36.66
1034	36.66
1035	36.66
1036	36.66
1037	36.66
1038	36.66
1039	36.66
1040	36.66
1041	36.66
1042	36.66
1043	36.66
1044	36.66
1045	36.66
1046	36.66
1047	36.66
1048	36.66
1049	36.66
1050	36.66
1051	36.66
1052	36.66
1053	36.66
1054	36.66
1055	36.66
1056	36.66
1057	36.66
1058	36.66
1059	36.66
1060	36.66
1061	36.66
1062	36.66
1063	36.66
1064	36.66
1065	36.66
1066	36.66
1067	36.66
1068	36.66
1069	36.66
1070	36.66
1071	36.66
1072	36.66
1073	36.66
1074	36.66
1075	36.66
1076	36.66
1077	36.66
1078	36.66
1079	36.66
1080	36.66
1081	36.66
1082	36.66
1083	36.66
1084	36.66
1085	36.66
1086	36.66
1087	36.66
1088	36.66
1089	36.66
1090	36.66
1091	36.66
1092	36.66
1093	36.66
1094	36.66
1095	36.66
1096	36.66
1097	36.66
1098	36.66
1099	36.66
1100	36.66
1101	36.66
1102	36.66
1103	36.66
1104	36.66
1105	36.66
1106	36.66
1107	36.66
1108	36.66
1109	36.66
1110	36.66
1111	36.66
1112	36.66
1113	36.66
1114	36.66
1115	36.66
1116	36.66
1117	36.66
1118	36.66
1119	36.66
1120	36.66
1121	36.66
1122	36.66
1123	36.66
1124	36.66
1125	36.66
1126	36.66
1127	36.66
1128	36.66
1129	36.66
1130	36.66
1131	36.66
1132	36.66
1133	36.66
1134	36.66
1135	36.66
1136	36.66
1137	36.66
1138	36.66
1139	36.66
1140	36.66
1141	36.66
1142	36.66
1143	36.66
1144	36.66
1145	36.66
1146	36.66
1147	36.66
1148	36.66
1149	36.66
1150	36.66
1151	36.66
1152	36.66
1153	36.66
1154	36.66
1155	36.66
1156	36.66
1157	36.66
1158	36.66
1159	36.66
1160	36.66
1161	36.66
1162	36.66
1163	36.66
1164	36.66
1165	36.66
1166	36.66
1167	36.66
1168	36.66
1169	36.66
1170	36.66
1171	36.66
1172	36.66
1173	36.66
1174	36.66
1175	36.66
1176	36.66
1177	36.66
1178	36.66
1179	36.66
1180	36.66
1181	36.66
1182	36.66
1183	36.66
1184	36.66
1185	36.66
1186	36.66
1187	36.66
1188	36.66
1189	36.66
1190	36.66
1191	36.66
1192	36.66
1193	36.66
1194	36.66
1195	36.66
1196	36.66
1197	36.66
1198	36.66
1199	36.66
1200	36.66
1201	36.66
1202	36.66
1203	36.66
1204	36.66
1205	36.66
1206	36.66
1207	36.66
1208	36.66
1209	36.66
1210	36.66
1211	36.66
1212	36.66
1213	36.66
1214	36.66
1215	36.66
1216	36.66
1217	36.66
1218	36.66
1219	36.66
1220	36.66
1221	36.66
1222	36.66
1223	36.66
1224	36.66
1225	36.66
1226	36.66
1227	36.66
1228	36.66
1229	36.66
1230	36.66
1231	36.66
1232	36.66
1233	36.66
1234	36.66
1235	36.66
1236	36.66
1237	36.66
1238	36.66
1239	36.66
1240	36.66
1241	36.66
1242	36.66
1243	36.66
1244	36.66
1245	36.66
1246	36.66
1247	36.66
1248	36.66
1249	36.66
1250	36.66
1251	36.66
1252	36.66
1253	36.66
1254	36.66
1255	36.66
1256	36.66
1257	36.66
1258	36.66
1259	36.66
1260	36.66
1261	36.66
1262	36.66
1263	36.66
1264	36.66
1265	36.66
1266	36.66
1267	36.66
1268	36.66
1269	36.66
1270	36.66
1271	36.66
1272	36.66
1273	36.66
1274	36.66
1275	36.66
1276	36.66
1277	36.66
1278	36.66
1279	36.66
1280	36.66
1281	36.66
1282	36.66
1283	36.66
1284	36.66
1285	36.66
1286	36.66
1287	36.66
1288	36.66
1289	36.66
1290	36.66
1291	36.66
1292	36.66
1293	36.66
1294	36.66
1295	36.66
1296	36.66
1297	36.66
1298	36.66
1299	36.66
1300	36.66
1301	36.66
1302	36.66
1303	36.66
1304	36.66
1305	36.66
1306	36.66
1307	36.66
1308	36.66
1309	36.66
1310	36.66
1311	36.66
1312	36.66
1313	36.66
1314	36.66
1315	36.66
1316	36.66
1317	36.66
1318	36.66
1319	36.66
1320	36.66
1321	36.66
1322	36.66
1323	36.66
1324	36.66
1325	36.66
1326	36.66
1327	36.66
1328	36.66
1329	36.66
1330	36.66
1331	36.66
1332	36.66
1333	36.66
1334	36.66
1335	36.66
1336	36.66
1337	36.66
1338	36.66
1339	36.66
1340	36.66
1341	36.66
1342	36.66
1343	36.66
1344	36.66
1345	36.66
1346	36.66
1347	36.66
1348	36.66
1349	36.66
1350	36.66
1351	36.66
1352	36.66
1353	36.66
1354	36.66
1355	36.66
1356	36.66
1357	36.66
1358	36.66
1359	36.66
1360	36.66
1361	36.66
1362	36.66
1363	36.66
1364	36.66
1365	36.66
1366	36.66
1367	36.66
1368	36.66
1369	36.66
1370	36.66
1371	36.66
1372	36.66
1373	36.66
1374	36.66
1375	36.66
1376	36.66
1377	36.66
1378	36.66
1379	36.66
1380	36.66
1381	36.66
1382	36.66
1383	36.66
1384	36.66
1385	36.66
1386	36.66
1387	36.66
1388	36.66
1389	36.66
1390	36.66
1391	36.66
1392	36.66
1393	36.66
1394	36.66
1395	36.66
1396	36.66
1397	36.66
1398	36.66
1399	36.66
1400	36.66
1401	36.66
1402	36.66
1403	36.66
1404	36.66
1405	36.66
1406	36.66
1407	36.66
1408	36.66
1409	36.66
1410	36.66
1411	36.66
1412	36.66
1413	36.66
1414	36.66
1415	36.66
1416	36.66
1417	36.66
1418	36.66
1419	36.66
1420	36.66
1421	36.66
1422	36.66
1423	36.66
1424	36.66
1425	36.66
1426	36.66
1427	36.66
1428	36.66
1429	36.66
1430	36.66
1431	36.66
1432	36.66
1433	36.66
1434	36.66
1435	36.66
1436	36.66
1437	36.66
1438	36.66
1439	36.66
1440	36.66
1441	36.66
1442	36.66
1443	36.66
1444	36.66
1445	36.66
1446	36.66
1447	36.66
1448	36.66
1449	36.66
1450	36.66
1451	36.66
1452	36.66
1453	36.66
1454	36.66
1455	36.66
1456	36.66
1457	36.66
1458	36.66
1459	36.66
1460	36.66
1461	36.66
1462	36.66
1463	36.66
1464	36.66
1465	36.66
1466	36.66
1467	36.66
1468	36.66
1469	36.66
1470	36.66
1471	36.66
1472	36.66
1473	36.66
1474	36.66
1475	36.66
1476	36.66
1477	36.66
1478	36.66
1479	36.66
1480	36.66
1481	36.66
1482	36.66
1483	36.66
1484	36.66
1485	36.66
1486	36.66
1487	36.66
1488	36.66
1489	36.66
1490	36.66
1491	36.66
1492	36.66
1493	36.66
1494	36.66
1495	36.66
1496	36.66
1497	36.66
1498	36.66
1499	36.66
1500	36.66
1501	36.66
1502	36.66
1503	36.66
1504	36.66
1505	36.66
1506	36.66
1507	36.66
1508	36.66
1509	36.66
1510	36.66
1511	36.66
1512	36.66
1513	36.66
1514	36.66
1515	36.66
1516	36.66
1517	36.66
1518	36.66
1519	36.66
1520	36.66
1521	36.66
1522	36.66
1523	36.66
1524	36.66
1525	36.66
1526	36.66
1527	36.66
1528	36.66
1529	36.66
1530	36.66
1531	36.66
1532	36.66
1533	36.66
1534	36.66
1535	36.66
1536	36.66
1537	36.66
1538	36.66
1539	36.66
1540	36.66
1541	36.66
1542	36.66
1543	36.66
1544	36.66
1545	36.66
1546	36.66
1547	36.66
1548	36.66
1549	36.66
1550	36.66
1551	36.66
1552	36.66
1553	36.66
1554	36.66
1555	36.66
1556	36.66
1557	36.66
1558	36.66
1559	36.66
1560	36.66
1561	36.66
1562	36.66
1563	36.66
1564	36.66
1565	36.66
1566	36.66
1567	36.66
1568	36.66
1569	36.66
1570	36.66
1571	36.66
1572	36.66
1573	36.66
1574	36.66
1575	36.66
1576	36.66
1577	36.66
1578	36.66
1579	36.66
1580	36.66
1581	36.66
1582	36.66
1583	36.66
1584	36.66
1585	36.66
1586	36.66
1587	36.66
1588	36.66
1589	36.66
1590	36.66
1591	36.66
1592	36.66
1593	36.66
1594	36.66
1595	36.66
1596	36.66
1597	36.66
1598	36.66
1599	36.66
1600	36.66
1601	36.66
1602	36.66
1603	36.66
1604	36.66
1605	36.66
1606	36.66
1607	36.66
1608	36.66
1609	36.66
1610	36.66
1611	36.66
1612	36.66
1613	36.66
1614	36.66
1615	36.66
1616	36.66
1617	36.66
1618	36.66
1619	36.66
1620	36.66
1621	36.66
1622	36.66
1623	36.66
1624	36.66
1625	36.66
1626	36.66
1627	36.66
1628	36.66
1629	36.66
1630	36.66
1631	36.66
1632	36.66
1633	36.66
1634	36.66
1635	36.66
1636	36.66
1637	36.66
1638	36.66
1639	36.66
1640	36.66
1641	36.66
1642	36.66
1643	36.66
1644	36.66
1645	36.66
1646	36.66
1647	36.66
1648	36.66
1649	36.66
1650	36.66
1651	36.66
1652	36.66
1653	36.66
1654	36.66
1655	36.66
1656	36.66
1657	36.66
1658	36.66
1659	36.66
1660	36.66
1661	36.66
1662	36.66
1663	36.66
1664	36.66
1665	36.66
1666	36.66
1667	36.66
1668	36.66
1669	36.66
1670	36.66
1671	36.66
1672	36.66
1673	36.66
1674	36.66
1675	36.66
1676	36.66
1677	36.66
1678	36.66
1679	36.66
1680	36.66
1681	36.66
1682	36.66
1683	36.66
1684	36.66
1685	36.66
1686	36.66
1687	36.66
1688	36.66
1689	36.66
1690	36.66
1691	36.66
1692	36.66
1693	36.66
1694	36.66
1695	36.66
1696	36.66
1697	36.66
1698	36.66
1699	36.66
1700	36.66
1701	36.66
1702	36.66
1703	36.66
1704	36.66
1705	36.66
1706	36.66
1707	36.66
1708	36.66
1709	36.66
1710	36.66
1711	36.66
1712	36.66
1713	36.66
1714	36.66
1715	36.66
1716	36.66
1717	36.66
1718	36.66
1719	36.66
1720	36.66
1721	36.66
1722	36.66
1723	36.66
1724	36.66
1725	36.66
1726	36.66
1727	36.66
1728	36.66
1729	36.66
1730	36.66
1731	36.66
1732	36.66
1733	36.66
1734	36.66
1735	36.66
1736	36.66
1737	36.66
1738	36.66
1739	36.66
1740	36.66
1741	36.66
1742	36.66
1743	36.66
1744	36.66
1745	36.66
1746	36.66
1747	36.66
1748	36.66
1749	36.66
1750	36.66
1751	36.66
1752	36.66
1753	36.66
1754	36.66
1755	36.66
1756	36.66
1757	36.66
1758	36.66
1759	36.66
1760	36.66
1761	36.66
1762	36.66
1763	36.66
1764	36.66
1765	36.66
1766	36.66
1767	36.66
1768	36.66
1769	36.66
1770	36.66
1771	36.66
1772	36.66
1773	36.66
1774	36.66
1775	36.66
1776	36.66
1777	36.66
1778	36.66
1779	36.66
1780	36.66
1781	36.66
1782	36.66
1783	36.66
1784	36.66
1785	36.66
1786	36.66
1787	36.66
1788	36.66
1789	36.66
1790	36.66
1791	36.66
1792	36.66
1793	36.66
1794	36.66
1795	36.66
1796	36.66
1797	36.66
1798	36.66
1799	36.66
1800	36.66
1801	36.66
1802	36.66
1803	36.66
1804	36.66
1805	36.66
1806	36.66
1807	36.66
1808	36.66
1809	36.66
1810	36.66
1811	36.66
1812	36.66
1813	36.66
1814	36.66
1815	36.66
1816	36.66
1817	36.66
1818	36.66
1819	36.66
1820	36.66
1821	36.66
1822	36.66
1823	36.66
1824	36.66
1825	36.66
1826	36.66
1827	36.66
1828	36.66
1829	36.66
1830	36.66
1831	36.66
1832	36.66
1833	36.66
1834	36.66
1835	36.66
1836	36.66
1837	36.66
1838	36.66
1839	36.66
1840	36.66
1841	36.66
1842	36.66
1843	36.66
1844	36.66
1845	36.66
1846	36.66
1847	36.66
1848	36.66
1849	36.66
1850	36.66
1851	36.66
1852	36.66
1853	36.66
1854	36.66
1855	36.66
1856	36.66
1857	36.66
1858	36.66
1859	36.66
1860	36.66
1861	36.66
1862	36.66
1863	36.66
1864	36.66
1865	36.66
1866	36.66
1867	36.66
1868	36.66
1869	36.66
1870	36.66
1871	36.66
1872	36.66
1873	36.66
1874	36.66
1875	36.66
1876	36.66
1877	36.66
1878	36.66
1879	36.66
1880	36.66
1881	36.66
1882	36.66
1883	36.66
1884	36.66
1885	36.66
1886	36.66
1887	36.66
1888	36.66
1889	36.66
1890	36.66
1891	36.66
1892	36.66
1893	36.66
1894	36.66
1895	36.66
1896	36.66
1897	36.66
1898	36.66
1899	36.66
1900	36.66
1901	36.66
1902	36.66
1903	36.66
1904	36.66
1905	36.66
1906	36.66
1907	36.66
1908	36.66
1909	36.66
1910	36.66
1911	36.66
1912	36.66
1913	36.66
1914	36.66
1915	36.66
1916	36.66
1917	36.66
1918	36.66
1919	36.66
1920	36.66
1921	36.66
1922	36.66
1923	36.66
1924	36.66
1925	36.66
1926	36.66
1927	36.66
1928	36.66
1929	36.66
1930	36.66
1931	36.66
1932	36.66
1933	36.66
1934	36.66
1935	36.66
1936	36.66
1937	36.66
1938	36.66
1939	36.66
1940	36.66
1941	36.66
1942	36.66
1943	36.66
1944	36.66
1945	36.66
1946	36.66
1947	36.66
1948	36.66
1949	36.66
1950	36.66
1951	36.66
1952	36.66
1953	36.66
1954	36.66
1955	36.66
1956	36.66
1957	36.66
1958	36.66
1959	36.66
1960	36.66
1961	36.66
1962	36.66
1963	36.66
1964	36.66
1965	36.66
1966	36.66
1967	36.66
1968	36.66
1969	36.66
1970	36.66
1971	36.66
1972	36.66
1973	36.66
1974	36.66
1975	36.66
1976	36.66
1977	36.66
1978	36.66
1979	36.66
1980	36.66
1981	36.66
1982	36.66
1983	36.66
1984	36.66
1985	36.66
1986	36.66
1987	36.66
1988	36.66
1989	36.66
1990	36.66
1991	36.66
1992	36.66
1993	36.66
1994	36.66
1995	36.66
1996	36.66
1997	36.66
1998	36.66
1999	36.66
2000	36.66
2001	36.66
2002	36.66
2003	36.66
2004	36.66
2005	36.66
2006	36.66
2007	36.66
2008	36.66
2009	36.66
2010	36.66
2011	36.66
2012	36.66
2013	36.66
2014	36.66
2015	36.66
2016	36.66
2017	36.66
2018	36.66
2019	36.66
2020	36.66
2021	36.66
2022	36.66
2023	36.66
2024	36.66
2025	36.66
2026	36.66
2027	36.66
2028	36.66
2029	36.66
2030	36.66
2031	36.66
2032	36.66
2033	36.66
2034	36.66
2035	36.66
2036	36.66
2037	36.66
2038	36.66
2039	36.66
2040	36.66
2041	36.66
2042	36.66
2043	36.66
2044	36.66
2045	36.66
2046	36.66
2047	36.66
2048	36.66
2049	36.66
2050	36.66
2051	36.66
2052	36.66
2053	36.66
2054	36.66
2055	36.66
2056	36.66
2057	36.66
2058	36.66
2059	36.66
2060	36.66
2061	36.66
2062	36.66
2063	36.66
2064	36.66
2065	36.66
2066	36.66
2067	36.66
2068	36.66
2069	36.66
2070	36.66
2071	36.66
2072	36.66
2073	36.66
2074	36.66
2075	36.66
2076	36.66
2077	36.66
2078	36.66
2079	36.66
2080	36.66
2081	36.66
2082	36.66
2083	36.66
2084	36.66
2085	36.66
2086	36.66
2087	36.66
2088	36.66
2089	36.66
2090	36.66
2091	36.66
2092	36.66
2093	36.66
2094	36.66
2095	36.66
2096	36.66
2097	36.66
2098	36.66
2099	36.66
2100	36.66
2101	36.66
2102	36.66
2103	36.66
2104	36.66
2105	36.66
2106	36.66
2107	36.66
2108	36.66
2109	36.66
2110	36.66
2111	36.66
2112	36.66
2113	36.66
2114	36.66
2115	36.66
2116	36.66
2117	36.66
2118	36.66
2119	36.66
2120	36.66
2121	36.66
2122	36.66
2123	36.66
2124	36.66
2125	36.66
2126	36.66
2127	36.66
2128	36.66
2129	36.66
2130	36.66
2131	36.66
2132	36.66
2133	36.66
2134	36.66
2135	36.66
2136	36.66
2137	36.66
2138	36.66
2139	36.66
2140	36.66
2141	36.66
2142	36.66
2143	36.66
2144	36.66
2145	36.66
2146	36.66
2147	36.66
2148	36.66
2149	36.66
2150	36.66
2151	36.66
2152	36.66
2153	36.66
2154	36.66
2155	36.66
2156	36.66
2157	36.66
2158	36.66
2159	36.66
2160	36.66
2161	36.66
2162	36.66
2163	36.66
2164	36.66
2165	36.66
2166	36.66
2167	36.66
2168	36.66
2169	36.66
2170	36.66
2171	36.66
2172	36.66
2173	36.66
2174	36.66
2175	36.66
2176	36.66
2177	36.66
2178	36.66
2179	36.66
2180	36.66
2181	36.66
2182	36.66
2183	36.66
2184	36.66
2185	36.66
2186	36.66
2187	36.66
2188	36.66
2189	36.66
2190	36.66
2191	36.66
2192	36.66
2193	36.66
2194	36.66
2195	36.66
2196	36.66
2197	36.66
2198	36.66
2199	36.66
2200	36.66
2201	36.66
2202	36.66
2203	36.66
2204	36.66
2205	36.66
2206	36.66
2207	36.66
2208	36.66
2209	36.66
2210	36.66
2211	36.66
2212	36.66
2213	36.66
2214	36.66
2215	36.66
2216	36.66
2217	36.66
2218	36.66
2219	36.66
2220	36.66
2221	36.66
2222	36.66
2223	36.66
2224	36.66
2225	36.66
2226	36.66
2227	36.66
2228	36.66
2229	36.66
2230	36.66
2231	36.66
2232	36.66
2233	36.66
2234	36.66
2235	36.66
2236	36.66
2237	36.66
2238	36.66
2239	36.66
2240	36.66
2241	36.66
2242	36.66
2243	36.66
2244	36.66
2245	36.66
2246	36.66
2247	36.66
2248	36.66
2249	36.66
2250	36.66
2251	36.66
2252	36.66
2253	36.66
2254	36.66
2255	36.66
2256	36.66
2257	36.66
2258	36.66
2259	36.66
2260	36.66
2261	36.66
2262	36.66
2263	36.66
2264	36.66
2265	36.66
2266	36.66
2267	36.66
2268	36.66
2269	36.66
2270	36.66
2271	36.66
2272	36.66
2273	36.66
2274	36.66
2275	36.66
2276	36.66
2277	36.66
2278	36.66
2279	36.66
2280	36.66
2281	36.66
2282	36.66
2283	36.66
2284	36.66
2285	36.66
2286	36.66
2287	36.66
2288	36.66
2289	36.66
2290	36.66
2291	36.66
2292	36.66
2293	36.66
2294	36.66
2295	36.66
2296	36.66
2297	36.66
2298	36.66
2299	36.66
2300	36.66
2301	36.66
2302	36.66
2303	36.66
2304	36.66
2305	36.66
2306	36.66
2307	36.66
2308	36.66
2309	36.66
2310	36.66
2311	36.66
2312	36.66
2313	36.66
2314	36.66
2315	36.66
2316	36.66
2317	36.66
2318	36.66
2319	36.66
2320	36.66
2321	36.66
2322	36.66
2323	36.66
2324	36.66
2325	36.66
2326	36.66
2327	36.66
2328	36.66
2329	36.66
2330	36.66
2331	36.66
2332	36.66
2333	36.66
2334	36.66
2335	36.66
2336	36.66
2337	36.66
2338	36.66
2339	36.66
2340	36.66
2341	36.66
2342	36.66
2343	36.66
2344	36.66
2345	36.66
2346	36.66
2347	36.66
2348	36.66
2349	36.66
2350	36.66
2351	36.66
2352	36.66
2353	36.66
2354	36.66
2355	36.66
2356	36.66
2357	36.66
2358	36.66
2359	36.66
2360	36.66
2361	36.66
2362	36.66
2363	36.66
2364	36.66
2365	36.66
2366	36.66
2367	36.66
2368	36.66
2369	36.66
2370	36.66
2371	36.66
2372	36.66
2373	36.66
2374	36.66
2375	36.66
2376	36.66
2377	36.66
2378	36.66
2379	36.66
2380	36.66
2381	36.66
2382	36.66
2383	36.66
2384	36.66
2385	36.66
2386	36.66
2387	36.66
2388	36.66
2389	36.66
2390	36.66
2391	36.66
2392	36.66
2393	36.66
2394	36.66
2395	36.66
2396	36.66
2397	36.66
2398	36.66
2399	36.66
2400	36.66
2401	36.66
2402	36.66
2403	36.66
2404	36.66
2405	36.66
2406	36.66
2407	36.66
2408	36.66
2409	36.66
2410	36.66
2411	36.66
2412	36.66
2413	36.66
2414	36.66
2415	36.66
2416	36.66
2417	36.66
2418	36.66
2419	36.66
2420	36.66
2421	36.66
2422	36.66
2423	36.66
2424	36.66
2425	36.66
2426	36.66
2427	36.66
2428	36.66
2429	36.66
2430	36.66
2431	36.66
2432	36.66
2433	36.66
2434	36.66
2435	36.66
2436	36.66
2437	36.66
2438	36.66
2439	36.66
2440	36.66
2441	36.66
2442	36.66
2443	36.66
2444	36.66
2445	36.66
2446	36.66
2447	36.66
2448	36.66
2449	36.66
2450	36.66
2451	36.66
2452	36.66
2453	36.66
2454	36.66
2455	36.66
2456	36.66
2457	36.66
2458	36.66
2459	36.66
2460	36.66
2461	36.66
2462	36.66
2463	36.66
2464	36.66
2465	36.66
2466	36.66
2467	36.66
2468	36.66
2469	36.66
2470	36.66
2471	36.66
2472	36.66
2473	36.66
2474	36.66
2475	36.66
2476	36.66
2477	36.66
2478	36.66
2479	36.66
2480	36.66
2481	36.66
2482	36.66
2483	36.66
2484	36.66
2485	36.66
2486	36.66
2487	36.66
2488	36.66
2489	36.66
2490	36.66
2491	36.66
2492	36.66
2493	36.66
2494	36.66
2495	36.66
2496	36.66
2497	36.66
2498	36.66
2499	36.66
2500	36.66
2501	36.66
2502	36.66
2503	36.66
2504	36.66
2505	36.66
2506	36.66
2507	36.66
2508	36.66
2509	36.66
2510	36.66
2511	36.66
2512	36.66
2513	36.66
2514	36.66
2515	36.66
2516	36.66
2517	36.66
2518	36.66
2519	36.66
2520	36.66
2521	36.66
2522	36.66
2523	36.66
2524	36.66
2525	36.66
2526	36.66
2527	36.66
2528	36.66
2529	36.66
2530	36.66
2531	36.66
2532	36.66
2533	36.66
2534	36.66
2535	36.66
2536	36.66
2537	36.66
2538	36.66
2539	36.66
2540	36.66
2541	36.66
2542	36.66
2543	36.66
2544	36.66
2545	36.66
2546	36.66
2547	36.66
2548	36.66
2549	36.66
2550	36.66
2551	36.66
2552	36.66
2553	36.66
2554	36.66
2555	36.66
2556	36.66
2557	36.66
2558	36.66
2559	36.66
2560	36.66
2561	36.66
2562	36.66
2563	36.66
2564	36.66
2565	36.66
2566	36.66
2567	36.66
2568	36.66
2569	36.66
2570	36.66
2571	36.66
2572	36.66
2573	36.66
2574	36.66
2575	36.66
2576	36.66
2577	36.66
2578	36.66
2579	36.66
2580	36.66
2581	36.66
2582	36.66
2583	36.66
2584	36.66
2585	36.66
2586	36.66
2587	36.66
2588	36.66
2589	36.66
2590	36.66
2591	36.66
2592	36.66
2593	36.66
2594	36.66
2595	36.66
2596	36.66
2597	36.66
2598	36.66
2599	36.66
2600	36.66
2601	36.66
2602	36.66
2603	36.66
2604	36.66
2605	36.66
2606	36.66
2607	36.66
2608	36.66
2609	36.66
2610	36.66
2611	36.66
2612	36.66
2613	36.66
2614	36.66
2615	36.66
2616	36.66
2617	36.66
2618	36.66
2619	36.66
2620	36.66
2621	36.66
2622	36.66
2623	36.66
2624	36.66
2625	36.66
2626	36.66
2627	36.66
2628	36.66
2629	36.66
2630	36.66
2631	36.66
2632	36.66
2633	36.66
2634	36.66
2635	36.66
2636	36.66
2637	36.66
2638	36.66
2639	36.66
2640	36.66
2641	36.66
2642	36.66
2643	36.66
2644	36.66
2645	36.66
2646	36.66
2647	36.66
2648	36.66
2649	36.66
2650	36.66
2651	36.66
2652	36.66
2653	36.66
2654	36.66
2655	36.66
2656	36.66
2657	36.66
2658	36.66
2659	36.66
2660	36.66
2661	36.66
2662	36.66
2663	36.66
2664	36.66
2665	36.66
2666	36.66
2667	36.66
2668	36.66
2669	36.66
2670	36.66
2671	36.66
2672	36.66
2673	36.66
2674	36.66
2675	36.66
2676	36.66
2677	36.66
2678	36.66
2679	36.66
2680	36.66
2681	36.66
2682	36.66
2683	36.66
2684	36.66
2685	36.66
2686	36.66
2687	36.66
2688	36.66
2689	36.66
2690	36.66
2691	36.66
2692	36.66
2693	36.66
2694	36.66
2695	36.66
2696	36.66
2697	36.66
2698	36.66
2699	36.66
2700	36.66
2701	36.66
2702	36.66
2703	36.66
2704	36.66
2705	36.66
2706	36.66
2707	36.66
2708	36.66
2709	36.66
2710	36.66
2711	36.66
2712	36.66
2713	36.66
2714	36.66
2715	36.66
2716	36.66
2717	36.66
2718	36.66
2719	36.66
2720	36.66
2721	36.66
2722	36.66
2723	36.66
2724	36.66
2725	36.66
2726	36.66
2727	36.66
2728	36.66
2729	36.66
2730	36.66
2731	36.66
2732	36.66
2733	36.66
2734	36.66
2735	36.66
2736	36.66
2737	36.66
2738	36.66
2739	36.66
2740	36.66
2741	36.66
2742	36.66
2743	36.66
2744	36.66
2745	36.66
2746	36.66
2747	36.66
2748	36.66
2749	36.66
2750	36.66
2751	36.66
2752	36.66
2753	36.66
2754	36.66
2755	36.66
2756	36.66
2757	36.66
2758	36.66
2759	36.66
2760	36.66
2761	36.66
2762	36.66
2763	36.66
2764	36.66
2765	36.66
2766	36.66
2767	36.66
2768	36.66
2769	36.66
2770	36.66
2771	36.66
2772	36.66
2773	36.66
2774	36.66
2775	36.66
2776	36.66
2777	36.66
2778	36.66
2779	36.66
2780	36.66
2781	36.66
2782	36.66
2783	36.66
2784	36.66
2785	36.66
2786	36.66
2787	36.66
2788	36.66
2789	36.66
2790	36.66
2791	36.66
2792	36.66
2793	36.66
2794	36.66
2795	36.66
2796	36.66
2797	36.66
2798	36.66
2799	36.66
2800	36.66
2801	36.66
2802	36.66
2803	36.66
2804	36.66
2805	36.66
2806	36.66
2807	36.66
2808	36.66
2809	36.66
2810	36.66
2811	36.66
2812	36.66
2813	36.66
2814	36.66
2815	36.66
2816	36.66
2817	36.66
2818	36.66
2819	36.66
2820	36.66
2821	36.66
2822	36.66
2823	36.66
2824	36.66
2825	36.66
2826	36.66
2827	36.66
2828	36.66
2829	36.66
2830	36.66
2831	36.66
2832	36.66
2833	36.66
2834	36.66
2835	36.66
2836	36.66
2837	36.66
2838	36.66
2839	36.66
2840	36.66
2841	36.66
2842	36.66
2843	36.66
2844	36.66
2845	36.66
2846	36.66
2847	36.66
2848	36.66
2849	36.66
2850	36.66
2851	36.66
2852	36.66
2853	36.66
2854	36.66
2855	36.66
2856	36.66
2857	36.66
2858	36.66
2859	36.66
2860	36.66
2861	36.66
2862	36.66
2863	36.66
2864	36.66
2865	36.66
2866	36.66
2867	36.66
2868	36.66
2869	36.66
2870	36.66
2871	36.66
2872	36.66
2873	36.66
2874	36.66
2875	36.66
2876	36.66
2877	36.66
2878	36.66
2879	36.66
2880	36.66
2881	36.66
2882	36.66
2883	36.66
2884	36.66
2885	36.66
2886	36.66
2887	36.66
2888	36.66
2889	36.66
2890	36.66
2891	36.66
2892	36.66
2893	36.66
2894	36.66
2895	36.66
2896	36.66
2897	36.66
2898	36.66
2899	36.66
2900	36.66
2901	36.66
2902	36.66
2903	36.66
2904	36.66
2905	36.66
2906	36.66
2907	36.66
2908	36.66
2909	36.66
2910	36.66
2911	36.66
2912	36.66
2913	36.66
2914	36.66
2915	36.66
2916	36.66
2917	36.66
2918	36.66
2919	36.66
2920	36.66
2921	36.66
2922	36.66
2923	36.66
2924	36.66
2925	36.66
2926	36.66
2927	36.66
2928	36.66
2929	36.66
2930	36.66
2931	36.66
2932	36.66
2933	36.66
2934	36.66
2935	36.66
2936	36.66
2937	36.66
2938	36.66
2939	36.66
2940	36.66
2941	36.66
2942	36.66
2943	36.66
2944	36.66
2945	36.66
2946	36.66
2947	36.66
2948	36.66
2949	36.66
2950	36.66
2951	36.66
2952	36.66
2953	36.66
2954	36.66
2955	36.66
2956	36.66
2957	36.66
2958	36.66
2959	36.66
2960	36.66
2961	36.66
2962	36.66
2963	36.66
2964	36.66
2965	36.66
2966	36.66
2967	36.66
2968	36.66
2969	36.66
2970	36.66
2971	36.66
2972	36.66
2973	36.66
2974	36.66
2975	36.66
2976	36.66
2977	36.66
2978	36.66
2979	36.66
2980	36.66
2981	36.66
2982	36.66
2983	36.66
2984	36.66
2985	36.66
2986	36.66
2987	36.66
2988	36.66
2989	36.66
2990	36.66
2991	36.66
2992	36.66
2993	36.66
2994	36.66
2995	36.66
2996	36.66
2997	36.66
