0	3.46
1	3.46
2	3.46
3	3.46
4	3.46
5	3.46
6	3.46
7	3.46
8	3.46
9	3.46
10	3.46
11	3.46
12	3.46
13	3.46
14	3.46
15	3.46
16	3.46
17	3.46
18	3.46
19	3.46
20	3.46
21	3.46
22	3.46
23	3.46
24	3.46
25	3.46
26	3.46
27	3.46
28	3.46
29	3.46
30	3.46
31	3.46
32	3.46
33	3.46
34	3.46
35	3.46
36	3.46
37	3.46
38	3.46
39	3.46
40	3.46
41	3.46
42	3.46
43	3.46
44	3.46
45	3.46
46	3.46
47	3.46
48	3.46
49	3.46
50	3.46
51	3.46
52	3.46
53	3.46
54	3.46
55	3.46
56	3.46
57	3.46
58	3.46
59	3.46
60	3.46
61	3.46
62	3.46
63	3.46
64	3.46
65	3.46
66	3.46
67	3.46
68	3.46
69	3.46
70	3.46
71	3.46
72	3.46
73	3.46
74	3.46
75	3.46
76	3.46
77	3.46
78	3.46
79	3.46
80	3.46
81	3.46
82	3.46
83	3.46
84	3.46
85	3.46
86	3.46
87	3.46
88	3.46
89	3.46
90	3.46
91	3.46
92	3.46
93	3.46
94	3.46
95	3.46
96	3.46
97	3.46
98	3.46
99	3.46
100	3.46
101	3.46
102	3.46
103	3.46
104	3.46
105	3.46
106	3.46
107	3.46
108	3.46
109	3.46
110	3.46
111	3.46
112	3.46
113	3.46
114	3.46
115	3.46
116	3.46
117	3.46
118	3.46
119	3.46
120	3.46
121	3.46
122	3.46
123	3.46
124	3.46
125	3.46
126	3.46
127	3.46
128	3.46
129	3.46
130	3.46
131	3.46
132	3.46
133	3.46
134	3.46
135	3.46
136	3.46
137	3.46
138	3.46
139	3.46
140	3.46
141	3.46
142	3.46
143	3.46
144	3.46
145	3.46
146	3.46
147	3.46
148	3.46
149	3.46
150	3.46
151	3.46
152	3.46
153	3.46
154	3.46
155	3.46
156	3.46
157	3.46
158	3.46
159	3.46
160	3.46
161	3.46
162	3.46
163	3.46
164	3.46
165	3.46
166	3.46
167	3.46
168	3.46
169	3.46
170	3.46
171	3.46
172	3.46
173	3.46
174	3.46
175	3.46
176	3.46
177	3.46
178	3.46
179	3.46
180	3.46
181	3.46
182	3.46
183	3.46
184	3.46
185	3.46
186	3.46
187	3.46
188	3.46
189	3.46
190	3.46
191	3.46
192	3.46
193	3.46
194	3.46
195	3.46
196	3.46
197	3.46
198	3.46
199	3.46
200	3.46
201	3.46
202	3.46
203	3.46
204	3.46
205	3.46
206	3.46
207	3.46
208	3.46
209	3.46
210	3.46
211	3.46
212	3.46
213	3.46
214	3.46
215	3.46
216	3.46
217	3.46
218	3.46
219	3.46
220	3.46
221	3.46
222	3.46
223	3.46
224	3.46
225	3.46
226	3.46
227	3.46
228	3.46
229	3.46
230	3.46
231	3.46
232	3.46
233	3.46
234	3.46
235	3.46
236	3.46
237	3.46
238	3.46
239	3.46
240	3.46
241	3.46
242	3.46
243	3.46
244	3.46
245	3.46
246	3.46
247	3.46
248	3.46
249	3.46
250	3.46
251	3.46
252	3.46
253	3.46
254	3.46
255	3.46
256	3.46
257	3.46
258	3.46
259	3.46
260	3.46
261	3.46
262	3.46
263	3.46
264	3.46
265	3.46
266	3.46
267	3.46
268	3.46
269	3.46
270	3.46
271	3.46
272	3.46
273	3.46
274	3.46
275	3.46
276	3.46
277	3.46
278	3.46
279	3.46
280	3.46
281	3.46
282	3.46
283	3.46
284	3.46
285	3.46
286	3.46
287	3.46
288	3.46
289	3.46
290	3.46
291	3.46
292	3.46
293	3.46
294	3.46
295	3.46
296	3.46
297	3.46
298	3.46
299	3.46
300	3.46
301	3.46
302	3.46
303	3.46
304	3.46
305	3.46
306	3.46
307	3.46
308	3.46
309	3.46
310	3.46
311	3.46
312	3.46
313	3.46
314	3.46
315	3.46
316	3.46
317	3.46
318	3.46
319	3.46
320	3.46
321	3.46
322	3.46
323	3.46
324	3.46
325	3.46
326	3.46
327	3.46
328	3.46
329	3.46
330	3.46
331	3.46
332	3.46
333	3.46
334	3.46
335	3.46
336	3.46
337	3.46
338	3.46
339	3.46
340	3.46
341	3.46
342	3.46
343	3.46
344	3.46
345	3.46
346	3.46
347	3.46
348	3.46
349	3.46
350	3.46
351	3.46
352	3.46
353	3.46
354	3.46
355	3.46
356	3.46
357	3.46
358	3.46
359	3.46
360	3.46
361	3.46
362	3.46
363	3.46
364	3.46
365	3.46
366	3.46
367	3.46
368	3.46
369	3.46
370	3.46
371	3.46
372	3.46
373	3.46
374	3.46
375	3.46
376	3.46
377	3.46
378	3.46
379	3.46
380	3.46
381	3.46
382	3.46
383	3.46
384	3.46
385	3.46
386	3.46
387	3.46
388	3.46
389	3.46
390	3.46
391	3.46
392	3.46
393	3.46
394	3.46
395	3.46
396	3.46
397	3.46
398	3.46
399	3.46
400	3.46
401	3.46
402	3.46
403	3.46
404	3.46
405	3.46
406	3.46
407	3.46
408	3.46
409	3.46
410	3.46
411	3.46
412	3.46
413	3.46
414	3.46
415	3.46
416	3.46
417	3.46
418	3.46
419	3.46
420	3.46
421	3.46
422	3.46
423	3.46
424	3.46
425	3.46
426	3.46
427	3.46
428	3.46
429	3.46
430	3.46
431	3.46
432	3.46
433	3.46
434	3.46
435	3.46
436	3.46
437	3.46
438	3.46
439	3.46
440	3.46
441	3.46
442	3.46
443	3.46
444	3.46
445	3.46
446	3.46
447	3.46
448	3.46
449	3.46
450	3.46
451	3.46
452	3.46
453	3.46
454	3.46
455	3.46
456	3.46
457	3.46
458	3.46
459	3.46
460	3.46
461	3.46
462	3.46
463	3.46
464	3.46
465	3.46
466	3.46
467	3.46
468	3.46
469	3.46
470	3.46
471	3.46
472	3.46
473	3.46
474	3.46
475	3.46
476	3.46
477	3.46
478	3.46
479	3.46
480	3.46
481	3.46
482	3.46
483	3.46
484	3.46
485	3.46
486	3.46
487	3.46
488	3.46
489	3.46
490	3.46
491	3.46
492	3.46
493	3.46
494	3.46
495	3.46
496	3.46
497	3.46
498	3.46
499	3.46
500	3.46
501	3.46
502	3.46
503	3.46
504	3.46
505	3.46
506	3.46
507	3.46
508	3.46
509	3.46
510	3.46
511	3.46
512	3.46
513	3.46
514	3.46
515	3.46
516	3.46
517	3.46
518	3.46
519	3.46
520	3.46
521	3.46
522	3.46
523	3.46
524	3.46
525	3.46
526	3.46
527	3.46
528	3.46
529	3.46
530	3.46
531	3.46
532	3.46
533	3.46
534	3.46
535	3.46
536	3.46
537	3.46
538	3.46
539	3.46
540	3.46
541	3.46
542	3.46
543	3.46
544	3.46
545	3.46
546	3.46
547	3.46
548	3.46
549	3.46
550	3.46
551	3.46
552	3.46
553	3.46
554	3.46
555	3.46
556	3.46
557	3.46
558	3.46
559	3.46
560	3.46
561	3.46
562	3.46
563	3.46
564	3.46
565	3.46
566	3.46
567	3.46
568	3.46
569	3.46
570	3.46
571	3.46
572	3.46
573	3.46
574	3.46
575	3.46
576	3.46
577	3.46
578	3.46
579	3.46
580	3.46
581	3.46
582	3.46
583	3.46
584	3.46
585	3.46
586	3.46
587	3.46
588	3.46
589	3.46
590	3.46
591	3.46
592	3.46
593	3.46
594	3.46
595	3.46
596	3.46
597	3.46
598	3.46
599	3.46
600	3.46
601	3.46
602	3.46
603	3.46
604	3.46
605	3.46
606	3.46
607	3.46
608	3.46
609	3.46
610	3.46
611	3.46
612	3.46
613	3.46
614	3.46
615	3.46
616	3.46
617	3.46
618	3.46
619	3.46
620	3.46
621	3.46
622	3.46
623	3.46
624	3.46
625	3.46
626	3.46
627	3.46
628	3.46
629	3.46
630	3.46
631	3.46
632	3.46
633	3.46
634	3.46
635	3.46
636	3.46
637	3.46
638	3.46
639	3.46
640	3.46
641	3.46
642	3.46
643	3.46
644	3.46
645	3.46
646	3.46
647	3.46
648	3.46
649	3.46
650	3.46
651	3.46
652	3.46
653	3.46
654	3.46
655	3.46
656	3.46
657	3.46
658	3.46
659	3.46
660	3.46
661	3.46
662	3.46
663	3.46
664	3.46
665	3.46
666	3.46
667	3.46
668	3.46
669	3.46
670	3.46
671	3.46
672	3.46
673	3.46
674	3.46
675	3.46
676	3.46
677	3.46
678	3.46
679	3.46
680	3.46
681	3.46
682	3.46
683	3.46
684	3.46
685	3.46
686	3.46
687	3.46
688	3.46
689	3.46
690	3.46
691	3.46
692	3.46
693	3.46
694	3.46
695	3.46
696	3.46
697	3.46
698	3.46
699	3.46
700	3.46
701	3.46
702	3.46
703	3.46
704	3.46
705	3.46
706	3.46
707	3.46
708	3.46
709	3.46
710	3.46
711	3.46
712	3.46
713	3.46
714	3.46
715	3.46
716	3.46
717	3.46
718	3.46
719	3.46
720	3.46
721	3.46
722	3.46
723	3.46
724	3.46
725	3.46
726	3.46
727	3.46
728	3.46
729	3.46
730	3.46
731	3.46
732	3.46
733	3.46
734	3.46
735	3.46
736	3.46
737	3.46
738	3.46
739	3.46
740	3.46
741	3.46
742	3.46
743	3.46
744	3.46
745	3.46
746	3.46
747	3.46
748	3.46
749	3.46
750	3.46
751	3.46
752	3.46
753	3.46
754	3.46
755	3.46
756	3.46
757	3.46
758	3.46
759	3.46
760	3.46
761	3.46
762	3.46
763	3.46
764	3.46
765	3.46
766	3.46
767	3.46
768	3.46
769	3.46
770	3.46
771	3.46
772	3.46
773	3.46
774	3.46
775	3.46
776	3.46
777	3.46
778	3.46
779	3.46
780	3.46
781	3.46
782	3.46
783	3.46
784	3.46
785	3.46
786	3.46
787	3.46
788	3.46
789	3.46
790	3.46
791	3.46
792	3.46
793	3.46
794	3.46
795	3.46
796	3.46
797	3.46
798	3.46
799	3.46
800	3.46
801	3.46
802	3.46
803	3.46
804	3.46
805	3.46
806	3.46
807	3.46
808	3.46
809	3.46
810	3.46
811	3.46
812	3.46
813	3.46
814	3.46
815	3.46
816	3.46
817	3.46
818	3.46
819	3.46
820	3.46
821	3.46
822	3.46
823	3.46
824	3.46
825	3.46
826	3.46
827	3.46
828	3.46
829	3.46
830	3.46
831	3.46
832	3.46
833	3.46
834	3.46
835	3.46
836	3.46
837	3.46
838	3.46
839	3.46
840	3.46
841	3.46
842	3.46
843	3.46
844	3.46
845	3.46
846	3.46
847	3.46
848	3.46
849	3.46
850	3.46
851	3.46
852	3.46
853	3.46
854	3.46
855	3.46
856	3.46
857	3.46
858	3.46
859	3.46
860	3.46
861	3.46
862	3.46
863	3.46
864	3.46
865	3.46
866	3.46
867	3.46
868	3.46
869	3.46
870	3.46
871	3.46
872	3.46
873	3.46
874	3.46
875	3.46
876	3.46
877	3.46
878	3.46
879	3.46
880	3.46
881	3.46
882	3.46
883	3.46
884	3.46
885	3.46
886	3.46
887	3.46
888	3.46
889	3.46
890	3.46
891	3.46
892	3.46
893	3.46
894	3.46
895	3.46
896	3.46
897	3.46
898	3.46
899	3.46
900	3.46
901	3.46
902	3.46
903	3.46
904	3.46
905	3.46
906	3.46
907	3.46
908	3.46
909	3.46
910	3.46
911	3.46
912	3.46
913	3.46
914	3.46
915	3.46
916	3.46
917	3.46
918	3.46
919	3.46
920	3.46
921	3.46
922	3.46
923	3.46
924	3.46
925	3.46
926	3.46
927	3.46
928	3.46
929	3.46
930	3.46
931	3.46
932	3.46
933	3.46
934	3.46
935	3.46
936	3.46
937	3.46
938	3.46
939	3.46
940	3.46
941	3.46
942	3.46
943	3.46
944	3.46
945	3.46
946	3.46
947	3.46
948	3.46
949	3.46
950	3.46
951	3.46
952	3.46
953	3.46
954	3.46
955	3.46
956	3.46
957	3.46
958	3.46
959	3.46
960	3.46
961	3.46
962	3.46
963	3.46
964	3.46
965	3.46
966	3.46
967	3.46
968	3.46
969	3.46
970	3.46
971	3.46
972	3.46
973	3.46
974	3.46
975	3.46
976	3.46
977	3.46
978	3.46
979	3.46
980	3.46
981	3.46
982	3.46
983	3.46
984	3.46
985	3.46
986	3.46
987	3.46
988	3.46
989	3.46
990	3.46
991	3.46
992	3.46
993	3.46
994	3.46
995	3.46
996	3.46
997	3.46
998	3.46
999	3.46
