0	93.99
1	93.99
2	93.99
3	93.99
4	93.99
5	93.99
6	93.99
7	93.99
8	93.99
9	93.99
10	93.99
11	93.99
12	93.99
13	93.99
14	93.99
15	93.99
16	93.99
17	93.99
18	93.99
19	93.99
20	93.99
21	93.99
22	93.99
23	93.99
24	93.99
25	93.99
26	93.99
27	93.99
28	93.99
29	93.99
30	93.99
31	93.99
32	93.99
33	93.99
34	93.99
35	93.99
36	93.99
37	93.99
38	93.99
39	93.99
40	93.99
41	93.99
42	93.99
43	93.99
44	93.99
45	93.99
46	93.99
47	93.99
48	93.99
49	93.99
50	93.99
51	93.99
52	93.99
53	93.99
54	93.99
55	93.99
56	93.99
57	93.99
58	93.99
59	93.99
60	93.99
61	93.99
62	93.99
63	93.99
64	93.99
65	93.99
66	93.99
67	93.99
68	93.99
69	93.99
70	93.99
71	93.99
72	93.99
73	93.99
74	93.99
75	93.99
76	93.99
77	93.99
78	93.99
79	93.99
80	93.99
81	93.99
82	93.99
83	93.99
84	93.99
85	93.99
86	93.99
87	93.99
88	93.99
89	93.99
90	93.99
91	93.99
92	93.99
93	93.99
94	93.99
95	93.99
96	93.99
97	93.99
98	93.99
99	93.99
100	93.99
101	93.99
102	93.99
103	93.99
104	93.99
105	93.99
106	93.99
107	93.99
108	93.99
109	93.99
110	93.99
111	93.99
112	93.99
113	93.99
114	93.99
115	93.99
116	93.99
117	93.99
118	93.99
119	93.99
120	93.99
121	93.99
122	93.99
123	93.99
124	93.99
125	93.99
126	93.99
127	93.99
128	93.99
129	93.99
130	93.99
131	93.99
132	93.99
133	93.99
134	93.99
135	93.99
136	93.99
137	93.99
138	93.99
139	93.99
140	93.99
141	93.99
142	93.99
143	93.99
144	93.99
145	93.99
146	93.99
147	93.99
148	93.99
149	93.99
150	93.99
151	93.99
152	93.99
153	93.99
154	93.99
155	93.99
156	93.99
157	93.99
158	93.99
159	93.99
160	93.99
161	93.99
162	93.99
163	93.99
164	93.99
165	93.99
166	93.99
167	93.99
168	93.99
169	93.99
170	93.99
171	93.99
172	93.99
173	93.99
174	93.99
175	93.99
176	93.99
177	93.99
178	93.99
179	93.99
180	93.99
181	93.99
182	93.99
183	93.99
184	93.99
185	93.99
186	93.99
187	93.99
188	93.99
189	93.99
190	93.99
191	93.99
192	93.99
193	93.99
194	93.99
195	93.99
196	93.99
197	93.99
198	93.99
199	93.99
200	93.99
201	93.99
202	93.99
203	93.99
204	93.99
205	93.99
206	93.99
207	93.99
208	93.99
209	93.99
210	93.99
211	93.99
212	93.99
213	93.99
214	93.99
215	93.99
216	93.99
217	93.99
218	93.99
219	93.99
220	93.99
221	93.99
222	93.99
223	93.99
224	93.99
225	93.99
226	93.99
227	93.99
228	93.99
229	93.99
230	93.99
231	93.99
232	93.99
233	93.99
234	93.99
235	93.99
236	93.99
237	93.99
238	93.99
239	93.99
240	93.99
241	93.99
242	93.99
243	93.99
244	93.99
245	93.99
246	93.99
247	93.99
248	93.99
249	93.99
250	93.99
251	93.99
252	93.99
253	93.99
254	93.99
255	93.99
256	93.99
257	93.99
258	93.99
259	93.99
260	93.99
261	93.99
262	93.99
263	93.99
264	93.99
265	93.99
266	93.99
267	93.99
268	93.99
269	93.99
270	93.99
271	93.99
272	93.99
273	93.99
274	93.99
275	93.99
276	93.99
277	93.99
278	93.99
279	93.99
280	93.99
281	93.99
282	93.99
283	93.99
284	93.99
285	93.99
286	93.99
287	93.99
288	93.99
289	93.99
290	93.99
291	93.99
292	93.99
293	93.99
294	93.99
295	93.99
296	93.99
297	93.99
298	93.99
299	93.99
300	93.99
301	93.99
302	93.99
303	93.99
304	93.99
305	93.99
306	93.99
307	93.99
308	93.99
309	93.99
310	93.99
311	93.99
312	93.99
313	93.99
314	93.99
315	93.99
316	93.99
317	93.99
318	93.99
319	93.99
320	93.99
321	93.99
322	93.99
323	93.99
324	93.99
325	93.99
326	93.99
327	93.99
328	93.99
329	93.99
330	93.99
331	93.99
332	93.99
333	93.99
334	93.99
335	93.99
336	93.99
337	93.99
338	93.99
339	93.99
340	93.99
341	93.99
342	93.99
343	93.99
344	93.99
345	93.99
346	93.99
347	93.99
348	93.99
349	93.99
350	93.99
351	93.99
352	93.99
353	93.99
354	93.99
355	93.99
356	93.99
357	93.99
358	93.99
359	93.99
360	93.99
361	93.99
362	93.99
363	93.99
364	93.99
365	93.99
366	93.99
367	93.99
368	93.99
369	93.99
370	93.99
371	93.99
372	93.99
373	93.99
374	93.99
375	93.99
376	93.99
377	93.99
378	93.99
379	93.99
380	93.99
381	93.99
382	93.99
383	93.99
384	93.99
385	93.99
386	93.99
387	93.99
388	93.99
389	93.99
390	93.99
391	93.99
392	93.99
393	93.99
394	93.99
395	93.99
396	93.99
397	93.99
398	93.99
399	93.99
400	93.99
401	93.99
402	93.99
403	93.99
404	93.99
405	93.99
406	93.99
407	93.99
408	93.99
409	93.99
410	93.99
411	93.99
412	93.99
413	93.99
414	93.99
415	93.99
416	93.99
417	93.99
418	93.99
419	93.99
420	93.99
421	93.99
422	93.99
423	93.99
424	93.99
425	93.99
426	93.99
427	93.99
428	93.99
429	93.99
430	93.99
431	93.99
432	93.99
433	93.99
434	93.99
435	93.99
436	93.99
437	93.99
438	93.99
439	93.99
440	93.99
441	93.99
442	93.99
443	93.99
444	93.99
445	93.99
446	93.99
447	93.99
448	93.99
449	93.99
450	93.99
451	93.99
452	93.99
453	93.99
454	93.99
455	93.99
456	93.99
457	93.99
458	93.99
459	93.99
460	93.99
461	93.99
462	93.99
463	93.99
464	93.99
465	93.99
466	93.99
467	93.99
468	93.99
469	93.99
470	93.99
471	93.99
472	93.99
473	93.99
474	93.99
475	93.99
476	93.99
477	93.99
478	93.99
479	93.99
480	93.99
481	93.99
482	93.99
483	93.99
484	93.99
485	93.99
486	93.99
487	93.99
488	93.99
489	93.99
490	93.99
491	93.99
492	93.99
493	93.99
494	93.99
495	93.99
496	93.99
497	93.99
498	93.99
499	93.99
500	93.99
501	93.99
502	93.99
503	93.99
504	93.99
505	93.99
506	93.99
507	93.99
508	93.99
509	93.99
510	93.99
511	93.99
512	93.99
513	93.99
514	93.99
515	93.99
516	93.99
517	93.99
518	93.99
519	93.99
520	93.99
521	93.99
522	93.99
523	93.99
524	93.99
525	93.99
526	93.99
527	93.99
528	93.99
529	93.99
530	93.99
531	93.99
532	93.99
533	93.99
534	93.99
535	93.99
536	93.99
537	93.99
538	93.99
539	93.99
540	93.99
541	93.99
542	93.99
543	93.99
544	93.99
545	93.99
546	93.99
547	93.99
548	93.99
549	93.99
550	93.99
551	93.99
552	93.99
553	93.99
554	93.99
555	93.99
556	93.99
557	93.99
558	93.99
559	93.99
560	93.99
561	93.99
562	93.99
563	93.99
564	93.99
565	93.99
566	93.99
567	93.99
568	93.99
569	93.99
570	93.99
571	93.99
572	93.99
573	93.99
574	93.99
575	93.99
576	93.99
577	93.99
578	93.99
579	93.99
580	93.99
581	93.99
582	93.99
583	93.99
584	93.99
585	93.99
586	93.99
587	93.99
588	93.99
589	93.99
590	93.99
591	93.99
592	93.99
593	93.99
594	93.99
595	93.99
596	93.99
597	93.99
598	93.99
599	93.99
600	93.99
601	93.99
602	93.99
603	93.99
604	93.99
605	93.99
606	93.99
607	93.99
608	93.99
609	93.99
610	93.99
611	93.99
612	93.99
613	93.99
614	93.99
615	93.99
616	93.99
617	93.99
618	93.99
619	93.99
620	93.99
621	93.99
622	93.99
623	93.99
624	93.99
625	93.99
626	93.99
627	93.99
628	93.99
629	93.99
630	93.99
631	93.99
632	93.99
633	93.99
634	93.99
635	93.99
636	93.99
637	93.99
638	93.99
639	93.99
640	93.99
641	93.99
642	93.99
643	93.99
644	93.99
645	93.99
646	93.99
647	93.99
648	93.99
649	93.99
650	93.99
651	93.99
652	93.99
653	93.99
654	93.99
655	93.99
656	93.99
657	93.99
658	93.99
659	93.99
660	93.99
661	93.99
662	93.99
663	93.99
664	93.99
665	93.99
666	93.99
667	93.99
668	93.99
669	93.99
670	93.99
671	93.99
672	93.99
673	93.99
674	93.99
675	93.99
676	93.99
677	93.99
678	93.99
679	93.99
680	93.99
681	93.99
682	93.99
683	93.99
684	93.99
685	93.99
686	93.99
687	93.99
688	93.99
689	93.99
690	93.99
691	93.99
692	93.99
693	93.99
694	93.99
695	93.99
696	93.99
697	93.99
698	93.99
699	93.99
700	93.99
701	93.99
702	93.99
703	93.99
704	93.99
705	93.99
706	93.99
707	93.99
708	93.99
709	93.99
710	93.99
711	93.99
712	93.99
713	93.99
714	93.99
715	93.99
716	93.99
717	93.99
718	93.99
719	93.99
720	93.99
721	93.99
722	93.99
723	93.99
724	93.99
725	93.99
726	93.99
727	93.99
728	93.99
729	93.99
730	93.99
731	93.99
732	93.99
733	93.99
734	93.99
735	93.99
736	93.99
737	93.99
738	93.99
739	93.99
740	93.99
741	93.99
742	93.99
743	93.99
744	93.99
745	93.99
746	93.99
747	93.99
748	93.99
749	93.99
750	93.99
751	93.99
752	93.99
753	93.99
754	93.99
755	93.99
756	93.99
757	93.99
758	93.99
759	93.99
760	93.99
761	93.99
762	93.99
763	93.99
764	93.99
765	93.99
766	93.99
767	93.99
768	93.99
769	93.99
770	93.99
771	93.99
772	93.99
773	93.99
774	93.99
775	93.99
776	93.99
777	93.99
778	93.99
779	93.99
780	93.99
781	93.99
782	93.99
783	93.99
784	93.99
785	93.99
786	93.99
787	93.99
788	93.99
789	93.99
790	93.99
791	93.99
792	93.99
793	93.99
794	93.99
795	93.99
796	93.99
797	93.99
798	93.99
799	93.99
800	93.99
801	93.99
802	93.99
803	93.99
804	93.99
805	93.99
806	93.99
807	93.99
808	93.99
809	93.99
810	93.99
811	93.99
812	93.99
813	93.99
814	93.99
815	93.99
816	93.99
817	93.99
818	93.99
819	93.99
820	93.99
821	93.99
822	93.99
823	93.99
824	93.99
825	93.99
826	93.99
827	93.99
828	93.99
829	93.99
830	93.99
831	93.99
832	93.99
833	93.99
834	93.99
835	93.99
836	93.99
837	93.99
838	93.99
839	93.99
840	93.99
841	93.99
842	93.99
843	93.99
844	93.99
845	93.99
846	93.99
847	93.99
848	93.99
849	93.99
850	93.99
851	93.99
852	93.99
853	93.99
854	93.99
855	93.99
856	93.99
857	93.99
858	93.99
859	93.99
860	93.99
861	93.99
862	93.99
863	93.99
864	93.99
865	93.99
866	93.99
867	93.99
868	93.99
869	93.99
870	93.99
871	93.99
872	93.99
873	93.99
874	93.99
875	93.99
876	93.99
877	93.99
878	93.99
879	93.99
880	93.99
881	93.99
882	93.99
883	93.99
884	93.99
885	93.99
886	93.99
887	93.99
888	93.99
889	93.99
890	93.99
891	93.99
892	93.99
893	93.99
894	93.99
895	93.99
896	93.99
897	93.99
898	93.99
899	93.99
900	93.99
901	93.99
902	93.99
903	93.99
904	93.99
905	93.99
906	93.99
907	93.99
908	93.99
909	93.99
910	93.99
911	93.99
912	93.99
913	93.99
914	93.99
915	93.99
916	93.99
917	93.99
918	93.99
919	93.99
920	93.99
921	93.99
922	93.99
923	93.99
924	93.99
925	93.99
926	93.99
927	93.99
928	93.99
929	93.99
930	93.99
931	93.99
932	93.99
933	93.99
934	93.99
935	93.99
936	93.99
937	93.99
938	93.99
939	93.99
940	93.99
941	93.99
942	93.99
943	93.99
944	93.99
945	93.99
946	93.99
947	93.99
948	93.99
949	93.99
950	93.99
951	93.99
952	93.99
953	93.99
954	93.99
955	93.99
956	93.99
957	93.99
958	93.99
959	93.99
960	93.99
961	93.99
962	93.99
963	93.99
964	93.99
965	93.99
966	93.99
967	93.99
968	93.99
969	93.99
970	93.99
971	93.99
972	93.99
973	93.99
974	93.99
975	93.99
976	93.99
977	93.99
978	93.99
979	93.99
980	93.99
981	93.99
982	93.99
983	93.99
984	93.99
985	93.99
986	93.99
987	93.99
988	93.99
989	93.99
990	93.99
991	93.99
992	93.99
993	93.99
994	93.99
995	93.99
996	93.99
997	93.99
998	93.99
999	93.99
1000	93.99
1001	93.99
1002	93.99
1003	93.99
1004	93.99
1005	93.99
1006	93.99
1007	93.99
1008	93.99
1009	93.99
1010	93.99
1011	93.99
1012	93.99
1013	93.99
1014	93.99
1015	93.99
1016	93.99
1017	93.99
1018	93.99
1019	93.99
1020	93.99
1021	93.99
1022	93.99
1023	93.99
1024	93.99
1025	93.99
1026	93.99
1027	93.99
1028	93.99
1029	93.99
1030	93.99
1031	93.99
1032	93.99
1033	93.99
1034	93.99
1035	93.99
1036	93.99
1037	93.99
1038	93.99
1039	93.99
1040	93.99
1041	93.99
1042	93.99
1043	93.99
1044	93.99
1045	93.99
1046	93.99
1047	93.99
1048	93.99
1049	93.99
1050	93.99
1051	93.99
1052	93.99
1053	93.99
1054	93.99
1055	93.99
1056	93.99
1057	93.99
1058	93.99
1059	93.99
1060	93.99
1061	93.99
1062	93.99
1063	93.99
1064	93.99
1065	93.99
1066	93.99
1067	93.99
1068	93.99
1069	93.99
1070	93.99
1071	93.99
1072	93.99
1073	93.99
1074	93.99
1075	93.99
1076	93.99
1077	93.99
1078	93.99
1079	93.99
1080	93.99
1081	93.99
1082	93.99
1083	93.99
1084	93.99
1085	93.99
1086	93.99
1087	93.99
1088	93.99
1089	93.99
1090	93.99
1091	93.99
1092	93.99
1093	93.99
1094	93.99
1095	93.99
1096	93.99
1097	93.99
1098	93.99
1099	93.99
1100	93.99
1101	93.99
1102	93.99
1103	93.99
1104	93.99
1105	93.99
1106	93.99
1107	93.99
1108	93.99
1109	93.99
1110	93.99
1111	93.99
1112	93.99
1113	93.99
1114	93.99
1115	93.99
1116	93.99
1117	93.99
1118	93.99
1119	93.99
1120	93.99
1121	93.99
1122	93.99
1123	93.99
1124	93.99
1125	93.99
1126	93.99
1127	93.99
1128	93.99
1129	93.99
1130	93.99
1131	93.99
1132	93.99
1133	93.99
1134	93.99
1135	93.99
1136	93.99
1137	93.99
1138	93.99
1139	93.99
1140	93.99
1141	93.99
1142	93.99
1143	93.99
1144	93.99
1145	93.99
1146	93.99
1147	93.99
1148	93.99
1149	93.99
1150	93.99
1151	93.99
1152	93.99
1153	93.99
1154	93.99
1155	93.99
1156	93.99
1157	93.99
1158	93.99
1159	93.99
1160	93.99
1161	93.99
1162	93.99
1163	93.99
1164	93.99
1165	93.99
1166	93.99
1167	93.99
1168	93.99
1169	93.99
1170	93.99
1171	93.99
1172	93.99
1173	93.99
1174	93.99
1175	93.99
1176	93.99
1177	93.99
1178	93.99
1179	93.99
1180	93.99
1181	93.99
1182	93.99
1183	93.99
1184	93.99
1185	93.99
1186	93.99
1187	93.99
1188	93.99
1189	93.99
1190	93.99
1191	93.99
1192	93.99
1193	93.99
1194	93.99
1195	93.99
1196	93.99
1197	93.99
1198	93.99
1199	93.99
1200	93.99
1201	93.99
1202	93.99
1203	93.99
1204	93.99
1205	93.99
1206	93.99
1207	93.99
1208	93.99
1209	93.99
1210	93.99
1211	93.99
1212	93.99
1213	93.99
1214	93.99
1215	93.99
1216	93.99
1217	93.99
1218	93.99
1219	93.99
1220	93.99
1221	93.99
1222	93.99
1223	93.99
1224	93.99
1225	93.99
1226	93.99
1227	93.99
1228	93.99
1229	93.99
1230	93.99
1231	93.99
1232	93.99
1233	93.99
1234	93.99
1235	93.99
1236	93.99
1237	93.99
1238	93.99
1239	93.99
1240	93.99
1241	93.99
1242	93.99
1243	93.99
1244	93.99
1245	93.99
1246	93.99
1247	93.99
1248	93.99
1249	93.99
1250	93.99
1251	93.99
1252	93.99
1253	93.99
1254	93.99
1255	93.99
1256	93.99
1257	93.99
1258	93.99
1259	93.99
1260	93.99
1261	93.99
1262	93.99
1263	93.99
1264	93.99
1265	93.99
1266	93.99
1267	93.99
1268	93.99
1269	93.99
1270	93.99
1271	93.99
1272	93.99
1273	93.99
1274	93.99
1275	93.99
1276	93.99
1277	93.99
1278	93.99
1279	93.99
1280	93.99
1281	93.99
1282	93.99
1283	93.99
1284	93.99
1285	93.99
1286	93.99
1287	93.99
1288	93.99
1289	93.99
1290	93.99
1291	93.99
1292	93.99
1293	93.99
1294	93.99
1295	93.99
1296	93.99
1297	93.99
1298	93.99
1299	93.99
1300	93.99
1301	93.99
1302	93.99
1303	93.99
1304	93.99
1305	93.99
1306	93.99
1307	93.99
1308	93.99
1309	93.99
1310	93.99
1311	93.99
1312	93.99
1313	93.99
1314	93.99
1315	93.99
1316	93.99
1317	93.99
1318	93.99
1319	93.99
1320	93.99
1321	93.99
1322	93.99
1323	93.99
1324	93.99
1325	93.99
1326	93.99
1327	93.99
1328	93.99
1329	93.99
1330	93.99
1331	93.99
1332	93.99
1333	93.99
1334	93.99
1335	93.99
1336	93.99
1337	93.99
1338	93.99
1339	93.99
1340	93.99
1341	93.99
1342	93.99
1343	93.99
1344	93.99
1345	93.99
1346	93.99
1347	93.99
1348	93.99
1349	93.99
1350	93.99
1351	93.99
1352	93.99
1353	93.99
1354	93.99
1355	93.99
1356	93.99
1357	93.99
1358	93.99
1359	93.99
1360	93.99
1361	93.99
1362	93.99
1363	93.99
1364	93.99
1365	93.99
1366	93.99
1367	93.99
1368	93.99
1369	93.99
1370	93.99
1371	93.99
1372	93.99
1373	93.99
1374	93.99
1375	93.99
1376	93.99
1377	93.99
1378	93.99
1379	93.99
1380	93.99
1381	93.99
1382	93.99
1383	93.99
1384	93.99
1385	93.99
1386	93.99
1387	93.99
1388	93.99
1389	93.99
1390	93.99
1391	93.99
1392	93.99
1393	93.99
1394	93.99
1395	93.99
1396	93.99
1397	93.99
1398	93.99
1399	93.99
1400	93.99
1401	93.99
1402	93.99
1403	93.99
1404	93.99
1405	93.99
1406	93.99
1407	93.99
1408	93.99
1409	93.99
1410	93.99
1411	93.99
1412	93.99
1413	93.99
1414	93.99
1415	93.99
1416	93.99
1417	93.99
1418	93.99
1419	93.99
1420	93.99
1421	93.99
1422	93.99
1423	93.99
1424	93.99
1425	93.99
1426	93.99
1427	93.99
1428	93.99
1429	93.99
1430	93.99
1431	93.99
1432	93.99
1433	93.99
1434	93.99
1435	93.99
1436	93.99
1437	93.99
1438	93.99
1439	93.99
1440	93.99
1441	93.99
1442	93.99
1443	93.99
1444	93.99
1445	93.99
1446	93.99
1447	93.99
1448	93.99
1449	93.99
1450	93.99
1451	93.99
1452	93.99
1453	93.99
1454	93.99
1455	93.99
1456	93.99
1457	93.99
1458	93.99
1459	93.99
1460	93.99
1461	93.99
1462	93.99
1463	93.99
1464	93.99
1465	93.99
1466	93.99
1467	93.99
1468	93.99
1469	93.99
1470	93.99
1471	93.99
1472	93.99
1473	93.99
1474	93.99
1475	93.99
1476	93.99
1477	93.99
1478	93.99
1479	93.99
1480	93.99
1481	93.99
1482	93.99
1483	93.99
1484	93.99
1485	93.99
1486	93.99
1487	93.99
1488	93.99
1489	93.99
1490	93.99
1491	93.99
1492	93.99
1493	93.99
1494	93.99
1495	93.99
1496	93.99
1497	93.99
1498	93.99
1499	93.99
1500	93.99
1501	93.99
1502	93.99
1503	93.99
1504	93.99
1505	93.99
1506	93.99
1507	93.99
1508	93.99
1509	93.99
1510	93.99
1511	93.99
1512	93.99
1513	93.99
1514	93.99
1515	93.99
1516	93.99
1517	93.99
1518	93.99
1519	93.99
1520	93.99
1521	93.99
1522	93.99
1523	93.99
1524	93.99
1525	93.99
1526	93.99
1527	93.99
1528	93.99
1529	93.99
1530	93.99
1531	93.99
1532	93.99
1533	93.99
1534	93.99
1535	93.99
1536	93.99
1537	93.99
1538	93.99
1539	93.99
1540	93.99
1541	93.99
1542	93.99
1543	93.99
1544	93.99
1545	93.99
1546	93.99
1547	93.99
1548	93.99
1549	93.99
1550	93.99
1551	93.99
1552	93.99
1553	93.99
1554	93.99
1555	93.99
1556	93.99
1557	93.99
1558	93.99
1559	93.99
1560	93.99
1561	93.99
1562	93.99
1563	93.99
1564	93.99
1565	93.99
1566	93.99
1567	93.99
1568	93.99
1569	93.99
1570	93.99
1571	93.99
1572	93.99
1573	93.99
1574	93.99
1575	93.99
1576	93.99
1577	93.99
1578	93.99
1579	93.99
1580	93.99
1581	93.99
1582	93.99
1583	93.99
1584	93.99
1585	93.99
1586	93.99
1587	93.99
1588	93.99
1589	93.99
1590	93.99
1591	93.99
1592	93.99
1593	93.99
1594	93.99
1595	93.99
1596	93.99
1597	93.99
1598	93.99
1599	93.99
1600	93.99
1601	93.99
1602	93.99
1603	93.99
1604	93.99
1605	93.99
1606	93.99
1607	93.99
1608	93.99
1609	93.99
1610	93.99
1611	93.99
1612	93.99
1613	93.99
1614	93.99
1615	93.99
1616	93.99
1617	93.99
1618	93.99
1619	93.99
1620	93.99
1621	93.99
1622	93.99
1623	93.99
1624	93.99
1625	93.99
1626	93.99
1627	93.99
1628	93.99
1629	93.99
1630	93.99
1631	93.99
1632	93.99
1633	93.99
1634	93.99
1635	93.99
1636	93.99
1637	93.99
1638	93.99
1639	93.99
1640	93.99
1641	93.99
1642	93.99
1643	93.99
1644	93.99
1645	93.99
1646	93.99
1647	93.99
1648	93.99
1649	93.99
1650	93.99
1651	93.99
1652	93.99
1653	93.99
1654	93.99
1655	93.99
1656	93.99
1657	93.99
1658	93.99
1659	93.99
1660	93.99
1661	93.99
1662	93.99
1663	93.99
1664	93.99
1665	93.99
1666	93.99
1667	93.99
1668	93.99
1669	93.99
1670	93.99
1671	93.99
1672	93.99
1673	93.99
1674	93.99
1675	93.99
1676	93.99
1677	93.99
1678	93.99
1679	93.99
1680	93.99
1681	93.99
1682	93.99
1683	93.99
1684	93.99
1685	93.99
1686	93.99
1687	93.99
1688	93.99
1689	93.99
1690	93.99
1691	93.99
1692	93.99
1693	93.99
1694	93.99
1695	93.99
1696	93.99
1697	93.99
1698	93.99
1699	93.99
1700	93.99
1701	93.99
1702	93.99
1703	93.99
1704	93.99
1705	93.99
1706	93.99
1707	93.99
1708	93.99
1709	93.99
1710	93.99
1711	93.99
1712	93.99
1713	93.99
1714	93.99
1715	93.99
1716	93.99
1717	93.99
1718	93.99
1719	93.99
1720	93.99
1721	93.99
1722	93.99
1723	93.99
1724	93.99
1725	93.99
1726	93.99
1727	93.99
1728	93.99
1729	93.99
1730	93.99
1731	93.99
1732	93.99
1733	93.99
1734	93.99
1735	93.99
1736	93.99
1737	93.99
1738	93.99
1739	93.99
1740	93.99
1741	93.99
1742	93.99
1743	93.99
1744	93.99
1745	93.99
1746	93.99
1747	93.99
1748	93.99
1749	93.99
1750	93.99
1751	93.99
1752	93.99
1753	93.99
1754	93.99
1755	93.99
1756	93.99
1757	93.99
1758	93.99
1759	93.99
1760	93.99
1761	93.99
1762	93.99
1763	93.99
1764	93.99
1765	93.99
1766	93.99
1767	93.99
1768	93.99
1769	93.99
1770	93.99
1771	93.99
1772	93.99
1773	93.99
1774	93.99
1775	93.99
1776	93.99
1777	93.99
1778	93.99
1779	93.99
1780	93.99
1781	93.99
1782	93.99
1783	93.99
1784	93.99
1785	93.99
1786	93.99
1787	93.99
1788	93.99
1789	93.99
1790	93.99
1791	93.99
1792	93.99
1793	93.99
1794	93.99
1795	93.99
1796	93.99
1797	93.99
1798	93.99
1799	93.99
1800	93.99
1801	93.99
1802	93.99
1803	93.99
1804	93.99
1805	93.99
1806	93.99
1807	93.99
1808	93.99
1809	93.99
1810	93.99
1811	93.99
1812	93.99
1813	93.99
1814	93.99
1815	93.99
1816	93.99
1817	93.99
1818	93.99
1819	93.99
1820	93.99
1821	93.99
1822	93.99
1823	93.99
1824	93.99
1825	93.99
1826	93.99
1827	93.99
1828	93.99
1829	93.99
1830	93.99
1831	93.99
1832	93.99
1833	93.99
1834	93.99
1835	93.99
1836	93.99
1837	93.99
1838	93.99
1839	93.99
1840	93.99
1841	93.99
1842	93.99
1843	93.99
1844	93.99
1845	93.99
1846	93.99
1847	93.99
1848	93.99
1849	93.99
1850	93.99
1851	93.99
1852	93.99
1853	93.99
1854	93.99
1855	93.99
1856	93.99
1857	93.99
1858	93.99
1859	93.99
1860	93.99
1861	93.99
1862	93.99
1863	93.99
1864	93.99
1865	93.99
1866	93.99
1867	93.99
1868	93.99
1869	93.99
1870	93.99
1871	93.99
1872	93.99
1873	93.99
1874	93.99
1875	93.99
1876	93.99
1877	93.99
1878	93.99
1879	93.99
1880	93.99
1881	93.99
1882	93.99
1883	93.99
1884	93.99
1885	93.99
1886	93.99
1887	93.99
1888	93.99
1889	93.99
1890	93.99
1891	93.99
1892	93.99
1893	93.99
1894	93.99
1895	93.99
1896	93.99
1897	93.99
1898	93.99
1899	93.99
1900	93.99
1901	93.99
1902	93.99
1903	93.99
1904	93.99
1905	93.99
1906	93.99
1907	93.99
1908	93.99
1909	93.99
1910	93.99
1911	93.99
1912	93.99
1913	93.99
1914	93.99
1915	93.99
1916	93.99
1917	93.99
1918	93.99
1919	93.99
1920	93.99
1921	93.99
1922	93.99
1923	93.99
1924	93.99
1925	93.99
1926	93.99
1927	93.99
1928	93.99
1929	93.99
1930	93.99
1931	93.99
1932	93.99
1933	93.99
1934	93.99
1935	93.99
1936	93.99
1937	93.99
1938	93.99
1939	93.99
1940	93.99
1941	93.99
1942	93.99
1943	93.99
1944	93.99
1945	93.99
1946	93.99
1947	93.99
1948	93.99
1949	93.99
1950	93.99
1951	93.99
1952	93.99
1953	93.99
1954	93.99
1955	93.99
1956	93.99
1957	93.99
1958	93.99
1959	93.99
1960	93.99
1961	93.99
1962	93.99
1963	93.99
1964	93.99
1965	93.99
1966	93.99
1967	93.99
1968	93.99
1969	93.99
1970	93.99
1971	93.99
1972	93.99
1973	93.99
1974	93.99
1975	93.99
1976	93.99
1977	93.99
1978	93.99
1979	93.99
1980	93.99
1981	93.99
1982	93.99
1983	93.99
1984	93.99
1985	93.99
1986	93.99
1987	93.99
1988	93.99
1989	93.99
1990	93.99
1991	93.99
1992	93.99
1993	93.99
1994	93.99
1995	93.99
1996	93.99
1997	93.99
