0	47.0
1	47.0
2	47.0
3	47.0
4	47.0
5	47.0
6	47.0
7	47.0
8	47.0
9	47.0
10	47.0
11	47.0
12	47.0
13	47.0
14	47.0
15	47.0
16	47.0
17	47.0
18	47.0
19	47.0
20	47.0
21	47.0
22	47.0
23	47.0
24	47.0
25	47.0
26	47.0
27	47.0
28	47.0
29	47.0
30	47.0
31	47.0
32	47.0
33	47.0
34	47.0
35	47.0
36	47.0
37	47.0
38	47.0
39	47.0
40	47.0
41	47.0
42	47.0
43	47.0
44	47.0
45	47.0
46	47.0
47	47.0
48	47.0
49	47.0
50	47.0
51	47.0
52	47.0
53	47.0
54	47.0
55	47.0
56	47.0
57	47.0
58	47.0
59	47.0
60	47.0
61	47.0
62	47.0
63	47.0
64	47.0
65	47.0
66	47.0
67	47.0
68	47.0
69	47.0
70	47.0
71	47.0
72	47.0
73	47.0
74	47.0
75	47.0
76	47.0
77	47.0
78	47.0
79	47.0
80	47.0
81	47.0
82	47.0
83	47.0
84	47.0
85	47.0
86	47.0
87	47.0
88	47.0
89	47.0
90	47.0
91	47.0
92	47.0
93	47.0
94	47.0
95	47.0
96	47.0
97	47.0
98	47.0
99	47.0
100	47.0
101	47.0
102	47.0
103	47.0
104	47.0
105	47.0
106	47.0
107	47.0
108	47.0
109	47.0
110	47.0
111	47.0
112	47.0
113	47.0
114	47.0
115	47.0
116	47.0
117	47.0
118	47.0
119	47.0
120	47.0
121	47.0
122	47.0
123	47.0
124	47.0
125	47.0
126	47.0
127	47.0
128	47.0
129	47.0
130	47.0
131	47.0
132	47.0
133	47.0
134	47.0
135	47.0
136	47.0
137	47.0
138	47.0
139	47.0
140	47.0
141	47.0
142	47.0
143	47.0
144	47.0
145	47.0
146	47.0
147	47.0
148	47.0
149	47.0
150	47.0
151	47.0
152	47.0
153	47.0
154	47.0
155	47.0
156	47.0
157	47.0
158	47.0
159	47.0
160	47.0
161	47.0
162	47.0
163	47.0
164	47.0
165	47.0
166	47.0
167	47.0
168	47.0
169	47.0
170	47.0
171	47.0
172	47.0
173	47.0
174	47.0
175	47.0
176	47.0
177	47.0
178	47.0
179	47.0
180	47.0
181	47.0
182	47.0
183	47.0
184	47.0
185	47.0
186	47.0
187	47.0
188	47.0
189	47.0
190	47.0
191	47.0
192	47.0
193	47.0
194	47.0
195	47.0
196	47.0
197	47.0
198	47.0
199	47.0
200	47.0
201	47.0
202	47.0
203	47.0
204	47.0
205	47.0
206	47.0
207	47.0
208	47.0
209	47.0
210	47.0
211	47.0
212	47.0
213	47.0
214	47.0
215	47.0
216	47.0
217	47.0
218	47.0
219	47.0
220	47.0
221	47.0
222	47.0
223	47.0
224	47.0
225	47.0
226	47.0
227	47.0
228	47.0
229	47.0
230	47.0
231	47.0
232	47.0
233	47.0
234	47.0
235	47.0
236	47.0
237	47.0
238	47.0
239	47.0
240	47.0
241	47.0
242	47.0
243	47.0
244	47.0
245	47.0
246	47.0
247	47.0
248	47.0
249	47.0
250	47.0
251	47.0
252	47.0
253	47.0
254	47.0
255	47.0
256	47.0
257	47.0
258	47.0
259	47.0
260	47.0
261	47.0
262	47.0
263	47.0
264	47.0
265	47.0
266	47.0
267	47.0
268	47.0
269	47.0
270	47.0
271	47.0
272	47.0
273	47.0
274	47.0
275	47.0
276	47.0
277	47.0
278	47.0
279	47.0
280	47.0
281	47.0
282	47.0
283	47.0
284	47.0
285	47.0
286	47.0
287	47.0
288	47.0
289	47.0
290	47.0
291	47.0
292	47.0
293	47.0
294	47.0
295	47.0
296	47.0
297	47.0
298	47.0
299	47.0
300	47.0
301	47.0
302	47.0
303	47.0
304	47.0
305	47.0
306	47.0
307	47.0
308	47.0
309	47.0
310	47.0
311	47.0
312	47.0
313	47.0
314	47.0
315	47.0
316	47.0
317	47.0
318	47.0
319	47.0
320	47.0
321	47.0
322	47.0
323	47.0
324	47.0
325	47.0
326	47.0
327	47.0
328	47.0
329	47.0
330	47.0
331	47.0
332	47.0
333	47.0
334	47.0
335	47.0
336	47.0
337	47.0
338	47.0
339	47.0
340	47.0
341	47.0
342	47.0
343	47.0
344	47.0
345	47.0
346	47.0
347	47.0
348	47.0
349	47.0
350	47.0
351	47.0
352	47.0
353	47.0
354	47.0
355	47.0
356	47.0
357	47.0
358	47.0
359	47.0
360	47.0
361	47.0
362	47.0
363	47.0
364	47.0
365	47.0
366	47.0
367	47.0
368	47.0
369	47.0
370	47.0
371	47.0
372	47.0
373	47.0
374	47.0
375	47.0
376	47.0
377	47.0
378	47.0
379	47.0
380	47.0
381	47.0
382	47.0
383	47.0
384	47.0
385	47.0
386	47.0
387	47.0
388	47.0
389	47.0
390	47.0
391	47.0
392	47.0
393	47.0
394	47.0
395	47.0
396	47.0
397	47.0
398	47.0
399	47.0
400	47.0
401	47.0
402	47.0
403	47.0
404	47.0
405	47.0
406	47.0
407	47.0
408	47.0
409	47.0
410	47.0
411	47.0
412	47.0
413	47.0
414	47.0
415	47.0
416	47.0
417	47.0
418	47.0
419	47.0
420	47.0
421	47.0
422	47.0
423	47.0
424	47.0
425	47.0
426	47.0
427	47.0
428	47.0
429	47.0
430	47.0
431	47.0
432	47.0
433	47.0
434	47.0
435	47.0
436	47.0
437	47.0
438	47.0
439	47.0
440	47.0
441	47.0
442	47.0
443	47.0
444	47.0
445	47.0
446	47.0
447	47.0
448	47.0
449	47.0
450	47.0
451	47.0
452	47.0
453	47.0
454	47.0
455	47.0
456	47.0
457	47.0
458	47.0
459	47.0
460	47.0
461	47.0
462	47.0
463	47.0
464	47.0
465	47.0
466	47.0
467	47.0
468	47.0
469	47.0
470	47.0
471	47.0
472	47.0
473	47.0
474	47.0
475	47.0
476	47.0
477	47.0
478	47.0
479	47.0
480	47.0
481	47.0
482	47.0
483	47.0
484	47.0
485	47.0
486	47.0
487	47.0
488	47.0
489	47.0
490	47.0
491	47.0
492	47.0
493	47.0
494	47.0
495	47.0
496	47.0
497	47.0
498	47.0
499	47.0
500	47.0
501	47.0
502	47.0
503	47.0
504	47.0
505	47.0
506	47.0
507	47.0
508	47.0
509	47.0
510	47.0
511	47.0
512	47.0
513	47.0
514	47.0
515	47.0
516	47.0
517	47.0
518	47.0
519	47.0
520	47.0
521	47.0
522	47.0
523	47.0
524	47.0
525	47.0
526	47.0
527	47.0
528	47.0
529	47.0
530	47.0
531	47.0
532	47.0
533	47.0
534	47.0
535	47.0
536	47.0
537	47.0
538	47.0
539	47.0
540	47.0
541	47.0
542	47.0
543	47.0
544	47.0
545	47.0
546	47.0
547	47.0
548	47.0
549	47.0
550	47.0
551	47.0
552	47.0
553	47.0
554	47.0
555	47.0
556	47.0
557	47.0
558	47.0
559	47.0
560	47.0
561	47.0
562	47.0
563	47.0
564	47.0
565	47.0
566	47.0
567	47.0
568	47.0
569	47.0
570	47.0
571	47.0
572	47.0
573	47.0
574	47.0
575	47.0
576	47.0
577	47.0
578	47.0
579	47.0
580	47.0
581	47.0
582	47.0
583	47.0
584	47.0
585	47.0
586	47.0
587	47.0
588	47.0
589	47.0
590	47.0
591	47.0
592	47.0
593	47.0
594	47.0
595	47.0
596	47.0
597	47.0
598	47.0
599	47.0
600	47.0
601	47.0
602	47.0
603	47.0
604	47.0
605	47.0
606	47.0
607	47.0
608	47.0
609	47.0
610	47.0
611	47.0
612	47.0
613	47.0
614	47.0
615	47.0
616	47.0
617	47.0
618	47.0
619	47.0
620	47.0
621	47.0
622	47.0
623	47.0
624	47.0
625	47.0
626	47.0
627	47.0
628	47.0
629	47.0
630	47.0
631	47.0
632	47.0
633	47.0
634	47.0
635	47.0
636	47.0
637	47.0
638	47.0
639	47.0
640	47.0
641	47.0
642	47.0
643	47.0
644	47.0
645	47.0
646	47.0
647	47.0
648	47.0
649	47.0
650	47.0
651	47.0
652	47.0
653	47.0
654	47.0
655	47.0
656	47.0
657	47.0
658	47.0
659	47.0
660	47.0
661	47.0
662	47.0
663	47.0
664	47.0
665	47.0
666	47.0
667	47.0
668	47.0
669	47.0
670	47.0
671	47.0
672	47.0
673	47.0
674	47.0
675	47.0
676	47.0
677	47.0
678	47.0
679	47.0
680	47.0
681	47.0
682	47.0
683	47.0
684	47.0
685	47.0
686	47.0
687	47.0
688	47.0
689	47.0
690	47.0
691	47.0
692	47.0
693	47.0
694	47.0
695	47.0
696	47.0
697	47.0
698	47.0
699	47.0
700	47.0
701	47.0
702	47.0
703	47.0
704	47.0
705	47.0
706	47.0
707	47.0
708	47.0
709	47.0
710	47.0
711	47.0
712	47.0
713	47.0
714	47.0
715	47.0
716	47.0
717	47.0
718	47.0
719	47.0
720	47.0
721	47.0
722	47.0
723	47.0
724	47.0
725	47.0
726	47.0
727	47.0
728	47.0
729	47.0
730	47.0
731	47.0
732	47.0
733	47.0
734	47.0
735	47.0
736	47.0
737	47.0
738	47.0
739	47.0
740	47.0
741	47.0
742	47.0
743	47.0
744	47.0
745	47.0
746	47.0
747	47.0
748	47.0
749	47.0
750	47.0
751	47.0
752	47.0
753	47.0
754	47.0
755	47.0
756	47.0
757	47.0
758	47.0
759	47.0
760	47.0
761	47.0
762	47.0
763	47.0
764	47.0
765	47.0
766	47.0
767	47.0
768	47.0
769	47.0
770	47.0
771	47.0
772	47.0
773	47.0
774	47.0
775	47.0
776	47.0
777	47.0
778	47.0
779	47.0
780	47.0
781	47.0
782	47.0
783	47.0
784	47.0
785	47.0
786	47.0
787	47.0
788	47.0
789	47.0
790	47.0
791	47.0
792	47.0
793	47.0
794	47.0
795	47.0
796	47.0
797	47.0
798	47.0
799	47.0
800	47.0
801	47.0
802	47.0
803	47.0
804	47.0
805	47.0
806	47.0
807	47.0
808	47.0
809	47.0
810	47.0
811	47.0
812	47.0
813	47.0
814	47.0
815	47.0
816	47.0
817	47.0
818	47.0
819	47.0
820	47.0
821	47.0
822	47.0
823	47.0
824	47.0
825	47.0
826	47.0
827	47.0
828	47.0
829	47.0
830	47.0
831	47.0
832	47.0
833	47.0
834	47.0
835	47.0
836	47.0
837	47.0
838	47.0
839	47.0
840	47.0
841	47.0
842	47.0
843	47.0
844	47.0
845	47.0
846	47.0
847	47.0
848	47.0
849	47.0
850	47.0
851	47.0
852	47.0
853	47.0
854	47.0
855	47.0
856	47.0
857	47.0
858	47.0
859	47.0
860	47.0
861	47.0
862	47.0
863	47.0
864	47.0
865	47.0
866	47.0
867	47.0
868	47.0
869	47.0
870	47.0
871	47.0
872	47.0
873	47.0
874	47.0
875	47.0
876	47.0
877	47.0
878	47.0
879	47.0
880	47.0
881	47.0
882	47.0
883	47.0
884	47.0
885	47.0
886	47.0
887	47.0
888	47.0
889	47.0
890	47.0
891	47.0
892	47.0
893	47.0
894	47.0
895	47.0
896	47.0
897	47.0
898	47.0
899	47.0
900	47.0
901	47.0
902	47.0
903	47.0
904	47.0
905	47.0
906	47.0
907	47.0
908	47.0
909	47.0
910	47.0
911	47.0
912	47.0
913	47.0
914	47.0
915	47.0
916	47.0
917	47.0
918	47.0
919	47.0
920	47.0
921	47.0
922	47.0
923	47.0
924	47.0
925	47.0
926	47.0
927	47.0
928	47.0
929	47.0
930	47.0
931	47.0
932	47.0
933	47.0
934	47.0
935	47.0
936	47.0
937	47.0
938	47.0
939	47.0
940	47.0
941	47.0
942	47.0
943	47.0
944	47.0
945	47.0
946	47.0
947	47.0
948	47.0
949	47.0
950	47.0
951	47.0
952	47.0
953	47.0
954	47.0
955	47.0
956	47.0
957	47.0
958	47.0
959	47.0
960	47.0
961	47.0
962	47.0
963	47.0
964	47.0
965	47.0
966	47.0
967	47.0
968	47.0
969	47.0
970	47.0
971	47.0
972	47.0
973	47.0
974	47.0
975	47.0
976	47.0
977	47.0
978	47.0
979	47.0
980	47.0
981	47.0
982	47.0
983	47.0
984	47.0
985	47.0
986	47.0
987	47.0
988	47.0
989	47.0
990	47.0
991	47.0
992	47.0
993	47.0
994	47.0
995	47.0
996	47.0
997	47.0
998	47.0
999	47.0
1000	47.0
1001	47.0
1002	47.0
1003	47.0
1004	47.0
1005	47.0
1006	47.0
1007	47.0
1008	47.0
1009	47.0
1010	47.0
1011	47.0
1012	47.0
1013	47.0
1014	47.0
1015	47.0
1016	47.0
1017	47.0
1018	47.0
1019	47.0
1020	47.0
1021	47.0
1022	47.0
1023	47.0
1024	47.0
1025	47.0
1026	47.0
1027	47.0
1028	47.0
1029	47.0
1030	47.0
1031	47.0
1032	47.0
1033	47.0
1034	47.0
1035	47.0
1036	47.0
1037	47.0
1038	47.0
1039	47.0
1040	47.0
1041	47.0
1042	47.0
1043	47.0
1044	47.0
1045	47.0
1046	47.0
1047	47.0
1048	47.0
1049	47.0
1050	47.0
1051	47.0
1052	47.0
1053	47.0
1054	47.0
1055	47.0
1056	47.0
1057	47.0
1058	47.0
1059	47.0
1060	47.0
1061	47.0
1062	47.0
1063	47.0
1064	47.0
1065	47.0
1066	47.0
1067	47.0
1068	47.0
1069	47.0
1070	47.0
1071	47.0
1072	47.0
1073	47.0
1074	47.0
1075	47.0
1076	47.0
1077	47.0
1078	47.0
1079	47.0
1080	47.0
1081	47.0
1082	47.0
1083	47.0
1084	47.0
1085	47.0
1086	47.0
1087	47.0
1088	47.0
1089	47.0
1090	47.0
1091	47.0
1092	47.0
1093	47.0
1094	47.0
1095	47.0
1096	47.0
1097	47.0
1098	47.0
1099	47.0
1100	47.0
1101	47.0
1102	47.0
1103	47.0
1104	47.0
1105	47.0
1106	47.0
1107	47.0
1108	47.0
1109	47.0
1110	47.0
1111	47.0
1112	47.0
1113	47.0
1114	47.0
1115	47.0
1116	47.0
1117	47.0
1118	47.0
1119	47.0
1120	47.0
1121	47.0
1122	47.0
1123	47.0
1124	47.0
1125	47.0
1126	47.0
1127	47.0
1128	47.0
1129	47.0
1130	47.0
1131	47.0
1132	47.0
1133	47.0
1134	47.0
1135	47.0
1136	47.0
1137	47.0
1138	47.0
1139	47.0
1140	47.0
1141	47.0
1142	47.0
1143	47.0
1144	47.0
1145	47.0
1146	47.0
1147	47.0
1148	47.0
1149	47.0
1150	47.0
1151	47.0
1152	47.0
1153	47.0
1154	47.0
1155	47.0
1156	47.0
1157	47.0
1158	47.0
1159	47.0
1160	47.0
1161	47.0
1162	47.0
1163	47.0
1164	47.0
1165	47.0
1166	47.0
1167	47.0
1168	47.0
1169	47.0
1170	47.0
1171	47.0
1172	47.0
1173	47.0
1174	47.0
1175	47.0
1176	47.0
1177	47.0
1178	47.0
1179	47.0
1180	47.0
1181	47.0
1182	47.0
1183	47.0
1184	47.0
1185	47.0
1186	47.0
1187	47.0
1188	47.0
1189	47.0
1190	47.0
1191	47.0
1192	47.0
1193	47.0
1194	47.0
1195	47.0
1196	47.0
1197	47.0
1198	47.0
1199	47.0
1200	47.0
1201	47.0
1202	47.0
1203	47.0
1204	47.0
1205	47.0
1206	47.0
1207	47.0
1208	47.0
1209	47.0
1210	47.0
1211	47.0
1212	47.0
1213	47.0
1214	47.0
1215	47.0
1216	47.0
1217	47.0
1218	47.0
1219	47.0
1220	47.0
1221	47.0
1222	47.0
1223	47.0
1224	47.0
1225	47.0
1226	47.0
1227	47.0
1228	47.0
1229	47.0
1230	47.0
1231	47.0
1232	47.0
1233	47.0
1234	47.0
1235	47.0
1236	47.0
1237	47.0
1238	47.0
1239	47.0
1240	47.0
1241	47.0
1242	47.0
1243	47.0
1244	47.0
1245	47.0
1246	47.0
1247	47.0
1248	47.0
1249	47.0
1250	47.0
1251	47.0
1252	47.0
1253	47.0
1254	47.0
1255	47.0
1256	47.0
1257	47.0
1258	47.0
1259	47.0
1260	47.0
1261	47.0
1262	47.0
1263	47.0
1264	47.0
1265	47.0
1266	47.0
1267	47.0
1268	47.0
1269	47.0
1270	47.0
1271	47.0
1272	47.0
1273	47.0
1274	47.0
1275	47.0
1276	47.0
1277	47.0
1278	47.0
1279	47.0
1280	47.0
1281	47.0
1282	47.0
1283	47.0
1284	47.0
1285	47.0
1286	47.0
1287	47.0
1288	47.0
1289	47.0
1290	47.0
1291	47.0
1292	47.0
1293	47.0
1294	47.0
1295	47.0
1296	47.0
1297	47.0
1298	47.0
1299	47.0
1300	47.0
1301	47.0
1302	47.0
1303	47.0
1304	47.0
1305	47.0
1306	47.0
1307	47.0
1308	47.0
1309	47.0
1310	47.0
1311	47.0
1312	47.0
1313	47.0
1314	47.0
1315	47.0
1316	47.0
1317	47.0
1318	47.0
1319	47.0
1320	47.0
1321	47.0
1322	47.0
1323	47.0
1324	47.0
1325	47.0
1326	47.0
1327	47.0
1328	47.0
1329	47.0
1330	47.0
1331	47.0
1332	47.0
1333	47.0
1334	47.0
1335	47.0
1336	47.0
1337	47.0
1338	47.0
1339	47.0
1340	47.0
1341	47.0
1342	47.0
1343	47.0
1344	47.0
1345	47.0
1346	47.0
1347	47.0
1348	47.0
1349	47.0
1350	47.0
1351	47.0
1352	47.0
1353	47.0
1354	47.0
1355	47.0
1356	47.0
1357	47.0
1358	47.0
1359	47.0
1360	47.0
1361	47.0
1362	47.0
1363	47.0
1364	47.0
1365	47.0
1366	47.0
1367	47.0
1368	47.0
1369	47.0
1370	47.0
1371	47.0
1372	47.0
1373	47.0
1374	47.0
1375	47.0
1376	47.0
1377	47.0
1378	47.0
1379	47.0
1380	47.0
1381	47.0
1382	47.0
1383	47.0
1384	47.0
1385	47.0
1386	47.0
1387	47.0
1388	47.0
1389	47.0
1390	47.0
1391	47.0
1392	47.0
1393	47.0
1394	47.0
1395	47.0
1396	47.0
1397	47.0
1398	47.0
1399	47.0
1400	47.0
1401	47.0
1402	47.0
1403	47.0
1404	47.0
1405	47.0
1406	47.0
1407	47.0
1408	47.0
1409	47.0
1410	47.0
1411	47.0
1412	47.0
1413	47.0
1414	47.0
1415	47.0
1416	47.0
1417	47.0
1418	47.0
1419	47.0
1420	47.0
1421	47.0
1422	47.0
1423	47.0
1424	47.0
1425	47.0
1426	47.0
1427	47.0
1428	47.0
1429	47.0
1430	47.0
1431	47.0
1432	47.0
1433	47.0
1434	47.0
1435	47.0
1436	47.0
1437	47.0
1438	47.0
1439	47.0
1440	47.0
1441	47.0
1442	47.0
1443	47.0
1444	47.0
1445	47.0
1446	47.0
1447	47.0
1448	47.0
1449	47.0
1450	47.0
1451	47.0
1452	47.0
1453	47.0
1454	47.0
1455	47.0
1456	47.0
1457	47.0
1458	47.0
1459	47.0
1460	47.0
1461	47.0
1462	47.0
1463	47.0
1464	47.0
1465	47.0
1466	47.0
1467	47.0
1468	47.0
1469	47.0
1470	47.0
1471	47.0
1472	47.0
1473	47.0
1474	47.0
1475	47.0
1476	47.0
1477	47.0
1478	47.0
1479	47.0
1480	47.0
1481	47.0
1482	47.0
1483	47.0
1484	47.0
1485	47.0
1486	47.0
1487	47.0
1488	47.0
1489	47.0
1490	47.0
1491	47.0
1492	47.0
1493	47.0
1494	47.0
1495	47.0
1496	47.0
1497	47.0
1498	47.0
1499	47.0
1500	47.0
1501	47.0
1502	47.0
1503	47.0
1504	47.0
1505	47.0
1506	47.0
1507	47.0
1508	47.0
1509	47.0
1510	47.0
1511	47.0
1512	47.0
1513	47.0
1514	47.0
1515	47.0
1516	47.0
1517	47.0
1518	47.0
1519	47.0
1520	47.0
1521	47.0
1522	47.0
1523	47.0
1524	47.0
1525	47.0
1526	47.0
1527	47.0
1528	47.0
1529	47.0
1530	47.0
1531	47.0
1532	47.0
1533	47.0
1534	47.0
1535	47.0
1536	47.0
1537	47.0
1538	47.0
1539	47.0
1540	47.0
1541	47.0
1542	47.0
1543	47.0
1544	47.0
1545	47.0
1546	47.0
1547	47.0
1548	47.0
1549	47.0
1550	47.0
1551	47.0
1552	47.0
1553	47.0
1554	47.0
1555	47.0
1556	47.0
1557	47.0
1558	47.0
1559	47.0
1560	47.0
1561	47.0
1562	47.0
1563	47.0
1564	47.0
1565	47.0
1566	47.0
1567	47.0
1568	47.0
1569	47.0
1570	47.0
1571	47.0
1572	47.0
1573	47.0
1574	47.0
1575	47.0
1576	47.0
1577	47.0
1578	47.0
1579	47.0
1580	47.0
1581	47.0
1582	47.0
1583	47.0
1584	47.0
1585	47.0
1586	47.0
1587	47.0
1588	47.0
1589	47.0
1590	47.0
1591	47.0
1592	47.0
1593	47.0
1594	47.0
1595	47.0
1596	47.0
1597	47.0
1598	47.0
1599	47.0
1600	47.0
1601	47.0
1602	47.0
1603	47.0
1604	47.0
1605	47.0
1606	47.0
1607	47.0
1608	47.0
1609	47.0
1610	47.0
1611	47.0
1612	47.0
1613	47.0
1614	47.0
1615	47.0
1616	47.0
1617	47.0
1618	47.0
1619	47.0
1620	47.0
1621	47.0
1622	47.0
1623	47.0
1624	47.0
1625	47.0
1626	47.0
1627	47.0
1628	47.0
1629	47.0
1630	47.0
1631	47.0
1632	47.0
1633	47.0
1634	47.0
1635	47.0
1636	47.0
1637	47.0
1638	47.0
1639	47.0
1640	47.0
1641	47.0
1642	47.0
1643	47.0
1644	47.0
1645	47.0
1646	47.0
1647	47.0
1648	47.0
1649	47.0
1650	47.0
1651	47.0
1652	47.0
1653	47.0
1654	47.0
1655	47.0
1656	47.0
1657	47.0
1658	47.0
1659	47.0
1660	47.0
1661	47.0
1662	47.0
1663	47.0
1664	47.0
1665	47.0
1666	47.0
1667	47.0
1668	47.0
1669	47.0
1670	47.0
1671	47.0
1672	47.0
1673	47.0
1674	47.0
1675	47.0
1676	47.0
1677	47.0
1678	47.0
1679	47.0
1680	47.0
1681	47.0
1682	47.0
1683	47.0
1684	47.0
1685	47.0
1686	47.0
1687	47.0
1688	47.0
1689	47.0
1690	47.0
1691	47.0
1692	47.0
1693	47.0
1694	47.0
1695	47.0
1696	47.0
1697	47.0
1698	47.0
1699	47.0
1700	47.0
1701	47.0
1702	47.0
1703	47.0
1704	47.0
1705	47.0
1706	47.0
1707	47.0
1708	47.0
1709	47.0
1710	47.0
1711	47.0
1712	47.0
1713	47.0
1714	47.0
1715	47.0
1716	47.0
1717	47.0
1718	47.0
1719	47.0
1720	47.0
1721	47.0
1722	47.0
1723	47.0
1724	47.0
1725	47.0
1726	47.0
1727	47.0
1728	47.0
1729	47.0
1730	47.0
1731	47.0
1732	47.0
1733	47.0
1734	47.0
1735	47.0
1736	47.0
1737	47.0
1738	47.0
1739	47.0
1740	47.0
1741	47.0
1742	47.0
1743	47.0
1744	47.0
1745	47.0
1746	47.0
1747	47.0
1748	47.0
1749	47.0
1750	47.0
1751	47.0
1752	47.0
1753	47.0
1754	47.0
1755	47.0
1756	47.0
1757	47.0
1758	47.0
1759	47.0
1760	47.0
1761	47.0
1762	47.0
1763	47.0
1764	47.0
1765	47.0
1766	47.0
1767	47.0
1768	47.0
1769	47.0
1770	47.0
1771	47.0
1772	47.0
1773	47.0
1774	47.0
1775	47.0
1776	47.0
1777	47.0
1778	47.0
1779	47.0
1780	47.0
1781	47.0
1782	47.0
1783	47.0
1784	47.0
1785	47.0
1786	47.0
1787	47.0
1788	47.0
1789	47.0
1790	47.0
1791	47.0
1792	47.0
1793	47.0
1794	47.0
1795	47.0
1796	47.0
1797	47.0
1798	47.0
1799	47.0
1800	47.0
1801	47.0
1802	47.0
1803	47.0
1804	47.0
1805	47.0
1806	47.0
1807	47.0
1808	47.0
1809	47.0
1810	47.0
1811	47.0
1812	47.0
1813	47.0
1814	47.0
1815	47.0
1816	47.0
1817	47.0
1818	47.0
1819	47.0
1820	47.0
1821	47.0
1822	47.0
1823	47.0
1824	47.0
1825	47.0
1826	47.0
1827	47.0
1828	47.0
1829	47.0
1830	47.0
1831	47.0
1832	47.0
1833	47.0
1834	47.0
1835	47.0
1836	47.0
1837	47.0
1838	47.0
1839	47.0
1840	47.0
1841	47.0
1842	47.0
1843	47.0
1844	47.0
1845	47.0
1846	47.0
1847	47.0
1848	47.0
1849	47.0
1850	47.0
1851	47.0
1852	47.0
1853	47.0
1854	47.0
1855	47.0
1856	47.0
1857	47.0
1858	47.0
1859	47.0
1860	47.0
1861	47.0
1862	47.0
1863	47.0
1864	47.0
1865	47.0
1866	47.0
1867	47.0
1868	47.0
1869	47.0
1870	47.0
1871	47.0
1872	47.0
1873	47.0
1874	47.0
1875	47.0
1876	47.0
1877	47.0
1878	47.0
1879	47.0
1880	47.0
1881	47.0
1882	47.0
1883	47.0
1884	47.0
1885	47.0
1886	47.0
1887	47.0
1888	47.0
1889	47.0
1890	47.0
1891	47.0
1892	47.0
1893	47.0
1894	47.0
1895	47.0
1896	47.0
1897	47.0
1898	47.0
1899	47.0
1900	47.0
1901	47.0
1902	47.0
1903	47.0
1904	47.0
1905	47.0
1906	47.0
1907	47.0
1908	47.0
1909	47.0
1910	47.0
1911	47.0
1912	47.0
1913	47.0
1914	47.0
1915	47.0
1916	47.0
1917	47.0
1918	47.0
1919	47.0
1920	47.0
1921	47.0
1922	47.0
1923	47.0
1924	47.0
1925	47.0
1926	47.0
1927	47.0
1928	47.0
1929	47.0
1930	47.0
1931	47.0
1932	47.0
1933	47.0
1934	47.0
1935	47.0
1936	47.0
1937	47.0
1938	47.0
1939	47.0
1940	47.0
1941	47.0
1942	47.0
1943	47.0
1944	47.0
1945	47.0
1946	47.0
1947	47.0
1948	47.0
1949	47.0
1950	47.0
1951	47.0
1952	47.0
1953	47.0
1954	47.0
1955	47.0
1956	47.0
1957	47.0
1958	47.0
1959	47.0
1960	47.0
1961	47.0
1962	47.0
1963	47.0
1964	47.0
1965	47.0
1966	47.0
1967	47.0
1968	47.0
1969	47.0
1970	47.0
1971	47.0
1972	47.0
1973	47.0
1974	47.0
1975	47.0
1976	47.0
1977	47.0
1978	47.0
1979	47.0
1980	47.0
1981	47.0
1982	47.0
1983	47.0
1984	47.0
1985	47.0
1986	47.0
1987	47.0
1988	47.0
1989	47.0
1990	47.0
1991	47.0
1992	47.0
1993	47.0
1994	47.0
1995	47.0
1996	47.0
1997	47.0
1998	47.0
1999	47.0
