0	43.99
1	43.99
2	43.99
3	43.99
4	43.99
5	43.99
6	43.99
7	43.99
8	43.99
9	43.99
10	43.99
11	43.99
12	43.99
13	43.99
14	43.99
15	43.99
16	43.99
17	43.99
18	43.99
19	43.99
20	43.99
21	43.99
22	43.99
23	43.99
24	43.99
25	43.99
26	43.99
27	43.99
28	43.99
29	43.99
30	43.99
31	43.99
32	43.99
33	43.99
34	43.99
35	43.99
36	43.99
37	43.99
38	43.99
39	43.99
40	43.99
41	43.99
42	43.99
43	43.99
44	43.99
45	43.99
46	43.99
47	43.99
48	43.99
49	43.99
50	43.99
51	43.99
52	43.99
53	43.99
54	43.99
55	43.99
56	43.99
57	43.99
58	43.99
59	43.99
60	43.99
61	43.99
62	43.99
63	43.99
64	43.99
65	43.99
66	43.99
67	43.99
68	43.99
69	43.99
70	43.99
71	43.99
72	43.99
73	43.99
74	43.99
75	43.99
76	43.99
77	43.99
78	43.99
79	43.99
80	43.99
81	43.99
82	43.99
83	43.99
84	43.99
85	43.99
86	43.99
87	43.99
88	43.99
89	43.99
90	43.99
91	43.99
92	43.99
93	43.99
94	43.99
95	43.99
96	43.99
97	43.99
98	43.99
99	43.99
100	43.99
101	43.99
102	43.99
103	43.99
104	43.99
105	43.99
106	43.99
107	43.99
108	43.99
109	43.99
110	43.99
111	43.99
112	43.99
113	43.99
114	43.99
115	43.99
116	43.99
117	43.99
118	43.99
119	43.99
120	43.99
121	43.99
122	43.99
123	43.99
124	43.99
125	43.99
126	43.99
127	43.99
128	43.99
129	43.99
130	43.99
131	43.99
132	43.99
133	43.99
134	43.99
135	43.99
136	43.99
137	43.99
138	43.99
139	43.99
140	43.99
141	43.99
142	43.99
143	43.99
144	43.99
145	43.99
146	43.99
147	43.99
148	43.99
149	43.99
150	43.99
151	43.99
152	43.99
153	43.99
154	43.99
155	43.99
156	43.99
157	43.99
158	43.99
159	43.99
160	43.99
161	43.99
162	43.99
163	43.99
164	43.99
165	43.99
166	43.99
167	43.99
168	43.99
169	43.99
170	43.99
171	43.99
172	43.99
173	43.99
174	43.99
175	43.99
176	43.99
177	43.99
178	43.99
179	43.99
180	43.99
181	43.99
182	43.99
183	43.99
184	43.99
185	43.99
186	43.99
187	43.99
188	43.99
189	43.99
190	43.99
191	43.99
192	43.99
193	43.99
194	43.99
195	43.99
196	43.99
197	43.99
198	43.99
199	43.99
200	43.99
201	43.99
202	43.99
203	43.99
204	43.99
205	43.99
206	43.99
207	43.99
208	43.99
209	43.99
210	43.99
211	43.99
212	43.99
213	43.99
214	43.99
215	43.99
216	43.99
217	43.99
218	43.99
219	43.99
220	43.99
221	43.99
222	43.99
223	43.99
224	43.99
225	43.99
226	43.99
227	43.99
228	43.99
229	43.99
230	43.99
231	43.99
232	43.99
233	43.99
234	43.99
235	43.99
236	43.99
237	43.99
238	43.99
239	43.99
240	43.99
241	43.99
242	43.99
243	43.99
244	43.99
245	43.99
246	43.99
247	43.99
248	43.99
249	43.99
250	43.99
251	43.99
252	43.99
253	43.99
254	43.99
255	43.99
256	43.99
257	43.99
258	43.99
259	43.99
260	43.99
261	43.99
262	43.99
263	43.99
264	43.99
265	43.99
266	43.99
267	43.99
268	43.99
269	43.99
270	43.99
271	43.99
272	43.99
273	43.99
274	43.99
275	43.99
276	43.99
277	43.99
278	43.99
279	43.99
280	43.99
281	43.99
282	43.99
283	43.99
284	43.99
285	43.99
286	43.99
287	43.99
288	43.99
289	43.99
290	43.99
291	43.99
292	43.99
293	43.99
294	43.99
295	43.99
296	43.99
297	43.99
298	43.99
299	43.99
300	43.99
301	43.99
302	43.99
303	43.99
304	43.99
305	43.99
306	43.99
307	43.99
308	43.99
309	43.99
310	43.99
311	43.99
312	43.99
313	43.99
314	43.99
315	43.99
316	43.99
317	43.99
318	43.99
319	43.99
320	43.99
321	43.99
322	43.99
323	43.99
324	43.99
325	43.99
326	43.99
327	43.99
328	43.99
329	43.99
330	43.99
331	43.99
332	43.99
333	43.99
334	43.99
335	43.99
336	43.99
337	43.99
338	43.99
339	43.99
340	43.99
341	43.99
342	43.99
343	43.99
344	43.99
345	43.99
346	43.99
347	43.99
348	43.99
349	43.99
350	43.99
351	43.99
352	43.99
353	43.99
354	43.99
355	43.99
356	43.99
357	43.99
358	43.99
359	43.99
360	43.99
361	43.99
362	43.99
363	43.99
364	43.99
365	43.99
366	43.99
367	43.99
368	43.99
369	43.99
370	43.99
371	43.99
372	43.99
373	43.99
374	43.99
375	43.99
376	43.99
377	43.99
378	43.99
379	43.99
380	43.99
381	43.99
382	43.99
383	43.99
384	43.99
385	43.99
386	43.99
387	43.99
388	43.99
389	43.99
390	43.99
391	43.99
392	43.99
393	43.99
394	43.99
395	43.99
396	43.99
397	43.99
398	43.99
399	43.99
400	43.99
401	43.99
402	43.99
403	43.99
404	43.99
405	43.99
406	43.99
407	43.99
408	43.99
409	43.99
410	43.99
411	43.99
412	43.99
413	43.99
414	43.99
415	43.99
416	43.99
417	43.99
418	43.99
419	43.99
420	43.99
421	43.99
422	43.99
423	43.99
424	43.99
425	43.99
426	43.99
427	43.99
428	43.99
429	43.99
430	43.99
431	43.99
432	43.99
433	43.99
434	43.99
435	43.99
436	43.99
437	43.99
438	43.99
439	43.99
440	43.99
441	43.99
442	43.99
443	43.99
444	43.99
445	43.99
446	43.99
447	43.99
448	43.99
449	43.99
450	43.99
451	43.99
452	43.99
453	43.99
454	43.99
455	43.99
456	43.99
457	43.99
458	43.99
459	43.99
460	43.99
461	43.99
462	43.99
463	43.99
464	43.99
465	43.99
466	43.99
467	43.99
468	43.99
469	43.99
470	43.99
471	43.99
472	43.99
473	43.99
474	43.99
475	43.99
476	43.99
477	43.99
478	43.99
479	43.99
480	43.99
481	43.99
482	43.99
483	43.99
484	43.99
485	43.99
486	43.99
487	43.99
488	43.99
489	43.99
490	43.99
491	43.99
492	43.99
493	43.99
494	43.99
495	43.99
496	43.99
497	43.99
498	43.99
499	43.99
500	43.99
501	43.99
502	43.99
503	43.99
504	43.99
505	43.99
506	43.99
507	43.99
508	43.99
509	43.99
510	43.99
511	43.99
512	43.99
513	43.99
514	43.99
515	43.99
516	43.99
517	43.99
518	43.99
519	43.99
520	43.99
521	43.99
522	43.99
523	43.99
524	43.99
525	43.99
526	43.99
527	43.99
528	43.99
529	43.99
530	43.99
531	43.99
532	43.99
533	43.99
534	43.99
535	43.99
536	43.99
537	43.99
538	43.99
539	43.99
540	43.99
541	43.99
542	43.99
543	43.99
544	43.99
545	43.99
546	43.99
547	43.99
548	43.99
549	43.99
550	43.99
551	43.99
552	43.99
553	43.99
554	43.99
555	43.99
556	43.99
557	43.99
558	43.99
559	43.99
560	43.99
561	43.99
562	43.99
563	43.99
564	43.99
565	43.99
566	43.99
567	43.99
568	43.99
569	43.99
570	43.99
571	43.99
572	43.99
573	43.99
574	43.99
575	43.99
576	43.99
577	43.99
578	43.99
579	43.99
580	43.99
581	43.99
582	43.99
583	43.99
584	43.99
585	43.99
586	43.99
587	43.99
588	43.99
589	43.99
590	43.99
591	43.99
592	43.99
593	43.99
594	43.99
595	43.99
596	43.99
597	43.99
598	43.99
599	43.99
600	43.99
601	43.99
602	43.99
603	43.99
604	43.99
605	43.99
606	43.99
607	43.99
608	43.99
609	43.99
610	43.99
611	43.99
612	43.99
613	43.99
614	43.99
615	43.99
616	43.99
617	43.99
618	43.99
619	43.99
620	43.99
621	43.99
622	43.99
623	43.99
624	43.99
625	43.99
626	43.99
627	43.99
628	43.99
629	43.99
630	43.99
631	43.99
632	43.99
633	43.99
634	43.99
635	43.99
636	43.99
637	43.99
638	43.99
639	43.99
640	43.99
641	43.99
642	43.99
643	43.99
644	43.99
645	43.99
646	43.99
647	43.99
648	43.99
649	43.99
650	43.99
651	43.99
652	43.99
653	43.99
654	43.99
655	43.99
656	43.99
657	43.99
658	43.99
659	43.99
660	43.99
661	43.99
662	43.99
663	43.99
664	43.99
665	43.99
666	43.99
667	43.99
668	43.99
669	43.99
670	43.99
671	43.99
672	43.99
673	43.99
674	43.99
675	43.99
676	43.99
677	43.99
678	43.99
679	43.99
680	43.99
681	43.99
682	43.99
683	43.99
684	43.99
685	43.99
686	43.99
687	43.99
688	43.99
689	43.99
690	43.99
691	43.99
692	43.99
693	43.99
694	43.99
695	43.99
696	43.99
697	43.99
698	43.99
699	43.99
700	43.99
701	43.99
702	43.99
703	43.99
704	43.99
705	43.99
706	43.99
707	43.99
708	43.99
709	43.99
710	43.99
711	43.99
712	43.99
713	43.99
714	43.99
715	43.99
716	43.99
717	43.99
718	43.99
719	43.99
720	43.99
721	43.99
722	43.99
723	43.99
724	43.99
725	43.99
726	43.99
727	43.99
728	43.99
729	43.99
730	43.99
731	43.99
732	43.99
733	43.99
734	43.99
735	43.99
736	43.99
737	43.99
738	43.99
739	43.99
740	43.99
741	43.99
742	43.99
743	43.99
744	43.99
745	43.99
746	43.99
747	43.99
748	43.99
749	43.99
750	43.99
751	43.99
752	43.99
753	43.99
754	43.99
755	43.99
756	43.99
757	43.99
758	43.99
759	43.99
760	43.99
761	43.99
762	43.99
763	43.99
764	43.99
765	43.99
766	43.99
767	43.99
768	43.99
769	43.99
770	43.99
771	43.99
772	43.99
773	43.99
774	43.99
775	43.99
776	43.99
777	43.99
778	43.99
779	43.99
780	43.99
781	43.99
782	43.99
783	43.99
784	43.99
785	43.99
786	43.99
787	43.99
788	43.99
789	43.99
790	43.99
791	43.99
792	43.99
793	43.99
794	43.99
795	43.99
796	43.99
797	43.99
798	43.99
799	43.99
800	43.99
801	43.99
802	43.99
803	43.99
804	43.99
805	43.99
806	43.99
807	43.99
808	43.99
809	43.99
810	43.99
811	43.99
812	43.99
813	43.99
814	43.99
815	43.99
816	43.99
817	43.99
818	43.99
819	43.99
820	43.99
821	43.99
822	43.99
823	43.99
824	43.99
825	43.99
826	43.99
827	43.99
828	43.99
829	43.99
830	43.99
831	43.99
832	43.99
833	43.99
834	43.99
835	43.99
836	43.99
837	43.99
838	43.99
839	43.99
840	43.99
841	43.99
842	43.99
843	43.99
844	43.99
845	43.99
846	43.99
847	43.99
848	43.99
849	43.99
850	43.99
851	43.99
852	43.99
853	43.99
854	43.99
855	43.99
856	43.99
857	43.99
858	43.99
859	43.99
860	43.99
861	43.99
862	43.99
863	43.99
864	43.99
865	43.99
866	43.99
867	43.99
868	43.99
869	43.99
870	43.99
871	43.99
872	43.99
873	43.99
874	43.99
875	43.99
876	43.99
877	43.99
878	43.99
879	43.99
880	43.99
881	43.99
882	43.99
883	43.99
884	43.99
885	43.99
886	43.99
887	43.99
888	43.99
889	43.99
890	43.99
891	43.99
892	43.99
893	43.99
894	43.99
895	43.99
896	43.99
897	43.99
898	43.99
899	43.99
900	43.99
901	43.99
902	43.99
903	43.99
904	43.99
905	43.99
906	43.99
907	43.99
908	43.99
909	43.99
910	43.99
911	43.99
912	43.99
913	43.99
914	43.99
915	43.99
916	43.99
917	43.99
918	43.99
919	43.99
920	43.99
921	43.99
922	43.99
923	43.99
924	43.99
925	43.99
926	43.99
927	43.99
928	43.99
929	43.99
930	43.99
931	43.99
932	43.99
933	43.99
934	43.99
935	43.99
936	43.99
937	43.99
938	43.99
939	43.99
940	43.99
941	43.99
942	43.99
943	43.99
944	43.99
945	43.99
946	43.99
947	43.99
948	43.99
949	43.99
950	43.99
951	43.99
952	43.99
953	43.99
954	43.99
955	43.99
956	43.99
957	43.99
958	43.99
959	43.99
960	43.99
961	43.99
962	43.99
963	43.99
964	43.99
965	43.99
966	43.99
967	43.99
968	43.99
969	43.99
970	43.99
971	43.99
972	43.99
973	43.99
974	43.99
975	43.99
976	43.99
977	43.99
978	43.99
979	43.99
980	43.99
981	43.99
982	43.99
983	43.99
984	43.99
985	43.99
986	43.99
987	43.99
988	43.99
989	43.99
990	43.99
991	43.99
992	43.99
993	43.99
994	43.99
995	43.99
996	43.99
997	43.99
998	43.99
999	43.99
1000	43.99
1001	43.99
1002	43.99
1003	43.99
1004	43.99
1005	43.99
1006	43.99
1007	43.99
1008	43.99
1009	43.99
1010	43.99
1011	43.99
1012	43.99
1013	43.99
1014	43.99
1015	43.99
1016	43.99
1017	43.99
1018	43.99
1019	43.99
1020	43.99
1021	43.99
1022	43.99
1023	43.99
1024	43.99
1025	43.99
1026	43.99
1027	43.99
1028	43.99
1029	43.99
1030	43.99
1031	43.99
1032	43.99
1033	43.99
1034	43.99
1035	43.99
1036	43.99
1037	43.99
1038	43.99
1039	43.99
1040	43.99
1041	43.99
1042	43.99
1043	43.99
1044	43.99
1045	43.99
1046	43.99
1047	43.99
1048	43.99
1049	43.99
1050	43.99
1051	43.99
1052	43.99
1053	43.99
1054	43.99
1055	43.99
1056	43.99
1057	43.99
1058	43.99
1059	43.99
1060	43.99
1061	43.99
1062	43.99
1063	43.99
1064	43.99
1065	43.99
1066	43.99
1067	43.99
1068	43.99
1069	43.99
1070	43.99
1071	43.99
1072	43.99
1073	43.99
1074	43.99
1075	43.99
1076	43.99
1077	43.99
1078	43.99
1079	43.99
1080	43.99
1081	43.99
1082	43.99
1083	43.99
1084	43.99
1085	43.99
1086	43.99
1087	43.99
1088	43.99
1089	43.99
1090	43.99
1091	43.99
1092	43.99
1093	43.99
1094	43.99
1095	43.99
1096	43.99
1097	43.99
1098	43.99
1099	43.99
1100	43.99
1101	43.99
1102	43.99
1103	43.99
1104	43.99
1105	43.99
1106	43.99
1107	43.99
1108	43.99
1109	43.99
1110	43.99
1111	43.99
1112	43.99
1113	43.99
1114	43.99
1115	43.99
1116	43.99
1117	43.99
1118	43.99
1119	43.99
1120	43.99
1121	43.99
1122	43.99
1123	43.99
1124	43.99
1125	43.99
1126	43.99
1127	43.99
1128	43.99
1129	43.99
1130	43.99
1131	43.99
1132	43.99
1133	43.99
1134	43.99
1135	43.99
1136	43.99
1137	43.99
1138	43.99
1139	43.99
1140	43.99
1141	43.99
1142	43.99
1143	43.99
1144	43.99
1145	43.99
1146	43.99
1147	43.99
1148	43.99
1149	43.99
1150	43.99
1151	43.99
1152	43.99
1153	43.99
1154	43.99
1155	43.99
1156	43.99
1157	43.99
1158	43.99
1159	43.99
1160	43.99
1161	43.99
1162	43.99
1163	43.99
1164	43.99
1165	43.99
1166	43.99
1167	43.99
1168	43.99
1169	43.99
1170	43.99
1171	43.99
1172	43.99
1173	43.99
1174	43.99
1175	43.99
1176	43.99
1177	43.99
1178	43.99
1179	43.99
1180	43.99
1181	43.99
1182	43.99
1183	43.99
1184	43.99
1185	43.99
1186	43.99
1187	43.99
1188	43.99
1189	43.99
1190	43.99
1191	43.99
1192	43.99
1193	43.99
1194	43.99
1195	43.99
1196	43.99
1197	43.99
1198	43.99
1199	43.99
1200	43.99
1201	43.99
1202	43.99
1203	43.99
1204	43.99
1205	43.99
1206	43.99
1207	43.99
1208	43.99
1209	43.99
1210	43.99
1211	43.99
1212	43.99
1213	43.99
1214	43.99
1215	43.99
1216	43.99
1217	43.99
1218	43.99
1219	43.99
1220	43.99
1221	43.99
1222	43.99
1223	43.99
1224	43.99
1225	43.99
1226	43.99
1227	43.99
1228	43.99
1229	43.99
1230	43.99
1231	43.99
1232	43.99
1233	43.99
1234	43.99
1235	43.99
1236	43.99
1237	43.99
1238	43.99
1239	43.99
1240	43.99
1241	43.99
1242	43.99
1243	43.99
1244	43.99
1245	43.99
1246	43.99
1247	43.99
1248	43.99
1249	43.99
1250	43.99
1251	43.99
1252	43.99
1253	43.99
1254	43.99
1255	43.99
1256	43.99
1257	43.99
1258	43.99
1259	43.99
1260	43.99
1261	43.99
1262	43.99
1263	43.99
1264	43.99
1265	43.99
1266	43.99
1267	43.99
1268	43.99
1269	43.99
1270	43.99
1271	43.99
1272	43.99
1273	43.99
1274	43.99
1275	43.99
1276	43.99
1277	43.99
1278	43.99
1279	43.99
1280	43.99
1281	43.99
1282	43.99
1283	43.99
1284	43.99
1285	43.99
1286	43.99
1287	43.99
1288	43.99
1289	43.99
1290	43.99
1291	43.99
1292	43.99
1293	43.99
1294	43.99
1295	43.99
1296	43.99
1297	43.99
1298	43.99
1299	43.99
1300	43.99
1301	43.99
1302	43.99
1303	43.99
1304	43.99
1305	43.99
1306	43.99
1307	43.99
1308	43.99
1309	43.99
1310	43.99
1311	43.99
1312	43.99
1313	43.99
1314	43.99
1315	43.99
1316	43.99
1317	43.99
1318	43.99
1319	43.99
1320	43.99
1321	43.99
1322	43.99
1323	43.99
1324	43.99
1325	43.99
1326	43.99
1327	43.99
1328	43.99
1329	43.99
1330	43.99
1331	43.99
1332	43.99
1333	43.99
1334	43.99
1335	43.99
1336	43.99
1337	43.99
1338	43.99
1339	43.99
1340	43.99
1341	43.99
1342	43.99
1343	43.99
1344	43.99
1345	43.99
1346	43.99
1347	43.99
1348	43.99
1349	43.99
1350	43.99
1351	43.99
1352	43.99
1353	43.99
1354	43.99
1355	43.99
1356	43.99
1357	43.99
1358	43.99
1359	43.99
1360	43.99
1361	43.99
1362	43.99
1363	43.99
1364	43.99
1365	43.99
1366	43.99
1367	43.99
1368	43.99
1369	43.99
1370	43.99
1371	43.99
1372	43.99
1373	43.99
1374	43.99
1375	43.99
1376	43.99
1377	43.99
1378	43.99
1379	43.99
1380	43.99
1381	43.99
1382	43.99
1383	43.99
1384	43.99
1385	43.99
1386	43.99
1387	43.99
1388	43.99
1389	43.99
1390	43.99
1391	43.99
1392	43.99
1393	43.99
1394	43.99
1395	43.99
1396	43.99
1397	43.99
1398	43.99
1399	43.99
1400	43.99
1401	43.99
1402	43.99
1403	43.99
1404	43.99
1405	43.99
1406	43.99
1407	43.99
1408	43.99
1409	43.99
1410	43.99
1411	43.99
1412	43.99
1413	43.99
1414	43.99
1415	43.99
1416	43.99
1417	43.99
1418	43.99
1419	43.99
1420	43.99
1421	43.99
1422	43.99
1423	43.99
1424	43.99
1425	43.99
1426	43.99
1427	43.99
1428	43.99
1429	43.99
1430	43.99
1431	43.99
1432	43.99
1433	43.99
1434	43.99
1435	43.99
1436	43.99
1437	43.99
1438	43.99
1439	43.99
1440	43.99
1441	43.99
1442	43.99
1443	43.99
1444	43.99
1445	43.99
1446	43.99
1447	43.99
1448	43.99
1449	43.99
1450	43.99
1451	43.99
1452	43.99
1453	43.99
1454	43.99
1455	43.99
1456	43.99
1457	43.99
1458	43.99
1459	43.99
1460	43.99
1461	43.99
1462	43.99
1463	43.99
1464	43.99
1465	43.99
1466	43.99
1467	43.99
1468	43.99
1469	43.99
1470	43.99
1471	43.99
1472	43.99
1473	43.99
1474	43.99
1475	43.99
1476	43.99
1477	43.99
1478	43.99
1479	43.99
1480	43.99
1481	43.99
1482	43.99
1483	43.99
1484	43.99
1485	43.99
1486	43.99
1487	43.99
1488	43.99
1489	43.99
1490	43.99
1491	43.99
1492	43.99
1493	43.99
1494	43.99
1495	43.99
1496	43.99
1497	43.99
1498	43.99
1499	43.99
1500	43.99
1501	43.99
1502	43.99
1503	43.99
1504	43.99
1505	43.99
1506	43.99
1507	43.99
1508	43.99
1509	43.99
1510	43.99
1511	43.99
1512	43.99
1513	43.99
1514	43.99
1515	43.99
1516	43.99
1517	43.99
1518	43.99
1519	43.99
1520	43.99
1521	43.99
1522	43.99
1523	43.99
1524	43.99
1525	43.99
1526	43.99
1527	43.99
1528	43.99
1529	43.99
1530	43.99
1531	43.99
1532	43.99
1533	43.99
1534	43.99
1535	43.99
1536	43.99
1537	43.99
1538	43.99
1539	43.99
1540	43.99
1541	43.99
1542	43.99
1543	43.99
1544	43.99
1545	43.99
1546	43.99
1547	43.99
1548	43.99
1549	43.99
1550	43.99
1551	43.99
1552	43.99
1553	43.99
1554	43.99
1555	43.99
1556	43.99
1557	43.99
1558	43.99
1559	43.99
1560	43.99
1561	43.99
1562	43.99
1563	43.99
1564	43.99
1565	43.99
1566	43.99
1567	43.99
1568	43.99
1569	43.99
1570	43.99
1571	43.99
1572	43.99
1573	43.99
1574	43.99
1575	43.99
1576	43.99
1577	43.99
1578	43.99
1579	43.99
1580	43.99
1581	43.99
1582	43.99
1583	43.99
1584	43.99
1585	43.99
1586	43.99
1587	43.99
1588	43.99
1589	43.99
1590	43.99
1591	43.99
1592	43.99
1593	43.99
1594	43.99
1595	43.99
1596	43.99
1597	43.99
1598	43.99
1599	43.99
1600	43.99
1601	43.99
1602	43.99
1603	43.99
1604	43.99
1605	43.99
1606	43.99
1607	43.99
1608	43.99
1609	43.99
1610	43.99
1611	43.99
1612	43.99
1613	43.99
1614	43.99
1615	43.99
1616	43.99
1617	43.99
1618	43.99
1619	43.99
1620	43.99
1621	43.99
1622	43.99
1623	43.99
1624	43.99
1625	43.99
1626	43.99
1627	43.99
1628	43.99
1629	43.99
1630	43.99
1631	43.99
1632	43.99
1633	43.99
1634	43.99
1635	43.99
1636	43.99
1637	43.99
1638	43.99
1639	43.99
1640	43.99
1641	43.99
1642	43.99
1643	43.99
1644	43.99
1645	43.99
1646	43.99
1647	43.99
1648	43.99
1649	43.99
1650	43.99
1651	43.99
1652	43.99
1653	43.99
1654	43.99
1655	43.99
1656	43.99
1657	43.99
1658	43.99
1659	43.99
1660	43.99
1661	43.99
1662	43.99
1663	43.99
1664	43.99
1665	43.99
1666	43.99
1667	43.99
1668	43.99
1669	43.99
1670	43.99
1671	43.99
1672	43.99
1673	43.99
1674	43.99
1675	43.99
1676	43.99
1677	43.99
1678	43.99
1679	43.99
1680	43.99
1681	43.99
1682	43.99
1683	43.99
1684	43.99
1685	43.99
1686	43.99
1687	43.99
1688	43.99
1689	43.99
1690	43.99
1691	43.99
1692	43.99
1693	43.99
1694	43.99
1695	43.99
1696	43.99
1697	43.99
1698	43.99
1699	43.99
1700	43.99
1701	43.99
1702	43.99
1703	43.99
1704	43.99
1705	43.99
1706	43.99
1707	43.99
1708	43.99
1709	43.99
1710	43.99
1711	43.99
1712	43.99
1713	43.99
1714	43.99
1715	43.99
1716	43.99
1717	43.99
1718	43.99
1719	43.99
1720	43.99
1721	43.99
1722	43.99
1723	43.99
1724	43.99
1725	43.99
1726	43.99
1727	43.99
1728	43.99
1729	43.99
1730	43.99
1731	43.99
1732	43.99
1733	43.99
1734	43.99
1735	43.99
1736	43.99
1737	43.99
1738	43.99
1739	43.99
1740	43.99
1741	43.99
1742	43.99
1743	43.99
1744	43.99
1745	43.99
1746	43.99
1747	43.99
1748	43.99
1749	43.99
1750	43.99
1751	43.99
1752	43.99
1753	43.99
1754	43.99
1755	43.99
1756	43.99
1757	43.99
1758	43.99
1759	43.99
1760	43.99
1761	43.99
1762	43.99
1763	43.99
1764	43.99
1765	43.99
1766	43.99
1767	43.99
1768	43.99
1769	43.99
1770	43.99
1771	43.99
1772	43.99
1773	43.99
1774	43.99
1775	43.99
1776	43.99
1777	43.99
1778	43.99
1779	43.99
1780	43.99
1781	43.99
1782	43.99
1783	43.99
1784	43.99
1785	43.99
1786	43.99
1787	43.99
1788	43.99
1789	43.99
1790	43.99
1791	43.99
1792	43.99
1793	43.99
1794	43.99
1795	43.99
1796	43.99
1797	43.99
1798	43.99
1799	43.99
1800	43.99
1801	43.99
1802	43.99
1803	43.99
1804	43.99
1805	43.99
1806	43.99
1807	43.99
1808	43.99
1809	43.99
1810	43.99
1811	43.99
1812	43.99
1813	43.99
1814	43.99
1815	43.99
1816	43.99
1817	43.99
1818	43.99
1819	43.99
1820	43.99
1821	43.99
1822	43.99
1823	43.99
1824	43.99
1825	43.99
1826	43.99
1827	43.99
1828	43.99
1829	43.99
1830	43.99
1831	43.99
1832	43.99
1833	43.99
1834	43.99
1835	43.99
1836	43.99
1837	43.99
1838	43.99
1839	43.99
1840	43.99
1841	43.99
1842	43.99
1843	43.99
1844	43.99
1845	43.99
1846	43.99
1847	43.99
1848	43.99
1849	43.99
1850	43.99
1851	43.99
1852	43.99
1853	43.99
1854	43.99
1855	43.99
1856	43.99
1857	43.99
1858	43.99
1859	43.99
1860	43.99
1861	43.99
1862	43.99
1863	43.99
1864	43.99
1865	43.99
1866	43.99
1867	43.99
1868	43.99
1869	43.99
1870	43.99
1871	43.99
1872	43.99
1873	43.99
1874	43.99
1875	43.99
1876	43.99
1877	43.99
1878	43.99
1879	43.99
1880	43.99
1881	43.99
1882	43.99
1883	43.99
1884	43.99
1885	43.99
1886	43.99
1887	43.99
1888	43.99
1889	43.99
1890	43.99
1891	43.99
1892	43.99
1893	43.99
1894	43.99
1895	43.99
1896	43.99
1897	43.99
1898	43.99
1899	43.99
1900	43.99
1901	43.99
1902	43.99
1903	43.99
1904	43.99
1905	43.99
1906	43.99
1907	43.99
1908	43.99
1909	43.99
1910	43.99
1911	43.99
1912	43.99
1913	43.99
1914	43.99
1915	43.99
1916	43.99
1917	43.99
1918	43.99
1919	43.99
1920	43.99
1921	43.99
1922	43.99
1923	43.99
1924	43.99
1925	43.99
1926	43.99
1927	43.99
1928	43.99
1929	43.99
1930	43.99
1931	43.99
1932	43.99
1933	43.99
1934	43.99
1935	43.99
1936	43.99
1937	43.99
1938	43.99
1939	43.99
1940	43.99
1941	43.99
1942	43.99
1943	43.99
1944	43.99
1945	43.99
1946	43.99
1947	43.99
1948	43.99
1949	43.99
1950	43.99
1951	43.99
1952	43.99
1953	43.99
1954	43.99
1955	43.99
1956	43.99
1957	43.99
1958	43.99
1959	43.99
1960	43.99
1961	43.99
1962	43.99
1963	43.99
1964	43.99
1965	43.99
1966	43.99
1967	43.99
1968	43.99
1969	43.99
1970	43.99
1971	43.99
1972	43.99
1973	43.99
1974	43.99
1975	43.99
1976	43.99
1977	43.99
1978	43.99
1979	43.99
1980	43.99
1981	43.99
1982	43.99
1983	43.99
1984	43.99
1985	43.99
1986	43.99
1987	43.99
1988	43.99
1989	43.99
1990	43.99
1991	43.99
1992	43.99
1993	43.99
1994	43.99
1995	43.99
1996	43.99
1997	43.99
