0	33.32
1	33.32
2	33.32
3	33.32
4	33.32
5	33.32
6	33.32
7	33.32
8	33.32
9	33.32
10	33.32
11	33.32
12	33.32
13	33.32
14	33.32
15	33.32
16	33.32
17	33.32
18	33.32
19	33.32
20	33.32
21	33.32
22	33.32
23	33.32
24	33.32
25	33.32
26	33.32
27	33.32
28	33.32
29	33.32
30	33.32
31	33.32
32	33.32
33	33.32
34	33.32
35	33.32
36	33.32
37	33.32
38	33.32
39	33.32
40	33.32
41	33.32
42	33.32
43	33.32
44	33.32
45	33.32
46	33.32
47	33.32
48	33.32
49	33.32
50	33.32
51	33.32
52	33.32
53	33.32
54	33.32
55	33.32
56	33.32
57	33.32
58	33.32
59	33.32
60	33.32
61	33.32
62	33.32
63	33.32
64	33.32
65	33.32
66	33.32
67	33.32
68	33.32
69	33.32
70	33.32
71	33.32
72	33.32
73	33.32
74	33.32
75	33.32
76	33.32
77	33.32
78	33.32
79	33.32
80	33.32
81	33.32
82	33.32
83	33.32
84	33.32
85	33.32
86	33.32
87	33.32
88	33.32
89	33.32
90	33.32
91	33.32
92	33.32
93	33.32
94	33.32
95	33.32
96	33.32
97	33.32
98	33.32
99	33.32
100	33.32
101	33.32
102	33.32
103	33.32
104	33.32
105	33.32
106	33.32
107	33.32
108	33.32
109	33.32
110	33.32
111	33.32
112	33.32
113	33.32
114	33.32
115	33.32
116	33.32
117	33.32
118	33.32
119	33.32
120	33.32
121	33.32
122	33.32
123	33.32
124	33.32
125	33.32
126	33.32
127	33.32
128	33.32
129	33.32
130	33.32
131	33.32
132	33.32
133	33.32
134	33.32
135	33.32
136	33.32
137	33.32
138	33.32
139	33.32
140	33.32
141	33.32
142	33.32
143	33.32
144	33.32
145	33.32
146	33.32
147	33.32
148	33.32
149	33.32
150	33.32
151	33.32
152	33.32
153	33.32
154	33.32
155	33.32
156	33.32
157	33.32
158	33.32
159	33.32
160	33.32
161	33.32
162	33.32
163	33.32
164	33.32
165	33.32
166	33.32
167	33.32
168	33.32
169	33.32
170	33.32
171	33.32
172	33.32
173	33.32
174	33.32
175	33.32
176	33.32
177	33.32
178	33.32
179	33.32
180	33.32
181	33.32
182	33.32
183	33.32
184	33.32
185	33.32
186	33.32
187	33.32
188	33.32
189	33.32
190	33.32
191	33.32
192	33.32
193	33.32
194	33.32
195	33.32
196	33.32
197	33.32
198	33.32
199	33.32
200	33.32
201	33.32
202	33.32
203	33.32
204	33.32
205	33.32
206	33.32
207	33.32
208	33.32
209	33.32
210	33.32
211	33.32
212	33.32
213	33.32
214	33.32
215	33.32
216	33.32
217	33.32
218	33.32
219	33.32
220	33.32
221	33.32
222	33.32
223	33.32
224	33.32
225	33.32
226	33.32
227	33.32
228	33.32
229	33.32
230	33.32
231	33.32
232	33.32
233	33.32
234	33.32
235	33.32
236	33.32
237	33.32
238	33.32
239	33.32
240	33.32
241	33.32
242	33.32
243	33.32
244	33.32
245	33.32
246	33.32
247	33.32
248	33.32
249	33.32
250	33.32
251	33.32
252	33.32
253	33.32
254	33.32
255	33.32
256	33.32
257	33.32
258	33.32
259	33.32
260	33.32
261	33.32
262	33.32
263	33.32
264	33.32
265	33.32
266	33.32
267	33.32
268	33.32
269	33.32
270	33.32
271	33.32
272	33.32
273	33.32
274	33.32
275	33.32
276	33.32
277	33.32
278	33.32
279	33.32
280	33.32
281	33.32
282	33.32
283	33.32
284	33.32
285	33.32
286	33.32
287	33.32
288	33.32
289	33.32
290	33.32
291	33.32
292	33.32
293	33.32
294	33.32
295	33.32
296	33.32
297	33.32
298	33.32
299	33.32
300	33.32
301	33.32
302	33.32
303	33.32
304	33.32
305	33.32
306	33.32
307	33.32
308	33.32
309	33.32
310	33.32
311	33.32
312	33.32
313	33.32
314	33.32
315	33.32
316	33.32
317	33.32
318	33.32
319	33.32
320	33.32
321	33.32
322	33.32
323	33.32
324	33.32
325	33.32
326	33.32
327	33.32
328	33.32
329	33.32
330	33.32
331	33.32
332	33.32
333	33.32
334	33.32
335	33.32
336	33.32
337	33.32
338	33.32
339	33.32
340	33.32
341	33.32
342	33.32
343	33.32
344	33.32
345	33.32
346	33.32
347	33.32
348	33.32
349	33.32
350	33.32
351	33.32
352	33.32
353	33.32
354	33.32
355	33.32
356	33.32
357	33.32
358	33.32
359	33.32
360	33.32
361	33.32
362	33.32
363	33.32
364	33.32
365	33.32
366	33.32
367	33.32
368	33.32
369	33.32
370	33.32
371	33.32
372	33.32
373	33.32
374	33.32
375	33.32
376	33.32
377	33.32
378	33.32
379	33.32
380	33.32
381	33.32
382	33.32
383	33.32
384	33.32
385	33.32
386	33.32
387	33.32
388	33.32
389	33.32
390	33.32
391	33.32
392	33.32
393	33.32
394	33.32
395	33.32
396	33.32
397	33.32
398	33.32
399	33.32
400	33.32
401	33.32
402	33.32
403	33.32
404	33.32
405	33.32
406	33.32
407	33.32
408	33.32
409	33.32
410	33.32
411	33.32
412	33.32
413	33.32
414	33.32
415	33.32
416	33.32
417	33.32
418	33.32
419	33.32
420	33.32
421	33.32
422	33.32
423	33.32
424	33.32
425	33.32
426	33.32
427	33.32
428	33.32
429	33.32
430	33.32
431	33.32
432	33.32
433	33.32
434	33.32
435	33.32
436	33.32
437	33.32
438	33.32
439	33.32
440	33.32
441	33.32
442	33.32
443	33.32
444	33.32
445	33.32
446	33.32
447	33.32
448	33.32
449	33.32
450	33.32
451	33.32
452	33.32
453	33.32
454	33.32
455	33.32
456	33.32
457	33.32
458	33.32
459	33.32
460	33.32
461	33.32
462	33.32
463	33.32
464	33.32
465	33.32
466	33.32
467	33.32
468	33.32
469	33.32
470	33.32
471	33.32
472	33.32
473	33.32
474	33.32
475	33.32
476	33.32
477	33.32
478	33.32
479	33.32
480	33.32
481	33.32
482	33.32
483	33.32
484	33.32
485	33.32
486	33.32
487	33.32
488	33.32
489	33.32
490	33.32
491	33.32
492	33.32
493	33.32
494	33.32
495	33.32
496	33.32
497	33.32
498	33.32
499	33.32
500	33.32
501	33.32
502	33.32
503	33.32
504	33.32
505	33.32
506	33.32
507	33.32
508	33.32
509	33.32
510	33.32
511	33.32
512	33.32
513	33.32
514	33.32
515	33.32
516	33.32
517	33.32
518	33.32
519	33.32
520	33.32
521	33.32
522	33.32
523	33.32
524	33.32
525	33.32
526	33.32
527	33.32
528	33.32
529	33.32
530	33.32
531	33.32
532	33.32
533	33.32
534	33.32
535	33.32
536	33.32
537	33.32
538	33.32
539	33.32
540	33.32
541	33.32
542	33.32
543	33.32
544	33.32
545	33.32
546	33.32
547	33.32
548	33.32
549	33.32
550	33.32
551	33.32
552	33.32
553	33.32
554	33.32
555	33.32
556	33.32
557	33.32
558	33.32
559	33.32
560	33.32
561	33.32
562	33.32
563	33.32
564	33.32
565	33.32
566	33.32
567	33.32
568	33.32
569	33.32
570	33.32
571	33.32
572	33.32
573	33.32
574	33.32
575	33.32
576	33.32
577	33.32
578	33.32
579	33.32
580	33.32
581	33.32
582	33.32
583	33.32
584	33.32
585	33.32
586	33.32
587	33.32
588	33.32
589	33.32
590	33.32
591	33.32
592	33.32
593	33.32
594	33.32
595	33.32
596	33.32
597	33.32
598	33.32
599	33.32
600	33.32
601	33.32
602	33.32
603	33.32
604	33.32
605	33.32
606	33.32
607	33.32
608	33.32
609	33.32
610	33.32
611	33.32
612	33.32
613	33.32
614	33.32
615	33.32
616	33.32
617	33.32
618	33.32
619	33.32
620	33.32
621	33.32
622	33.32
623	33.32
624	33.32
625	33.32
626	33.32
627	33.32
628	33.32
629	33.32
630	33.32
631	33.32
632	33.32
633	33.32
634	33.32
635	33.32
636	33.32
637	33.32
638	33.32
639	33.32
640	33.32
641	33.32
642	33.32
643	33.32
644	33.32
645	33.32
646	33.32
647	33.32
648	33.32
649	33.32
650	33.32
651	33.32
652	33.32
653	33.32
654	33.32
655	33.32
656	33.32
657	33.32
658	33.32
659	33.32
660	33.32
661	33.32
662	33.32
663	33.32
664	33.32
665	33.32
666	33.32
667	33.32
668	33.32
669	33.32
670	33.32
671	33.32
672	33.32
673	33.32
674	33.32
675	33.32
676	33.32
677	33.32
678	33.32
679	33.32
680	33.32
681	33.32
682	33.32
683	33.32
684	33.32
685	33.32
686	33.32
687	33.32
688	33.32
689	33.32
690	33.32
691	33.32
692	33.32
693	33.32
694	33.32
695	33.32
696	33.32
697	33.32
698	33.32
699	33.32
700	33.32
701	33.32
702	33.32
703	33.32
704	33.32
705	33.32
706	33.32
707	33.32
708	33.32
709	33.32
710	33.32
711	33.32
712	33.32
713	33.32
714	33.32
715	33.32
716	33.32
717	33.32
718	33.32
719	33.32
720	33.32
721	33.32
722	33.32
723	33.32
724	33.32
725	33.32
726	33.32
727	33.32
728	33.32
729	33.32
730	33.32
731	33.32
732	33.32
733	33.32
734	33.32
735	33.32
736	33.32
737	33.32
738	33.32
739	33.32
740	33.32
741	33.32
742	33.32
743	33.32
744	33.32
745	33.32
746	33.32
747	33.32
748	33.32
749	33.32
750	33.32
751	33.32
752	33.32
753	33.32
754	33.32
755	33.32
756	33.32
757	33.32
758	33.32
759	33.32
760	33.32
761	33.32
762	33.32
763	33.32
764	33.32
765	33.32
766	33.32
767	33.32
768	33.32
769	33.32
770	33.32
771	33.32
772	33.32
773	33.32
774	33.32
775	33.32
776	33.32
777	33.32
778	33.32
779	33.32
780	33.32
781	33.32
782	33.32
783	33.32
784	33.32
785	33.32
786	33.32
787	33.32
788	33.32
789	33.32
790	33.32
791	33.32
792	33.32
793	33.32
794	33.32
795	33.32
796	33.32
797	33.32
798	33.32
799	33.32
800	33.32
801	33.32
802	33.32
803	33.32
804	33.32
805	33.32
806	33.32
807	33.32
808	33.32
809	33.32
810	33.32
811	33.32
812	33.32
813	33.32
814	33.32
815	33.32
816	33.32
817	33.32
818	33.32
819	33.32
820	33.32
821	33.32
822	33.32
823	33.32
824	33.32
825	33.32
826	33.32
827	33.32
828	33.32
829	33.32
830	33.32
831	33.32
832	33.32
833	33.32
834	33.32
835	33.32
836	33.32
837	33.32
838	33.32
839	33.32
840	33.32
841	33.32
842	33.32
843	33.32
844	33.32
845	33.32
846	33.32
847	33.32
848	33.32
849	33.32
850	33.32
851	33.32
852	33.32
853	33.32
854	33.32
855	33.32
856	33.32
857	33.32
858	33.32
859	33.32
860	33.32
861	33.32
862	33.32
863	33.32
864	33.32
865	33.32
866	33.32
867	33.32
868	33.32
869	33.32
870	33.32
871	33.32
872	33.32
873	33.32
874	33.32
875	33.32
876	33.32
877	33.32
878	33.32
879	33.32
880	33.32
881	33.32
882	33.32
883	33.32
884	33.32
885	33.32
886	33.32
887	33.32
888	33.32
889	33.32
890	33.32
891	33.32
892	33.32
893	33.32
894	33.32
895	33.32
896	33.32
897	33.32
898	33.32
899	33.32
900	33.32
901	33.32
902	33.32
903	33.32
904	33.32
905	33.32
906	33.32
907	33.32
908	33.32
909	33.32
910	33.32
911	33.32
912	33.32
913	33.32
914	33.32
915	33.32
916	33.32
917	33.32
918	33.32
919	33.32
920	33.32
921	33.32
922	33.32
923	33.32
924	33.32
925	33.32
926	33.32
927	33.32
928	33.32
929	33.32
930	33.32
931	33.32
932	33.32
933	33.32
934	33.32
935	33.32
936	33.32
937	33.32
938	33.32
939	33.32
940	33.32
941	33.32
942	33.32
943	33.32
944	33.32
945	33.32
946	33.32
947	33.32
948	33.32
949	33.32
950	33.32
951	33.32
952	33.32
953	33.32
954	33.32
955	33.32
956	33.32
957	33.32
958	33.32
959	33.32
960	33.32
961	33.32
962	33.32
963	33.32
964	33.32
965	33.32
966	33.32
967	33.32
968	33.32
969	33.32
970	33.32
971	33.32
972	33.32
973	33.32
974	33.32
975	33.32
976	33.32
977	33.32
978	33.32
979	33.32
980	33.32
981	33.32
982	33.32
983	33.32
984	33.32
985	33.32
986	33.32
987	33.32
988	33.32
989	33.32
990	33.32
991	33.32
992	33.32
993	33.32
994	33.32
995	33.32
996	33.32
997	33.32
998	33.32
999	33.32
1000	33.32
1001	33.32
1002	33.32
1003	33.32
1004	33.32
1005	33.32
1006	33.32
1007	33.32
1008	33.32
1009	33.32
1010	33.32
1011	33.32
1012	33.32
1013	33.32
1014	33.32
1015	33.32
1016	33.32
1017	33.32
1018	33.32
1019	33.32
1020	33.32
1021	33.32
1022	33.32
1023	33.32
1024	33.32
1025	33.32
1026	33.32
1027	33.32
1028	33.32
1029	33.32
1030	33.32
1031	33.32
1032	33.32
1033	33.32
1034	33.32
1035	33.32
1036	33.32
1037	33.32
1038	33.32
1039	33.32
1040	33.32
1041	33.32
1042	33.32
1043	33.32
1044	33.32
1045	33.32
1046	33.32
1047	33.32
1048	33.32
1049	33.32
1050	33.32
1051	33.32
1052	33.32
1053	33.32
1054	33.32
1055	33.32
1056	33.32
1057	33.32
1058	33.32
1059	33.32
1060	33.32
1061	33.32
1062	33.32
1063	33.32
1064	33.32
1065	33.32
1066	33.32
1067	33.32
1068	33.32
1069	33.32
1070	33.32
1071	33.32
1072	33.32
1073	33.32
1074	33.32
1075	33.32
1076	33.32
1077	33.32
1078	33.32
1079	33.32
1080	33.32
1081	33.32
1082	33.32
1083	33.32
1084	33.32
1085	33.32
1086	33.32
1087	33.32
1088	33.32
1089	33.32
1090	33.32
1091	33.32
1092	33.32
1093	33.32
1094	33.32
1095	33.32
1096	33.32
1097	33.32
1098	33.32
1099	33.32
1100	33.32
1101	33.32
1102	33.32
1103	33.32
1104	33.32
1105	33.32
1106	33.32
1107	33.32
1108	33.32
1109	33.32
1110	33.32
1111	33.32
1112	33.32
1113	33.32
1114	33.32
1115	33.32
1116	33.32
1117	33.32
1118	33.32
1119	33.32
1120	33.32
1121	33.32
1122	33.32
1123	33.32
1124	33.32
1125	33.32
1126	33.32
1127	33.32
1128	33.32
1129	33.32
1130	33.32
1131	33.32
1132	33.32
1133	33.32
1134	33.32
1135	33.32
1136	33.32
1137	33.32
1138	33.32
1139	33.32
1140	33.32
1141	33.32
1142	33.32
1143	33.32
1144	33.32
1145	33.32
1146	33.32
1147	33.32
1148	33.32
1149	33.32
1150	33.32
1151	33.32
1152	33.32
1153	33.32
1154	33.32
1155	33.32
1156	33.32
1157	33.32
1158	33.32
1159	33.32
1160	33.32
1161	33.32
1162	33.32
1163	33.32
1164	33.32
1165	33.32
1166	33.32
1167	33.32
1168	33.32
1169	33.32
1170	33.32
1171	33.32
1172	33.32
1173	33.32
1174	33.32
1175	33.32
1176	33.32
1177	33.32
1178	33.32
1179	33.32
1180	33.32
1181	33.32
1182	33.32
1183	33.32
1184	33.32
1185	33.32
1186	33.32
1187	33.32
1188	33.32
1189	33.32
1190	33.32
1191	33.32
1192	33.32
1193	33.32
1194	33.32
1195	33.32
1196	33.32
1197	33.32
1198	33.32
1199	33.32
1200	33.32
1201	33.32
1202	33.32
1203	33.32
1204	33.32
1205	33.32
1206	33.32
1207	33.32
1208	33.32
1209	33.32
1210	33.32
1211	33.32
1212	33.32
1213	33.32
1214	33.32
1215	33.32
1216	33.32
1217	33.32
1218	33.32
1219	33.32
1220	33.32
1221	33.32
1222	33.32
1223	33.32
1224	33.32
1225	33.32
1226	33.32
1227	33.32
1228	33.32
1229	33.32
1230	33.32
1231	33.32
1232	33.32
1233	33.32
1234	33.32
1235	33.32
1236	33.32
1237	33.32
1238	33.32
1239	33.32
1240	33.32
1241	33.32
1242	33.32
1243	33.32
1244	33.32
1245	33.32
1246	33.32
1247	33.32
1248	33.32
1249	33.32
1250	33.32
1251	33.32
1252	33.32
1253	33.32
1254	33.32
1255	33.32
1256	33.32
1257	33.32
1258	33.32
1259	33.32
1260	33.32
1261	33.32
1262	33.32
1263	33.32
1264	33.32
1265	33.32
1266	33.32
1267	33.32
1268	33.32
1269	33.32
1270	33.32
1271	33.32
1272	33.32
1273	33.32
1274	33.32
1275	33.32
1276	33.32
1277	33.32
1278	33.32
1279	33.32
1280	33.32
1281	33.32
1282	33.32
1283	33.32
1284	33.32
1285	33.32
1286	33.32
1287	33.32
1288	33.32
1289	33.32
1290	33.32
1291	33.32
1292	33.32
1293	33.32
1294	33.32
1295	33.32
1296	33.32
1297	33.32
1298	33.32
1299	33.32
1300	33.32
1301	33.32
1302	33.32
1303	33.32
1304	33.32
1305	33.32
1306	33.32
1307	33.32
1308	33.32
1309	33.32
1310	33.32
1311	33.32
1312	33.32
1313	33.32
1314	33.32
1315	33.32
1316	33.32
1317	33.32
1318	33.32
1319	33.32
1320	33.32
1321	33.32
1322	33.32
1323	33.32
1324	33.32
1325	33.32
1326	33.32
1327	33.32
1328	33.32
1329	33.32
1330	33.32
1331	33.32
1332	33.32
1333	33.32
1334	33.32
1335	33.32
1336	33.32
1337	33.32
1338	33.32
1339	33.32
1340	33.32
1341	33.32
1342	33.32
1343	33.32
1344	33.32
1345	33.32
1346	33.32
1347	33.32
1348	33.32
1349	33.32
1350	33.32
1351	33.32
1352	33.32
1353	33.32
1354	33.32
1355	33.32
1356	33.32
1357	33.32
1358	33.32
1359	33.32
1360	33.32
1361	33.32
1362	33.32
1363	33.32
1364	33.32
1365	33.32
1366	33.32
1367	33.32
1368	33.32
1369	33.32
1370	33.32
1371	33.32
1372	33.32
1373	33.32
1374	33.32
1375	33.32
1376	33.32
1377	33.32
1378	33.32
1379	33.32
1380	33.32
1381	33.32
1382	33.32
1383	33.32
1384	33.32
1385	33.32
1386	33.32
1387	33.32
1388	33.32
1389	33.32
1390	33.32
1391	33.32
1392	33.32
1393	33.32
1394	33.32
1395	33.32
1396	33.32
1397	33.32
1398	33.32
1399	33.32
1400	33.32
1401	33.32
1402	33.32
1403	33.32
1404	33.32
1405	33.32
1406	33.32
1407	33.32
1408	33.32
1409	33.32
1410	33.32
1411	33.32
1412	33.32
1413	33.32
1414	33.32
1415	33.32
1416	33.32
1417	33.32
1418	33.32
1419	33.32
1420	33.32
1421	33.32
1422	33.32
1423	33.32
1424	33.32
1425	33.32
1426	33.32
1427	33.32
1428	33.32
1429	33.32
1430	33.32
1431	33.32
1432	33.32
1433	33.32
1434	33.32
1435	33.32
1436	33.32
1437	33.32
1438	33.32
1439	33.32
1440	33.32
1441	33.32
1442	33.32
1443	33.32
1444	33.32
1445	33.32
1446	33.32
1447	33.32
1448	33.32
1449	33.32
1450	33.32
1451	33.32
1452	33.32
1453	33.32
1454	33.32
1455	33.32
1456	33.32
1457	33.32
1458	33.32
1459	33.32
1460	33.32
1461	33.32
1462	33.32
1463	33.32
1464	33.32
1465	33.32
1466	33.32
1467	33.32
1468	33.32
1469	33.32
1470	33.32
1471	33.32
1472	33.32
1473	33.32
1474	33.32
1475	33.32
1476	33.32
1477	33.32
1478	33.32
1479	33.32
1480	33.32
1481	33.32
1482	33.32
1483	33.32
1484	33.32
1485	33.32
1486	33.32
1487	33.32
1488	33.32
1489	33.32
1490	33.32
1491	33.32
1492	33.32
1493	33.32
1494	33.32
1495	33.32
1496	33.32
1497	33.32
1498	33.32
1499	33.32
1500	33.32
1501	33.32
1502	33.32
1503	33.32
1504	33.32
1505	33.32
1506	33.32
1507	33.32
1508	33.32
1509	33.32
1510	33.32
1511	33.32
1512	33.32
1513	33.32
1514	33.32
1515	33.32
1516	33.32
1517	33.32
1518	33.32
1519	33.32
1520	33.32
1521	33.32
1522	33.32
1523	33.32
1524	33.32
1525	33.32
1526	33.32
1527	33.32
1528	33.32
1529	33.32
1530	33.32
1531	33.32
1532	33.32
1533	33.32
1534	33.32
1535	33.32
1536	33.32
1537	33.32
1538	33.32
1539	33.32
1540	33.32
1541	33.32
1542	33.32
1543	33.32
1544	33.32
1545	33.32
1546	33.32
1547	33.32
1548	33.32
1549	33.32
1550	33.32
1551	33.32
1552	33.32
1553	33.32
1554	33.32
1555	33.32
1556	33.32
1557	33.32
1558	33.32
1559	33.32
1560	33.32
1561	33.32
1562	33.32
1563	33.32
1564	33.32
1565	33.32
1566	33.32
1567	33.32
1568	33.32
1569	33.32
1570	33.32
1571	33.32
1572	33.32
1573	33.32
1574	33.32
1575	33.32
1576	33.32
1577	33.32
1578	33.32
1579	33.32
1580	33.32
1581	33.32
1582	33.32
1583	33.32
1584	33.32
1585	33.32
1586	33.32
1587	33.32
1588	33.32
1589	33.32
1590	33.32
1591	33.32
1592	33.32
1593	33.32
1594	33.32
1595	33.32
1596	33.32
1597	33.32
1598	33.32
1599	33.32
1600	33.32
1601	33.32
1602	33.32
1603	33.32
1604	33.32
1605	33.32
1606	33.32
1607	33.32
1608	33.32
1609	33.32
1610	33.32
1611	33.32
1612	33.32
1613	33.32
1614	33.32
1615	33.32
1616	33.32
1617	33.32
1618	33.32
1619	33.32
1620	33.32
1621	33.32
1622	33.32
1623	33.32
1624	33.32
1625	33.32
1626	33.32
1627	33.32
1628	33.32
1629	33.32
1630	33.32
1631	33.32
1632	33.32
1633	33.32
1634	33.32
1635	33.32
1636	33.32
1637	33.32
1638	33.32
1639	33.32
1640	33.32
1641	33.32
1642	33.32
1643	33.32
1644	33.32
1645	33.32
1646	33.32
1647	33.32
1648	33.32
1649	33.32
1650	33.32
1651	33.32
1652	33.32
1653	33.32
1654	33.32
1655	33.32
1656	33.32
1657	33.32
1658	33.32
1659	33.32
1660	33.32
1661	33.32
1662	33.32
1663	33.32
1664	33.32
1665	33.32
1666	33.32
1667	33.32
1668	33.32
1669	33.32
1670	33.32
1671	33.32
1672	33.32
1673	33.32
1674	33.32
1675	33.32
1676	33.32
1677	33.32
1678	33.32
1679	33.32
1680	33.32
1681	33.32
1682	33.32
1683	33.32
1684	33.32
1685	33.32
1686	33.32
1687	33.32
1688	33.32
1689	33.32
1690	33.32
1691	33.32
1692	33.32
1693	33.32
1694	33.32
1695	33.32
1696	33.32
1697	33.32
1698	33.32
1699	33.32
1700	33.32
1701	33.32
1702	33.32
1703	33.32
1704	33.32
1705	33.32
1706	33.32
1707	33.32
1708	33.32
1709	33.32
1710	33.32
1711	33.32
1712	33.32
1713	33.32
1714	33.32
1715	33.32
1716	33.32
1717	33.32
1718	33.32
1719	33.32
1720	33.32
1721	33.32
1722	33.32
1723	33.32
1724	33.32
1725	33.32
1726	33.32
1727	33.32
1728	33.32
1729	33.32
1730	33.32
1731	33.32
1732	33.32
1733	33.32
1734	33.32
1735	33.32
1736	33.32
1737	33.32
1738	33.32
1739	33.32
1740	33.32
1741	33.32
1742	33.32
1743	33.32
1744	33.32
1745	33.32
1746	33.32
1747	33.32
1748	33.32
1749	33.32
1750	33.32
1751	33.32
1752	33.32
1753	33.32
1754	33.32
1755	33.32
1756	33.32
1757	33.32
1758	33.32
1759	33.32
1760	33.32
1761	33.32
1762	33.32
1763	33.32
1764	33.32
1765	33.32
1766	33.32
1767	33.32
1768	33.32
1769	33.32
1770	33.32
1771	33.32
1772	33.32
1773	33.32
1774	33.32
1775	33.32
1776	33.32
1777	33.32
1778	33.32
1779	33.32
1780	33.32
1781	33.32
1782	33.32
1783	33.32
1784	33.32
1785	33.32
1786	33.32
1787	33.32
1788	33.32
1789	33.32
1790	33.32
1791	33.32
1792	33.32
1793	33.32
1794	33.32
1795	33.32
1796	33.32
1797	33.32
1798	33.32
1799	33.32
1800	33.32
1801	33.32
1802	33.32
1803	33.32
1804	33.32
1805	33.32
1806	33.32
1807	33.32
1808	33.32
1809	33.32
1810	33.32
1811	33.32
1812	33.32
1813	33.32
1814	33.32
1815	33.32
1816	33.32
1817	33.32
1818	33.32
1819	33.32
1820	33.32
1821	33.32
1822	33.32
1823	33.32
1824	33.32
1825	33.32
1826	33.32
1827	33.32
1828	33.32
1829	33.32
1830	33.32
1831	33.32
1832	33.32
1833	33.32
1834	33.32
1835	33.32
1836	33.32
1837	33.32
1838	33.32
1839	33.32
1840	33.32
1841	33.32
1842	33.32
1843	33.32
1844	33.32
1845	33.32
1846	33.32
1847	33.32
1848	33.32
1849	33.32
1850	33.32
1851	33.32
1852	33.32
1853	33.32
1854	33.32
1855	33.32
1856	33.32
1857	33.32
1858	33.32
1859	33.32
1860	33.32
1861	33.32
1862	33.32
1863	33.32
1864	33.32
1865	33.32
1866	33.32
1867	33.32
1868	33.32
1869	33.32
1870	33.32
1871	33.32
1872	33.32
1873	33.32
1874	33.32
1875	33.32
1876	33.32
1877	33.32
1878	33.32
1879	33.32
1880	33.32
1881	33.32
1882	33.32
1883	33.32
1884	33.32
1885	33.32
1886	33.32
1887	33.32
1888	33.32
1889	33.32
1890	33.32
1891	33.32
1892	33.32
1893	33.32
1894	33.32
1895	33.32
1896	33.32
1897	33.32
1898	33.32
1899	33.32
1900	33.32
1901	33.32
1902	33.32
1903	33.32
1904	33.32
1905	33.32
1906	33.32
1907	33.32
1908	33.32
1909	33.32
1910	33.32
1911	33.32
1912	33.32
1913	33.32
1914	33.32
1915	33.32
1916	33.32
1917	33.32
1918	33.32
1919	33.32
1920	33.32
1921	33.32
1922	33.32
1923	33.32
1924	33.32
1925	33.32
1926	33.32
1927	33.32
1928	33.32
1929	33.32
1930	33.32
1931	33.32
1932	33.32
1933	33.32
1934	33.32
1935	33.32
1936	33.32
1937	33.32
1938	33.32
1939	33.32
1940	33.32
1941	33.32
1942	33.32
1943	33.32
1944	33.32
1945	33.32
1946	33.32
1947	33.32
1948	33.32
1949	33.32
1950	33.32
1951	33.32
1952	33.32
1953	33.32
1954	33.32
1955	33.32
1956	33.32
1957	33.32
1958	33.32
1959	33.32
1960	33.32
1961	33.32
1962	33.32
1963	33.32
1964	33.32
1965	33.32
1966	33.32
1967	33.32
1968	33.32
1969	33.32
1970	33.32
1971	33.32
1972	33.32
1973	33.32
1974	33.32
1975	33.32
1976	33.32
1977	33.32
1978	33.32
1979	33.32
1980	33.32
1981	33.32
1982	33.32
1983	33.32
1984	33.32
1985	33.32
1986	33.32
1987	33.32
1988	33.32
1989	33.32
1990	33.32
1991	33.32
1992	33.32
1993	33.32
1994	33.32
1995	33.32
1996	33.32
1997	33.32
1998	33.32
1999	33.32
2000	33.32
2001	33.32
2002	33.32
2003	33.32
2004	33.32
2005	33.32
2006	33.32
2007	33.32
2008	33.32
2009	33.32
2010	33.32
2011	33.32
2012	33.32
2013	33.32
2014	33.32
2015	33.32
2016	33.32
2017	33.32
2018	33.32
2019	33.32
2020	33.32
2021	33.32
2022	33.32
2023	33.32
2024	33.32
2025	33.32
2026	33.32
2027	33.32
2028	33.32
2029	33.32
2030	33.32
2031	33.32
2032	33.32
2033	33.32
2034	33.32
2035	33.32
2036	33.32
2037	33.32
2038	33.32
2039	33.32
2040	33.32
2041	33.32
2042	33.32
2043	33.32
2044	33.32
2045	33.32
2046	33.32
2047	33.32
2048	33.32
2049	33.32
2050	33.32
2051	33.32
2052	33.32
2053	33.32
2054	33.32
2055	33.32
2056	33.32
2057	33.32
2058	33.32
2059	33.32
2060	33.32
2061	33.32
2062	33.32
2063	33.32
2064	33.32
2065	33.32
2066	33.32
2067	33.32
2068	33.32
2069	33.32
2070	33.32
2071	33.32
2072	33.32
2073	33.32
2074	33.32
2075	33.32
2076	33.32
2077	33.32
2078	33.32
2079	33.32
2080	33.32
2081	33.32
2082	33.32
2083	33.32
2084	33.32
2085	33.32
2086	33.32
2087	33.32
2088	33.32
2089	33.32
2090	33.32
2091	33.32
2092	33.32
2093	33.32
2094	33.32
2095	33.32
2096	33.32
2097	33.32
2098	33.32
2099	33.32
2100	33.32
2101	33.32
2102	33.32
2103	33.32
2104	33.32
2105	33.32
2106	33.32
2107	33.32
2108	33.32
2109	33.32
2110	33.32
2111	33.32
2112	33.32
2113	33.32
2114	33.32
2115	33.32
2116	33.32
2117	33.32
2118	33.32
2119	33.32
2120	33.32
2121	33.32
2122	33.32
2123	33.32
2124	33.32
2125	33.32
2126	33.32
2127	33.32
2128	33.32
2129	33.32
2130	33.32
2131	33.32
2132	33.32
2133	33.32
2134	33.32
2135	33.32
2136	33.32
2137	33.32
2138	33.32
2139	33.32
2140	33.32
2141	33.32
2142	33.32
2143	33.32
2144	33.32
2145	33.32
2146	33.32
2147	33.32
2148	33.32
2149	33.32
2150	33.32
2151	33.32
2152	33.32
2153	33.32
2154	33.32
2155	33.32
2156	33.32
2157	33.32
2158	33.32
2159	33.32
2160	33.32
2161	33.32
2162	33.32
2163	33.32
2164	33.32
2165	33.32
2166	33.32
2167	33.32
2168	33.32
2169	33.32
2170	33.32
2171	33.32
2172	33.32
2173	33.32
2174	33.32
2175	33.32
2176	33.32
2177	33.32
2178	33.32
2179	33.32
2180	33.32
2181	33.32
2182	33.32
2183	33.32
2184	33.32
2185	33.32
2186	33.32
2187	33.32
2188	33.32
2189	33.32
2190	33.32
2191	33.32
2192	33.32
2193	33.32
2194	33.32
2195	33.32
2196	33.32
2197	33.32
2198	33.32
2199	33.32
2200	33.32
2201	33.32
2202	33.32
2203	33.32
2204	33.32
2205	33.32
2206	33.32
2207	33.32
2208	33.32
2209	33.32
2210	33.32
2211	33.32
2212	33.32
2213	33.32
2214	33.32
2215	33.32
2216	33.32
2217	33.32
2218	33.32
2219	33.32
2220	33.32
2221	33.32
2222	33.32
2223	33.32
2224	33.32
2225	33.32
2226	33.32
2227	33.32
2228	33.32
2229	33.32
2230	33.32
2231	33.32
2232	33.32
2233	33.32
2234	33.32
2235	33.32
2236	33.32
2237	33.32
2238	33.32
2239	33.32
2240	33.32
2241	33.32
2242	33.32
2243	33.32
2244	33.32
2245	33.32
2246	33.32
2247	33.32
2248	33.32
2249	33.32
2250	33.32
2251	33.32
2252	33.32
2253	33.32
2254	33.32
2255	33.32
2256	33.32
2257	33.32
2258	33.32
2259	33.32
2260	33.32
2261	33.32
2262	33.32
2263	33.32
2264	33.32
2265	33.32
2266	33.32
2267	33.32
2268	33.32
2269	33.32
2270	33.32
2271	33.32
2272	33.32
2273	33.32
2274	33.32
2275	33.32
2276	33.32
2277	33.32
2278	33.32
2279	33.32
2280	33.32
2281	33.32
2282	33.32
2283	33.32
2284	33.32
2285	33.32
2286	33.32
2287	33.32
2288	33.32
2289	33.32
2290	33.32
2291	33.32
2292	33.32
2293	33.32
2294	33.32
2295	33.32
2296	33.32
2297	33.32
2298	33.32
2299	33.32
2300	33.32
2301	33.32
2302	33.32
2303	33.32
2304	33.32
2305	33.32
2306	33.32
2307	33.32
2308	33.32
2309	33.32
2310	33.32
2311	33.32
2312	33.32
2313	33.32
2314	33.32
2315	33.32
2316	33.32
2317	33.32
2318	33.32
2319	33.32
2320	33.32
2321	33.32
2322	33.32
2323	33.32
2324	33.32
2325	33.32
2326	33.32
2327	33.32
2328	33.32
2329	33.32
2330	33.32
2331	33.32
2332	33.32
2333	33.32
2334	33.32
2335	33.32
2336	33.32
2337	33.32
2338	33.32
2339	33.32
2340	33.32
2341	33.32
2342	33.32
2343	33.32
2344	33.32
2345	33.32
2346	33.32
2347	33.32
2348	33.32
2349	33.32
2350	33.32
2351	33.32
2352	33.32
2353	33.32
2354	33.32
2355	33.32
2356	33.32
2357	33.32
2358	33.32
2359	33.32
2360	33.32
2361	33.32
2362	33.32
2363	33.32
2364	33.32
2365	33.32
2366	33.32
2367	33.32
2368	33.32
2369	33.32
2370	33.32
2371	33.32
2372	33.32
2373	33.32
2374	33.32
2375	33.32
2376	33.32
2377	33.32
2378	33.32
2379	33.32
2380	33.32
2381	33.32
2382	33.32
2383	33.32
2384	33.32
2385	33.32
2386	33.32
2387	33.32
2388	33.32
2389	33.32
2390	33.32
2391	33.32
2392	33.32
2393	33.32
2394	33.32
2395	33.32
2396	33.32
2397	33.32
2398	33.32
2399	33.32
2400	33.32
2401	33.32
2402	33.32
2403	33.32
2404	33.32
2405	33.32
2406	33.32
2407	33.32
2408	33.32
2409	33.32
2410	33.32
2411	33.32
2412	33.32
2413	33.32
2414	33.32
2415	33.32
2416	33.32
2417	33.32
2418	33.32
2419	33.32
2420	33.32
2421	33.32
2422	33.32
2423	33.32
2424	33.32
2425	33.32
2426	33.32
2427	33.32
2428	33.32
2429	33.32
2430	33.32
2431	33.32
2432	33.32
2433	33.32
2434	33.32
2435	33.32
2436	33.32
2437	33.32
2438	33.32
2439	33.32
2440	33.32
2441	33.32
2442	33.32
2443	33.32
2444	33.32
2445	33.32
2446	33.32
2447	33.32
2448	33.32
2449	33.32
2450	33.32
2451	33.32
2452	33.32
2453	33.32
2454	33.32
2455	33.32
2456	33.32
2457	33.32
2458	33.32
2459	33.32
2460	33.32
2461	33.32
2462	33.32
2463	33.32
2464	33.32
2465	33.32
2466	33.32
2467	33.32
2468	33.32
2469	33.32
2470	33.32
2471	33.32
2472	33.32
2473	33.32
2474	33.32
2475	33.32
2476	33.32
2477	33.32
2478	33.32
2479	33.32
2480	33.32
2481	33.32
2482	33.32
2483	33.32
2484	33.32
2485	33.32
2486	33.32
2487	33.32
2488	33.32
2489	33.32
2490	33.32
2491	33.32
2492	33.32
2493	33.32
2494	33.32
2495	33.32
2496	33.32
2497	33.32
2498	33.32
2499	33.32
2500	33.32
2501	33.32
2502	33.32
2503	33.32
2504	33.32
2505	33.32
2506	33.32
2507	33.32
2508	33.32
2509	33.32
2510	33.32
2511	33.32
2512	33.32
2513	33.32
2514	33.32
2515	33.32
2516	33.32
2517	33.32
2518	33.32
2519	33.32
2520	33.32
2521	33.32
2522	33.32
2523	33.32
2524	33.32
2525	33.32
2526	33.32
2527	33.32
2528	33.32
2529	33.32
2530	33.32
2531	33.32
2532	33.32
2533	33.32
2534	33.32
2535	33.32
2536	33.32
2537	33.32
2538	33.32
2539	33.32
2540	33.32
2541	33.32
2542	33.32
2543	33.32
2544	33.32
2545	33.32
2546	33.32
2547	33.32
2548	33.32
2549	33.32
2550	33.32
2551	33.32
2552	33.32
2553	33.32
2554	33.32
2555	33.32
2556	33.32
2557	33.32
2558	33.32
2559	33.32
2560	33.32
2561	33.32
2562	33.32
2563	33.32
2564	33.32
2565	33.32
2566	33.32
2567	33.32
2568	33.32
2569	33.32
2570	33.32
2571	33.32
2572	33.32
2573	33.32
2574	33.32
2575	33.32
2576	33.32
2577	33.32
2578	33.32
2579	33.32
2580	33.32
2581	33.32
2582	33.32
2583	33.32
2584	33.32
2585	33.32
2586	33.32
2587	33.32
2588	33.32
2589	33.32
2590	33.32
2591	33.32
2592	33.32
2593	33.32
2594	33.32
2595	33.32
2596	33.32
2597	33.32
2598	33.32
2599	33.32
2600	33.32
2601	33.32
2602	33.32
2603	33.32
2604	33.32
2605	33.32
2606	33.32
2607	33.32
2608	33.32
2609	33.32
2610	33.32
2611	33.32
2612	33.32
2613	33.32
2614	33.32
2615	33.32
2616	33.32
2617	33.32
2618	33.32
2619	33.32
2620	33.32
2621	33.32
2622	33.32
2623	33.32
2624	33.32
2625	33.32
2626	33.32
2627	33.32
2628	33.32
2629	33.32
2630	33.32
2631	33.32
2632	33.32
2633	33.32
2634	33.32
2635	33.32
2636	33.32
2637	33.32
2638	33.32
2639	33.32
2640	33.32
2641	33.32
2642	33.32
2643	33.32
2644	33.32
2645	33.32
2646	33.32
2647	33.32
2648	33.32
2649	33.32
2650	33.32
2651	33.32
2652	33.32
2653	33.32
2654	33.32
2655	33.32
2656	33.32
2657	33.32
2658	33.32
2659	33.32
2660	33.32
2661	33.32
2662	33.32
2663	33.32
2664	33.32
2665	33.32
2666	33.32
2667	33.32
2668	33.32
2669	33.32
2670	33.32
2671	33.32
2672	33.32
2673	33.32
2674	33.32
2675	33.32
2676	33.32
2677	33.32
2678	33.32
2679	33.32
2680	33.32
2681	33.32
2682	33.32
2683	33.32
2684	33.32
2685	33.32
2686	33.32
2687	33.32
2688	33.32
2689	33.32
2690	33.32
2691	33.32
2692	33.32
2693	33.32
2694	33.32
2695	33.32
2696	33.32
2697	33.32
2698	33.32
2699	33.32
2700	33.32
2701	33.32
2702	33.32
2703	33.32
2704	33.32
2705	33.32
2706	33.32
2707	33.32
2708	33.32
2709	33.32
2710	33.32
2711	33.32
2712	33.32
2713	33.32
2714	33.32
2715	33.32
2716	33.32
2717	33.32
2718	33.32
2719	33.32
2720	33.32
2721	33.32
2722	33.32
2723	33.32
2724	33.32
2725	33.32
2726	33.32
2727	33.32
2728	33.32
2729	33.32
2730	33.32
2731	33.32
2732	33.32
2733	33.32
2734	33.32
2735	33.32
2736	33.32
2737	33.32
2738	33.32
2739	33.32
2740	33.32
2741	33.32
2742	33.32
2743	33.32
2744	33.32
2745	33.32
2746	33.32
2747	33.32
2748	33.32
2749	33.32
2750	33.32
2751	33.32
2752	33.32
2753	33.32
2754	33.32
2755	33.32
2756	33.32
2757	33.32
2758	33.32
2759	33.32
2760	33.32
2761	33.32
2762	33.32
2763	33.32
2764	33.32
2765	33.32
2766	33.32
2767	33.32
2768	33.32
2769	33.32
2770	33.32
2771	33.32
2772	33.32
2773	33.32
2774	33.32
2775	33.32
2776	33.32
2777	33.32
2778	33.32
2779	33.32
2780	33.32
2781	33.32
2782	33.32
2783	33.32
2784	33.32
2785	33.32
2786	33.32
2787	33.32
2788	33.32
2789	33.32
2790	33.32
2791	33.32
2792	33.32
2793	33.32
2794	33.32
2795	33.32
2796	33.32
2797	33.32
2798	33.32
2799	33.32
2800	33.32
2801	33.32
2802	33.32
2803	33.32
2804	33.32
2805	33.32
2806	33.32
2807	33.32
2808	33.32
2809	33.32
2810	33.32
2811	33.32
2812	33.32
2813	33.32
2814	33.32
2815	33.32
2816	33.32
2817	33.32
2818	33.32
2819	33.32
2820	33.32
2821	33.32
2822	33.32
2823	33.32
2824	33.32
2825	33.32
2826	33.32
2827	33.32
2828	33.32
2829	33.32
2830	33.32
2831	33.32
2832	33.32
2833	33.32
2834	33.32
2835	33.32
2836	33.32
2837	33.32
2838	33.32
2839	33.32
2840	33.32
2841	33.32
2842	33.32
2843	33.32
2844	33.32
2845	33.32
2846	33.32
2847	33.32
2848	33.32
2849	33.32
2850	33.32
2851	33.32
2852	33.32
2853	33.32
2854	33.32
2855	33.32
2856	33.32
2857	33.32
2858	33.32
2859	33.32
2860	33.32
2861	33.32
2862	33.32
2863	33.32
2864	33.32
2865	33.32
2866	33.32
2867	33.32
2868	33.32
2869	33.32
2870	33.32
2871	33.32
2872	33.32
2873	33.32
2874	33.32
2875	33.32
2876	33.32
2877	33.32
2878	33.32
2879	33.32
2880	33.32
2881	33.32
2882	33.32
2883	33.32
2884	33.32
2885	33.32
2886	33.32
2887	33.32
2888	33.32
2889	33.32
2890	33.32
2891	33.32
2892	33.32
2893	33.32
2894	33.32
2895	33.32
2896	33.32
2897	33.32
2898	33.32
2899	33.32
2900	33.32
2901	33.32
2902	33.32
2903	33.32
2904	33.32
2905	33.32
2906	33.32
2907	33.32
2908	33.32
2909	33.32
2910	33.32
2911	33.32
2912	33.32
2913	33.32
2914	33.32
2915	33.32
2916	33.32
2917	33.32
2918	33.32
2919	33.32
2920	33.32
2921	33.32
2922	33.32
2923	33.32
2924	33.32
2925	33.32
2926	33.32
2927	33.32
2928	33.32
2929	33.32
2930	33.32
2931	33.32
2932	33.32
2933	33.32
2934	33.32
2935	33.32
2936	33.32
2937	33.32
2938	33.32
2939	33.32
2940	33.32
2941	33.32
2942	33.32
2943	33.32
2944	33.32
2945	33.32
2946	33.32
2947	33.32
2948	33.32
2949	33.32
2950	33.32
2951	33.32
2952	33.32
2953	33.32
2954	33.32
2955	33.32
2956	33.32
2957	33.32
2958	33.32
2959	33.32
2960	33.32
2961	33.32
2962	33.32
2963	33.32
2964	33.32
2965	33.32
2966	33.32
2967	33.32
2968	33.32
2969	33.32
2970	33.32
2971	33.32
2972	33.32
2973	33.32
2974	33.32
2975	33.32
2976	33.32
2977	33.32
2978	33.32
2979	33.32
2980	33.32
2981	33.32
2982	33.32
2983	33.32
2984	33.32
2985	33.32
2986	33.32
2987	33.32
2988	33.32
2989	33.32
2990	33.32
2991	33.32
2992	33.32
2993	33.32
2994	33.32
2995	33.32
2996	33.32
2997	33.32
