0	1.27
1	1.27
2	1.27
3	1.27
4	1.27
5	1.27
6	1.27
7	1.27
8	1.27
9	1.27
10	1.27
11	1.27
12	1.27
13	1.27
14	1.27
15	1.27
16	1.27
17	1.27
18	1.27
19	1.27
20	1.27
21	1.27
22	1.27
23	1.27
24	1.27
25	1.27
26	1.27
27	1.27
28	1.27
29	1.27
30	1.27
31	1.27
32	1.27
33	1.27
34	1.27
35	1.27
36	1.27
37	1.27
38	1.27
39	1.27
40	1.27
41	1.27
42	1.27
43	1.27
44	1.27
45	1.27
46	1.27
47	1.27
48	1.27
49	1.27
50	1.27
51	1.27
52	1.27
53	1.27
54	1.27
55	1.27
56	1.27
57	1.27
58	1.27
59	1.27
60	1.27
61	1.27
62	1.27
63	1.27
64	1.27
65	1.27
66	1.27
67	1.27
68	1.27
69	1.27
70	1.27
71	1.27
72	1.27
73	1.27
74	1.27
75	1.27
76	1.27
77	1.27
78	1.27
79	1.27
80	1.27
81	1.27
82	1.27
83	1.27
84	1.27
85	1.27
86	1.27
87	1.27
88	1.27
89	1.27
90	1.27
91	1.27
92	1.27
93	1.27
94	1.27
95	1.27
96	1.27
97	1.27
98	1.27
99	1.27
100	1.27
101	1.27
102	1.27
103	1.27
104	1.27
105	1.27
106	1.27
107	1.27
108	1.27
109	1.27
110	1.27
111	1.27
112	1.27
113	1.27
114	1.27
115	1.27
116	1.27
117	1.27
118	1.27
119	1.27
120	1.27
121	1.27
122	1.27
123	1.27
124	1.27
125	1.27
126	1.27
127	1.27
128	1.27
129	1.27
130	1.27
131	1.27
132	1.27
133	1.27
134	1.27
135	1.27
136	1.27
137	1.27
138	1.27
139	1.27
140	1.27
141	1.27
142	1.27
143	1.27
144	1.27
145	1.27
146	1.27
147	1.27
148	1.27
149	1.27
150	1.27
151	1.27
152	1.27
153	1.27
154	1.27
155	1.27
156	1.27
157	1.27
158	1.27
159	1.27
160	1.27
161	1.27
162	1.27
163	1.27
164	1.27
165	1.27
166	1.27
167	1.27
168	1.27
169	1.27
170	1.27
171	1.27
172	1.27
173	1.27
174	1.27
175	1.27
176	1.27
177	1.27
178	1.27
179	1.27
180	1.27
181	1.27
182	1.27
183	1.27
184	1.27
185	1.27
186	1.27
187	1.27
188	1.27
189	1.27
190	1.27
191	1.27
192	1.27
193	1.27
194	1.27
195	1.27
196	1.27
197	1.27
198	1.27
199	1.27
200	1.27
201	1.27
202	1.27
203	1.27
204	1.27
205	1.27
206	1.27
207	1.27
208	1.27
209	1.27
210	1.27
211	1.27
212	1.27
213	1.27
214	1.27
215	1.27
216	1.27
217	1.27
218	1.27
219	1.27
220	1.27
221	1.27
222	1.27
223	1.27
224	1.27
225	1.27
226	1.27
227	1.27
228	1.27
229	1.27
230	1.27
231	1.27
232	1.27
233	1.27
234	1.27
235	1.27
236	1.27
237	1.27
238	1.27
239	1.27
240	1.27
241	1.27
242	1.27
243	1.27
244	1.27
245	1.27
246	1.27
247	1.27
248	1.27
249	1.27
250	1.27
251	1.27
252	1.27
253	1.27
254	1.27
255	1.27
256	1.27
257	1.27
258	1.27
259	1.27
260	1.27
261	1.27
262	1.27
263	1.27
264	1.27
265	1.27
266	1.27
267	1.27
268	1.27
269	1.27
270	1.27
271	1.27
272	1.27
273	1.27
274	1.27
275	1.27
276	1.27
277	1.27
278	1.27
279	1.27
280	1.27
281	1.27
282	1.27
283	1.27
284	1.27
285	1.27
286	1.27
287	1.27
288	1.27
289	1.27
290	1.27
291	1.27
292	1.27
293	1.27
294	1.27
295	1.27
296	1.27
297	1.27
298	1.27
299	1.27
300	1.27
301	1.27
302	1.27
303	1.27
304	1.27
305	1.27
306	1.27
307	1.27
308	1.27
309	1.27
310	1.27
311	1.27
312	1.27
313	1.27
314	1.27
315	1.27
316	1.27
317	1.27
318	1.27
319	1.27
320	1.27
321	1.27
322	1.27
323	1.27
324	1.27
325	1.27
326	1.27
327	1.27
328	1.27
329	1.27
330	1.27
331	1.27
332	1.27
333	1.27
334	1.27
335	1.27
336	1.27
337	1.27
338	1.27
339	1.27
340	1.27
341	1.27
342	1.27
343	1.27
344	1.27
345	1.27
346	1.27
347	1.27
348	1.27
349	1.27
350	1.27
351	1.27
352	1.27
353	1.27
354	1.27
355	1.27
356	1.27
357	1.27
358	1.27
359	1.27
360	1.27
361	1.27
362	1.27
363	1.27
364	1.27
365	1.27
366	1.27
367	1.27
368	1.27
369	1.27
370	1.27
371	1.27
372	1.27
373	1.27
374	1.27
375	1.27
376	1.27
377	1.27
378	1.27
379	1.27
380	1.27
381	1.27
382	1.27
383	1.27
384	1.27
385	1.27
386	1.27
387	1.27
388	1.27
389	1.27
390	1.27
391	1.27
392	1.27
393	1.27
394	1.27
395	1.27
396	1.27
397	1.27
398	1.27
399	1.27
400	1.27
401	1.27
402	1.27
403	1.27
404	1.27
405	1.27
406	1.27
407	1.27
408	1.27
409	1.27
410	1.27
411	1.27
412	1.27
413	1.27
414	1.27
415	1.27
416	1.27
417	1.27
418	1.27
419	1.27
420	1.27
421	1.27
422	1.27
423	1.27
424	1.27
425	1.27
426	1.27
427	1.27
428	1.27
429	1.27
430	1.27
431	1.27
432	1.27
433	1.27
434	1.27
435	1.27
436	1.27
437	1.27
438	1.27
439	1.27
440	1.27
441	1.27
442	1.27
443	1.27
444	1.27
445	1.27
446	1.27
447	1.27
448	1.27
449	1.27
450	1.27
451	1.27
452	1.27
453	1.27
454	1.27
455	1.27
456	1.27
457	1.27
458	1.27
459	1.27
460	1.27
461	1.27
462	1.27
463	1.27
464	1.27
465	1.27
466	1.27
467	1.27
468	1.27
469	1.27
470	1.27
471	1.27
472	1.27
473	1.27
474	1.27
475	1.27
476	1.27
477	1.27
478	1.27
479	1.27
480	1.27
481	1.27
482	1.27
483	1.27
484	1.27
485	1.27
486	1.27
487	1.27
488	1.27
489	1.27
490	1.27
491	1.27
492	1.27
493	1.27
494	1.27
495	1.27
496	1.27
497	1.27
498	1.27
499	1.27
500	1.27
501	1.27
502	1.27
503	1.27
504	1.27
505	1.27
506	1.27
507	1.27
508	1.27
509	1.27
510	1.27
511	1.27
512	1.27
513	1.27
514	1.27
515	1.27
516	1.27
517	1.27
518	1.27
519	1.27
520	1.27
521	1.27
522	1.27
523	1.27
524	1.27
525	1.27
526	1.27
527	1.27
528	1.27
529	1.27
530	1.27
531	1.27
532	1.27
533	1.27
534	1.27
535	1.27
536	1.27
537	1.27
538	1.27
539	1.27
540	1.27
541	1.27
542	1.27
543	1.27
544	1.27
545	1.27
546	1.27
547	1.27
548	1.27
549	1.27
550	1.27
551	1.27
552	1.27
553	1.27
554	1.27
555	1.27
556	1.27
557	1.27
558	1.27
559	1.27
560	1.27
561	1.27
562	1.27
563	1.27
564	1.27
565	1.27
566	1.27
567	1.27
568	1.27
569	1.27
570	1.27
571	1.27
572	1.27
573	1.27
574	1.27
575	1.27
576	1.27
577	1.27
578	1.27
579	1.27
580	1.27
581	1.27
582	1.27
583	1.27
584	1.27
585	1.27
586	1.27
587	1.27
588	1.27
589	1.27
590	1.27
591	1.27
592	1.27
593	1.27
594	1.27
595	1.27
596	1.27
597	1.27
598	1.27
599	1.27
600	1.27
601	1.27
602	1.27
603	1.27
604	1.27
605	1.27
606	1.27
607	1.27
608	1.27
609	1.27
610	1.27
611	1.27
612	1.27
613	1.27
614	1.27
615	1.27
616	1.27
617	1.27
618	1.27
619	1.27
620	1.27
621	1.27
622	1.27
623	1.27
624	1.27
625	1.27
626	1.27
627	1.27
628	1.27
629	1.27
630	1.27
631	1.27
632	1.27
633	1.27
634	1.27
635	1.27
636	1.27
637	1.27
638	1.27
639	1.27
640	1.27
641	1.27
642	1.27
643	1.27
644	1.27
645	1.27
646	1.27
647	1.27
648	1.27
649	1.27
650	1.27
651	1.27
652	1.27
653	1.27
654	1.27
655	1.27
656	1.27
657	1.27
658	1.27
659	1.27
660	1.27
661	1.27
662	1.27
663	1.27
664	1.27
665	1.27
666	1.27
667	1.27
668	1.27
669	1.27
670	1.27
671	1.27
672	1.27
673	1.27
674	1.27
675	1.27
676	1.27
677	1.27
678	1.27
679	1.27
680	1.27
681	1.27
682	1.27
683	1.27
684	1.27
685	1.27
686	1.27
687	1.27
688	1.27
689	1.27
690	1.27
691	1.27
692	1.27
693	1.27
694	1.27
695	1.27
696	1.27
697	1.27
698	1.27
699	1.27
700	1.27
701	1.27
702	1.27
703	1.27
704	1.27
705	1.27
706	1.27
707	1.27
708	1.27
709	1.27
710	1.27
711	1.27
712	1.27
713	1.27
714	1.27
715	1.27
716	1.27
717	1.27
718	1.27
719	1.27
720	1.27
721	1.27
722	1.27
723	1.27
724	1.27
725	1.27
726	1.27
727	1.27
728	1.27
729	1.27
730	1.27
731	1.27
732	1.27
733	1.27
734	1.27
735	1.27
736	1.27
737	1.27
738	1.27
739	1.27
740	1.27
741	1.27
742	1.27
743	1.27
744	1.27
745	1.27
746	1.27
747	1.27
748	1.27
749	1.27
750	1.27
751	1.27
752	1.27
753	1.27
754	1.27
755	1.27
756	1.27
757	1.27
758	1.27
759	1.27
760	1.27
761	1.27
762	1.27
763	1.27
764	1.27
765	1.27
766	1.27
767	1.27
768	1.27
769	1.27
770	1.27
771	1.27
772	1.27
773	1.27
774	1.27
775	1.27
776	1.27
777	1.27
778	1.27
779	1.27
780	1.27
781	1.27
782	1.27
783	1.27
784	1.27
785	1.27
786	1.27
787	1.27
788	1.27
789	1.27
790	1.27
791	1.27
792	1.27
793	1.27
794	1.27
795	1.27
796	1.27
797	1.27
798	1.27
799	1.27
800	1.27
801	1.27
802	1.27
803	1.27
804	1.27
805	1.27
806	1.27
807	1.27
808	1.27
809	1.27
810	1.27
811	1.27
812	1.27
813	1.27
814	1.27
815	1.27
816	1.27
817	1.27
818	1.27
819	1.27
820	1.27
821	1.27
822	1.27
823	1.27
824	1.27
825	1.27
826	1.27
827	1.27
828	1.27
829	1.27
830	1.27
831	1.27
832	1.27
833	1.27
834	1.27
835	1.27
836	1.27
837	1.27
838	1.27
839	1.27
840	1.27
841	1.27
842	1.27
843	1.27
844	1.27
845	1.27
846	1.27
847	1.27
848	1.27
849	1.27
850	1.27
851	1.27
852	1.27
853	1.27
854	1.27
855	1.27
856	1.27
857	1.27
858	1.27
859	1.27
860	1.27
861	1.27
862	1.27
863	1.27
864	1.27
865	1.27
866	1.27
867	1.27
868	1.27
869	1.27
870	1.27
871	1.27
872	1.27
873	1.27
874	1.27
875	1.27
876	1.27
877	1.27
878	1.27
879	1.27
880	1.27
881	1.27
882	1.27
883	1.27
884	1.27
885	1.27
886	1.27
887	1.27
888	1.27
889	1.27
890	1.27
891	1.27
892	1.27
893	1.27
894	1.27
895	1.27
896	1.27
897	1.27
898	1.27
899	1.27
900	1.27
901	1.27
902	1.27
903	1.27
904	1.27
905	1.27
906	1.27
907	1.27
908	1.27
909	1.27
910	1.27
911	1.27
912	1.27
913	1.27
914	1.27
915	1.27
916	1.27
917	1.27
918	1.27
919	1.27
920	1.27
921	1.27
922	1.27
923	1.27
924	1.27
925	1.27
926	1.27
927	1.27
928	1.27
929	1.27
930	1.27
931	1.27
932	1.27
933	1.27
934	1.27
935	1.27
936	1.27
937	1.27
938	1.27
939	1.27
940	1.27
941	1.27
942	1.27
943	1.27
944	1.27
945	1.27
946	1.27
947	1.27
948	1.27
949	1.27
950	1.27
951	1.27
952	1.27
953	1.27
954	1.27
955	1.27
956	1.27
957	1.27
958	1.27
959	1.27
960	1.27
961	1.27
962	1.27
963	1.27
964	1.27
965	1.27
966	1.27
967	1.27
968	1.27
969	1.27
970	1.27
971	1.27
972	1.27
973	1.27
974	1.27
975	1.27
976	1.27
977	1.27
978	1.27
979	1.27
980	1.27
981	1.27
982	1.27
983	1.27
984	1.27
985	1.27
986	1.27
987	1.27
988	1.27
989	1.27
990	1.27
991	1.27
992	1.27
993	1.27
994	1.27
995	1.27
996	1.27
997	1.27
998	1.27
999	1.27
